0 9.4 10 0 0 0 417.917 20752.5 2.39595e-11 
0 10 10.4158 0 0 0 267.643 1723.74 334.965 
0 10 9.58421 0 0 0 267.643 1723.74 -334.965 
0 9.40369 10 1.47439 1.74318e-15 0 434.061 20522.7 2.51936e-11 
0 10 10.4158 0 0 0 275.715 1735.57 344.603 
0 10 9.58421 0 0 0 275.715 1735.57 -344.603 
0.005 9.41471 10 2.93064 3.64758e-15 0 485.822 20243.4 2.92187e-11 
0.005 10 10.4158 0 0 0 301.595 1773.27 373.477 
0.005 10 9.58421 0 0 0 301.595 1773.27 -373.477 
0.01 9.43296 10 4.3648 5.94323e-15 0 584.531 19900.6 3.63439e-11 
0.01 10 10.4158 0 0 0 350.95 1844.27 436.386 
0.01 10 9.58421 0 0 0 350.95 1844.27 -436.386 
0.015 9.45832 10 5.77141 8.98737e-15 0 753.195 19466 5.08677e-11 
0.015 10 10.4158 0 0 0 435.282 1963.1 540.537 
0.015 10 9.58421 0 0 0 435.282 1963.1 -540.537 
0.02 9.49062 10 7.14233 1.34058e-14 0 1033.74 18890.8 7.66816e-11 
0.02 10 10.4158 0 0 0 575.553 2154.75 726.699 
0.02 10 9.58421 0 0 0 575.553 2154.75 -726.699 
0.025 9.52966 10 8.46493 2.03683e-14 0 1499.56 18097.4 1.24479e-10 
0.025 10 10.4158 0 0 0 808.464 2458.87 1044.37 
0.025 10 9.58421 0 0 0 808.464 2458.87 -1044.37 
0.03 9.57514 10 9.64877 -1.47455e-13 12531 2273.96 4455.27 -1.54891e-08 
0.03 10 10.4158 0 0 8957.9 1195.66 9196.97 -4792.34 
0.03 10 9.58421 0 0 8957.9 1195.66 9196.97 4792.34 
0.035 9.61969 10 7.44212 -9.46047e-13 71014.9 3349.4 -54955.9 -4.8198e-09 
0.035 10 10.4158 0 0 48120.2 1733.38 39056.7 -30056.8 
0.035 10 9.58421 0 0 48120.2 1733.38 39056.7 30056.8 
0.04 9.64715 10 3.72623 -9.18868e-13 56842.5 4202.73 -41135.2 3.92764e-09 
0.04 10 10.4158 0 0 37275.8 2160.05 32406.5 -21007.2 
0.04 10 9.58421 0 0 37275.8 2160.05 32406.5 21007.2 
0.045 9.66011 10 1.75612 -5.86413e-13 31813.1 4661.77 -16241.6 4.50138e-09 
0.045 10 10.4158 0 0 20545 2389.57 20097.8 -9501.56 
0.045 10 9.58421 0 0 20545 2389.57 20097.8 9501.56 
0.05 9.66681 10 1.0556 -3.24249e-13 20729 4914.28 -5276.73 2.788e-09 
0.05 10 10.4158 0 0 13281.6 2515.82 14664.4 -4583.35 
0.05 10 9.58421 0 0 13281.6 2515.82 14664.4 4583.35 
0.055 9.67142 10 0.827651 -1.77947e-13 17130.7 5093.7 -1802.26 1.41645e-09 
0.055 10 10.4158 0 0 10917 2605.53 12943.2 -2894.9 
0.055 10 9.58421 0 0 10917 2605.53 12943.2 2894.9 
0.06 9.67532 10 0.741488 -1.05653e-13 16019.4 5249.19 -814.209 6.88279e-10 
0.06 10 10.4158 0 0 10162.5 2683.28 12455.2 -2245.25 
0.06 10 9.58421 0 0 10162.5 2683.28 12455.2 2245.25 
0.065 9.6789 10 0.695534 -7.05687e-14 15612.4 5395.44 -526.801 3.44122e-10 
0.065 10 10.4158 0 0 9863 2756.4 12314.7 -1895.78 
0.065 10 9.58421 0 0 9863 2756.4 12314.7 1895.78 
0.07 9.68229 10 0.662096 -5.24005e-14 15393.9 5536.58 -423.63 1.89237e-10 
0.07 10 10.4158 0 0 9686.72 2826.97 12265.5 -1624.68 
0.07 10 9.58421 0 0 9686.72 2826.97 12265.5 1624.68 
0.075 9.68553 10 0.633908 -4.16656e-14 15228.9 5673.89 -369.725 1.2134e-10 
0.075 10 10.4158 0 0 9546.99 2895.63 12240.5 -1385.82 
0.075 10 9.58421 0 0 9546.99 2895.63 12240.5 1385.82 
0.08 9.68864 10 0.608917 -3.42194e-14 15083.7 5807.91 -331.614 8.93746e-11 
0.08 10 10.4158 0 0 9422.07 2962.64 12223.2 -1155.79 
0.08 10 9.58421 0 0 9422.07 2962.64 12223.2 1155.79 
0.085 9.69162 10 0.586364 -2.83323e-14 14949.5 5938.96 -300.818 7.58174e-11 
0.085 10 10.4158 0 0 9306.15 3028.16 12209.4 -939.818 
0.085 10 9.58421 0 0 9306.15 3028.16 12209.4 939.818 
0.09 9.6945 10 0.565832 -2.32822e-14 14823.4 6067.29 -274.752 6.51058e-11 
0.09 10 10.4158 0 0 9197.22 3092.33 12197.8 -727.054 
0.09 10 9.58421 0 0 9197.22 3092.33 12197.8 727.054 
0.095 9.69728 10 0.547028 -1.87536e-14 14704.3 6193.11 -252.282 6.08338e-11 
0.095 10 10.4158 0 0 9094.24 3155.24 12187.8 -525.818 
0.095 10 9.58421 0 0 9094.24 3155.24 12187.8 525.818 
0.1 9.69997 10 0.529723 -1.46008e-14 14591.1 6316.59 -232.702 5.57049e-11 
0.1 10 10.4158 0 0 8996.51 3216.98 12179.3 -326.142 
0.1 10 9.58421 0 0 8996.51 3216.98 12179.3 326.142 
0.105 9.70258 10 0.513728 -1.07365e-14 14483.1 6437.9 -215.503 5.24353e-11 
0.105 10 10.4158 0 0 8903.44 3277.63 12171.8 -136.718 
0.105 10 9.58421 0 0 8903.44 3277.63 12171.8 136.718 
0.11 9.70511 10 0.498889 -7.11262e-15 14379.9 6557.16 -200.291 4.4652e-11 
0.11 10 10.4158 0 0 8814.58 3337.26 12165.2 52.1955 
0.11 10 9.58421 0 0 8814.58 3337.26 12165.2 -52.1955 
0.115 9.70757 10 0.485076 -3.68647e-15 14280.9 6674.49 -186.752 4.78103e-11 
0.115 10 10.4158 0 0 8729.55 3395.93 12159.4 231.745 
0.115 10 9.58421 0 0 8729.55 3395.93 12159.4 -231.745 
0.12 9.70997 10 0.472177 -4.25878e-16 14185.8 6790 -174.636 4.46253e-11 
0.12 10 10.4158 0 0 8648.01 3453.69 12154.3 411.546 
0.12 10 9.58421 0 0 8648.01 3453.69 12154.3 -411.546 
0.125 9.7123 10 0.460099 2.68019e-15 14094.3 6903.8 -163.74 4.51e-11 
0.125 10 10.4158 0 0 8569.7 3510.58 12149.7 582.644 
0.125 10 9.58421 0 0 8569.7 3510.58 12149.7 -582.644 
0.13 9.71457 10 0.44876 5.66596e-15 14006.1 7015.96 -153.896 4.10439e-11 
0.13 10 10.4158 0 0 8494.35 3566.66 12145.5 754.571 
0.13 10 9.58421 0 0 8494.35 3566.66 12145.5 -754.571 
0.135 9.71679 10 0.438092 8.54091e-15 13921 7126.56 -144.967 3.60939e-11 
0.135 10 10.4158 0 0 8421.78 3621.96 12141.8 918.305 
0.135 10 9.58421 0 0 8421.78 3621.96 12141.8 -918.305 
0.14 9.71895 10 0.428032 1.13143e-14 13838.7 7235.68 -136.835 3.47961e-11 
0.14 10 10.4158 0 0 8351.78 3676.52 12138.5 1083.32 
0.14 10 9.58421 0 0 8351.78 3676.52 12138.5 -1083.32 
0.145 9.72107 10 0.418527 1.39885e-14 13759.1 7343.38 -129.404 3.62408e-11 
0.145 10 10.4158 0 0 8284.2 3730.37 12135.4 1240.55 
0.145 10 9.58421 0 0 8284.2 3730.37 12135.4 -1240.55 
0.15 9.72314 10 0.409531 1.65949e-14 13682.1 7449.72 -122.592 3.67854e-11 
0.15 10 10.4158 0 0 8218.89 3783.55 12132.6 1399.42 
0.15 10 9.58421 0 0 8218.89 3783.55 12132.6 -1399.42 
0.155 9.72516 10 0.401001 1.91325e-14 13607.5 7554.76 -116.328 3.55206e-11 
0.155 10 10.4158 0 0 8155.73 3836.07 12130.1 1550.84 
0.155 10 9.58421 0 0 8155.73 3836.07 12130.1 -1550.84 
0.16 9.72715 10 0.392901 2.16131e-14 13535.1 7658.55 -110.552 3.15353e-11 
0.16 10 10.4158 0 0 8094.58 3887.96 12127.8 1704.2 
0.16 10 9.58421 0 0 8094.58 3887.96 12127.8 -1704.2 
0.165 9.72909 10 0.385198 2.40237e-14 13464.9 7761.14 -105.212 3.66548e-11 
0.165 10 10.4158 0 0 8035.35 3939.25 12125.6 1850.38 
0.165 10 9.58421 0 0 8035.35 3939.25 12125.6 -1850.38 
0.17 9.731 10 0.377861 2.63951e-14 13396.7 7862.57 -100.263 3.26848e-11 
0.17 10 10.4158 0 0 7977.94 3989.97 12123.7 1998.75 
0.17 10 9.58421 0 0 7977.94 3989.97 12123.7 -1998.75 
0.175 9.73287 10 0.370866 2.87142e-14 13330.5 7962.88 -95.6658 3.05411e-11 
0.175 10 10.4158 0 0 7922.26 4040.12 12121.9 2140.16 
0.175 10 9.58421 0 0 7922.26 4040.12 12121.9 -2140.16 
0.18 9.73471 10 0.364187 3.09982e-14 13266.2 8062.11 -91.3865 3.11309e-11 
0.18 10 10.4158 0 0 7868.22 4089.74 12120.2 2283.98 
0.18 10 9.58421 0 0 7868.22 4089.74 12120.2 -2283.98 
0.185 9.73651 10 0.357804 3.32497e-14 13203.7 8160.3 -87.395 3.08156e-11 
0.185 10 10.4158 0 0 7815.76 4138.83 12118.6 2421.04 
0.185 10 9.58421 0 0 7815.76 4138.83 12118.6 -2421.04 
0.19 9.73829 10 0.351696 3.54659e-14 13142.9 8257.48 -83.6646 3.14149e-11 
0.19 10 10.4158 0 0 7764.81 4187.42 12117.2 2560.69 
0.19 10 9.58421 0 0 7764.81 4187.42 12117.2 -2560.69 
0.195 9.74003 10 0.345846 3.76627e-14 13083.7 8353.68 -80.1721 3.20168e-11 
0.195 10 10.4158 0 0 7715.3 4235.53 12115.9 2693.75 
0.195 10 9.58421 0 0 7715.3 4235.53 12115.9 -2693.75 
0.2 9.74175 10 0.340238 3.98241e-14 13026.2 8448.94 -76.8966 2.89857e-11 
0.2 10 10.4158 0 0 7667.18 4283.16 12114.6 2829.55 
0.2 10 9.58421 0 0 7667.18 4283.16 12114.6 -2829.55 
0.205 9.74343 10 0.334856 4.19675e-14 12970.3 8543.28 -73.8198 3.05046e-11 
0.205 10 10.4158 0 0 7620.38 4330.33 12113.5 2958.91 
0.205 10 9.58421 0 0 7620.38 4330.33 12113.5 -2958.91 
0.21 9.7451 10 0.329688 4.40934e-14 12915.8 8636.73 -70.925 2.92975e-11 
0.21 10 10.4158 0 0 7574.86 4377.05 12112.4 3091.15 
0.21 10 9.58421 0 0 7574.86 4377.05 12112.4 -3091.15 
0.215 9.74673 10 0.32472 4.62032e-14 12862.8 8729.32 -68.1975 2.53641e-11 
0.215 10 10.4158 0 0 7530.57 4423.34 12111.4 3217.07 
0.215 10 9.58421 0 0 7530.57 4423.34 12111.4 -3217.07 
0.22 9.74834 10 0.319942 4.8294e-14 12811.2 8821.07 -65.6241 2.87094e-11 
0.22 10 10.4158 0 0 7487.47 4469.22 12110.4 3346 
0.22 10 9.58421 0 0 7487.47 4469.22 12110.4 -3346 
0.225 9.74993 10 0.315342 5.0371e-14 12760.9 8911.99 -63.1929 2.84186e-11 
0.225 10 10.4158 0 0 7445.51 4514.68 12109.5 3468.73 
0.225 10 9.58421 0 0 7445.51 4514.68 12109.5 -3468.73 
0.23 9.7515 10 0.310911 5.24466e-14 12712 9002.13 -60.8929 2.72186e-11 
0.23 10 10.4158 0 0 7404.65 4559.75 12108.7 3594.57 
0.23 10 9.58421 0 0 7404.65 4559.75 12108.7 -3594.57 
0.235 9.75304 10 0.30664 5.45033e-14 12664.3 9091.48 -58.7146 2.69306e-11 
0.235 10 10.4158 0 0 7364.87 4604.43 12107.9 3714.32 
0.235 10 9.58421 0 0 7364.87 4604.43 12107.9 -3714.32 
0.24 9.75456 10 0.302521 5.65512e-14 12617.9 9180.09 -56.649 2.66439e-11 
0.24 10 10.4158 0 0 7326.11 4648.73 12107.1 3837.27 
0.24 10 9.58421 0 0 7326.11 4648.73 12107.1 -3837.27 
0.245 9.75607 10 0.298545 5.85848e-14 12572.8 9267.96 -54.6882 2.90877e-11 
0.245 10 10.4158 0 0 7288.36 4692.66 12106.4 3954.22 
0.245 10 9.58421 0 0 7288.36 4692.66 12106.4 -3954.22 
0.25 9.75755 10 0.294706 6.0635e-14 12528.8 9355.11 -52.8249 2.51627e-11 
0.25 10 10.4158 0 0 7251.58 4736.24 12105.8 4074.46 
0.25 10 9.58421 0 0 7251.58 4736.24 12105.8 -4074.46 
0.255 9.75901 10 0.290996 6.26577e-14 12485.9 9441.56 -51.0523 3.03365e-11 
0.255 10 10.4158 0 0 7215.73 4779.46 12105.2 4188.77 
0.255 10 9.58421 0 0 7215.73 4779.46 12105.2 -4188.77 
0.26 9.76046 10 0.28741 6.4682e-14 12444.2 9527.32 -49.3644 2.91436e-11 
0.26 10 10.4158 0 0 7180.8 4822.35 12104.6 4306.47 
0.26 10 9.58421 0 0 7180.8 4822.35 12104.6 -4306.47 
0.265 9.76189 10 0.283942 6.67047e-14 12403.6 9612.43 -47.7556 2.79509e-11 
0.265 10 10.4158 0 0 7146.75 4864.9 12104 4418.31 
0.265 10 9.58421 0 0 7146.75 4864.9 12104 -4418.31 
0.27 9.7633 10 0.280586 6.87282e-14 12364.1 9696.88 -46.2209 3.31246e-11 
0.27 10 10.4158 0 0 7113.57 4907.12 12103.5 4533.6 
0.27 10 9.58421 0 0 7113.57 4907.12 12103.5 -4533.6 
0.275 9.76469 10 0.277338 7.07627e-14 12325.6 9780.69 -44.7554 2.64733e-11 
0.275 10 10.4158 0 0 7081.22 4949.03 12103 4643.1 
0.275 10 9.58421 0 0 7081.22 4949.03 12103 -4643.1 
0.28 9.76607 10 0.274191 7.27923e-14 12288.1 9863.88 -43.3549 2.98271e-11 
0.28 10 10.4158 0 0 7049.69 4990.62 12102.5 4756.12 
0.28 10 9.58421 0 0 7049.69 4990.62 12102.5 -4756.12 
0.285 9.76744 10 0.271143 7.48259e-14 12251.7 9946.46 -42.0155 3.13614e-11 
0.285 10 10.4158 0 0 7018.94 5031.91 12102 4863.42 
0.285 10 9.58421 0 0 7018.94 5031.91 12102 -4863.42 
0.29 9.76878 10 0.268188 7.68555e-14 12216.2 10028.4 -40.7334 2.74393e-11 
0.29 10 10.4158 0 0 6988.98 5072.91 12101.6 4974.29 
0.29 10 9.58421 0 0 6988.98 5072.91 12101.6 -4974.29 
0.295 9.77012 10 0.265322 7.88919e-14 12181.7 10109.9 -39.5052 2.53352e-11 
0.295 10 10.4158 0 0 6959.76 5113.61 12101.2 5079.49 
0.295 10 9.58421 0 0 6959.76 5113.61 12101.2 -5079.49 
0.3 9.77144 10 0.262543 8.09313e-14 12148.1 10190.7 -38.3278 2.32306e-11 
0.3 10 10.4158 0 0 6931.28 5154.03 12100.8 5188.32 
0.3 10 9.58421 0 0 6931.28 5154.03 12100.8 -5188.32 
0.305 9.77274 10 0.259846 8.29778e-14 12115.5 10271 -37.1983 2.84012e-11 
0.305 10 10.4158 0 0 6903.51 5194.16 12100.4 5291.54 
0.305 10 9.58421 0 0 6903.51 5194.16 12100.4 -5291.54 
0.31 9.77404 10 0.257228 8.50348e-14 12083.7 10350.7 -36.114 2.44752e-11 
0.31 10 10.4158 0 0 6876.44 5234.03 12100.1 5398.44 
0.31 10 9.58421 0 0 6876.44 5234.03 12100.1 -5398.44 
0.315 9.77532 10 0.254686 8.70954e-14 12052.9 10429.9 -35.0724 2.96437e-11 
0.315 10 10.4158 0 0 6850.06 5273.62 12099.7 5499.77 
0.315 10 9.58421 0 0 6850.06 5273.62 12099.7 -5499.77 
0.32 9.77658 10 0.252216 8.91542e-14 12023 10508.5 -34.0711 3.66315e-11 
0.32 10 10.4158 0 0 6824.34 5312.96 12099.4 5604.83 
0.32 10 9.58421 0 0 6824.34 5312.96 12099.4 -5604.83 
0.325 9.77784 10 0.249817 9.12287e-14 11993.8 10586.7 -33.1079 2.9065e-11 
0.325 10 10.4158 0 0 6799.27 5352.03 12099.1 5704.37 
0.325 10 9.58421 0 0 6799.27 5352.03 12099.1 -5704.37 
0.33 9.77908 10 0.247486 9.33119e-14 11965.6 10664.3 -32.1809 2.87734e-11 
0.33 10 10.4158 0 0 6774.84 5390.86 12098.8 5807.67 
0.33 10 9.58421 0 0 6774.84 5390.86 12098.8 -5807.67 
0.335 9.78031 10 0.245219 9.54124e-14 11938.2 10741.5 -31.2881 3.21173e-11 
0.335 10 10.4158 0 0 6751.03 5429.43 12098.5 5905.5 
0.335 10 9.58421 0 0 6751.03 5429.43 12098.5 -5905.5 
0.34 9.78153 10 0.243015 9.7502e-14 11911.6 10818.2 -30.4279 2.81868e-11 
0.34 10 10.4158 0 0 6727.84 5467.76 12098.2 6007.14 
0.34 10 9.58421 0 0 6727.84 5467.76 12098.2 -6007.14 
0.345 9.78274 10 0.240872 9.96245e-14 11885.8 10894.3 -29.5984 2.78896e-11 
0.345 10 10.4158 0 0 6705.24 5505.86 12097.9 6103.33 
0.345 10 9.58421 0 0 6705.24 5505.86 12097.9 -6103.33 
0.35 9.78394 10 0.238786 1.01752e-13 11860.7 10970.1 -28.7982 2.57727e-11 
0.35 10 10.4158 0 0 6683.23 5543.72 12097.7 6203.38 
0.35 10 9.58421 0 0 6683.23 5543.72 12097.7 -6203.38 
0.355 9.78513 10 0.236757 1.03882e-13 11836.5 11045.3 -28.0258 2.91126e-11 
0.355 10 10.4158 0 0 6661.78 5581.35 12097.4 6298.02 
0.355 10 9.58421 0 0 6661.78 5581.35 12097.4 -6298.02 
0.36 9.78631 10 0.234782 1.06031e-13 11813 11120.1 -27.2799 2.69926e-11 
0.36 10 10.4158 0 0 6640.91 5618.75 12097.2 6396.53 
0.36 10 9.58421 0 0 6640.91 5618.75 12097.2 -6396.53 
0.365 9.78748 10 0.232859 1.08186e-13 11790.3 11194.5 -26.5592 3.3967e-11 
0.365 10 10.4158 0 0 6620.58 5655.94 12097 6489.68 
0.365 10 9.58421 0 0 6620.58 5655.94 12097 -6489.68 
0.37 9.78864 10 0.230987 1.10357e-13 11768.4 11268.4 -25.8625 3.1844e-11 
0.37 10 10.4158 0 0 6600.79 5692.9 12096.8 6586.75 
0.37 10 9.58421 0 0 6600.79 5692.9 12096.8 -6586.75 
0.375 9.78979 10 0.229164 1.12549e-13 11747.1 11341.9 -25.1886 3.51752e-11 
0.375 10 10.4158 0 0 6581.54 5729.66 12096.6 6678.47 
0.375 10 9.58421 0 0 6581.54 5729.66 12096.6 -6678.47 
0.38 9.79093 10 0.227388 1.14749e-13 11726.6 11415 -24.5365 3.30481e-11 
0.38 10 10.4158 0 0 6562.8 5766.2 12096.4 6774.14 
0.38 10 9.58421 0 0 6562.8 5766.2 12096.4 -6774.14 
0.385 9.79206 10 0.225658 1.16968e-13 11706.8 11487.7 -23.9052 3.27375e-11 
0.385 10 10.4158 0 0 6544.58 5802.54 12096.2 6864.5 
0.385 10 9.58421 0 0 6544.58 5802.54 12096.2 -6864.5 
0.39 9.79319 10 0.223973 1.19187e-13 11687.7 11560 -23.2938 3.42459e-11 
0.39 10 10.4158 0 0 6526.85 5838.67 12096 6958.83 
0.39 10 9.58421 0 0 6526.85 5838.67 12096 -6958.83 
0.395 9.7943 10 0.22233 1.21426e-13 11669.4 11631.8 -22.7013 3.21134e-11 
0.395 10 10.4158 0 0 6509.63 5874.6 12095.8 7047.88 
0.395 10 9.58421 0 0 6509.63 5874.6 12095.8 -7047.88 
0.4 9.79541 10 0.220729 1.23693e-13 11651.7 11703.3 -22.1269 3.72531e-11 
0.4 10 10.4158 0 0 6492.88 5910.34 12095.6 7140.93 
0.4 10 9.58421 0 0 6492.88 5910.34 12095.6 -7140.93 
0.405 9.79651 10 0.219169 1.25969e-13 11634.6 11774.4 -21.5699 3.69343e-11 
0.405 10 10.4158 0 0 6476.62 5945.88 12095.4 7228.73 
0.405 10 9.58421 0 0 6476.62 5945.88 12095.4 -7228.73 
0.41 9.7976 10 0.217648 1.28277e-13 11618.3 11845.1 -21.0294 3.47923e-11 
0.41 10 10.4158 0 0 6460.82 5981.24 12095.3 7320.55 
0.41 10 9.58421 0 0 6460.82 5981.24 12095.3 -7320.55 
0.415 9.79869 10 0.216164 1.30599e-13 11602.6 11915.4 -20.5048 3.08292e-11 
0.415 10 10.4158 0 0 6445.48 6016.41 12095.1 7407.14 
0.415 10 9.58421 0 0 6445.48 6016.41 12095.1 -7407.14 
0.42 9.79976 10 0.214718 1.32934e-13 11587.5 11985.4 -19.9954 3.41402e-11 
0.42 10 10.4158 0 0 6430.6 6051.39 12095 7497.78 
0.42 10 9.58421 0 0 6430.6 6051.39 12095 -7497.78 
0.425 9.80083 10 0.213308 1.35289e-13 11573.1 12055 -19.5006 3.38106e-11 
0.425 10 10.4158 0 0 6416.17 6086.2 12094.8 7583.22 
0.425 10 9.58421 0 0 6416.17 6086.2 12094.8 -7583.22 
0.43 9.8019 10 0.211932 1.37662e-13 11559.4 12124.3 -19.0197 3.34784e-11 
0.43 10 10.4158 0 0 6402.17 6120.82 12094.7 7672.72 
0.43 10 9.58421 0 0 6402.17 6120.82 12094.7 -7672.72 
0.435 9.80295 10 0.21059 1.40053e-13 11546.3 12193.2 -18.5522 2.76866e-11 
0.435 10 10.4158 0 0 6388.61 6155.27 12094.5 7757.04 
0.435 10 9.58421 0 0 6388.61 6155.27 12094.5 -7757.04 
0.44 9.804 10 0.209281 1.42472e-13 11533.8 12261.7 -18.0975 3.82619e-11 
0.44 10 10.4158 0 0 6375.48 6189.55 12094.4 7845.46 
0.44 10 9.58421 0 0 6375.48 6189.55 12094.4 -7845.46 
0.445 9.80505 10 0.208004 1.44919e-13 11521.9 12329.9 -17.6551 3.42814e-11 
0.445 10 10.4158 0 0 6362.77 6223.66 12094.3 7928.71 
0.445 10 9.58421 0 0 6362.77 6223.66 12094.3 -7928.71 
0.45 9.80608 10 0.206759 1.4737e-13 11510.7 12397.8 -17.2246 3.39383e-11 
0.45 10 10.4158 0 0 6350.48 6257.6 12094.1 8016.07 
0.45 10 9.58421 0 0 6350.48 6257.6 12094.1 -8016.07 
0.455 9.80711 10 0.205544 1.49856e-13 11500 12465.4 -16.8054 3.54091e-11 
0.455 10 10.4158 0 0 6338.59 6291.38 12094 8098.29 
0.455 10 9.58421 0 0 6338.59 6291.38 12094 -8098.29 
0.46 9.80814 10 0.204358 1.52347e-13 11490 12532.6 -16.3971 2.96034e-11 
0.46 10 10.4158 0 0 6327.11 6324.99 12093.9 8184.64 
0.46 10 9.58421 0 0 6327.11 6324.99 12093.9 -8184.64 
0.465 9.80916 10 0.203201 1.54887e-13 11480.5 12599.5 -15.9993 3.28858e-11 
0.465 10 10.4158 0 0 6316.02 6358.44 12093.8 8265.87 
0.465 10 9.58421 0 0 6316.02 6358.44 12093.8 -8265.87 
0.47 9.81017 10 0.202072 1.57438e-13 11471.7 12666.1 -15.6116 3.25287e-11 
0.47 10 10.4158 0 0 6305.33 6391.74 12093.7 8351.24 
0.47 10 9.58421 0 0 6305.33 6391.74 12093.7 -8351.24 
0.475 9.81118 10 0.20097 1.60002e-13 11463.4 12732.4 -15.2336 3.76268e-11 
0.475 10 10.4158 0 0 6295.03 6424.88 12093.5 8431.51 
0.475 10 9.58421 0 0 6295.03 6424.88 12093.5 -8431.51 
0.48 9.81218 10 0.199895 1.626e-13 11455.7 12798.4 -14.8649 3.5444e-11 
0.48 10 10.4158 0 0 6285.12 6457.87 12093.4 8515.95 
0.48 10 9.58421 0 0 6285.12 6457.87 12093.4 -8515.95 
0.485 9.81318 10 0.198847 1.65218e-13 11448.6 12864 -14.5052 4.23535e-11 
0.485 10 10.4158 0 0 6275.58 6490.7 12093.3 8595.29 
0.485 10 9.58421 0 0 6275.58 6490.7 12093.3 -8595.29 
0.49 9.81417 10 0.197823 1.67875e-13 11442.1 12929.4 -14.1541 3.47055e-11 
0.49 10 10.4158 0 0 6266.41 6523.39 12093.2 8678.82 
0.49 10 9.58421 0 0 6266.41 6523.39 12093.2 -8678.82 
0.495 9.81516 10 0.196824 1.7055e-13 11436.1 12994.5 -13.8114 3.9788e-11 
0.495 10 10.4158 0 0 6257.62 6555.93 12093.1 8757.28 
0.495 10 9.58421 0 0 6257.62 6555.93 12093.1 -8757.28 
0.5 9.81614 10 0.19585 1.73259e-13 11430.7 13059.3 -13.4767 3.75897e-11 
0.5 10 10.4158 0 0 6249.19 6588.33 12093 8839.93 
0.5 10 9.58421 0 0 6249.19 6588.33 12093 -8839.93 
0.505 9.81711 10 0.194899 1.76011e-13 11425.8 13123.8 -13.1498 4.26615e-11 
0.505 10 10.4158 0 0 6241.12 6620.58 12092.9 8917.53 
0.505 10 9.58421 0 0 6241.12 6620.58 12092.9 -8917.53 
0.51 9.81809 10 0.193971 1.78774e-13 11421.5 13188 -12.8303 4.04556e-11 
0.51 10 10.4158 0 0 6233.41 6652.69 12092.8 8999.34 
0.51 10 9.58421 0 0 6233.41 6652.69 12092.8 -8999.34 
0.515 9.81905 10 0.193066 1.81567e-13 11417.8 13252 -12.518 3.82456e-11 
0.515 10 10.4158 0 0 6226.06 6684.67 12092.7 9076.11 
0.515 10 9.58421 0 0 6226.06 6684.67 12092.7 -9076.11 
0.52 9.82002 10 0.192183 1.84393e-13 11414.6 13315.6 -12.2126 3.78499e-11 
0.52 10 10.4158 0 0 6219.05 6716.5 12092.7 9157.1 
0.52 10 9.58421 0 0 6219.05 6716.5 12092.7 -9157.1 
0.525 9.82098 10 0.191321 1.87237e-13 11411.9 13379 -11.9139 3.38138e-11 
0.525 10 10.4158 0 0 6212.39 6748.2 12092.6 9233.07 
0.525 10 9.58421 0 0 6212.39 6748.2 12092.6 -9233.07 
0.53 9.82193 10 0.190481 1.90118e-13 11409.8 13442.2 -11.6217 4.43245e-11 
0.53 10 10.4158 0 0 6206.08 6779.77 12092.5 9313.27 
0.53 10 9.58421 0 0 6206.08 6779.77 12092.5 -9313.27 
0.535 9.82288 10 0.189661 1.93042e-13 11408.3 13505 -11.3357 3.84581e-11 
0.535 10 10.4158 0 0 6200.1 6811.2 12092.4 9388.47 
0.535 10 9.58421 0 0 6200.1 6811.2 12092.4 -9388.47 
0.54 9.82383 10 0.188861 1.96002e-13 11407.2 13567.6 -11.0557 3.80438e-11 
0.54 10 10.4158 0 0 6194.46 6842.51 12092.3 9467.91 
0.54 10 9.58421 0 0 6194.46 6842.51 12092.3 -9467.91 
0.545 9.82477 10 0.188081 1.98992e-13 11406.7 13630 -10.7815 4.85392e-11 
0.545 10 10.4158 0 0 6189.16 6873.68 12092.2 9542.35 
0.545 10 9.58421 0 0 6189.16 6873.68 12092.2 -9542.35 
0.55 9.82571 10 0.187321 2.01994e-13 11406.7 13692.1 -10.513 4.44809e-11 
0.55 10 10.4158 0 0 6184.18 6904.73 12092.1 9621.06 
0.55 10 9.58421 0 0 6184.18 6904.73 12092.1 -9621.06 
0.555 9.82664 10 0.186579 2.05061e-13 11407.3 13753.9 -10.2498 4.22325e-11 
0.555 10 10.4158 0 0 6179.53 6935.66 12092.1 9694.77 
0.555 10 9.58421 0 0 6179.53 6935.66 12092.1 -9694.77 
0.56 9.82757 10 0.185856 2.08147e-13 11408.4 13815.5 -9.99193 3.81624e-11 
0.56 10 10.4158 0 0 6175.21 6966.45 12092 9772.77 
0.56 10 9.58421 0 0 6175.21 6966.45 12092 -9772.77 
0.565 9.8285 10 0.185152 2.11281e-13 11410 13876.9 -9.73908 3.95426e-11 
0.565 10 10.4158 0 0 6171.2 6997.13 12091.9 9845.78 
0.565 10 9.58421 0 0 6171.2 6997.13 12091.9 -9845.78 
0.57 9.82942 10 0.184465 2.14452e-13 11412.1 13938 -9.49112 4.45558e-11 
0.57 10 10.4158 0 0 6167.52 7027.69 12091.8 9923.09 
0.57 10 9.58421 0 0 6167.52 7027.69 12091.8 -9923.09 
0.575 9.83035 10 0.183796 2.17655e-13 11414.7 13998.9 -9.2479 5.50213e-11 
0.575 10 10.4158 0 0 6164.16 7058.12 12091.8 9995.42 
0.575 10 9.58421 0 0 6164.16 7058.12 12091.8 -9995.42 
0.58 9.83126 10 0.183144 2.20908e-13 11417.8 14059.5 -9.00924 5.0928e-11 
0.58 10 10.4158 0 0 6161.1 7088.44 12091.7 10072.1 
0.58 10 9.58421 0 0 6161.1 7088.44 12091.7 -10072.1 
0.585 9.83218 10 0.182508 2.24186e-13 11421.5 14119.9 -8.77501 4.13739e-11 
0.585 10 10.4158 0 0 6158.36 7118.64 12091.6 10143.7 
0.585 10 9.58421 0 0 6158.36 7118.64 12091.6 -10143.7 
0.59 9.83309 10 0.18189 2.27497e-13 11425.6 14180.1 -8.54505 4.81864e-11 
0.59 10 10.4158 0 0 6155.93 7148.72 12091.5 10219.7 
0.59 10 9.58421 0 0 6155.93 7148.72 12091.5 -10219.7 
0.595 9.834 10 0.181288 2.3087e-13 11430.3 14240 -8.31924 4.40762e-11 
0.595 10 10.4158 0 0 6153.81 7178.69 12091.5 10290.8 
0.595 10 9.58421 0 0 6153.81 7178.69 12091.5 -10290.8 
0.6 9.8349 10 0.180701 2.3429e-13 11435.5 14299.7 -8.09742 5.26924e-11 
0.6 10 10.4158 0 0 6151.99 7208.55 12091.4 10366.1 
0.6 10 9.58421 0 0 6151.99 7208.55 12091.4 -10366.1 
0.605 9.8358 10 0.180131 2.37722e-13 11441.2 14359.2 -7.87948 5.22119e-11 
0.605 10 10.4158 0 0 6150.47 7238.29 12091.3 10436.5 
0.605 10 9.58421 0 0 6150.47 7238.29 12091.3 -10436.5 
0.61 9.8367 10 0.179576 2.41204e-13 11447.3 14418.5 -7.66529 4.99054e-11 
0.61 10 10.4158 0 0 6149.26 7267.92 12091.3 10511.3 
0.61 10 9.58421 0 0 6149.26 7267.92 12091.3 -10511.3 
0.615 9.8376 10 0.179036 2.44766e-13 11454 14477.5 -7.45472 6.03208e-11 
0.615 10 10.4158 0 0 6148.35 7297.45 12091.2 10581.1 
0.615 10 9.58421 0 0 6148.35 7297.45 12091.2 -10581.1 
0.62 9.83849 10 0.178511 2.48358e-13 11461.2 14536.4 -7.24767 4.52659e-11 
0.62 10 10.4158 0 0 6147.73 7326.86 12091.1 10655.3 
0.62 10 9.58421 0 0 6147.73 7326.86 12091.1 -10655.3 
0.625 9.83938 10 0.178 2.51991e-13 11468.9 14595 -7.04402 5.38523e-11 
0.625 10 10.4158 0 0 6147.41 7356.17 12091.1 10724.5 
0.625 10 9.58421 0 0 6147.41 7356.17 12091.1 -10724.5 
0.63 9.84027 10 0.177504 2.5567e-13 11477 14653.4 -6.84365 5.51563e-11 
0.63 10 10.4158 0 0 6147.38 7385.37 12091 10798.1 
0.63 10 9.58421 0 0 6147.38 7385.37 12091 -10798.1 
0.635 9.84116 10 0.177022 2.59411e-13 11485.7 14711.6 -6.64648 4.91755e-11 
0.635 10 10.4158 0 0 6147.65 7414.47 12090.9 10866.8 
0.635 10 9.58421 0 0 6147.65 7414.47 12090.9 -10866.8 
0.64 9.84204 10 0.176555 2.63207e-13 11494.9 14769.5 -6.45238 4.86439e-11 
0.64 10 10.4158 0 0 6148.2 7443.46 12090.9 10939.8 
0.64 10 9.58421 0 0 6148.2 7443.46 12090.9 -10939.8 
0.645 9.84292 10 0.176101 2.67044e-13 11504.5 14827.3 -6.26128 5.35638e-11 
0.645 10 10.4158 0 0 6149.05 7472.34 12090.8 11007.9 
0.645 10 9.58421 0 0 6149.05 7472.34 12090.8 -11007.9 
0.65 9.8438 10 0.17566 2.70934e-13 11514.7 14884.9 -6.07306 5.84763e-11 
0.65 10 10.4158 0 0 6150.19 7501.13 12090.7 11080.4 
0.65 10 9.58421 0 0 6150.19 7501.13 12090.7 -11080.4 
0.655 9.84468 10 0.175233 2.74885e-13 11525.4 14942.3 -5.88765 5.61041e-11 
0.655 10 10.4158 0 0 6151.61 7529.81 12090.7 11148 
0.655 10 9.58421 0 0 6151.61 7529.81 12090.7 -11148 
0.66 9.84556 10 0.174819 2.78877e-13 11536.5 14999.4 -5.70495 5.19072e-11 
0.66 10 10.4158 0 0 6153.32 7558.39 12090.6 11220 
0.66 10 9.58421 0 0 6153.32 7558.39 12090.6 -11220 
0.665 9.84643 10 0.174418 2.82938e-13 11548.1 15056.4 -5.52487 6.22527e-11 
0.665 10 10.4158 0 0 6155.31 7586.88 12090.6 11287.1 
0.665 10 9.58421 0 0 6155.31 7586.88 12090.6 -11287.1 
0.67 9.8473 10 0.17403 2.87063e-13 11560.2 15113.2 -5.34734 5.98562e-11 
0.67 10 10.4158 0 0 6157.58 7615.26 12090.5 11358.5 
0.67 10 9.58421 0 0 6157.58 7615.26 12090.5 -11358.5 
0.675 9.84817 10 0.173654 2.91247e-13 11572.9 15169.7 -5.17227 6.10895e-11 
0.675 10 10.4158 0 0 6160.14 7643.55 12090.4 11425.1 
0.675 10 9.58421 0 0 6160.14 7643.55 12090.4 -11425.1 
0.68 9.84904 10 0.173291 2.95482e-13 11586 15226.1 -4.99959 5.32204e-11 
0.68 10 10.4158 0 0 6162.98 7671.73 12090.4 11496.1 
0.68 10 9.58421 0 0 6162.98 7671.73 12090.4 -11496.1 
0.685 9.8499 10 0.17294 2.99801e-13 11599.5 15282.3 -4.82922 6.53489e-11 
0.685 10 10.4158 0 0 6166.1 7699.83 12090.3 11562.2 
0.685 10 9.58421 0 0 6166.1 7699.83 12090.3 -11562.2 
0.69 9.85077 10 0.172601 3.04187e-13 11613.6 15338.3 -4.66108 6.65538e-11 
0.69 10 10.4158 0 0 6169.5 7727.82 12090.2 11632.6 
0.69 10 9.58421 0 0 6169.5 7727.82 12090.2 -11632.6 
0.695 9.85163 10 0.172274 3.08585e-13 11628.2 15394.1 -4.49511 6.77572e-11 
0.695 10 10.4158 0 0 6173.17 7755.72 12090.2 11698.2 
0.695 10 9.58421 0 0 6173.17 7755.72 12090.2 -11698.2 
0.7 9.85249 10 0.171959 3.13083e-13 11643.2 15449.7 -4.33123 6.71273e-11 
0.7 10 10.4158 0 0 6177.13 7783.53 12090.1 11768.3 
0.7 10 9.58421 0 0 6177.13 7783.53 12090.1 -11768.3 
0.705 9.85335 10 0.171655 3.17666e-13 11658.8 15505.1 -4.16939 7.37618e-11 
0.705 10 10.4158 0 0 6181.36 7811.24 12090.1 11833.4 
0.705 10 9.58421 0 0 6181.36 7811.24 12090.1 -11833.4 
0.71 9.85421 10 0.171363 3.2229e-13 11674.8 15560.3 -4.00951 6.76575e-11 
0.71 10 10.4158 0 0 6185.87 7838.86 12090 11903 
0.71 10 9.58421 0 0 6185.87 7838.86 12090 -11903 
0.715 9.85506 10 0.171082 3.26986e-13 11691.3 15615.4 -3.85153 6.88189e-11 
0.715 10 10.4158 0 0 6190.65 7866.38 12089.9 11967.7 
0.715 10 9.58421 0 0 6190.65 7866.38 12089.9 -11967.7 
0.72 9.85592 10 0.170813 3.31771e-13 11708.4 15670.3 -3.69539 6.99681e-11 
0.72 10 10.4158 0 0 6195.71 7893.82 12089.9 12036.8 
0.72 10 9.58421 0 0 6195.71 7893.82 12089.9 -12036.8 
0.725 9.85677 10 0.170554 3.36616e-13 11725.9 15725 -3.54103 7.11088e-11 
0.725 10 10.4158 0 0 6201.04 7921.16 12089.8 12101 
0.725 10 9.58421 0 0 6201.04 7921.16 12089.8 -12101 
0.73 9.85762 10 0.170307 3.4155e-13 11743.9 15779.5 -3.3884 6.3142e-11 
0.73 10 10.4158 0 0 6206.64 7948.41 12089.8 12169.7 
0.73 10 9.58421 0 0 6206.64 7948.41 12089.8 -12169.7 
0.735 9.85847 10 0.17007 3.46552e-13 11762.3 15833.8 -3.23743 6.42608e-11 
0.735 10 10.4158 0 0 6212.52 7975.57 12089.7 12233.5 
0.735 10 9.58421 0 0 6212.52 7975.57 12089.7 -12233.5 
0.74 9.85932 10 0.169844 3.51659e-13 11781.3 15887.9 -3.08807 7.26407e-11 
0.74 10 10.4158 0 0 6218.68 8002.64 12089.7 12301.8 
0.74 10 9.58421 0 0 6218.68 8002.64 12089.7 -12301.8 
0.745 9.86017 10 0.169629 3.5681e-13 11800.8 15941.9 -2.94028 7.73766e-11 
0.745 10 10.4158 0 0 6225.1 8029.62 12089.6 12365.2 
0.745 10 9.58421 0 0 6225.1 8029.62 12089.6 -12365.2 
0.75 9.86102 10 0.169424 3.62072e-13 11820.7 15995.7 -2.79399 7.30019e-11 
0.75 10 10.4158 0 0 6231.8 8056.52 12089.5 12433 
0.75 10 9.58421 0 0 6231.8 8056.52 12089.5 -12433 
0.755 9.86187 10 0.16923 3.67405e-13 11841.2 16049.3 -2.64916 8.49883e-11 
0.755 10 10.4158 0 0 6238.77 8083.32 12089.5 12496 
0.755 10 9.58421 0 0 6238.77 8083.32 12089.5 -12496 
0.76 9.86271 10 0.169046 3.72861e-13 11862.1 16102.7 -2.50574 8.05866e-11 
0.76 10 10.4158 0 0 6246.01 8110.03 12089.4 12563.5 
0.76 10 9.58421 0 0 6246.01 8110.03 12089.4 -12563.5 
0.765 9.86356 10 0.168872 3.78384e-13 11883.6 16156 -2.36368 8.52704e-11 
0.765 10 10.4158 0 0 6253.52 8136.66 12089.4 12626.1 
0.765 10 9.58421 0 0 6253.52 8136.66 12089.4 -12626.1 
0.77 9.8644 10 0.168708 3.83977e-13 11905.5 16209 -2.22293 8.26682e-11 
0.77 10 10.4158 0 0 6261.3 8163.2 12089.3 12693.1 
0.77 10 9.58421 0 0 6261.3 8163.2 12089.3 -12693.1 
0.775 9.86524 10 0.168554 3.89691e-13 11927.9 16261.9 -2.08345 7.82303e-11 
0.775 10 10.4158 0 0 6269.36 8189.65 12089.2 12755.3 
0.775 10 9.58421 0 0 6269.36 8189.65 12089.2 -12755.3 
0.78 9.86609 10 0.16841 3.95514e-13 11950.8 16314.7 -1.94519 7.1958e-11 
0.78 10 10.4158 0 0 6277.68 8216.02 12089.2 12822 
0.78 10 9.58421 0 0 6277.68 8216.02 12089.2 -12822 
0.785 9.86693 10 0.168276 4.01424e-13 11974.3 16367.2 -1.80811 8.56827e-11 
0.785 10 10.4158 0 0 6286.28 8242.3 12089.1 12883.8 
0.785 10 9.58421 0 0 6286.28 8242.3 12089.1 -12883.8 
0.79 9.86777 10 0.168152 4.07453e-13 11998.2 16419.6 -1.67217 8.48386e-11 
0.79 10 10.4158 0 0 6295.15 8268.49 12089.1 12950.1 
0.79 10 9.58421 0 0 6295.15 8268.49 12089.1 -12950.1 
0.795 9.86861 10 0.168037 4.13547e-13 12022.6 16471.8 -1.53733 9.12615e-11 
0.795 10 10.4158 0 0 6304.29 8294.59 12089 13011.6 
0.795 10 9.58421 0 0 6304.29 8294.59 12089 -13011.6 
0.8 9.86945 10 0.167932 4.19774e-13 12047.5 16523.9 -1.40355 8.85707e-11 
0.8 10 10.4158 0 0 6313.7 8320.61 12088.9 13077.5 
0.8 10 9.58421 0 0 6313.7 8320.61 12088.9 -13077.5 
0.805 9.87029 10 0.167837 4.26129e-13 12072.9 16575.7 -1.27078 1.02233e-10 
0.805 10 10.4158 0 0 6323.38 8346.55 12088.9 13138.6 
0.805 10 9.58421 0 0 6323.38 8346.55 12088.9 -13138.6 
0.81 9.87113 10 0.167751 4.32572e-13 12098.9 16627.4 -1.13899 8.31409e-11 
0.81 10 10.4158 0 0 6333.34 8372.39 12088.8 13204.1 
0.81 10 9.58421 0 0 6333.34 8372.39 12088.8 -13204.1 
0.815 9.87197 10 0.167674 4.39143e-13 12125.3 16678.9 -1.00814 9.6773e-11 
0.815 10 10.4158 0 0 6343.56 8398.16 12088.8 13264.9 
0.815 10 9.58421 0 0 6343.56 8398.16 12088.8 -13264.9 
0.82 9.8728 10 0.167607 4.45829e-13 12152.2 16730.3 -0.878203 1.01294e-10 
0.82 10 10.4158 0 0 6354.06 8423.83 12088.7 13330.1 
0.82 10 9.58421 0 0 6354.06 8423.83 12088.7 -13330.1 
0.825 9.87364 10 0.167549 4.52645e-13 12179.7 16781.5 -0.74913 9.30637e-11 
0.825 10 10.4158 0 0 6364.83 8449.42 12088.6 13390.4 
0.825 10 9.58421 0 0 6364.83 8449.42 12088.6 -13390.4 
0.83 9.87448 10 0.1675 4.59613e-13 12207.6 16832.5 -0.620891 9.20882e-11 
0.83 10 10.4158 0 0 6375.88 8474.93 12088.6 13455.3 
0.83 10 9.58421 0 0 6375.88 8474.93 12088.6 -13455.3 
0.835 9.87532 10 0.16746 4.66683e-13 12236.1 16883.3 -0.493451 9.10984e-11 
0.835 10 10.4158 0 0 6387.19 8500.35 12088.5 13515.3 
0.835 10 9.58421 0 0 6387.19 8500.35 12088.5 -13515.3 
0.84 9.87615 10 0.167429 4.73918e-13 12265.1 16934 -0.366777 9.91805e-11 
0.84 10 10.4158 0 0 6398.78 8525.69 12088.5 13579.9 
0.84 10 9.58421 0 0 6398.78 8525.69 12088.5 -13579.9 
0.845 9.87699 10 0.167407 4.8125e-13 12294.6 16984.5 -0.240836 9.9973e-11 
0.845 10 10.4158 0 0 6410.65 8550.94 12088.4 13639.6 
0.845 10 9.58421 0 0 6410.65 8550.94 12088.4 -13639.6 
0.85 9.87783 10 0.167395 4.88728e-13 12324.6 17034.8 -0.115594 1.04383e-10 
0.85 10 10.4158 0 0 6422.78 8576.1 12088.3 13703.7 
0.85 10 9.58421 0 0 6422.78 8576.1 12088.3 -13703.7 
0.855 9.87867 10 0.167391 4.96367e-13 12355.1 17085 0.00897852 1.03314e-10 
0.855 10 10.4158 0 0 6435.2 8601.18 12088.3 13763.1 
0.855 10 9.58421 0 0 6435.2 8601.18 12088.3 -13763.1 
0.86 9.8795 10 0.167396 5.04151e-13 12386.1 17135 0.132914 9.85859e-11 
0.86 10 10.4158 0 0 6447.88 8626.17 12088.2 13827 
0.86 10 9.58421 0 0 6447.88 8626.17 12088.2 -13827 
0.865 9.88034 10 0.16741 5.12095e-13 12417.7 17184.8 0.256242 1.10207e-10 
0.865 10 10.4158 0 0 6460.85 8651.08 12088.2 13886 
0.865 10 9.58421 0 0 6460.85 8651.08 12088.2 -13886 
0.87 9.88118 10 0.167433 5.20181e-13 12449.8 17234.4 0.378993 1.10894e-10 
0.87 10 10.4158 0 0 6474.09 8675.9 12088.1 13949.5 
0.87 10 9.58421 0 0 6474.09 8675.9 12088.1 -13949.5 
0.875 9.88201 10 0.167464 5.28422e-13 12482.4 17283.9 0.501197 1.22473e-10 
0.875 10 10.4158 0 0 6487.6 8700.63 12088 14008.3 
0.875 10 9.58421 0 0 6487.6 8700.63 12088 -14008.3 
0.88 9.88285 10 0.167504 5.36824e-13 12515.5 17333.2 0.622882 1.17659e-10 
0.88 10 10.4158 0 0 6501.4 8725.28 12088 14071.5 
0.88 10 9.58421 0 0 6501.4 8725.28 12088 -14071.5 
0.885 9.88369 10 0.167553 5.45416e-13 12549.2 17382.3 0.744076 1.14637e-10 
0.885 10 10.4158 0 0 6515.47 8749.84 12087.9 14129.9 
0.885 10 9.58421 0 0 6515.47 8749.84 12087.9 -14129.9 
0.89 9.88453 10 0.16761 5.542e-13 12583.4 17431.3 0.864808 1.20683e-10 
0.89 10 10.4158 0 0 6529.82 8774.32 12087.8 14192.8 
0.89 10 9.58421 0 0 6529.82 8774.32 12087.8 -14192.8 
0.895 9.88536 10 0.167677 5.63127e-13 12618.1 17480 0.985105 1.37623e-10 
0.895 10 10.4158 0 0 6544.46 8798.71 12087.8 14250.9 
0.895 10 9.58421 0 0 6544.46 8798.71 12087.8 -14250.9 
0.9 9.8862 10 0.167751 5.72251e-13 12653.4 17528.6 1.10499 1.32708e-10 
0.9 10 10.4158 0 0 6559.37 8823.01 12087.7 14313.5 
0.9 10 9.58421 0 0 6559.37 8823.01 12087.7 -14313.5 
0.905 9.88704 10 0.167834 5.81583e-13 12689.2 17577.1 1.2245 1.36858e-10 
0.905 10 10.4158 0 0 6574.56 8847.22 12087.6 14371.2 
0.905 10 9.58421 0 0 6574.56 8847.22 12087.6 -14371.2 
0.91 9.88788 10 0.167926 5.91092e-13 12725.6 17625.3 1.34365 1.31889e-10 
0.91 10 10.4158 0 0 6590.04 8871.34 12087.6 14433.5 
0.91 10 9.58421 0 0 6590.04 8871.34 12087.6 -14433.5 
0.915 9.88872 10 0.168026 6.00849e-13 12762.4 17673.4 1.46247 1.30523e-10 
0.915 10 10.4158 0 0 6605.8 8895.38 12087.5 14491 
0.915 10 9.58421 0 0 6605.8 8895.38 12087.5 -14491 
0.92 9.88956 10 0.168135 6.10777e-13 12799.9 17721.3 1.58099 1.50961e-10 
0.92 10 10.4158 0 0 6621.84 8919.33 12087.4 14553 
0.92 10 9.58421 0 0 6621.84 8919.33 12087.4 -14553 
0.925 9.8904 10 0.168252 6.20926e-13 12837.9 17769 1.69923 1.45902e-10 
0.925 10 10.4158 0 0 6638.17 8943.19 12087.4 14610.2 
0.925 10 9.58421 0 0 6638.17 8943.19 12087.4 -14610.2 
0.93 9.89124 10 0.168378 6.31325e-13 12876.4 17816.5 1.81721 1.35352e-10 
0.93 10 10.4158 0 0 6654.78 8966.95 12087.3 14671.8 
0.93 10 9.58421 0 0 6654.78 8966.95 12087.3 -14671.8 
0.935 9.89209 10 0.168512 6.41916e-13 12915.5 17863.9 1.93496 1.5024e-10 
0.935 10 10.4158 0 0 6671.69 8990.63 12087.2 14728.7 
0.935 10 9.58421 0 0 6671.69 8990.63 12087.2 -14728.7 
0.94 9.89293 10 0.168654 6.52766e-13 12955.1 17911.1 2.0525 1.54178e-10 
0.94 10 10.4158 0 0 6688.88 9014.22 12087.2 14790.1 
0.94 10 9.58421 0 0 6688.88 9014.22 12087.2 -14790.1 
0.945 9.89377 10 0.168805 6.63857e-13 12995.3 17958.1 2.16986 1.58082e-10 
0.945 10 10.4158 0 0 6706.35 9037.71 12087.1 14846.7 
0.945 10 9.58421 0 0 6706.35 9037.71 12087.1 -14846.7 
0.95 9.89462 10 0.168964 6.75212e-13 13036.1 18004.9 2.28706 1.67407e-10 
0.95 10 10.4158 0 0 6724.12 9061.11 12087 14907.7 
0.95 10 9.58421 0 0 6724.12 9061.11 12087 -14907.7 
0.955 9.89546 10 0.169132 6.86812e-13 13077.4 18051.5 2.40412 1.58506e-10 
0.955 10 10.4158 0 0 6742.18 9084.42 12087 14964 
0.955 10 9.58421 0 0 6742.18 9084.42 12087 -14964 
0.96 9.89631 10 0.169308 6.98652e-13 13119.3 18097.9 2.52107 1.64125e-10 
0.96 10 10.4158 0 0 6760.53 9107.64 12086.9 15024.8 
0.96 10 9.58421 0 0 6760.53 9107.64 12086.9 -15024.8 
0.965 9.89716 10 0.169492 7.1079e-13 13161.7 18144.2 2.63792 1.66064e-10 
0.965 10 10.4158 0 0 6779.18 9130.76 12086.8 15080.8 
0.965 10 9.58421 0 0 6779.18 9130.76 12086.8 -15080.8 
0.97 9.898 10 0.169684 7.23221e-13 13204.7 18190.2 2.75471 1.67961e-10 
0.97 10 10.4158 0 0 6798.12 9153.79 12086.7 15141.3 
0.97 10 9.58421 0 0 6798.12 9153.79 12086.7 -15141.3 
0.975 9.89885 10 0.169885 7.35895e-13 13248.3 18236.1 2.87145 1.77101e-10 
0.975 10 10.4158 0 0 6817.35 9176.72 12086.7 15197 
0.975 10 9.58421 0 0 6817.35 9176.72 12086.7 -15197 
0.98 9.8997 10 0.170095 7.48892e-13 13292.5 18281.7 2.98816 1.71643e-10 
0.98 10 10.4158 0 0 6836.88 9199.56 12086.6 15257.1 
0.98 10 9.58421 0 0 6836.88 9199.56 12086.6 -15257.1 
0.985 9.90055 10 0.170312 7.6223e-13 13337.3 18327.2 3.10486 1.91604e-10 
0.985 10 10.4158 0 0 6856.71 9222.3 12086.5 15312.5 
0.985 10 9.58421 0 0 6856.71 9222.3 12086.5 -15312.5 
0.99 9.90141 10 0.170538 7.75857e-13 13382.6 18372.5 3.22159 1.93334e-10 
0.99 10 10.4158 0 0 6876.85 9244.94 12086.5 15372.4 
0.99 10 9.58421 0 0 6876.85 9244.94 12086.5 -15372.4 
0.995 9.90226 10 0.170772 7.89821e-13 13428.5 18417.6 3.33835 1.98655e-10 
0.995 10 10.4158 0 0 6897.28 9267.48 12086.4 15427.6 
0.995 10 9.58421 0 0 6897.28 9267.48 12086.4 -15427.6 
1 9.90311 10 0.171015 8.04096e-13 13475 18462.5 3.45516 2.03933e-10 
1 10 10.4158 0 0 6918.01 9289.92 12086.3 15487.2 
1 10 9.58421 0 0 6918.01 9289.92 12086.3 -15487.2 
1.005 9.90397 10 0.171266 8.18726e-13 13522.1 18507.2 3.57206 2.01885e-10 
1.005 10 10.4158 0 0 6939.05 9312.26 12086.2 15542 
1.005 10 9.58421 0 0 6939.05 9312.26 12086.2 -15542 
1.01 9.90483 10 0.171525 8.33761e-13 13569.8 18551.6 3.68906 2.03418e-10 
1.01 10 10.4158 0 0 6960.39 9334.5 12086.1 15601.3 
1.01 10 9.58421 0 0 6960.39 9334.5 12086.1 -15601.3 
1.015 9.90568 10 0.171793 8.49243e-13 13618.1 18595.9 3.80617 2.26716e-10 
1.015 10 10.4158 0 0 6982.03 9356.63 12086.1 15655.8 
1.015 10 9.58421 0 0 6982.03 9356.63 12086.1 -15655.8 
1.02 9.90654 10 0.172069 8.65051e-13 13667 18640 3.92343 2.24503e-10 
1.02 10 10.4158 0 0 7003.99 9378.67 12086 15714.8 
1.02 10 9.58421 0 0 7003.99 9378.67 12086 -15714.8 
1.025 9.90741 10 0.172354 8.81289e-13 13716.5 18683.8 4.04084 2.25868e-10 
1.025 10 10.4158 0 0 7026.25 9400.59 12085.9 15769.1 
1.025 10 9.58421 0 0 7026.25 9400.59 12085.9 -15769.1 
1.03 9.90827 10 0.172646 8.97942e-13 13766.6 18727.5 4.15844 2.38088e-10 
1.03 10 10.4158 0 0 7048.83 9422.42 12085.8 15827.8 
1.03 10 9.58421 0 0 7048.83 9422.42 12085.8 -15827.8 
1.035 9.90913 10 0.172948 9.14985e-13 13817.3 18770.9 4.27623 2.3934e-10 
1.035 10 10.4158 0 0 7071.72 9444.13 12085.8 15881.7 
1.035 10 9.58421 0 0 7071.72 9444.13 12085.8 -15881.7 
1.04 9.91 10 0.173257 9.32528e-13 13868.6 18814.1 4.39424 2.4416e-10 
1.04 10 10.4158 0 0 7094.92 9465.73 12085.7 15940.1 
1.04 10 9.58421 0 0 7094.92 9465.73 12085.7 -15940.1 
1.045 9.91086 10 0.173575 9.50532e-13 13920.6 18857.1 4.51249 2.63468e-10 
1.045 10 10.4158 0 0 7118.43 9487.23 12085.6 15993.8 
1.045 10 9.58421 0 0 7118.43 9487.23 12085.6 -15993.8 
1.05 9.91173 10 0.173902 9.69014e-13 13973.1 18899.9 4.631 2.57242e-10 
1.05 10 10.4158 0 0 7142.27 9508.61 12085.5 16051.9 
1.05 10 9.58421 0 0 7142.27 9508.61 12085.5 -16051.9 
1.055 9.9126 10 0.174237 9.87978e-13 14026.3 18942.4 4.74979 2.65501e-10 
1.055 10 10.4158 0 0 7166.42 9529.89 12085.4 16105.2 
1.055 10 9.58421 0 0 7166.42 9529.89 12085.4 -16105.2 
1.06 9.91348 10 0.17458 1.00748e-12 14080.1 18984.7 4.86887 2.77323e-10 
1.06 10 10.4158 0 0 7190.89 9551.05 12085.3 16163 
1.06 10 9.58421 0 0 7190.89 9551.05 12085.3 -16163 
1.065 9.91435 10 0.174933 1.0275e-12 14134.6 19026.8 4.98827 2.81796e-10 
1.065 10 10.4158 0 0 7215.68 9572.09 12085.3 16216.1 
1.065 10 9.58421 0 0 7215.68 9572.09 12085.3 -16216.1 
1.07 9.91522 10 0.175293 1.04803e-12 14189.7 19068.7 5.108 3.04388e-10 
1.07 10 10.4158 0 0 7240.79 9593.02 12085.2 16273.6 
1.07 10 9.58421 0 0 7240.79 9593.02 12085.2 -16273.6 
1.075 9.9161 10 0.175662 1.06924e-12 14245.4 19110.3 5.22809 3.01419e-10 
1.075 10 10.4158 0 0 7266.23 9613.82 12085.1 16326.3 
1.075 10 9.58421 0 0 7266.23 9613.82 12085.1 -16326.3 
1.08 9.91698 10 0.17604 1.09091e-12 14301.7 19151.7 5.34854 3.20214e-10 
1.08 10 10.4158 0 0 7292 9634.51 12085 16383.5 
1.08 10 9.58421 0 0 7292 9634.51 12085 -16383.5 
1.085 9.91786 10 0.176426 1.11335e-12 14358.7 19192.8 5.46939 3.17072e-10 
1.085 10 10.4158 0 0 7318.09 9655.08 12084.9 16435.9 
1.085 10 9.58421 0 0 7318.09 9655.08 12084.9 -16435.9 
1.09 9.91875 10 0.176821 1.13638e-12 14416.3 19233.7 5.59065 3.284e-10 
1.09 10 10.4158 0 0 7344.51 9675.53 12084.8 16492.8 
1.09 10 9.58421 0 0 7344.51 9675.53 12084.8 -16492.8 
1.095 9.91963 10 0.177225 1.16001e-12 14474.6 19274.3 5.71233 3.28729e-10 
1.095 10 10.4158 0 0 7371.27 9695.85 12084.7 16544.9 
1.095 10 9.58421 0 0 7371.27 9695.85 12084.7 -16544.9 
1.1 9.92052 10 0.177637 1.18434e-12 14533.6 19314.7 5.83447 3.54428e-10 
1.1 10 10.4158 0 0 7398.36 9716.04 12084.6 16601.5 
1.1 10 9.58421 0 0 7398.36 9716.04 12084.6 -16601.5 
1.105 9.92141 10 0.178059 1.2095e-12 14593.2 19354.9 5.95706 3.54543e-10 
1.105 10 10.4158 0 0 7425.78 9736.11 12084.6 16653.2 
1.105 10 9.58421 0 0 7425.78 9736.11 12084.6 -16653.2 
1.11 9.9223 10 0.178488 1.23532e-12 14653.4 19394.7 6.08014 3.80032e-10 
1.11 10 10.4158 0 0 7453.54 9756.05 12084.5 16709.5 
1.11 10 9.58421 0 0 7453.54 9756.05 12084.5 -16709.5 
1.115 9.92319 10 0.178927 1.26195e-12 14714.3 19434.3 6.20373 3.76304e-10 
1.115 10 10.4158 0 0 7481.64 9775.85 12084.4 16760.9 
1.115 10 9.58421 0 0 7481.64 9775.85 12084.4 -16760.9 
1.12 9.92409 10 0.179375 1.2894e-12 14775.9 19473.7 6.32783 3.97927e-10 
1.12 10 10.4158 0 0 7510.07 9795.53 12084.3 16816.9 
1.12 10 9.58421 0 0 7510.07 9795.53 12084.3 -16816.9 
1.125 9.92499 10 0.179831 1.31762e-12 14838.2 19512.8 6.45247 4.01252e-10 
1.125 10 10.4158 0 0 7538.85 9815.06 12084.2 16868 
1.125 10 9.58421 0 0 7538.85 9815.06 12084.2 -16868 
1.13 9.92589 10 0.180296 1.34671e-12 14901.1 19551.6 6.57767 3.97179e-10 
1.13 10 10.4158 0 0 7567.97 9834.46 12084.1 16923.6 
1.13 10 9.58421 0 0 7567.97 9834.46 12084.1 -16923.6 
1.135 9.92679 10 0.180771 1.37671e-12 14964.7 19590.1 6.70345 4.29359e-10 
1.135 10 10.4158 0 0 7597.44 9853.72 12084 16974.3 
1.135 10 9.58421 0 0 7597.44 9853.72 12084 -16974.3 
1.14 9.92769 10 0.181254 1.40769e-12 15029 19628.3 6.82981 4.35936e-10 
1.14 10 10.4158 0 0 7627.26 9872.84 12083.9 17029.6 
1.14 10 9.58421 0 0 7627.26 9872.84 12083.9 -17029.6 
1.145 9.9286 10 0.181746 1.43959e-12 15093.9 19666.3 6.9568 4.56937e-10 
1.145 10 10.4158 0 0 7657.42 9891.82 12083.8 17080 
1.145 10 9.58421 0 0 7657.42 9891.82 12083.8 -17080 
1.15 9.92951 10 0.182248 1.47249e-12 15159.6 19703.9 7.08441 4.63243e-10 
1.15 10 10.4158 0 0 7687.94 9910.65 12083.7 17134.9 
1.15 10 9.58421 0 0 7687.94 9910.65 12083.7 -17134.9 
1.155 9.93042 10 0.182759 1.50644e-12 15225.9 19741.3 7.21267 4.91234e-10 
1.155 10 10.4158 0 0 7718.8 9929.33 12083.6 17185 
1.155 10 9.58421 0 0 7718.8 9929.33 12083.6 -17185 
1.16 9.93134 10 0.183278 1.54149e-12 15292.9 19778.4 7.3416 4.9724e-10 
1.16 10 10.4158 0 0 7750.03 9947.86 12083.5 17239.5 
1.16 10 9.58421 0 0 7750.03 9947.86 12083.5 -17239.5 
1.165 9.93226 10 0.183807 1.57767e-12 15360.7 19815.1 7.47122 5.14003e-10 
1.165 10 10.4158 0 0 7781.6 9966.24 12083.4 17289.3 
1.165 10 9.58421 0 0 7781.6 9966.24 12083.4 -17289.3 
1.17 9.93318 10 0.184346 1.61506e-12 15429.1 19851.6 7.60154 5.16045e-10 
1.17 10 10.4158 0 0 7813.54 9984.47 12083.3 17343.4 
1.17 10 9.58421 0 0 7813.54 9984.47 12083.3 -17343.4 
1.175 9.9341 10 0.184893 1.6536e-12 15498.2 19887.7 7.73259 5.50666e-10 
1.175 10 10.4158 0 0 7845.84 10002.5 12083.2 17392.8 
1.175 10 9.58421 0 0 7845.84 10002.5 12083.2 -17392.8 
1.18 9.93503 10 0.18545 1.69346e-12 15568.1 19923.5 7.86437 5.59638e-10 
1.18 10 10.4158 0 0 7878.5 10020.4 12083.1 17446.6 
1.18 10 9.58421 0 0 7878.5 10020.4 12083.1 -17446.6 
1.185 9.93595 10 0.186017 1.73464e-12 15638.6 19959 7.99692 5.82978e-10 
1.185 10 10.4158 0 0 7911.52 10038.2 12083 17495.5 
1.185 10 9.58421 0 0 7911.52 10038.2 12083 -17495.5 
1.19 9.93689 10 0.186593 1.77726e-12 15709.9 19994.2 8.13025 5.98839e-10 
1.19 10 10.4158 0 0 7944.91 10055.8 12082.9 17549 
1.19 10 9.58421 0 0 7944.91 10055.8 12082.9 -17549 
1.195 9.93782 10 0.187178 1.82128e-12 15781.8 20029 8.26437 6.25417e-10 
1.195 10 10.4158 0 0 7978.66 10073.2 12082.8 17597.5 
1.195 10 9.58421 0 0 7978.66 10073.2 12082.8 -17597.5 
1.2 9.93876 10 0.187773 1.86686e-12 15854.5 20063.5 8.39931 6.62693e-10 
1.2 10 10.4158 0 0 8012.78 10090.4 12082.7 17650.6 
1.2 10 9.58421 0 0 8012.78 10090.4 12082.7 -17650.6 
1.205 9.9397 10 0.188378 1.91399e-12 15927.9 20097.6 8.53509 6.63371e-10 
1.205 10 10.4158 0 0 8047.28 10107.5 12082.5 17698.7 
1.205 10 9.58421 0 0 8047.28 10107.5 12082.5 -17698.7 
1.21 9.94064 10 0.188993 1.96265e-12 16002.1 20131.4 8.67172 6.74748e-10 
1.21 10 10.4158 0 0 8082.15 10124.4 12082.4 17751.4 
1.21 10 9.58421 0 0 8082.15 10124.4 12082.4 -17751.4 
1.215 9.94159 10 0.189617 2.01301e-12 16076.9 20164.8 8.80922 7.14992e-10 
1.215 10 10.4158 0 0 8117.39 10141.1 12082.3 17799.1 
1.215 10 9.58421 0 0 8117.39 10141.1 12082.3 -17799.1 
1.22 9.94254 10 0.190251 2.06514e-12 16152.5 20197.9 8.94762 7.40436e-10 
1.22 10 10.4158 0 0 8153.01 10157.6 12082.2 17851.3 
1.22 10 9.58421 0 0 8153.01 10157.6 12082.2 -17851.3 
1.225 9.94349 10 0.190895 2.11912e-12 16228.8 20230.6 9.08692 7.76535e-10 
1.225 10 10.4158 0 0 8189.01 10174 12082.1 17898.7 
1.225 10 9.58421 0 0 8189.01 10174 12082.1 -17898.7 
1.23 9.94445 10 0.191549 2.17501e-12 16305.9 20262.9 9.22716 7.90538e-10 
1.23 10 10.4158 0 0 8225.39 10190.1 12082 17950.4 
1.23 10 9.58421 0 0 8225.39 10190.1 12082 -17950.4 
1.235 9.94541 10 0.192214 2.2329e-12 16383.7 20294.8 9.36834 8.40641e-10 
1.235 10 10.4158 0 0 8262.14 10206.1 12081.9 17997.4 
1.235 10 9.58421 0 0 8262.14 10206.1 12081.9 -17997.4 
1.24 9.94637 10 0.192888 2.29282e-12 16462.2 20326.4 9.51049 8.64995e-10 
1.24 10 10.4158 0 0 8299.29 10221.9 12081.7 18048.7 
1.24 10 9.58421 0 0 8299.29 10221.9 12081.7 -18048.7 
1.245 9.94734 10 0.193572 2.35496e-12 16541.5 20357.5 9.65364 8.92675e-10 
1.245 10 10.4158 0 0 8336.82 10237.4 12081.6 18095.2 
1.245 10 9.58421 0 0 8336.82 10237.4 12081.6 -18095.2 
1.25 9.9483 10 0.194267 2.41935e-12 16621.5 20388.3 9.79779 9.01851e-10 
1.25 10 10.4158 0 0 8374.73 10252.8 12081.5 18146 
1.25 10 9.58421 0 0 8374.73 10252.8 12081.5 -18146 
1.255 9.94928 10 0.194972 2.48601e-12 16702.3 20418.6 9.94296 9.47088e-10 
1.255 10 10.4158 0 0 8413.04 10268 12081.4 18192 
1.255 10 9.58421 0 0 8413.04 10268 12081.4 -18192 
1.26 9.95025 10 0.195687 2.55512e-12 16783.8 20448.5 10.0892 9.84707e-10 
1.26 10 10.4158 0 0 8451.73 10282.9 12081.3 18242.4 
1.26 10 9.58421 0 0 8451.73 10282.9 12081.3 -18242.4 
1.265 9.95123 10 0.196413 2.62678e-12 16866 20478 10.2365 1.02924e-09 
1.265 10 10.4158 0 0 8490.82 10297.7 12081.1 18288 
1.265 10 9.58421 0 0 8490.82 10297.7 12081.1 -18288 
1.27 9.95222 10 0.19715 2.70111e-12 16949.1 20507.1 10.3849 1.05886e-09 
1.27 10 10.4158 0 0 8530.3 10312.2 12081 18337.9 
1.27 10 9.58421 0 0 8530.3 10312.2 12081 -18337.9 
1.275 9.95321 10 0.197897 2.77819e-12 17032.8 20535.7 10.5343 1.099e-09 
1.275 10 10.4158 0 0 8570.18 10326.5 12080.9 18382.9 
1.275 10 9.58421 0 0 8570.18 10326.5 12080.9 -18382.9 
1.28 9.9542 10 0.198655 2.85815e-12 17117.4 20563.9 10.6849 1.13873e-09 
1.28 10 10.4158 0 0 8610.45 10340.6 12080.8 18432.3 
1.28 10 9.58421 0 0 8610.45 10340.6 12080.8 -18432.3 
1.285 9.95519 10 0.199423 2.94103e-12 17202.7 20591.6 10.8367 1.17806e-09 
1.285 10 10.4158 0 0 8651.13 10354.5 12080.6 18476.8 
1.285 10 9.58421 0 0 8651.13 10354.5 12080.6 -18476.8 
1.29 9.95619 10 0.200203 3.02696e-12 17288.7 20618.9 10.9896 1.22424e-09 
1.29 10 10.4158 0 0 8692.2 10368.1 12080.5 18525.7 
1.29 10 9.58421 0 0 8692.2 10368.1 12080.5 -18525.7 
1.295 9.9572 10 0.200993 3.11609e-12 17375.5 20645.7 11.1437 1.27725e-09 
1.295 10 10.4158 0 0 8733.67 10381.5 12080.4 18569.7 
1.295 10 9.58421 0 0 8733.67 10381.5 12080.4 -18569.7 
1.3 9.9582 10 0.201795 3.20852e-12 17463.1 20672 11.2991 1.33343e-09 
1.3 10 10.4158 0 0 8775.55 10394.7 12080.2 18618.1 
1.3 10 9.58421 0 0 8775.55 10394.7 12080.2 -18618.1 
1.305 9.95921 10 0.202607 3.30442e-12 17551.4 20697.8 11.4556 1.35638e-09 
1.305 10 10.4158 0 0 8817.83 10407.6 12080.1 18661.5 
1.305 10 9.58421 0 0 8817.83 10407.6 12080.1 -18661.5 
1.31 9.96023 10 0.203431 3.40389e-12 17640.5 20723.2 11.6134 1.40794e-09 
1.31 10 10.4158 0 0 8860.52 10420.3 12080 18709.3 
1.31 10 9.58421 0 0 8860.52 10420.3 12080 -18709.3 
1.315 9.96125 10 0.204267 3.50705e-12 17730.4 20748 11.7725 1.46262e-09 
1.315 10 10.4158 0 0 8903.62 10432.7 12079.8 18752.2 
1.315 10 9.58421 0 0 8903.62 10432.7 12079.8 -18752.2 
1.32 9.96227 10 0.205113 3.61404e-12 17821 20772.3 11.9329 1.50949e-09 
1.32 10 10.4158 0 0 8947.12 10444.8 12079.7 18799.4 
1.32 10 9.58421 0 0 8947.12 10444.8 12079.7 -18799.4 
1.325 9.9633 10 0.205971 3.72506e-12 17912.4 20796.1 12.0946 1.5849e-09 
1.325 10 10.4158 0 0 8991.04 10456.7 12079.5 18841.7 
1.325 10 9.58421 0 0 8991.04 10456.7 12079.5 -18841.7 
1.33 9.96433 10 0.206841 3.84017e-12 18004.6 20819.4 12.2576 1.64518e-09 
1.33 10 10.4158 0 0 9035.36 10468.4 12079.4 18888.4 
1.33 10 9.58421 0 0 9035.36 10468.4 12079.4 -18888.4 
1.335 9.96537 10 0.207722 3.95951e-12 18097.5 20842.1 12.422 1.68668e-09 
1.335 10 10.4158 0 0 9080.1 10479.8 12079.2 18930.1 
1.335 10 9.58421 0 0 9080.1 10479.8 12079.2 -18930.1 
1.34 9.96641 10 0.208616 4.08319e-12 18191.2 20864.3 12.5878 1.75668e-09 
1.34 10 10.4158 0 0 9125.25 10490.8 12079.1 18976.1 
1.34 10 9.58421 0 0 9125.25 10490.8 12079.1 -18976.1 
1.345 9.96745 10 0.209521 4.2114e-12 18285.7 20885.9 12.7549 1.81876e-09 
1.345 10 10.4158 0 0 9170.82 10501.7 12079 19017.1 
1.345 10 9.58421 0 0 9170.82 10501.7 12079 -19017.1 
1.35 9.9685 10 0.210438 4.34429e-12 18380.9 20907 12.9235 1.8802e-09 
1.35 10 10.4158 0 0 9216.8 10512.2 12078.8 19062.5 
1.35 10 9.58421 0 0 9216.8 10512.2 12078.8 -19062.5 
1.355 9.96956 10 0.211367 4.48189e-12 18476.9 20927.5 13.0936 1.97371e-09 
1.355 10 10.4158 0 0 9263.2 10522.4 12078.7 19102.9 
1.355 10 9.58421 0 0 9263.2 10522.4 12078.7 -19102.9 
1.36 9.97062 10 0.212308 4.62443e-12 18573.7 20947.4 13.2651 2.02651e-09 
1.36 10 10.4158 0 0 9310.02 10532.4 12078.5 19147.7 
1.36 10 9.58421 0 0 9310.02 10532.4 12078.5 -19147.7 
1.365 9.97168 10 0.213262 4.77198e-12 18671.2 20966.7 13.4381 2.10408e-09 
1.365 10 10.4158 0 0 9357.25 10542 12078.4 19187.4 
1.365 10 9.58421 0 0 9357.25 10542 12078.4 -19187.4 
1.37 9.97275 10 0.214228 4.92474e-12 18769.5 20985.4 13.6127 2.18092e-09 
1.37 10 10.4158 0 0 9404.9 10551.4 12078.2 19231.4 
1.37 10 9.58421 0 0 9404.9 10551.4 12078.2 -19231.4 
1.375 9.97382 10 0.215207 5.08267e-12 18868.6 21003.4 13.7888 2.2534e-09 
1.375 10 10.4158 0 0 9452.97 10560.4 12078 19270.5 
1.375 10 9.58421 0 0 9452.97 10560.4 12078 -19270.5 
1.38 9.9749 10 0.216198 5.24602e-12 18968.4 21020.9 13.9664 2.32148e-09 
1.38 10 10.4158 0 0 9501.47 10569.1 12077.9 19313.8 
1.38 10 9.58421 0 0 9501.47 10569.1 12077.9 -19313.8 
1.385 9.97598 10 0.217202 5.41482e-12 19069 21037.6 14.1457 2.40699e-09 
1.385 10 10.4158 0 0 9550.38 10577.5 12077.7 19352.1 
1.385 10 9.58421 0 0 9550.38 10577.5 12077.7 -19352.1 
1.39 9.97707 10 0.218219 5.58906e-12 19170.3 21053.8 14.3266 2.46627e-09 
1.39 10 10.4158 0 0 9599.71 10585.6 12077.6 19394.7 
1.39 10 9.58421 0 0 9599.71 10585.6 12077.6 -19394.7 
1.395 9.97817 10 0.219249 5.76889e-12 19272.4 21069.3 14.5091 2.55751e-09 
1.395 10 10.4158 0 0 9649.46 10593.3 12077.4 19432.3 
1.395 10 9.58421 0 0 9649.46 10593.3 12077.4 -19432.3 
1.4 9.97927 10 0.220292 5.95429e-12 19375.2 21084.1 14.6933 2.6407e-09 
1.4 10 10.4158 0 0 9699.64 10600.7 12077.2 19474.1 
1.4 10 9.58421 0 0 9699.64 10600.7 12077.2 -19474.1 
1.405 9.98037 10 0.221348 6.14531e-12 19478.8 21098.2 14.8792 2.71218e-09 
1.405 10 10.4158 0 0 9750.24 10607.8 12077.1 19510.9 
1.405 10 9.58421 0 0 9750.24 10607.8 12077.1 -19510.9 
1.41 9.98148 10 0.222417 6.3419e-12 19583.1 21111.6 15.0668 2.79016e-09 
1.41 10 10.4158 0 0 9801.26 10614.5 12076.9 19552 
1.41 10 9.58421 0 0 9801.26 10614.5 12076.9 -19552 
1.415 9.98259 10 0.2235 6.54405e-12 19688.1 21124.3 15.2562 2.87827e-09 
1.415 10 10.4158 0 0 9852.7 10620.8 12076.7 19588 
1.415 10 9.58421 0 0 9852.7 10620.8 12076.7 -19588 
1.42 9.98371 10 0.224597 6.75169e-12 19793.9 21136.3 15.4473 2.96926e-09 
1.42 10 10.4158 0 0 9904.56 10626.8 12076.6 19628.2 
1.42 10 9.58421 0 0 9904.56 10626.8 12076.6 -19628.2 
1.425 9.98484 10 0.225707 6.96471e-12 19900.5 21147.5 15.6402 3.0122e-09 
1.425 10 10.4158 0 0 9956.84 10632.4 12076.4 19663.3 
1.425 10 9.58421 0 0 9956.84 10632.4 12076.4 -19663.3 
1.43 9.98597 10 0.226831 7.18294e-12 20007.7 21158 15.835 3.09078e-09 
1.43 10 10.4158 0 0 10009.5 10637.7 12076.2 19702.7 
1.43 10 9.58421 0 0 10009.5 10637.7 12076.2 -19702.7 
1.435 9.98711 10 0.227969 7.40622e-12 20115.7 21167.7 16.0317 3.16503e-09 
1.435 10 10.4158 0 0 10062.7 10642.5 12076 19737 
1.435 10 9.58421 0 0 10062.7 10642.5 12076 -19737 
1.44 9.98825 10 0.229121 7.63432e-12 20224.3 21176.7 16.2302 3.2204e-09 
1.44 10 10.4158 0 0 10116.2 10647 12075.8 19775.5 
1.44 10 9.58421 0 0 10116.2 10647 12075.8 -19775.5 
1.445 9.9894 10 0.230288 7.86689e-12 20333.7 21184.9 16.4307 3.27516e-09 
1.445 10 10.4158 0 0 10170.2 10651.1 12075.7 19808.9 
1.445 10 9.58421 0 0 10170.2 10651.1 12075.7 -19808.9 
1.45 9.99055 10 0.231469 8.10361e-12 20443.8 21192.2 16.6331 3.33297e-09 
1.45 10 10.4158 0 0 10224.5 10654.8 12075.5 19846.4 
1.45 10 9.58421 0 0 10224.5 10654.8 12075.5 -19846.4 
1.455 9.99171 10 0.232664 8.34408e-12 20554.6 21198.8 16.8375 3.39389e-09 
1.455 10 10.4158 0 0 10279.3 10658.1 12075.3 19878.9 
1.455 10 9.58421 0 0 10279.3 10658.1 12075.3 -19878.9 
1.46 9.99288 10 0.233874 8.58784e-12 20666.1 21204.5 17.0439 3.42525e-09 
1.46 10 10.4158 0 0 10334.5 10660.9 12075.1 19915.5 
1.46 10 9.58421 0 0 10334.5 10660.9 12075.1 -19915.5 
1.465 9.99405 10 0.235099 8.83443e-12 20778.2 21209.4 17.2523 3.47804e-09 
1.465 10 10.4158 0 0 10390.2 10663.4 12074.9 19947 
1.465 10 9.58421 0 0 10390.2 10663.4 12074.9 -19947 
1.47 9.99523 10 0.236339 9.08311e-12 20891 21213.4 17.4628 3.48324e-09 
1.47 10 10.4158 0 0 10446.2 10665.4 12074.7 19982.7 
1.47 10 9.58421 0 0 10446.2 10665.4 12074.7 -19982.7 
1.475 9.99642 10 0.237594 9.33318e-12 21004.5 21216.6 17.6755 3.52463e-09 
1.475 10 10.4158 0 0 10502.7 10667 12074.5 20013.2 
1.475 10 9.58421 0 0 10502.7 10667 12074.5 -20013.2 
1.48 9.99761 10 0.238864 9.58391e-12 21118.7 21218.8 17.8903 3.50044e-09 
1.48 10 10.4158 0 0 10559.5 10668.1 12074.3 20047.8 
1.48 10 9.58421 0 0 10559.5 10668.1 12074.3 -20047.8 
1.485 9.99881 10 0.240149 9.83441e-12 21233.5 21220.2 18.1072 3.50175e-09 
1.485 10 10.4158 0 0 10616.8 10668.8 12074.1 20077.3 
1.485 10 9.58421 0 0 10616.8 10668.8 12074.1 -20077.3 
1.49 10 10 0.241451 1.00838e-11 21348.9 21220.7 18.3264 3.47774e-09 
1.49 10 10.4158 0 0 10674.4 10669 12073.9 20110.9 
1.49 10 9.58421 0 0 10674.4 10669 12073.9 -20110.9 
1.495 10.0012 10 0.242767 1.0331e-11 21464.9 21220.2 18.5479 3.44677e-09 
1.495 10 10.4158 0 0 10732.5 10668.8 12073.7 20139.3 
1.495 10 9.58421 0 0 10732.5 10668.8 12073.7 -20139.3 
1.5 10.0024 10 0.2441 1.0575e-11 21581.6 21218.8 18.7716 3.38351e-09 
1.5 10 10.4158 0 0 10791 10668.1 12073.5 20171.7 
1.5 10 9.58421 0 0 10791 10668.1 12073.5 -20171.7 
1.505 10.0037 10 0.245449 1.08145e-11 21698.9 21216.4 18.9976 3.33179e-09 
1.505 10 10.4158 0 0 10849.8 10666.9 12073.3 20199 
1.505 10 9.58421 0 0 10849.8 10666.9 12073.3 -20199 
1.51 10.0049 10 0.246814 1.10482e-11 21816.7 21213 19.2261 3.21903e-09 
1.51 10 10.4158 0 0 10909.1 10665.2 12073.1 20230.4 
1.51 10 9.58421 0 0 10909.1 10665.2 12073.1 -20230.4 
1.515 10.0061 10 0.248196 1.12748e-11 21935.1 21208.7 19.4569 3.1291e-09 
1.515 10 10.4158 0 0 10968.8 10663 12072.9 20256.5 
1.515 10 9.58421 0 0 10968.8 10663 12072.9 -20256.5 
1.52 10.0074 10 0.249594 1.14929e-11 22054.1 21203.3 19.6902 2.98215e-09 
1.52 10 10.4158 0 0 11028.8 10660.3 12072.7 20286.7 
1.52 10 9.58421 0 0 11028.8 10660.3 12072.7 -20286.7 
1.525 10.0086 10 0.251009 1.1701e-11 22173.7 21196.9 19.926 2.82569e-09 
1.525 10 10.4158 0 0 11089.2 10657.2 12072.5 20311.6 
1.525 10 9.58421 0 0 11089.2 10657.2 12072.5 -20311.6 
1.53 10.0099 10 0.252441 1.18975e-11 22293.8 21189.5 20.1643 2.65266e-09 
1.53 10 10.4158 0 0 11150 10653.4 12072.2 20340.6 
1.53 10 9.58421 0 0 11150 10653.4 12072.2 -20340.6 
1.535 10.0111 10 0.253889 1.20807e-11 22414.4 21181.1 20.4052 2.45966e-09 
1.535 10 10.4158 0 0 11211.2 10649.2 12072 20364.3 
1.535 10 9.58421 0 0 11211.2 10649.2 12072 -20364.3 
1.54 10.0124 10 0.255356 1.22491e-11 22535.5 21171.5 20.6487 2.25055e-09 
1.54 10 10.4158 0 0 11272.8 10644.4 12071.8 20392 
1.54 10 9.58421 0 0 11272.8 10644.4 12071.8 -20392 
1.545 10.0137 10 0.256839 1.2401e-11 22657.1 21160.9 20.8949 2.00009e-09 
1.545 10 10.4158 0 0 11334.7 10639.1 12071.6 20414.5 
1.545 10 9.58421 0 0 11334.7 10639.1 12071.6 -20414.5 
1.55 10.015 10 0.258341 1.25347e-11 22779.2 21149.1 21.1438 1.73398e-09 
1.55 10 10.4158 0 0 11397 10633.2 12071.3 20440.9 
1.55 10 9.58421 0 0 11397 10633.2 12071.3 -20440.9 
1.555 10.0163 10 0.25986 1.26487e-11 22901.7 21136.3 21.3955 1.45245e-09 
1.555 10 10.4158 0 0 11459.6 10626.8 12071.1 20462 
1.555 10 9.58421 0 0 11459.6 10626.8 12071.1 -20462 
1.56 10.0176 10 0.261397 1.27413e-11 23024.7 21122.2 21.65 1.13752e-09 
1.56 10 10.4158 0 0 11522.6 10619.8 12070.9 20487.1 
1.56 10 9.58421 0 0 11522.6 10619.8 12070.9 -20487.1 
1.565 10.0189 10 0.262953 1.28111e-11 23148.1 21107.1 21.9074 8.07615e-10 
1.565 10 10.4158 0 0 11586 10612.2 12070.6 20506.8 
1.565 10 9.58421 0 0 11586 10612.2 12070.6 -20506.8 
1.57 10.0202 10 0.264527 1.28565e-11 23271.9 21090.7 22.1677 4.62919e-10 
1.57 10 10.4158 0 0 11649.7 10604.1 12070.4 20530.5 
1.57 10 9.58421 0 0 11649.7 10604.1 12070.4 -20530.5 
1.575 10.0215 10 0.26612 1.28763e-11 23396 21073.2 22.4311 9.63469e-11 
1.575 10 10.4158 0 0 11713.7 10595.3 12070.2 20548.9 
1.575 10 9.58421 0 0 11713.7 10595.3 12070.2 -20548.9 
1.58 10.0229 10 0.267731 1.28693e-11 23520.6 21054.5 22.6975 -2.88301e-10 
1.58 10 10.4158 0 0 11778.1 10585.9 12069.9 20571.1 
1.58 10 9.58421 0 0 11778.1 10585.9 12069.9 -20571.1 
1.585 10.0242 10 0.269362 1.28344e-11 23645.4 21034.5 22.967 -6.79964e-10 
1.585 10 10.4158 0 0 11842.8 10575.9 12069.7 20588 
1.585 10 9.58421 0 0 11842.8 10575.9 12069.7 -20588 
1.59 10.0256 10 0.271013 1.27709e-11 23770.6 21013.3 23.2397 -1.11127e-09 
1.59 10 10.4158 0 0 11907.8 10565.3 12069.4 20608.8 
1.59 10 9.58421 0 0 11907.8 10565.3 12069.4 -20608.8 
1.595 10.0269 10 0.272682 1.26781e-11 23896.1 20990.8 23.5156 -1.52029e-09 
1.595 10 10.4158 0 0 11973.1 10554.1 12069.2 20624.2 
1.595 10 9.58421 0 0 11973.1 10554.1 12069.2 -20624.2 
1.6 10.0283 10 0.274372 1.25559e-11 24021.8 20967 23.7949 -1.91427e-09 
1.6 10 10.4158 0 0 12038.7 10542.2 12068.9 20643.4 
1.6 10 9.58421 0 0 12038.7 10542.2 12068.9 -20643.4 
1.605 10.0297 10 0.276082 1.24039e-11 24147.8 20941.9 24.0775 -2.32592e-09 
1.605 10 10.4158 0 0 12104.6 10529.6 12068.6 20657.3 
1.605 10 9.58421 0 0 12104.6 10529.6 12068.6 -20657.3 
1.61 10.0311 10 0.277812 1.22225e-11 24273.9 20915.5 24.3636 -2.748e-09 
1.61 10 10.4158 0 0 12170.8 10516.5 12068.4 20675 
1.61 10 9.58421 0 0 12170.8 10516.5 12068.4 -20675 
1.615 10.0325 10 0.279562 1.20121e-11 24400.3 20887.8 24.6533 -3.15874e-09 
1.615 10 10.4158 0 0 12237.3 10502.6 12068.1 20687.2 
1.615 10 9.58421 0 0 12237.3 10502.6 12068.1 -20687.2 
1.62 10.0339 10 0.281334 1.17735e-11 24526.8 20858.7 24.9465 -3.54735e-09 
1.62 10 10.4158 0 0 12304 10488.1 12067.8 20703.2 
1.62 10 9.58421 0 0 12304 10488.1 12067.8 -20703.2 
1.625 10.0353 10 0.283126 1.1508e-11 24653.5 20828.3 25.2435 -3.90672e-09 
1.625 10 10.4158 0 0 12371 10472.8 12067.6 20713.8 
1.625 10 9.58421 0 0 12371 10472.8 12067.6 -20713.8 
1.63 10.0367 10 0.28494 1.12167e-11 24780.3 20796.4 25.5443 -4.24429e-09 
1.63 10 10.4158 0 0 12438.3 10456.9 12067.3 20728.2 
1.63 10 9.58421 0 0 12438.3 10456.9 12067.3 -20728.2 
1.635 10.0381 10 0.286775 1.09015e-11 24907.1 20763.2 25.8489 -4.57852e-09 
1.635 10 10.4158 0 0 12505.8 10440.3 12067 20737.1 
1.635 10 9.58421 0 0 12505.8 10440.3 12067 -20737.1 
1.64 10.0396 10 0.288633 1.05643e-11 25034 20728.5 26.1576 -4.87328e-09 
1.64 10 10.4158 0 0 12573.5 10422.9 12066.7 20749.7 
1.64 10 9.58421 0 0 12573.5 10422.9 12066.7 -20749.7 
1.645 10.041 10 0.290512 1.02074e-11 25160.9 20692.3 26.4703 -5.13255e-09 
1.645 10 10.4158 0 0 12641.5 10404.8 12066.4 20756.9 
1.645 10 9.58421 0 0 12641.5 10404.8 12066.4 -20756.9 
1.65 10.0425 10 0.292414 9.83329e-12 25287.8 20654.7 26.7871 -5.33484e-09 
1.65 10 10.4158 0 0 12709.7 10386 12066.1 20767.7 
1.65 10 9.58421 0 0 12709.7 10386 12066.1 -20767.7 
1.655 10.0439 10 0.294339 9.44455e-12 25414.6 20615.6 27.1083 -5.52052e-09 
1.655 10 10.4158 0 0 12778 10366.5 12065.8 20773 
1.655 10 9.58421 0 0 12778 10366.5 12065.8 -20773 
1.66 10.0454 10 0.296287 9.04406e-12 25541.4 20575 27.4339 -5.65726e-09 
1.66 10 10.4158 0 0 12846.6 10346.2 12065.5 20782.1 
1.66 10 9.58421 0 0 12846.6 10346.2 12065.5 -20782.1 
1.665 10.0469 10 0.298258 8.63476e-12 25668 20532.9 27.764 -5.78186e-09 
1.665 10 10.4158 0 0 12915.4 10325.1 12065.2 20785.6 
1.665 10 9.58421 0 0 12915.4 10325.1 12065.2 -20785.6 
1.67 10.0484 10 0.300253 8.21965e-12 25794.4 20489.2 28.0988 -5.84016e-09 
1.67 10 10.4158 0 0 12984.3 10303.3 12064.9 20792.7 
1.67 10 9.58421 0 0 12984.3 10303.3 12064.9 -20792.7 
1.675 10.0499 10 0.302273 7.80167e-12 25920.7 20444 28.4383 -5.86168e-09 
1.675 10 10.4158 0 0 13053.3 10280.7 12064.6 20794.3 
1.675 10 9.58421 0 0 13053.3 10280.7 12064.6 -20794.3 
1.68 10.0514 10 0.304316 7.38394e-12 26046.7 20397.2 28.7827 -5.85049e-09 
1.68 10 10.4158 0 0 13122.5 10257.3 12064.3 20799.5 
1.68 10 9.58421 0 0 13122.5 10257.3 12064.3 -20799.5 
1.685 10.0529 10 0.306385 6.96927e-12 26172.5 20348.8 29.1322 -5.77061e-09 
1.685 10 10.4158 0 0 13191.9 10233.1 12064 20799.1 
1.685 10 9.58421 0 0 13191.9 10233.1 12064 -20799.1 
1.69 10.0545 10 0.308478 6.56036e-12 26297.9 20298.8 29.4869 -5.65879e-09 
1.69 10 10.4158 0 0 13261.3 10208.1 12063.7 20802.3 
1.69 10 9.58421 0 0 13261.3 10208.1 12063.7 -20802.3 
1.695 10.056 10 0.310597 6.15987e-12 26423 20247.1 29.8469 -5.52633e-09 
1.695 10 10.4158 0 0 13330.9 10182.2 12063.3 20799.9 
1.695 10 9.58421 0 0 13330.9 10182.2 12063.3 -20799.9 
1.7 10.0576 10 0.312742 5.77012e-12 26547.6 20193.8 30.2124 -5.3699e-09 
1.7 10 10.4158 0 0 13400.5 10155.6 12063 20801.1 
1.7 10 9.58421 0 0 13400.5 10155.6 12063 -20801.1 
1.705 10.0591 10 0.314913 5.39317e-12 26671.9 20138.8 30.5837 -5.1716e-09 
1.705 10 10.4158 0 0 13470.2 10128.1 12062.7 20796.6 
1.705 10 9.58421 0 0 13470.2 10128.1 12062.7 -20796.6 
1.71 10.0607 10 0.317111 5.0309e-12 26795.6 20082.1 30.9608 -4.96445e-09 
1.71 10 10.4158 0 0 13540 10099.7 12062.3 20795.7 
1.71 10 9.58421 0 0 13540 10099.7 12062.3 -20795.7 
1.715 10.0623 10 0.319336 4.68483e-12 26918.8 20023.7 31.344 -4.7341e-09 
1.715 10 10.4158 0 0 13609.8 10070.6 12062 20789.1 
1.715 10 9.58421 0 0 13609.8 10070.6 12062 -20789.1 
1.72 10.0639 10 0.321589 4.35611e-12 27041.5 19963.6 31.7334 -4.48435e-09 
1.72 10 10.4158 0 0 13679.6 10040.5 12061.6 20786.1 
1.72 10 9.58421 0 0 13679.6 10040.5 12061.6 -20786.1 
1.725 10.0655 10 0.32387 4.04565e-12 27163.5 19901.8 32.1293 -4.20805e-09 
1.725 10 10.4158 0 0 13749.4 10009.6 12061.3 20777.3 
1.725 10 9.58421 0 0 13749.4 10009.6 12061.3 -20777.3 
1.73 10.0672 10 0.326179 3.75405e-12 27284.9 19838.2 32.5319 -3.95622e-09 
1.73 10 10.4158 0 0 13819.3 9977.78 12060.9 20772 
1.73 10 9.58421 0 0 13819.3 9977.78 12060.9 -20772 
1.735 10.0688 10 0.328517 3.48152e-12 27405.5 19772.8 32.9414 -3.6816e-09 
1.735 10 10.4158 0 0 13889.1 9945.09 12060.5 20761 
1.735 10 9.58421 0 0 13889.1 9945.09 12060.5 -20761 
1.74 10.0704 10 0.330885 3.22817e-12 27525.4 19705.6 33.3581 -3.40602e-09 
1.74 10 10.4158 0 0 13958.8 9911.51 12060.2 20753.6 
1.74 10 9.58421 0 0 13958.8 9911.51 12060.2 -20753.6 
1.745 10.0721 10 0.333283 2.99361e-12 27644.4 19636.7 33.7822 -3.15126e-09 
1.745 10 10.4158 0 0 14028.5 9877.01 12059.8 20740.3 
1.745 10 9.58421 0 0 14028.5 9877.01 12059.8 -20740.3 
1.75 10.0738 10 0.335711 2.77745e-12 27762.6 19565.9 34.214 -2.90272e-09 
1.75 10 10.4158 0 0 14098.1 9841.61 12059.4 20730.5 
1.75 10 9.58421 0 0 14098.1 9841.61 12059.4 -20730.5 
1.755 10.0755 10 0.338171 2.57901e-12 27879.8 19493.2 34.6538 -2.6421e-09 
1.755 10 10.4158 0 0 14167.7 9805.29 12059 20714.9 
1.755 10 9.58421 0 0 14167.7 9805.29 12059 -20714.9 
1.76 10.0772 10 0.340662 2.39748e-12 27996.1 19418.7 35.1018 -2.42387e-09 
1.76 10 10.4158 0 0 14237.1 9768.03 12058.6 20702.8 
1.76 10 9.58421 0 0 14237.1 9768.03 12058.6 -20702.8 
1.765 10.0789 10 0.343186 2.23191e-12 28111.4 19342.3 35.5585 -2.21879e-09 
1.765 10 10.4158 0 0 14306.3 9729.84 12058.2 20684.8 
1.765 10 9.58421 0 0 14306.3 9729.84 12058.2 -20684.8 
1.77 10.0806 10 0.345742 2.08128e-12 28225.5 19264.1 36.0241 -2.00125e-09 
1.77 10 10.4158 0 0 14375.4 9690.71 12057.8 20670.3 
1.77 10 9.58421 0 0 14375.4 9690.71 12057.8 -20670.3 
1.775 10.0823 10 0.348332 1.94446e-12 28338.6 19183.9 36.499 -1.82202e-09 
1.775 10 10.4158 0 0 14444.4 9650.63 12057.4 20649.9 
1.775 10 9.58421 0 0 14444.4 9650.63 12057.4 -20649.9 
1.78 10.0841 10 0.350957 1.82034e-12 28450.4 19101.8 36.9835 -1.64093e-09 
1.78 10 10.4158 0 0 14513.1 9609.59 12056.9 20632.9 
1.78 10 9.58421 0 0 14513.1 9609.59 12056.9 -20632.9 
1.785 10.0858 10 0.353616 1.70781e-12 28561 19017.8 37.4782 -1.50149e-09 
1.785 10 10.4158 0 0 14581.6 9567.58 12056.5 20610.1 
1.785 10 9.58421 0 0 14581.6 9567.58 12056.5 -20610.1 
1.79 10.0876 10 0.356311 1.6058e-12 28670.2 18931.8 37.9832 -1.3526e-09 
1.79 10 10.4158 0 0 14649.9 9524.61 12056.1 20590.6 
1.79 10 9.58421 0 0 14649.9 9524.61 12056.1 -20590.6 
1.795 10.0894 10 0.359042 1.51329e-12 28778.1 18843.9 38.4993 -1.23778e-09 
1.795 10 10.4158 0 0 14717.9 9480.65 12055.6 20565.3 
1.795 10 9.58421 0 0 14717.9 9480.65 12055.6 -20565.3 
1.8 10.0912 10 0.361811 1.42924e-12 28884.6 18754.1 39.0267 -1.12779e-09 
1.8 10 10.4158 0 0 14785.6 9435.72 12055.2 20543.3 
1.8 10 9.58421 0 0 14785.6 9435.72 12055.2 -20543.3 
1.805 10.093 10 0.364618 1.35281e-12 28989.5 18662.2 39.566 -1.01159e-09 
1.805 10 10.4158 0 0 14853.1 9389.79 12054.7 20515.4 
1.805 10 9.58421 0 0 14853.1 9389.79 12054.7 -20515.4 
1.81 10.0948 10 0.367464 1.28312e-12 29092.9 18568.4 40.1177 -9.36346e-10 
1.81 10 10.4158 0 0 14920.2 9342.87 12054.2 20490.9 
1.81 10 9.58421 0 0 14920.2 9342.87 12054.2 -20490.9 
1.815 10.0967 10 0.370349 1.21935e-12 29194.7 18472.5 40.6823 -8.61934e-10 
1.815 10 10.4158 0 0 14986.9 9294.94 12053.7 20460.4 
1.815 10 9.58421 0 0 14986.9 9294.94 12053.7 -20460.4 
1.82 10.0986 10 0.373276 1.16085e-12 29294.8 18374.7 41.2605 -7.77345e-10 
1.82 10 10.4158 0 0 15053.3 9246.01 12053.2 20433.2 
1.82 10 9.58421 0 0 15053.3 9246.01 12053.2 -20433.2 
1.825 10.1004 10 0.376244 1.10699e-12 29393.2 18274.8 41.8529 -7.15234e-10 
1.825 10 10.4158 0 0 15119.2 9196.07 12052.7 20400.1 
1.825 10 9.58421 0 0 15119.2 9196.07 12052.7 -20400.1 
1.83 10.1023 10 0.379255 1.05728e-12 29489.8 18172.9 42.4602 -6.64619e-10 
1.83 10 10.4158 0 0 15184.8 9145.12 12052.2 20370.3 
1.83 10 9.58421 0 0 15184.8 9145.12 12052.2 -20370.3 
1.835 10.1042 10 0.38231 1.01121e-12 29584.5 18068.9 43.083 -6.18151e-10 
1.835 10 10.4158 0 0 15249.8 9093.14 12051.7 20334.5 
1.835 10 9.58421 0 0 15249.8 9093.14 12051.7 -20334.5 
1.84 10.1061 10 0.38541 9.68426e-13 29677.2 17962.9 43.7221 -5.72143e-10 
1.84 10 10.4158 0 0 15314.5 9040.15 12051.2 20302.1 
1.84 10 9.58421 0 0 15314.5 9040.15 12051.2 -20302.1 
1.845 10.1081 10 0.388556 9.28442e-13 29768 17854.9 44.3782 -5.44717e-10 
1.845 10 10.4158 0 0 15378.6 8986.12 12050.6 20263.6 
1.845 10 9.58421 0 0 15378.6 8986.12 12050.6 -20263.6 
1.85 10.11 10 0.39175 8.91023e-13 29856.7 17744.8 45.0523 -5.04917e-10 
1.85 10 10.4158 0 0 15442.1 8931.07 12050.1 20228.4 
1.85 10 9.58421 0 0 15442.1 8931.07 12050.1 -20228.4 
1.855 10.112 10 0.394993 8.55979e-13 29943.3 17632.6 45.7452 -4.69088e-10 
1.855 10 10.4158 0 0 15505.2 8874.98 12049.5 20187.2 
1.855 10 9.58421 0 0 15505.2 8874.98 12049.5 -20187.2 
1.86 10.114 10 0.398286 8.22988e-13 30027.6 17518.3 46.4579 -4.4446e-10 
1.86 10 10.4158 0 0 15567.6 8817.86 12048.9 20149.3 
1.86 10 9.58421 0 0 15567.6 8817.86 12048.9 -20149.3 
1.865 10.116 10 0.40163 7.91898e-13 30109.7 17402 47.1914 -4.31012e-10 
1.865 10 10.4158 0 0 15629.5 8759.69 12048.3 20105.4 
1.865 10 9.58421 0 0 15629.5 8759.69 12048.3 -20105.4 
1.87 10.118 10 0.405028 7.62534e-13 30189.5 17283.6 47.9468 -3.95978e-10 
1.87 10 10.4158 0 0 15690.7 8700.49 12047.7 20064.8 
1.87 10 9.58421 0 0 15690.7 8700.49 12047.7 -20064.8 
1.875 10.12 10 0.40848 7.34676e-13 30266.8 17163.1 48.7252 -3.73888e-10 
1.875 10 10.4158 0 0 15751.3 8640.25 12047 20018.1 
1.875 10 9.58421 0 0 15751.3 8640.25 12047 -20018.1 
1.88 10.1221 10 0.411989 7.0834e-13 30341.7 17040.6 49.5279 -3.62925e-10 
1.88 10 10.4158 0 0 15811.2 8578.97 12046.4 19974.6 
1.88 10 9.58421 0 0 15811.2 8578.97 12046.4 -19974.6 
1.885 10.1241 10 0.415556 6.83282e-13 30414 16915.9 50.3561 -3.41226e-10 
1.885 10 10.4158 0 0 15870.4 8516.64 12045.7 19925.2 
1.885 10 9.58421 0 0 15870.4 8516.64 12045.7 -19925.2 
1.89 10.1262 10 0.419184 6.59464e-13 30483.8 16789.2 51.2114 -3.12426e-10 
1.89 10 10.4158 0 0 15928.8 8453.28 12045.1 19878.9 
1.89 10 9.58421 0 0 15928.8 8453.28 12045.1 -19878.9 
1.895 10.1283 10 0.422873 6.36778e-13 30550.9 16660.4 52.095 -3.00155e-10 
1.895 10 10.4158 0 0 15986.5 8388.87 12044.3 19826.7 
1.895 10 9.58421 0 0 15986.5 8388.87 12044.3 -19826.7 
1.9 10.1305 10 0.426627 6.15191e-13 30615.2 16529.5 53.0088 -2.86218e-10 
1.9 10 10.4158 0 0 16043.4 8323.41 12043.6 19777.7 
1.9 10 9.58421 0 0 16043.4 8323.41 12043.6 -19777.7 
1.905 10.1326 10 0.430446 5.94563e-13 30676.7 16396.5 53.9544 -2.96064e-10 
1.905 10 10.4158 0 0 16099.5 8256.92 12042.9 19722.6 
1.905 10 9.58421 0 0 16099.5 8256.92 12042.9 -19722.6 
1.91 10.1348 10 0.434335 5.74891e-13 30735.3 16261.4 54.9335 -2.53291e-10 
1.91 10 10.4158 0 0 16154.7 8189.39 12042.1 19670.8 
1.91 10 9.58421 0 0 16154.7 8189.39 12042.1 -19670.8 
1.915 10.1369 10 0.438295 5.56126e-13 30791 16124.3 55.9483 -2.5794e-10 
1.915 10 10.4158 0 0 16209.1 8120.82 12041.3 19613 
1.915 10 9.58421 0 0 16209.1 8120.82 12041.3 -19613 
1.92 10.1391 10 0.442329 5.38158e-13 30843.7 15985.1 57.0007 -2.44511e-10 
1.92 10 10.4158 0 0 16262.5 8051.21 12040.5 19558.4 
1.92 10 9.58421 0 0 16262.5 8051.21 12040.5 -19558.4 
1.925 10.1414 10 0.446439 5.20977e-13 30893.3 15843.8 58.0932 -2.3301e-10 
1.925 10 10.4158 0 0 16315.1 7980.57 12039.7 19497.7 
1.925 10 9.58421 0 0 16315.1 7980.57 12039.7 -19497.7 
1.93 10.1436 10 0.450629 5.04484e-13 30939.7 15700.4 59.228 -2.28882e-10 
1.93 10 10.4158 0 0 16366.6 7908.9 12038.8 19440.3 
1.93 10 9.58421 0 0 16366.6 7908.9 12038.8 -19440.3 
1.935 10.1459 10 0.454901 4.88737e-13 30982.9 15555.1 60.4078 -2.08487e-10 
1.935 10 10.4158 0 0 16417.2 7836.21 12038 19376.9 
1.935 10 9.58421 0 0 16417.2 7836.21 12038 -19376.9 
1.94 10.1482 10 0.459259 4.73639e-13 31022.9 15407.6 61.6355 -2.06374e-10 
1.94 10 10.4158 0 0 16466.8 7762.5 12037 19316.7 
1.94 10 9.58421 0 0 16466.8 7762.5 12037 -19316.7 
1.945 10.1505 10 0.463707 4.59154e-13 31059.5 15258.2 62.914 -1.95251e-10 
1.945 10 10.4158 0 0 16515.4 7687.76 12036.1 19250.5 
1.945 10 9.58421 0 0 16515.4 7687.76 12036.1 -19250.5 
1.95 10.1528 10 0.468248 4.45294e-13 31092.6 15106.7 64.2466 -1.86034e-10 
1.95 10 10.4158 0 0 16562.8 7612.02 12035.1 19187.5 
1.95 10 9.58421 0 0 16562.8 7612.02 12035.1 -19187.5 
1.955 10.1552 10 0.472887 4.31969e-13 31122.3 14953.2 65.637 -1.73255e-10 
1.955 10 10.4158 0 0 16609.2 7535.27 12034.1 19118.6 
1.955 10 9.58421 0 0 16609.2 7535.27 12034.1 -19118.6 
1.96 10.1575 10 0.477627 4.19233e-13 31148.5 14797.7 67.0888 -1.80567e-10 
1.96 10 10.4158 0 0 16654.5 7457.52 12033 19052.9 
1.96 10 9.58421 0 0 16654.5 7457.52 12033 -19052.9 
1.965 10.1599 10 0.482472 4.06963e-13 31171 14640.2 68.6063 -1.80668e-10 
1.965 10 10.4158 0 0 16698.6 7378.77 12031.9 18981.2 
1.965 10 9.58421 0 0 16698.6 7378.77 12031.9 -18981.2 
1.97 10.1624 10 0.487429 3.9519e-13 31189.9 14480.7 70.1938 -1.51735e-10 
1.97 10 10.4158 0 0 16741.6 7299.03 12030.8 18912.8 
1.97 10 9.58421 0 0 16741.6 7299.03 12030.8 -18912.8 
1.975 10.1648 10 0.492502 3.83916e-13 31205 14319.3 71.8564 -1.62889e-10 
1.975 10 10.4158 0 0 16783.4 7218.32 12029.6 18838.4 
1.975 10 9.58421 0 0 16783.4 7218.32 12029.6 -18838.4 
1.98 10.1673 10 0.497696 3.73059e-13 31216.3 14155.9 73.5992 -1.44998e-10 
1.98 10 10.4158 0 0 16823.9 7136.63 12028.4 18767.4 
1.98 10 9.58421 0 0 16823.9 7136.63 12028.4 -18767.4 
1.985 10.1698 10 0.503018 3.62649e-13 31223.7 13990.6 75.4281 -1.41722e-10 
1.985 10 10.4158 0 0 16863.2 7053.97 12027.1 18690.3 
1.985 10 9.58421 0 0 16863.2 7053.97 12027.1 -18690.3 
1.99 10.1723 10 0.508474 3.52647e-13 31227.2 13823.3 77.3492 -1.43959e-10 
1.99 10 10.4158 0 0 16901.2 6970.36 12025.7 18616.6 
1.99 10 9.58421 0 0 16901.2 6970.36 12025.7 -18616.6 
1.995 10.1749 10 0.51407 3.43005e-13 31226.7 13654.2 79.3694 -1.26239e-10 
1.995 10 10.4158 0 0 16937.9 6885.79 12024.3 18537 
1.995 10 9.58421 0 0 16937.9 6885.79 12024.3 -18537 
2 10.1774 10 0.519815 3.33777e-13 31222.1 13483.2 81.4961 -1.23128e-10 
2 10 10.4158 0 0 16973.3 6800.29 12022.9 18460.7 
2 10 9.58421 0 0 16973.3 6800.29 12022.9 -18460.7 
2.005 10.1801 10 0.525715 3.24897e-13 31213.4 13310.3 83.7377 -1.25522e-10 
2.005 10 10.4158 0 0 17007.3 6713.85 12021.3 18378.5 
2.005 10 9.58421 0 0 17007.3 6713.85 12021.3 -18378.5 
2.01 10.1827 10 0.53178 3.16358e-13 31200.6 13135.6 86.1029 -1.11594e-10 
2.01 10 10.4158 0 0 17040 6626.49 12019.7 18299.6 
2.01 10 9.58421 0 0 17040 6626.49 12019.7 -18299.6 
2.015 10.1854 10 0.538019 3.08176e-13 31183.5 12959.1 88.6017 -1.21362e-10 
2.015 10 10.4158 0 0 17071.2 6538.22 12018 18214.9 
2.015 10 9.58421 0 0 17071.2 6538.22 12018 -18214.9 
2.02 10.1881 10 0.544441 3.003e-13 31162.1 12780.7 91.2449 -1.05708e-10 
2.02 10 10.4158 0 0 17101.1 6449.05 12016.3 18133.6 
2.02 10 9.58421 0 0 17101.1 6449.05 12016.3 -18133.6 
2.025 10.1908 10 0.551058 2.92722e-13 31136.3 12600.6 94.0444 -1.08285e-10 
2.025 10 10.4158 0 0 17129.4 6358.98 12014.4 18046.5 
2.025 10 9.58421 0 0 17129.4 6358.98 12014.4 -18046.5 
2.03 10.1936 10 0.55788 2.85464e-13 31106.1 12418.7 97.0135 -9.27165e-11 
2.03 10 10.4158 0 0 17156.3 6268.03 12012.4 17962.8 
2.03 10 9.58421 0 0 17156.3 6268.03 12012.4 -17962.8 
2.035 10.1964 10 0.564921 2.78488e-13 31071.4 12235.1 100.167 -1.02654e-10 
2.035 10 10.4158 0 0 17181.7 6176.21 12010.4 17873.3 
2.035 10 9.58421 0 0 17181.7 6176.21 12010.4 -17873.3 
2.04 10.1992 10 0.572194 2.71821e-13 31032.1 12049.7 103.52 -9.08065e-11 
2.04 10 10.4158 0 0 17205.6 6083.53 12008.2 17787.2 
2.04 10 9.58421 0 0 17205.6 6083.53 12008.2 -17787.2 
2.045 10.2021 10 0.579715 2.65442e-13 30988.2 11862.6 107.092 -8.62754e-11 
2.045 10 10.4158 0 0 17227.9 5990 12005.9 17695.4 
2.045 10 9.58421 0 0 17227.9 5990 12005.9 -17695.4 
2.05 10.205 10 0.587499 2.59297e-13 30939.7 11673.9 110.903 -8.54152e-11 
2.05 10 10.4158 0 0 17248.6 5895.62 12003.4 17607.1 
2.05 10 9.58421 0 0 17248.6 5895.62 12003.4 -17607.1 
2.055 10.208 10 0.595564 2.53437e-13 30886.3 11483.5 114.974 -7.18617e-11 
2.055 10 10.4158 0 0 17267.8 5800.41 12000.8 17513 
2.055 10 9.58421 0 0 17267.8 5800.41 12000.8 -17513 
2.06 10.211 10 0.603931 2.47831e-13 30828.2 11291.4 119.332 -7.65338e-11 
2.06 10 10.4158 0 0 17285.3 5704.39 11998.1 17422.6 
2.06 10 9.58421 0 0 17285.3 5704.39 11998.1 -17422.6 
2.065 10.214 10 0.612619 2.42474e-13 30765.1 11097.7 124.005 -7.76029e-11 
2.065 10 10.4158 0 0 17301.1 5607.55 11995.1 17326.4 
2.065 10 9.58421 0 0 17301.1 5607.55 11995.1 -17326.4 
2.07 10.2171 10 0.621654 2.37354e-13 30697.1 10902.4 129.023 -5.8696e-11 
2.07 10 10.4158 0 0 17315.3 5509.91 11992 17233.8 
2.07 10 9.58421 0 0 17315.3 5509.91 11992 -17233.8 
2.075 10.2203 10 0.63106 2.32486e-13 30623.9 10705.6 134.425 -6.71095e-11 
2.075 10 10.4158 0 0 17327.7 5411.47 11988.6 17135.5 
2.075 10 9.58421 0 0 17327.7 5411.47 11988.6 -17135.5 
2.08 10.2234 10 0.640868 2.27851e-13 30545.7 10507.1 140.25 -5.55466e-11 
2.08 10 10.4158 0 0 17338.4 5312.25 11985 17040.8 
2.08 10 9.58421 0 0 17338.4 5312.25 11985 -17040.8 
2.085 10.2267 10 0.651107 2.23485e-13 30462.2 10307.1 146.546 -6.40303e-11 
2.085 10 10.4158 0 0 17347.3 5212.26 11981.1 16940.6 
2.085 10 9.58421 0 0 17347.3 5212.26 11981.1 -16940.6 
2.09 10.23 10 0.661815 2.19338e-13 30373.3 10105.6 153.365 -6.16307e-11 
2.09 10 10.4158 0 0 17354.4 5111.49 11977 16844 
2.09 10 9.58421 0 0 17354.4 5111.49 11977 -16844 
2.095 10.2333 10 0.673031 2.15444e-13 30279 9902.55 160.77 -5.01716e-11 
2.095 10 10.4158 0 0 17359.6 5009.96 11972.5 16741.8 
2.095 10 9.58421 0 0 17359.6 5009.96 11972.5 -16741.8 
2.1 10.2367 10 0.684798 2.11779e-13 30179.1 9697.97 168.83 -4.78394e-11 
2.1 10 10.4158 0 0 17363 4907.67 11967.7 16643.3 
2.1 10 9.58421 0 0 17363 4907.67 11967.7 -16643.3 
2.105 10.2401 10 0.697167 2.08383e-13 30073.4 9491.88 177.628 -4.5545e-11 
2.105 10 10.4158 0 0 17364.3 4804.63 11962.4 16539.2 
2.105 10 9.58421 0 0 17364.3 4804.63 11962.4 -16539.2 
2.11 10.2437 10 0.710193 2.05197e-13 29961.9 9284.28 187.258 -4.23704e-11 
2.11 10 10.4158 0 0 17363.7 4700.83 11956.7 16438.8 
2.11 10 9.58421 0 0 17363.7 4700.83 11956.7 -16438.8 
2.115 10.2472 10 0.72394 2.02272e-13 29844.3 9075.17 197.831 -4.01419e-11 
2.115 10 10.4158 0 0 17361 4596.27 11950.4 16332.9 
2.115 10 9.58421 0 0 17361 4596.27 11950.4 -16332.9 
2.12 10.2509 10 0.73848 1.99628e-13 29720.5 8864.55 209.479 -2.88577e-11 
2.12 10 10.4158 0 0 17356.1 4490.96 11943.6 16230.6 
2.12 10 9.58421 0 0 17356.1 4490.96 11943.6 -16230.6 
2.125 10.2546 10 0.753895 1.97241e-13 29590.2 8652.41 222.356 -3.21615e-11 
2.125 10 10.4158 0 0 17348.9 4384.89 11936 16122.8 
2.125 10 9.58421 0 0 17348.9 4384.89 11936 -16122.8 
2.13 10.2584 10 0.770279 1.95127e-13 29453.1 8438.72 236.644 -3.18656e-11 
2.13 10 10.4158 0 0 17339.4 4278.04 11927.8 16018.6 
2.13 10 9.58421 0 0 17339.4 4278.04 11927.8 -16018.6 
2.135 10.2623 10 0.78774 1.93313e-13 29309 8223.47 252.564 -2.1607e-11 
2.135 10 10.4158 0 0 17327.4 4170.42 11918.6 15908.7 
2.135 10 9.58421 0 0 17327.4 4170.42 11918.6 -15908.7 
2.14 10.2663 10 0.806404 1.91833e-13 29157.4 8006.63 270.38 -1.59428e-11 
2.14 10 10.4158 0 0 17312.8 4062 11908.4 15802.5 
2.14 10 9.58421 0 0 17312.8 4062 11908.4 -15802.5 
2.145 10.2704 10 0.826418 1.9067e-13 28998 7788.16 290.413 -1.94181e-11 
2.145 10 10.4158 0 0 17295.3 3952.76 11896.9 15690.4 
2.145 10 9.58421 0 0 17295.3 3952.76 11896.9 -15690.4 
2.15 10.2746 10 0.847954 1.89872e-13 28830.1 7568 313.059 -7.48281e-12 
2.15 10 10.4158 0 0 17274.7 3842.69 11884.1 15581.8 
2.15 10 9.58421 0 0 17274.7 3842.69 11884.1 -15581.8 
2.155 10.2789 10 0.871215 1.89469e-13 28653.2 7346.09 338.802 -9.24535e-12 
2.155 10 10.4158 0 0 17250.7 3731.73 11869.6 15467.1 
2.155 10 9.58421 0 0 17250.7 3731.73 11869.6 -15467.1 
2.16 10.2833 10 0.896443 1.89518e-13 28466.5 7122.35 368.252 1.43949e-11 
2.16 10 10.4158 0 0 17223 3619.86 11853.1 15355.5 
2.16 10 9.58421 0 0 17223 3619.86 11853.1 -15355.5 
2.165 10.2878 10 0.923929 1.90024e-13 28268.9 6896.67 402.173 -7.5041e-12 
2.165 10 10.4158 0 0 17191 3507.02 11834.2 15237.4 
2.165 10 9.58421 0 0 17191 3507.02 11834.2 -15237.4 
2.17 10.2925 10 0.954025 1.91111e-13 28059.3 6668.93 441.544 1.50814e-11 
2.17 10 10.4158 0 0 17154.2 3393.15 11812.4 15121.7 
2.17 10 9.58421 0 0 17154.2 3393.15 11812.4 -15121.7 
2.175 10.2974 10 0.987166 1.92865e-13 27836 6438.98 487.63 2.48403e-11 
2.175 10 10.4158 0 0 17111.7 3278.18 11787.1 14998.7 
2.175 10 9.58421 0 0 17111.7 3278.18 11787.1 -14998.7 
2.18 10.3024 10 1.02389 1.95353e-13 27597.1 6206.63 542.088 5.17771e-11 
2.18 10 10.4158 0 0 17062.4 3162 11757.3 14877 
2.18 10 9.58421 0 0 17062.4 3162 11757.3 -14877 
2.185 10.3076 10 1.06486 1.98716e-13 27340 5971.65 607.129 6.13109e-11 
2.185 10 10.4158 0 0 17004.9 3044.51 11721.9 14746.5 
2.185 10 9.58421 0 0 17004.9 3044.51 11721.9 -14746.5 
2.19 10.3131 10 1.11094 2.03185e-13 27061 5733.75 685.75 7.79658e-11 
2.19 10 10.4158 0 0 16937.2 2925.56 11679.4 14615.1 
2.19 10 9.58421 0 0 16937.2 2925.56 11679.4 -14615.1 
2.195 10.3188 10 1.16324 2.08903e-13 26755.4 5492.58 782.102 9.71744e-11 
2.195 10 10.4158 0 0 16856.5 2804.97 11627.5 14471.8 
2.195 10 9.58421 0 0 16856.5 2804.97 11627.5 -14471.8 
2.2 10.3247 10 1.22323 2.16253e-13 26416.5 5247.68 902.058 1.19792e-10 
2.2 10 10.4158 0 0 16758.9 2682.52 11563.3 14323.3 
2.2 10 9.58421 0 0 16758.9 2682.52 11563.3 -14323.3 
2.205 10.331 10 1.29287 2.25673e-13 26034.6 4998.49 1054.15 1.31207e-10 
2.205 10 10.4158 0 0 16638.5 2557.93 11482.4 14156.3 
2.205 10 9.58421 0 0 16638.5 2557.93 11482.4 -14156.3 
2.21 10.3377 10 1.37489 2.3781e-13 25595.7 4744.28 1251.15 1.73164e-10 
2.21 10 10.4158 0 0 16486.5 2430.83 11378.2 13974.2 
2.21 10 9.58421 0 0 16486.5 2430.83 11378.2 -13974.2 
2.215 10.3448 10 1.47314 2.53602e-13 25078 4484.12 1512.84 2.61903e-10 
2.215 10 10.4158 0 0 16289.2 2300.74 11240.5 13758.3 
2.215 10 9.58421 0 0 16289.2 2300.74 11240.5 -13758.3 
2.22 10.3524 10 1.59329 2.7447e-13 24447.3 4216.74 1871.11 3.24011e-10 
2.22 10 10.4158 0 0 16024.1 2167.05 11052.9 13502.5 
2.22 10 9.58421 0 0 16024.1 2167.05 11052.9 -13502.5 
2.225 10.3608 10 1.74399 3.0262e-13 23645.9 3940.44 2379.95 4.55586e-10 
2.225 10 10.4158 0 0 15653 2028.9 10788 13170.7 
2.225 10 9.58421 0 0 15653 2028.9 10788 -13170.7 
2.23 10.37 10 1.9391 3.41724e-13 22572 3652.84 3136.12 6.65209e-10 
2.23 10 10.4158 0 0 15106.6 1885.1 10396.2 12723.2 
2.23 10 9.58421 0 0 15106.6 1885.1 10396.2 -12723.2 
2.235 10.3803 10 2.20218 3.98592e-13 21031.1 3350.51 4325.81 9.69662e-10 
2.235 10 10.4158 0 0 14250.2 1733.94 9782.96 12054.3 
2.235 10 9.58421 0 0 14250.2 1733.94 9782.96 -12054.3 
2.24 10.3922 10 2.57635 4.86287e-13 18618.6 3028.28 6340.56 1.57312e-09 
2.24 10 10.4158 0 0 12796.6 1572.82 8749.41 10965.5 
2.24 10 9.58421 0 0 12796.6 1572.82 8749.41 -10965.5 
2.245 10.4064 10 3.14853 6.33106e-13 14387.4 2677.94 10103.4 2.71491e-09 
2.245 10 10.4158 0 0 10058.6 1397.65 6827.96 8942.17 
2.245 10 9.58421 0 0 10058.6 1397.65 6827.96 -8942.17 
2.25 10.4243 10 4.11795 9.11234e-13 5753.74 2285.68 18148.9 5.50999e-09 
2.25 10 10.4158 0 0 4110.29 1201.53 2737.39 4553.12 
2.25 10 9.58421 0 0 4110.29 1201.53 2737.39 -4553.12 
2.255 10.4487 10 5.71638 1.08783e-12 0 1831.85 23132.8 1.32325e-11 
2.255 10 10.4158 0 0 0 974.611 133.58 1281.72 
2.255 10 9.58421 0 0 0 974.611 133.58 -1281.72 
2.26 10.4814 10 7.33904 1.08677e-12 0 1351.2 22300.3 -4.14166e-11 
2.26 10 10.4158 0 0 0 734.283 436.237 943.02 
2.26 10 9.58421 0 0 0 734.283 436.237 -943.02 
2.265 10.522 10 8.90295 1.08216e-12 0 913.964 21501.4 -8.51103e-11 
2.265 10 10.4158 0 0 0 515.666 726.21 644.961 
2.265 10 9.58421 0 0 0 515.666 726.21 -644.961 
2.27 10.5703 10 10.4131 1.07493e-12 0 565.325 20803.5 -1.14794e-10 
2.27 10 10.4158 0 0 0 341.346 969.458 424.489 
2.27 10 9.58421 0 0 0 341.346 969.458 -424.489 
2.275 10.6261 10 11.8781 1.06604e-12 0 319.054 20238.3 -1.32052e-10 
2.275 10 10.4158 0 0 0 218.211 1149.5 274.656 
2.275 10 9.58421 0 0 0 218.211 1149.5 -274.656 
2.28 10.6891 10 13.3074 1.05626e-12 0 164.048 19801.9 -1.40559e-10 
2.28 10 10.4158 0 0 0 140.708 1267.62 190.496 
2.28 10 9.58421 0 0 0 140.708 1267.62 -190.496 
2.285 10.7591 10 14.7094 1.04609e-12 0 76.7818 19467.8 -1.43598e-10 
2.285 10 10.4158 0 0 0 97.075 1336.53 143.064 
2.285 10 9.58421 0 0 0 97.075 1336.53 -143.064 
2.29 10.8361 10 16.0901 1.0358e-12 0 32.7063 19202.8 -1.44042e-10 
2.29 10 10.4158 0 0 0 75.0372 1372.4 124.342 
2.29 10 9.58421 0 0 0 75.0372 1372.4 -124.342 
2.295 10.92 10 17.4536 1.02554e-12 0 12.683 18978.5 -1.43279e-10 
2.295 10 10.4158 0 0 0 65.0256 1389.11 113.224 
2.295 10 9.58421 0 0 0 65.0256 1389.11 -113.224 
2.3 11.0106 10 18.8018 1.01535e-12 0 4.48074 18775.7 -1.42063e-10 
2.3 10 10.4158 0 0 0 60.9244 1396.09 112.224 
2.3 10 9.58421 0 0 0 60.9244 1396.09 -112.224 
