0   8   1   128.4
0   8   2   130
0   8   3   130.2
0   8   4   129.4
0   8   5   130.3
0   8   6   132.15
0   8   7   124.65
0   8   8   130.75
0   8   9   132.3
0   8   10   126.2
0   8   11   132.45
0   8   12   129.25
0   8   13   128.5
0   8   14   134.55
0   8   15   135.45
0   8   16   133.05
0   8   17   126.4
0   8   18   128.7
0   8   19   136.65
0   8   20   131.55
0   8   21   127.15
0   8   22   126.65
0   8   23   136.25
0   8   24   131.8
0   8   25   127.4
0   8   26   124.05
0   8   27   132.8
0   8   28   134.15
0   8   29   132.8
0   8   30   133.95
0   10   1   104.65
0   10   2   110.55
0   10   3   105.85
0   10   4   106.75
0   10   5   106.4
0   10   6   104.35
0   10   7   109.85
0   10   8   102.8
0   10   9   102.25
0   10   10   106.65
0   10   11   105.95
0   10   12   105.8
0   10   13   103.5
0   10   14   106.6
0   10   15   108
0   10   16   105.6
0   10   17   106.9
0   10   18   105.6
0   10   19   100.75
0   10   20   107.15
0   10   21   109.55
0   10   22   108.35
0   10   23   109.75
0   10   24   105.55
0   10   25   109.6
0   10   26   104.25
0   10   27   104.1
0   10   28   107.8
0   10   29   105.45
0   10   30   109.15
0   12   1   83.6
0   12   1   83.6
0   12   3   83.3
0   12   4   80.7
0   12   5   78.1
0   12   6   87
0   12   7   84.85
0   12   8   82.25
0   12   9   76.8
0   12   10   83.1
0   12   12   79.6
0   12   13   78.6
0   12   14   85.85
0   12   15   88.15
0   12   16   76.65
0   12   18   86
0   12   20   83.9
0   12   21   84.6
0   12   22   86.05
0   12   23   83.9
0   12   24   84.35
0   12   25   81.05
0   12   26   78.85
0   12   27   80.4
0   12   28   77.6
0   12   29   88.5
0   12   30   82.8
0   12   32   77
0   12   33   83.45
0   12   34   77.7
0   12   35   83.2
