0   0.5   1   66.9
0   0.5   2   65.6
0   0.5   3   67.3
0   0.5   4   65.4
0   0.5   5   66.9
0   0.5   6   64.6
0   0.5   7   66.25
0   0.5   8   65.9
0   0.5   9   66.55
0   0.5   10   67.35
0   0.5   11   65.6
0   0.5   12   66.45
0   0.5   13   65.9
0   0.5   14   67.35
0   0.5   15   66.05
0   0.5   16   65
0   0.5   17   66.65
0   0.5   18   65.85
0   0.5   19   66
0   0.5   20   65.25
0   0.5   21   65.7
0   0.5   22   66.05
0   0.5   23   67.15
0   0.5   24   65.7
0   0.5   25   66.45
0   0.5   26   66.15
0   0.5   27   67.4
0   0.5   28   65.9
0   0.5   29   65.2
0   0.5   30   67.3
0   0.75   1   43.8
0   0.75   2   44
0   0.75   3   44.05
0   0.75   4   42.9
0   0.75   5   44.05
0   0.75   6   43.65
0   0.75   7   43.3
0   0.75   8   43.5
0   0.75   9   43.05
0   0.75   10   42.95
0   0.75   11   44
0   0.75   12   43.65
0   0.75   13   44.2
0   0.75   14   43
0   0.75   15   43.45
0   0.75   16   42.95
0   0.75   17   43.2
0   0.75   18   42.6
0   0.75   19   43.75
0   0.75   20   42.95
0   0.75   21   43.35
0   0.75   22   43.5
0   0.75   23   42.9
0   0.75   24   43.15
0   0.75   25   42.85
0   0.75   26   43.85
0   0.75   27   43.6
0   0.75   28   43.1
0   0.75   29   43.45
0   0.75   30   42.3
0   1   1   32.4
0   1   2   31.35
0   1   3   31.9
0   1   4   31.9
0   1   5   32.8
0   1   6   32.2
0   1   7   32.2
0   1   8   32.7
0   1   9   32.3
0   1   10   32.2
0   1   11   32.05
0   1   12   32
0   1   13   31.7
0   1   14   32
0   1   15   32.9
0   1   16   32.7
0   1   17   32.25
0   1   18   32.3
0   1   19   32.75
0   1   20   32.35
0   1   21   31.85
0   1   22   32.3
0   1   23   32.5
0   1   24   31.7
0   1   25   32.3
0   1   26   32.35
0   1   27   31.95
0   1   28   32.15
0   1   29   32.75
0   1   30   31.45
0   1.25   1   25.75
0   1.25   2   25.25
0   1.25   3   25.65
0   1.25   4   26.4
0   1.25   5   25.6
0   1.25   6   26
0   1.25   7   25.85
0   1.25   8   25.9
0   1.25   9   25.95
0   1.25   10   26.2
0   1.25   11   26.6
0   1.25   12   25.75
0   1.25   13   25.9
0   1.25   14   25.95
0   1.25   15   25.75
0   1.25   16   25.75
0   1.25   17   25.85
0   1.25   18   25.5
0   1.25   19   25.8
0   1.25   20   25.75
0   1.25   21   26.25
0   1.25   22   25.55
0   1.25   23   25.8
0   1.25   24   26.05
0   1.25   25   25.75
0   1.25   26   26.1
0   1.25   27   25.65
0   1.25   28   25.6
0   1.25   29   25.55
0   1.25   30   25.9
0   1.5   1   21.35
0   1.5   2   22.1
0   1.5   3   22.3
0   1.5   4   21.65
0   1.5   5   22.7
0   1.5   6   21.8
0   1.5   7   22.65
0   1.5   8   22.1
0   1.5   9   21.4
0   1.5   10   22.55
0   1.5   11   21.45
0   1.5   12   21.55
0   1.5   13   22.2
0   1.5   14   21.8
0   1.5   15   22.4
0   1.5   16   21.85
0   1.5   17   22.35
0   1.5   18   21.8
0   1.5   19   21.8
0   1.5   20   22.05
0   1.5   21   22.5
0   1.5   22   21.4
0   1.5   23   21.45
0   1.5   24   22.35
0   1.5   25   22.05
0   1.5   26   21.8
0   1.5   27   21.5
0   1.5   28   23.15
0   1.5   29   22.05
0   1.5   30   21.5
0   1.75   1   21.75
0   1.75   2   21.6
0   1.75   3   20.4
0   1.75   4   22.05
0   1.75   5   22.2
0   1.75   6   19.4
0   1.75   7   19.55
0   1.75   8   22.55
0   1.75   9   19.75
0   1.75   10   19.75
0   1.75   11   20.3
0   1.75   12   21.45
0   1.75   13   20.85
0   1.75   14   19.8
0   1.75   15   21.9
0   1.75   16   21
0   1.75   17   20.15
0   1.75   18   19.4
0   1.75   19   19.9
0   1.75   20   21.35
0   1.75   21   19.55
0   1.75   22   19.25
0   1.75   23   19.4
0   1.75   24   20.55
0   1.75   25   20.1
0   1.75   26   19.5
0   1.75   27   19.45
0   1.75   28   20.3
0   1.75   29   20.65
0   1.75   30   21.4
0   2   1   19
0   2   2   18.05
0   2   3   20.8
0   2   4   21.55
0   2   5   19.65
0   2   6   18.7
0   2   7   21.2
0   2   8   20.55
0   2   9   18.5
0   2   10   21
0   2   11   20.2
0   2   12   18.65
0   2   13   18.6
0   2   14   21.1
0   2   15   19.65
0   2   16   19.75
0   2   17   18.4
0   2   18   25.75
0   2   19   17.45
0   2   20   22.05
0   2   21   20.75
0   2   22   22.1
0   2   23   20.6
0   2   24   22.45
0   2   25   18.7
0   2   26   22.25
0   2   27   22.2
0   2   28   19.8
0   2   29   18.55
0   2   30   21.65
0   2.25   1   25.95
0   2.25   2   23.25
0   2.25   3   22.9
0   2.25   4   24
0   2.25   5   21.25
0   2.25   6   29.55
0   2.25   7   21.75
0   2.25   8   23.25
0   2.25   9   22.25
0   2.25   10   19.85
0   2.25   11   19.3
0   2.25   12   22.65
0   2.25   13   20.95
0   2.25   14   20.95
0   2.25   15   22.85
0   2.25   16   25.55
0   2.25   17   23.2
0   2.25   18   21.3
0   2.25   19   22.45
0   2.25   20   24.7
0   2.25   21   25.45
0   2.25   22   25.2
0   2.25   23   23.4
0   2.25   24   23.75
0   2.25   25   23.5
0   2.25   26   21.5
0   2.25   27   19.5
0   2.25   28   22.1
0   2.25   29   25.35
0   2.25   30   25
0   2.5   1   23.4
0   2.5   2   24.3
0   2.5   3   27.75
0   2.5   4   30.65
0   2.5   5   27.25
0   2.5   6   24.15
0   2.5   7   25.65
0   2.5   8   25.75
0   2.5   9   23.25
0   2.5   10   23.7
0   2.5   11   27.8
0   2.5   12   27.4
0   2.5   13   26.35
0   2.5   14   26.7
0   2.5   15   30.55
0   2.5   16   20.95
0   2.5   17   25.8
0   2.5   18   22.25
0   2.5   19   26.6
0   2.5   20   28.5
0   2.5   21   25.7
0   2.5   22   27.6
0   2.5   23   25.7
0   2.5   24   26.25
0   2.5   25   20
0   2.5   26   27.05
0   2.5   27   22.9
0   2.5   28   24.45
0   2.5   29   26.8
0   2.5   30   25.05
0   2.75   1   29.45
0   2.75   2   27.75
0   2.75   3   23.6
0   2.75   4   29.4
0   2.75   5   29.9
0   2.75   6   31.55
0   2.75   7   26.7
0   2.75   8   31.7
0   2.75   9   31.25
0   2.75   10   29.3
0   2.75   11   26.85
0   2.75   12   31.3
0   2.75   13   25.05
0   2.75   14   28.6
0   2.75   15   25.85
0   2.75   16   33.05
0   2.75   17   29.85
0   2.75   18   31.35
0   2.75   19   29.65
0   2.75   20   28.9
0   2.75   21   31.65
0   2.75   22   30.05
0   2.75   23   26.95
0   2.75   24   27.85
0   2.75   25   28.35
0   2.75   26   30.1
0   2.75   27   26.05
0   2.75   28   25.7
0   2.75   29   29.95
0   2.75   30   28.3
0   3   1   27.45
0   3   2   33.1
0   3   3   34.15
0   3   4   36.5
0   3   5   29.65
0   3   6   29.9
0   3   7   33.5
0   3   8   30.9
0   3   9   31.4
0   3   10   31.05
0   3   11   30.3
0   3   12   29.8
0   3   13   31
0   3   14   31.2
0   3   15   30.6
0   3   16   33.3
0   3   17   33.9
0   3   18   36.75
0   3   19   33.4
0   3   20   35.3
0   3   21   32.1
0   3   22   29.6
0   3   23   34.55
0   3   24   35.65
0   3   25   34.9
0   3   26   31.6
0   3   27   33
0   3   28   29.6
0   3   29   37.55
0   3   30   29.1
0   3.25   1   32
0   3.25   2   33.25
0   3.25   3   35.1
0   3.25   4   32.65
0   3.25   5   32
0   3.25   6   39.25
0   3.25   7   32.85
0   3.25   8   35.4
0   3.25   9   32.85
0   3.25   10   34.65
0   3.25   11   29.35
0   3.25   12   33.05
0   3.25   13   35
0   3.25   14   30.7
0   3.25   15   37.95
0   3.25   16   35.95
0   3.25   17   35.65
0   3.25   18   44.4
0   3.25   19   38.55
0   3.25   20   27.3
0   3.25   21   34.3
0   3.25   22   26.25
0   3.25   23   33.1
0   3.25   24   37.5
0   3.25   25   32.7
0   3.25   26   35.2
0   3.25   27   28.6
0   3.25   28   34.5
0   3.25   29   32.05
0   3.25   30   39.95
0   3.5   1   33.05
0   3.5   2   38.6
0   3.5   3   36.15
0   3.5   4   30.75
0   3.5   5   30.3
0   3.5   6   35.25
0   3.5   7   34.7
0   3.5   8   37.35
0   3.5   9   37.8
0   3.5   10   27.35
0   3.5   11   37.5
0   3.5   12   40.55
0   3.5   13   36.15
0   3.5   14   34.6
0   3.5   15   45.35
0   3.5   16   36.35
0   3.5   17   33.65
0   3.5   18   32.55
0   3.5   19   29.5
0   3.5   20   39.2
0   3.5   21   35
0   3.5   22   42.25
0   3.5   23   25.35
0   3.5   24   36.5
0   3.5   25   36.35
0   3.5   26   31.5
0   3.5   27   41.7
0   3.5   28   36.65
0   3.5   29   36.95
0   3.5   30   31.85
0   3.75   1   31.1
0   3.75   2   35.2
0   3.75   3   29.35
0   3.75   4   34.9
0   3.75   5   34.55
0   3.75   6   34.25
0   3.75   7   33.05
0   3.75   8   38.25
0   3.75   9   38
0   3.75   10   35.9
0   3.75   11   34.1
0   3.75   12   37.5
0   3.75   13   41.3
0   3.75   14   40
0   3.75   15   37.7
0   3.75   16   38.25
0   3.75   17   34.3
0   3.75   18   36.9
0   3.75   19   35.4
0   3.75   20   35.6
0   3.75   21   38.25
0   3.75   22   33.65
0   3.75   23   33.65
0   3.75   24   38.75
0   3.75   25   36.5
0   3.75   26   33.9
0   3.75   27   41.1
0   3.75   28   40.75
0   3.75   29   36.9
0   3.75   30   34.75
0   4   1   37.8
0   4   2   40.1
0   4   3   35.45
0   4   4   37
0   4   5   28.65
0   4   6   38.45
0   4   7   37.75
0   4   8   34.1
0   4   9   30.55
0   4   10   34.15
0   4   11   36.45
0   4   12   36.95
0   4   13   36
0   4   14   39.05
0   4   15   34.05
0   4   16   37.3
0   4   17   37.2
0   4   18   36.15
0   4   19   39.1
0   4   20   38.65
0   4   21   37.55
0   4   22   41.3
0   4   23   35.55
0   4   24   34.65
0   4   25   36.7
0   4   26   35.4
0   4   27   36.25
0   4   28   35.15
0   4   29   31.65
0   4   30   32.15
0   4.25   1   33.15
0   4.25   2   34.8
0   4.25   3   35.4
0   4.25   4   30.4
0   4.25   5   36.1
0   4.25   6   38.8
0   4.25   7   39
0   4.25   8   37.05
0   4.25   9   33.65
0   4.25   10   38.65
0   4.25   11   35.05
0   4.25   12   31
0   4.25   13   34.4
0   4.25   14   36.6
0   4.25   15   45
0   4.25   16   35.2
0   4.25   17   33.15
0   4.25   18   37.15
0   4.25   19   37.5
0   4.25   20   31.9
0   4.25   21   35.85
0   4.25   22   36.45
0   4.25   23   39.5
0   4.25   24   36.55
0   4.25   25   37.15
0   4.25   26   35.15
0   4.25   27   38.2
0   4.25   28   36.7
0   4.25   29   36.9
0   4.25   30   34.45
0   4.5   1   35.65
0   4.5   2   31.3
0   4.5   3   38.55
0   4.5   4   28.1
0   4.5   5   36.3
0   4.5   6   36.35
0   4.5   7   36.7
0   4.5   8   37.45
0   4.5   9   34.6
0   4.5   10   35.25
0   4.5   11   37.6
0   4.5   12   36.65
0   4.5   13   32.55
0   4.5   14   37.75
0   4.5   15   32.35
0   4.5   16   35.75
0   4.5   17   35.55
0   4.5   18   37.25
0   4.5   19   39.8
0   4.5   20   35.1
0   4.5   21   33
0   4.5   22   32.1
0   4.5   23   30.15
0   4.5   24   31.55
0   4.5   25   34.45
0   4.5   26   30.45
0   4.5   27   37.7
0   4.5   28   35.2
0   4.5   29   32.45
0   4.5   30   34.05
0   4.75   1   36.1
0   4.75   2   40.35
0   4.75   3   35.95
0   4.75   4   34.5
0   4.75   5   33.9
0   4.75   6   38.25
0   4.75   7   30.4
0   4.75   8   32.05
0   4.75   9   39
0   4.75   10   29.2
0   4.75   11   41.2
0   4.75   12   32.9
0   4.75   13   35.65
0   4.75   14   39.95
0   4.75   15   37.7
0   4.75   16   37.35
0   4.75   17   33.35
0   4.75   18   37.5
0   4.75   19   33.35
0   4.75   20   34.9
0   4.75   21   35.6
0   4.75   22   31.1
0   4.75   23   34.5
0   4.75   24   36.3
0   4.75   25   34.3
0   4.75   26   32.5
0   4.75   27   35.15
0   4.75   28   40.4
0   4.75   29   39.25
0   4.75   30   33.2
0   5   1   33.3
0   5   2   34.7
0   5   3   35
0   5   4   33.7
0   5   5   36.15
0   5   6   40.95
0   5   7   37.3
0   5   8   34.2
0   5   9   33.55
0   5   10   35.2
0   5   11   35.9
0   5   12   39.1
0   5   13   35.55
0   5   14   38
0   5   15   35.75
0   5   16   40.1
0   5   17   38.05
0   5   18   36.5
0   5   19   34.85
0   5   20   38.2
0   5   21   35.4
0   5   22   35.3
0   5   23   35.45
0   5   24   38.7
0   5   25   35.85
0   5   26   31.8
0   5   27   32.8
0   5   28   32.9
0   5   29   38.6
0   5   30   29.1
0   5.25   1   35.45
0   5.25   2   30.3
0   5.25   3   33.15
0   5.25   4   32.9
0   5.25   5   29.95
0   5.25   6   35.8
0   5.25   7   36.05
0   5.25   8   34.4
0   5.25   9   37.75
0   5.25   10   36
0   5.25   11   36.05
0   5.25   12   34.65
0   5.25   13   38.05
0   5.25   14   33.85
0   5.25   15   36.05
0   5.25   16   33.3
0   5.25   17   36.95
0   5.25   18   39.7
0   5.25   19   34.75
0   5.25   20   35.95
0   5.25   21   33.9
0   5.25   22   35.95
0   5.25   23   35.25
0   5.25   24   33.55
0   5.25   25   33.5
0   5.25   26   38.3
0   5.25   27   32.3
0   5.25   28   32.15
0   5.25   29   35.75
0   5.25   30   36.65
0   5.5   1   33.35
0   5.5   2   34.15
0   5.5   3   38.45
0   5.5   4   32.65
0   5.5   5   34.55
0   5.5   6   34.3
0   5.5   7   32.1
0   5.5   8   33.5
0   5.5   9   34.85
0   5.5   10   30.8
0   5.5   11   34.25
0   5.5   12   34.55
0   5.5   13   34.75
0   5.5   14   32.95
0   5.5   15   35.5
0   5.5   16   34.9
0   5.5   17   38.8
0   5.5   18   38.85
0   5.5   19   34.9
0   5.5   20   34.85
0   5.5   21   35.05
0   5.5   22   32.1
0   5.5   23   30.4
0   5.5   24   31.2
0   5.5   25   37.4
0   5.5   26   34.75
0   5.5   27   30.65
0   5.5   28   37.95
0   5.5   29   35
0   5.5   30   37.2
0   5.75   1   31.65
0   5.75   2   29.35
0   5.75   3   39.3
0   5.75   4   33.75
0   5.75   5   32.65
0   5.75   6   34.15
0   5.75   7   36.2
0   5.75   8   31.05
0   5.75   9   33.1
0   5.75   10   33.85
0   5.75   11   31.9
0   5.75   12   35.05
0   5.75   13   36.3
0   5.75   14   36.15
0   5.75   15   37.5
0   5.75   16   32.3
0   5.75   17   37.55
0   5.75   18   32.35
0   5.75   19   30
0   5.75   20   29.05
0   5.75   21   32
0   5.75   22   37.05
0   5.75   23   35.5
0   5.75   24   28.4
0   5.75   25   39.25
0   5.75   26   35.65
0   5.75   27   35.4
0   5.75   28   36.55
0   5.75   29   30.8
0   5.75   30   32.6
0   6   1   35.8
0   6   2   34.6
0   6   3   36.2
0   6   4   38
0   6   5   34.5
0   6   6   34.8
0   6   7   31.4
0   6   8   31.25
0   6   9   39.75
0   6   10   33.95
0   6   11   37.6
0   6   12   33.2
0   6   13   31.95
0   6   14   33
0   6   15   38.3
0   6   16   33.05
0   6   17   40.05
0   6   18   28.8
0   6   19   33.65
0   6   20   36.2
0   6   21   38.15
0   6   22   36.9
0   6   23   31.4
0   6   24   33.9
0   6   25   37.7
0   6   26   30.8
0   6   27   34.6
0   6   28   32.1
0   6   29   34.75
0   6   30   33
0.5   0.5   1   72
0.5   0.5   2   74.2
0.5   0.5   3   72.8
0.5   0.5   4   75.7
0.5   0.5   5   75.85
0.5   0.5   6   72.3
0.5   0.5   7   71.55
0.5   0.5   8   72.85
0.5   0.5   9   73.95
0.5   0.5   10   74.15
0.5   0.5   11   76.05
0.5   0.5   12   74.75
0.5   0.5   13   74.85
0.5   0.5   14   71.85
0.5   0.5   15   74.35
0.5   0.5   16   75.35
0.5   0.5   17   73.8
0.5   0.5   18   70.9
0.5   0.5   19   70.5
0.5   0.5   20   74.65
0.5   0.5   21   73.7
0.5   0.5   22   74.85
0.5   0.5   23   75.65
0.5   0.5   24   72.25
0.5   0.5   25   75
0.5   0.5   26   73.6
0.5   0.5   27   78.5
0.5   0.5   28   76.85
0.5   0.5   29   73.7
0.5   0.5   30   76.6
0.5   0.75   1   48.3
0.5   0.75   2   49
0.5   0.75   3   47.5
0.5   0.75   4   48.7
0.5   0.75   5   50.25
0.5   0.75   6   47.15
0.5   0.75   7   48.25
0.5   0.75   8   49.45
0.5   0.75   9   49.45
0.5   0.75   10   47.95
0.5   0.75   11   46.3
0.5   0.75   12   48.35
0.5   0.75   13   46.95
0.5   0.75   14   46.65
0.5   0.75   15   48.4
0.5   0.75   16   49.85
0.5   0.75   17   48.55
0.5   0.75   18   49.9
0.5   0.75   19   46.2
0.5   0.75   20   48.8
0.5   0.75   21   48.45
0.5   0.75   22   47.4
0.5   0.75   23   48.8
0.5   0.75   24   48.8
0.5   0.75   25   45.55
0.5   0.75   26   47
0.5   0.75   27   45.8
0.5   0.75   28   49.05
0.5   0.75   29   50.4
0.5   0.75   30   47.35
0.5   1   1   35.8
0.5   1   2   35.2
0.5   1   3   34.75
0.5   1   4   35.8
0.5   1   5   35.9
0.5   1   6   36.3
0.5   1   7   35.3
0.5   1   8   36.05
0.5   1   9   34.9
0.5   1   10   35.45
0.5   1   11   36.05
0.5   1   12   35.1
0.5   1   13   37.2
0.5   1   14   35.45
0.5   1   15   35.55
0.5   1   16   36.3
0.5   1   17   34.95
0.5   1   18   35.4
0.5   1   19   34.45
0.5   1   20   35.05
0.5   1   21   35.5
0.5   1   22   36.1
0.5   1   23   35.3
0.5   1   24   36.05
0.5   1   25   34.6
0.5   1   26   34.95
0.5   1   27   34.3
0.5   1   28   36.35
0.5   1   29   35.65
0.5   1   30   36.4
0.5   1.25   1   29.2
0.5   1.25   2   29.45
0.5   1.25   3   29.6
0.5   1.25   4   28.8
0.5   1.25   5   28.75
0.5   1.25   6   28.2
0.5   1.25   7   29.9
0.5   1.25   8   30.8
0.5   1.25   9   29.8
0.5   1.25   10   28.2
0.5   1.25   11   28.8
0.5   1.25   12   29
0.5   1.25   13   28.65
0.5   1.25   14   29.9
0.5   1.25   15   29.25
0.5   1.25   16   30.35
0.5   1.25   17   28.4
0.5   1.25   18   29.65
0.5   1.25   19   28.5
0.5   1.25   20   29.7
0.5   1.25   21   29.15
0.5   1.25   22   28.6
0.5   1.25   23   30.65
0.5   1.25   24   30
0.5   1.25   25   29.75
0.5   1.25   26   28.7
0.5   1.25   27   29.05
0.5   1.25   28   28.75
0.5   1.25   29   27.7
0.5   1.25   30   28.75
0.5   1.5   1   24.55
0.5   1.5   2   27.1
0.5   1.5   3   24.85
0.5   1.5   4   24.5
0.5   1.5   5   24.1
0.5   1.5   6   24.6
0.5   1.5   7   26.7
0.5   1.5   8   25.4
0.5   1.5   9   25.45
0.5   1.5   10   25.1
0.5   1.5   11   25.3
0.5   1.5   12   25.15
0.5   1.5   13   24.5
0.5   1.5   14   24.65
0.5   1.5   15   25.35
0.5   1.5   16   24.35
0.5   1.5   17   25.7
0.5   1.5   18   27
0.5   1.5   19   25
0.5   1.5   20   25.3
0.5   1.5   21   25.95
0.5   1.5   22   26.8
0.5   1.5   23   25.65
0.5   1.5   24   25.15
0.5   1.5   25   25.3
0.5   1.5   26   26
0.5   1.5   27   25.5
0.5   1.5   28   24.9
0.5   1.5   29   25.9
0.5   1.5   30   24.7
0.5   1.75   1   24.55
0.5   1.75   2   24.6
0.5   1.75   3   22.35
0.5   1.75   4   23.15
0.5   1.75   5   22.8
0.5   1.75   6   22.75
0.5   1.75   7   23.9
0.5   1.75   8   23.2
0.5   1.75   9   25.65
0.5   1.75   10   23.1
0.5   1.75   11   24.95
0.5   1.75   12   23.2
0.5   1.75   13   24.75
0.5   1.75   14   24.8
0.5   1.75   15   24.5
0.5   1.75   16   24.45
0.5   1.75   17   25.85
0.5   1.75   18   24.3
0.5   1.75   19   23.8
0.5   1.75   20   26.25
0.5   1.75   21   23.5
0.5   1.75   22   23.5
0.5   1.75   23   25.95
0.5   1.75   24   23.6
0.5   1.75   25   23.8
0.5   1.75   26   24.55
0.5   1.75   27   24.25
0.5   1.75   28   23.8
0.5   1.75   29   22.7
0.5   1.75   30   26.6
0.5   2   1   24.1
0.5   2   2   28
0.5   2   3   24.6
0.5   2   4   26.25
0.5   2   5   23.7
0.5   2   6   24.9
0.5   2   7   27.8
0.5   2   8   26.05
0.5   2   9   22.45
0.5   2   10   21.9
0.5   2   11   22.1
0.5   2   12   24
0.5   2   13   21
0.5   2   14   23.3
0.5   2   15   26.2
0.5   2   16   25.75
0.5   2   17   24.3
0.5   2   18   28.25
0.5   2   19   23
0.5   2   20   22.25
0.5   2   21   24.35
0.5   2   22   24.6
0.5   2   23   24.2
0.5   2   24   25.1
0.5   2   25   24.05
0.5   2   26   24.15
0.5   2   27   27.45
0.5   2   28   27.5
0.5   2   29   24.75
0.5   2   30   24
0.5   2.25   1   29.3
0.5   2.25   2   24.05
0.5   2.25   3   30.15
0.5   2.25   4   29.4
0.5   2.25   5   27.8
0.5   2.25   6   34.1
0.5   2.25   7   26.85
0.5   2.25   8   22.7
0.5   2.25   9   24.05
0.5   2.25   10   26.95
0.5   2.25   11   28.2
0.5   2.25   12   24.2
0.5   2.25   13   24.05
0.5   2.25   14   28.5
0.5   2.25   15   27.1
0.5   2.25   16   26.2
0.5   2.25   17   27.2
0.5   2.25   18   25.35
0.5   2.25   19   30.75
0.5   2.25   20   27.1
0.5   2.25   21   28.4
0.5   2.25   22   30.1
0.5   2.25   23   27.05
0.5   2.25   24   27.75
0.5   2.25   25   27.35
0.5   2.25   26   29.3
0.5   2.25   27   26
0.5   2.25   28   26
0.5   2.25   29   28.45
0.5   2.25   30   27.05
0.5   2.5   1   33.3
0.5   2.5   2   37.8
0.5   2.5   3   26.25
0.5   2.5   4   28.25
0.5   2.5   5   29.4
0.5   2.5   6   26.45
0.5   2.5   7   33.85
0.5   2.5   8   28.2
0.5   2.5   9   38.35
0.5   2.5   10   30.3
0.5   2.5   11   28.85
0.5   2.5   12   27.3
0.5   2.5   13   29.95
0.5   2.5   14   35.45
0.5   2.5   15   27.9
0.5   2.5   16   31.85
0.5   2.5   17   33.95
0.5   2.5   18   24.05
0.5   2.5   19   34.25
0.5   2.5   20   34.3
0.5   2.5   21   30.35
0.5   2.5   22   29.35
0.5   2.5   23   29.9
0.5   2.5   24   33.05
0.5   2.5   25   30.65
0.5   2.5   26   32.3
0.5   2.5   27   35.1
0.5   2.5   28   32.1
0.5   2.5   29   39.75
0.5   2.5   30   31.2
0.5   2.75   1   25.6
0.5   2.75   2   33.05
0.5   2.75   3   33.25
0.5   2.75   4   42.8
0.5   2.75   5   34.9
0.5   2.75   6   30.05
0.5   2.75   7   38.65
0.5   2.75   8   28.2
0.5   2.75   9   30.05
0.5   2.75   10   29.3
0.5   2.75   11   33
0.5   2.75   12   32.15
0.5   2.75   13   28.1
0.5   2.75   14   30.8
0.5   2.75   15   37.65
0.5   2.75   16   32.95
0.5   2.75   17   33.95
0.5   2.75   18   31.8
0.5   2.75   19   34.3
0.5   2.75   20   34.75
0.5   2.75   21   28.15
0.5   2.75   22   38.85
0.5   2.75   23   31.2
0.5   2.75   24   29.6
0.5   2.75   25   32.1
0.5   2.75   26   34
0.5   2.75   27   36.35
0.5   2.75   28   40.45
0.5   2.75   29   42.2
0.5   2.75   30   35.7
0.5   3   1   40.45
0.5   3   2   31.75
0.5   3   3   36.7
0.5   3   4   39.45
0.5   3   5   33.65
0.5   3   6   39.55
0.5   3   7   44.65
0.5   3   8   35.6
0.5   3   9   47.5
0.5   3   10   49.4
0.5   3   11   34.95
0.5   3   12   34.7
0.5   3   13   29
0.5   3   14   34.15
0.5   3   15   35.4
0.5   3   16   38
0.5   3   17   41.45
0.5   3   18   33.6
0.5   3   19   36.5
0.5   3   20   37.9
0.5   3   21   44.15
0.5   3   22   43.15
0.5   3   23   38.9
0.5   3   24   39.6
0.5   3   25   42.35
0.5   3   26   41
0.5   3   27   38.95
0.5   3   28   38.15
0.5   3   29   41.25
0.5   3   30   40.65
0.5   3.25   1   44.35
0.5   3.25   2   40.8
0.5   3.25   3   44.25
0.5   3.25   4   36.6
0.5   3.25   5   39.95
0.5   3.25   6   56.55
0.5   3.25   7   46.2
0.5   3.25   8   35.55
0.5   3.25   9   30.35
0.5   3.25   10   40.7
0.5   3.25   11   39.9
0.5   3.25   12   37.65
0.5   3.25   13   43.05
0.5   3.25   14   51.75
0.5   3.25   15   42.9
0.5   3.25   16   44.7
0.5   3.25   17   28.3
0.5   3.25   18   42.35
0.5   3.25   19   39.3
0.5   3.25   20   43.3
0.5   3.25   21   47.6
0.5   3.25   22   41.1
0.5   3.25   23   47.1
0.5   3.25   24   46.7
0.5   3.25   25   41.25
0.5   3.25   26   39.6
0.5   3.25   27   45.3
0.5   3.25   28   40.8
0.5   3.25   29   35
0.5   3.25   30   37.7
0.5   3.5   1   33.1
0.5   3.5   2   45.35
0.5   3.5   3   47.35
0.5   3.5   4   49.65
0.5   3.5   5   48.65
0.5   3.5   6   57
0.5   3.5   7   37.75
0.5   3.5   8   58.3
0.5   3.5   9   42.95
0.5   3.5   10   44.35
0.5   3.5   11   41.65
0.5   3.5   12   42.55
0.5   3.5   13   38.35
0.5   3.5   14   40.05
0.5   3.5   15   43.9
0.5   3.5   16   41.5
0.5   3.5   17   52.4
0.5   3.5   18   48.7
0.5   3.5   19   47
0.5   3.5   20   35.6
0.5   3.5   21   39.35
0.5   3.5   22   42.55
0.5   3.5   23   40.25
0.5   3.5   24   52.55
0.5   3.5   25   40.15
0.5   3.5   26   45.65
0.5   3.5   27   49.85
0.5   3.5   28   47.05
0.5   3.5   29   42.45
0.5   3.5   30   45.8
0.5   3.75   1   47.8
0.5   3.75   2   37.7
0.5   3.75   3   38.65
0.5   3.75   4   54.15
0.5   3.75   5   50.95
0.5   3.75   6   38.25
0.5   3.75   7   43.2
0.5   3.75   8   41.25
0.5   3.75   9   51.9
0.5   3.75   10   54.9
0.5   3.75   11   40.55
0.5   3.75   12   41.7
0.5   3.75   13   34.25
0.5   3.75   14   40.65
0.5   3.75   15   44.9
0.5   3.75   16   41.25
0.5   3.75   17   37.95
0.5   3.75   18   54.5
0.5   3.75   19   42.6
0.5   3.75   20   33.85
0.5   3.75   21   48.4
0.5   3.75   22   44.35
0.5   3.75   23   35.5
0.5   3.75   24   39.85
0.5   3.75   25   42.85
0.5   3.75   26   42.65
0.5   3.75   27   43.85
0.5   3.75   28   57.35
0.5   3.75   29   41.6
0.5   3.75   30   37.05
0.5   4   1   47.3
0.5   4   2   51.7
0.5   4   3   44.05
0.5   4   4   38.75
0.5   4   5   44.1
0.5   4   6   48.5
0.5   4   7   52.05
0.5   4   8   57.75
0.5   4   9   50.75
0.5   4   10   53.55
0.5   4   11   52
0.5   4   12   50.55
0.5   4   13   53.95
0.5   4   14   50.8
0.5   4   15   44.85
0.5   4   16   45.05
0.5   4   17   42
0.5   4   18   58.15
0.5   4   19   54.2
0.5   4   20   35.45
0.5   4   21   45.2
0.5   4   22   42.3
0.5   4   23   50.7
0.5   4   24   38.35
0.5   4   25   45.7
0.5   4   26   46.9
0.5   4   27   49.9
0.5   4   28   45.25
0.5   4   29   41.55
0.5   4   30   41.8
0.5   4.25   1   37.75
0.5   4.25   2   66.25
0.5   4.25   3   60.7
0.5   4.25   4   48.25
0.5   4.25   5   41.6
0.5   4.25   6   42
0.5   4.25   7   54.95
0.5   4.25   8   46.15
0.5   4.25   9   57.2
0.5   4.25   10   47.3
0.5   4.25   11   40.6
0.5   4.25   12   43.6
0.5   4.25   13   46.55
0.5   4.25   14   46.65
0.5   4.25   15   51.45
0.5   4.25   16   55.9
0.5   4.25   17   41.7
0.5   4.25   18   53.15
0.5   4.25   19   49.05
0.5   4.25   20   50.6
0.5   4.25   21   50.4
0.5   4.25   22   44.05
0.5   4.25   23   49.85
0.5   4.25   24   47
0.5   4.25   25   43.65
0.5   4.25   26   46.35
0.5   4.25   27   43.8
0.5   4.25   28   40.75
0.5   4.25   29   60.2
0.5   4.25   30   51.35
0.5   4.5   1   46.55
0.5   4.5   2   56.15
0.5   4.5   3   58.4
0.5   4.5   4   41.6
0.5   4.5   5   44.5
0.5   4.5   6   51.05
0.5   4.5   7   44.35
0.5   4.5   8   49.15
0.5   4.5   9   52.75
0.5   4.5   10   48.35
0.5   4.5   11   55.55
0.5   4.5   12   53.35
0.5   4.5   13   45.25
0.5   4.5   14   55.35
0.5   4.5   15   49.4
0.5   4.5   16   52.95
0.5   4.5   17   38.4
0.5   4.5   18   54.95
0.5   4.5   19   48.5
0.5   4.5   20   51.95
0.5   4.5   21   47.05
0.5   4.5   22   48.25
0.5   4.5   23   43.35
0.5   4.5   24   46.35
0.5   4.5   25   62.9
0.5   4.5   26   42.05
0.5   4.5   27   44.5
0.5   4.5   28   44.65
0.5   4.5   29   49.25
0.5   4.5   30   64.15
0.5   4.75   1   55.35
0.5   4.75   2   43.3
0.5   4.75   3   44.35
0.5   4.75   4   52.4
0.5   4.75   5   53
0.5   4.75   6   47.1
0.5   4.75   7   46.85
0.5   4.75   8   45.25
0.5   4.75   9   46.8
0.5   4.75   10   42.45
0.5   4.75   11   43.4
0.5   4.75   12   48.1
0.5   4.75   13   51.1
0.5   4.75   14   53
0.5   4.75   15   47.85
0.5   4.75   16   48.75
0.5   4.75   17   39
0.5   4.75   18   50.25
0.5   4.75   19   41.3
0.5   4.75   20   44.05
0.5   4.75   21   45.1
0.5   4.75   22   48.45
0.5   4.75   23   46.25
0.5   4.75   24   52.05
0.5   4.75   25   53.95
0.5   4.75   26   63.4
0.5   4.75   27   44.75
0.5   4.75   28   51.65
0.5   4.75   29   57.05
0.5   4.75   30   40.95
0.5   5   1   55.45
0.5   5   2   56.6
0.5   5   3   42
0.5   5   4   55.95
0.5   5   5   51.45
0.5   5   6   45.55
0.5   5   7   48.4
0.5   5   8   46.9
0.5   5   9   56.9
0.5   5   10   56.3
0.5   5   11   57.15
0.5   5   12   46.05
0.5   5   13   41.5
0.5   5   14   38.6
0.5   5   15   58.05
0.5   5   16   38.75
0.5   5   17   43.35
0.5   5   18   52.6
0.5   5   19   49.9
0.5   5   20   57.8
0.5   5   21   38.75
0.5   5   22   49.3
0.5   5   23   48.05
0.5   5   24   46.75
0.5   5   25   47.5
0.5   5   26   54.65
0.5   5   27   53.6
0.5   5   28   50.15
0.5   5   29   43.05
0.5   5   30   46.85
0.5   5.25   1   50.45
0.5   5.25   2   46.4
0.5   5.25   3   52.5
0.5   5.25   4   50.05
0.5   5.25   5   44.05
0.5   5.25   6   39.05
0.5   5.25   7   47.6
0.5   5.25   8   43.05
0.5   5.25   9   52.65
0.5   5.25   10   48.75
0.5   5.25   11   57
0.5   5.25   12   56
0.5   5.25   13   47.15
0.5   5.25   14   50.45
0.5   5.25   15   46.3
0.5   5.25   16   58.55
0.5   5.25   17   52.3
0.5   5.25   18   62.3
0.5   5.25   19   57.85
0.5   5.25   20   50.4
0.5   5.25   21   50.8
0.5   5.25   22   38.3
0.5   5.25   23   57.3
0.5   5.25   24   57.95
0.5   5.25   25   42.8
0.5   5.25   26   55.3
0.5   5.25   27   55.65
0.5   5.25   28   58
0.5   5.25   29   60.8
0.5   5.25   30   55.45
0.5   5.5   1   47.35
0.5   5.5   2   49.1
0.5   5.5   3   50.8
0.5   5.5   4   51
0.5   5.5   5   51.65
0.5   5.5   6   55.6
0.5   5.5   7   51.3
0.5   5.5   8   55.65
0.5   5.5   9   56.7
0.5   5.5   10   40.55
0.5   5.5   11   52.3
0.5   5.5   12   47.6
0.5   5.5   13   58.95
0.5   5.5   14   56.1
0.5   5.5   15   46.65
0.5   5.5   16   53.25
0.5   5.5   17   53.45
0.5   5.5   18   51.3
0.5   5.5   19   50.15
0.5   5.5   20   52.3
0.5   5.5   21   49.05
0.5   5.5   22   54.55
0.5   5.5   23   52
0.5   5.5   24   43.75
0.5   5.5   25   51.1
0.5   5.5   26   45.75
0.5   5.5   27   50.95
0.5   5.5   28   53.15
0.5   5.5   29   44.65
0.5   5.5   30   45.8
0.5   5.75   1   54.4
0.5   5.75   2   46.65
0.5   5.75   3   47.45
0.5   5.75   4   49.65
0.5   5.75   5   52.2
0.5   5.75   6   52.75
0.5   5.75   7   55.25
0.5   5.75   8   53.4
0.5   5.75   9   46.5
0.5   5.75   10   42.55
0.5   5.75   11   53.7
0.5   5.75   12   43.65
0.5   5.75   13   54.85
0.5   5.75   14   40.5
0.5   5.75   15   46.55
0.5   5.75   16   53.85
0.5   5.75   17   56.35
0.5   5.75   18   41.3
0.5   5.75   19   48.25
0.5   5.75   20   48.15
0.5   5.75   21   54.25
0.5   5.75   22   49
0.5   5.75   23   55.25
0.5   5.75   24   44.8
0.5   5.75   25   55.55
0.5   5.75   26   53.5
0.5   5.75   27   42.7
0.5   5.75   28   51.85
0.5   5.75   29   50.7
0.5   5.75   30   41.75
0.5   6   1   59.45
0.5   6   2   49.1
0.5   6   3   53
0.5   6   4   61.2
0.5   6   5   48.5
0.5   6   6   49.15
0.5   6   7   47.95
0.5   6   8   54.65
0.5   6   9   59.9
0.5   6   10   60.95
0.5   6   11   51.75
0.5   6   12   32.9
0.5   6   13   46.25
0.5   6   14   51.95
0.5   6   15   55.15
0.5   6   16   44.75
0.5   6   17   53.05
0.5   6   18   46.6
0.5   6   19   56
0.5   6   20   58.8
0.5   6   21   40.6
0.5   6   22   42.7
0.5   6   23   52.2
0.5   6   24   49.75
0.5   6   25   55.65
0.5   6   26   47.7
0.5   6   27   46.7
0.5   6   28   50.95
0.5   6   29   44.25
0.5   6   30   50.8
1   0.5   1   76.5
1   0.5   2   76.1
1   0.5   3   73.1
1   0.5   4   76.45
1   0.5   5   71.9
1   0.5   6   71
1   0.5   7   71.85
1   0.5   8   73.15
1   0.5   9   68.7
1   0.5   10   71.3
1   0.5   11   73.5
1   0.5   12   73.9
1   0.5   13   71
1   0.5   14   74
1   0.5   15   74.45
1   0.5   16   75.75
1   0.5   17   73.95
1   0.5   18   73.5
1   0.5   19   71.45
1   0.5   20   76.1
1   0.5   21   77.2
1   0.5   22   74.6
1   0.5   23   76.8
1   0.5   24   73.7
1   0.5   25   74.75
1   0.5   26   71.4
1   0.5   27   76.15
1   0.5   28   74.95
1   0.5   29   72.1
1   0.5   30   76.05
1   0.75   1   46.95
1   0.75   2   48.65
1   0.75   3   46.9
1   0.75   4   49.1
1   0.75   5   48.4
1   0.75   6   47.55
1   0.75   7   47
1   0.75   8   49
1   0.75   9   48.35
1   0.75   10   47.7
1   0.75   11   47.9
1   0.75   12   48.65
1   0.75   13   49.4
1   0.75   14   51.8
1   0.75   15   48.1
1   0.75   16   50.95
1   0.75   17   50.4
1   0.75   18   49.35
1   0.75   19   49.15
1   0.75   20   49.7
1   0.75   21   51.75
1   0.75   22   47.55
1   0.75   23   47
1   0.75   24   48.5
1   0.75   25   47.25
1   0.75   26   48
1   0.75   27   47.8
1   0.75   28   47.35
1   0.75   29   47
1   0.75   30   49.7
1   1   1   35.3
1   1   2   35.65
1   1   3   36.55
1   1   4   35.55
1   1   5   37
1   1   6   35.5
1   1   7   36.85
1   1   8   35.35
1   1   9   37
1   1   10   35.65
1   1   11   36.4
1   1   12   35.6
1   1   13   35.8
1   1   14   36.5
1   1   15   38.5
1   1   16   35.6
1   1   17   36.55
1   1   18   36.1
1   1   19   34.15
1   1   20   36.9
1   1   21   36.6
1   1   22   36.75
1   1   23   37.15
1   1   24   37.8
1   1   25   36.85
1   1   26   37.6
1   1   27   35.25
1   1   28   38.1
1   1   29   37.65
1   1   30   35.8
1   1.25   1   30.35
1   1.25   2   29.5
1   1.25   3   28.1
1   1.25   4   29.8
1   1.25   5   29.15
1   1.25   6   28
1   1.25   7   28.75
1   1.25   8   29.9
1   1.25   9   28.15
1   1.25   10   30.35
1   1.25   11   29.85
1   1.25   12   28.9
1   1.25   13   29.8
1   1.25   14   29.65
1   1.25   15   31.65
1   1.25   16   29.15
1   1.25   17   29.6
1   1.25   18   29.55
1   1.25   19   29.5
1   1.25   20   29.4
1   1.25   21   28.9
1   1.25   22   29.8
1   1.25   23   29
1   1.25   24   30.6
1   1.25   25   29.45
1   1.25   26   28.5
1   1.25   27   29.85
1   1.25   28   30.3
1   1.25   29   28.85
1   1.25   30   29.2
1   1.5   1   24.95
1   1.5   2   25.3
1   1.5   3   28.1
1   1.5   4   26.3
1   1.5   5   25.75
1   1.5   6   26.85
1   1.5   7   26.45
1   1.5   8   26
1   1.5   9   26.6
1   1.5   10   25.65
1   1.5   11   27.1
1   1.5   12   25
1   1.5   13   26.85
1   1.5   14   25.3
1   1.5   15   26.55
1   1.5   16   25.05
1   1.5   17   25.65
1   1.5   18   24.8
1   1.5   19   24.85
1   1.5   20   26.6
1   1.5   21   27.1
1   1.5   22   25.8
1   1.5   23   26.55
1   1.5   24   25.45
1   1.5   25   25.15
1   1.5   26   24.2
1   1.5   27   25.85
1   1.5   28   25.65
1   1.5   29   25.15
1   1.5   30   25.95
1   1.75   1   24.2
1   1.75   2   23.85
1   1.75   3   22.55
1   1.75   4   23.05
1   1.75   5   24.15
1   1.75   6   25.2
1   1.75   7   23.45
1   1.75   8   25.15
1   1.75   9   24.85
1   1.75   10   25.7
1   1.75   11   24.45
1   1.75   12   26.1
1   1.75   13   22.35
1   1.75   14   23.35
1   1.75   15   23.4
1   1.75   16   25.35
1   1.75   17   25.05
1   1.75   18   24
1   1.75   19   24.2
1   1.75   20   26.5
1   1.75   21   23.9
1   1.75   22   25.05
1   1.75   23   25.45
1   1.75   24   23.8
1   1.75   25   23.25
1   1.75   26   25.75
1   1.75   27   23.2
1   1.75   28   21.8
1   1.75   29   25.9
1   1.75   30   26.75
1   2   1   28.65
1   2   2   23.3
1   2   3   26.15
1   2   4   25.35
1   2   5   24.25
1   2   6   25.9
1   2   7   26.5
1   2   8   25.95
1   2   9   22.4
1   2   10   24.5
1   2   11   26.45
1   2   12   28.1
1   2   13   25.9
1   2   14   23.4
1   2   15   27.2
1   2   16   26.45
1   2   17   27
1   2   18   28.3
1   2   19   22.6
1   2   20   22.8
1   2   21   27
1   2   22   26.2
1   2   23   29.3
1   2   24   25.45
1   2   25   25.65
1   2   26   22.65
1   2   27   26.65
1   2   28   26.1
1   2   29   27.3
1   2   30   26
1   2.25   1   27.55
1   2.25   2   28.8
1   2.25   3   26.2
1   2.25   4   32.25
1   2.25   5   28.6
1   2.25   6   31
1   2.25   7   29.1
1   2.25   8   26.85
1   2.25   9   32.45
1   2.25   10   30.5
1   2.25   11   31.95
1   2.25   12   28.95
1   2.25   13   26
1   2.25   14   26.3
1   2.25   15   30.95
1   2.25   16   26.75
1   2.25   17   31.35
1   2.25   18   26.5
1   2.25   19   31.75
1   2.25   20   28.95
1   2.25   21   25.5
1   2.25   22   28
1   2.25   23   27.95
1   2.25   24   27.9
1   2.25   25   26.6
1   2.25   26   25.45
1   2.25   27   30.95
1   2.25   28   24.15
1   2.25   29   27.9
1   2.25   30   26.3
1   2.5   1   31
1   2.5   2   39.7
1   2.5   3   35.65
1   2.5   4   27.25
1   2.5   5   26.7
1   2.5   6   31.35
1   2.5   7   35
1   2.5   8   29.05
1   2.5   9   34.75
1   2.5   10   32.95
1   2.5   11   33.65
1   2.5   12   29.5
1   2.5   13   33.3
1   2.5   14   37
1   2.5   15   38.95
1   2.5   16   37.65
1   2.5   17   32.3
1   2.5   18   30.55
1   2.5   19   28.55
1   2.5   20   37.9
1   2.5   21   32.55
1   2.5   22   34.8
1   2.5   23   33.8
1   2.5   24   28.9
1   2.5   25   25.35
1   2.5   26   32.65
1   2.5   27   34.15
1   2.5   28   28.9
1   2.5   29   42.25
1   2.5   30   30.95
1   2.75   1   44.15
1   2.75   2   43.15
1   2.75   3   41.6
1   2.75   4   44.6
1   2.75   5   43.15
1   2.75   6   41.25
1   2.75   7   36.65
1   2.75   8   40.95
1   2.75   9   36.35
1   2.75   10   36.35
1   2.75   11   32
1   2.75   12   34.15
1   2.75   13   31.1
1   2.75   14   36.55
1   2.75   15   40.6
1   2.75   16   38.8
1   2.75   17   38.6
1   2.75   18   32.3
1   2.75   19   43.1
1   2.75   20   42.75
1   2.75   21   50.25
1   2.75   22   34.75
1   2.75   23   42.65
1   2.75   24   38.35
1   2.75   25   40.1
1   2.75   26   31.45
1   2.75   27   37.8
1   2.75   28   41.35
1   2.75   29   42
1   2.75   30   37.55
1   3   1   40.95
1   3   2   44.35
1   3   3   41.9
1   3   4   45.45
1   3   5   49.9
1   3   6   41.35
1   3   7   38.1
1   3   8   41.6
1   3   9   39.65
1   3   10   47.4
1   3   11   41.65
1   3   12   43.6
1   3   13   42.8
1   3   14   46.95
1   3   15   43.1
1   3   16   36.9
1   3   17   45.35
1   3   18   36.65
1   3   19   37.4
1   3   20   33.05
1   3   21   39.2
1   3   22   44.2
1   3   23   46.75
1   3   24   49.85
1   3   25   47.5
1   3   26   40.85
1   3   27   34.95
1   3   28   35.3
1   3   29   47.95
1   3   30   50.65
1   3.25   1   43.3
1   3.25   2   40.15
1   3.25   3   49.5
1   3.25   4   45.55
1   3.25   5   53.55
1   3.25   6   62.7
1   3.25   7   42.7
1   3.25   8   46.05
1   3.25   9   49.45
1   3.25   10   48
1   3.25   11   37.6
1   3.25   12   40.45
1   3.25   13   48.3
1   3.25   14   51.75
1   3.25   15   41.8
1   3.25   16   47.25
1   3.25   17   46.2
1   3.25   18   43.45
1   3.25   19   35.7
1   3.25   20   53.4
1   3.25   21   45.8
1   3.25   22   55.55
1   3.25   23   49.05
1   3.25   24   64.05
1   3.25   25   50.4
1   3.25   26   41.2
1   3.25   27   43
1   3.25   28   47
1   3.25   29   39.3
1   3.25   30   50.9
1   3.5   1   51.05
1   3.5   2   46.65
1   3.5   3   52.7
1   3.5   4   55.85
1   3.5   5   56.15
1   3.5   6   56.5
1   3.5   7   53.05
1   3.5   8   42.85
1   3.5   9   44.75
1   3.5   10   46.75
1   3.5   11   56.15
1   3.5   12   60.6
1   3.5   13   49.6
1   3.5   14   45
1   3.5   15   54.1
1   3.5   16   58.3
1   3.5   17   54.6
1   3.5   18   47.4
1   3.5   19   48.35
1   3.5   20   39.15
1   3.5   21   45.5
1   3.5   22   54.6
1   3.5   23   44.95
1   3.5   24   54.5
1   3.5   25   49.15
1   3.5   26   39.95
1   3.5   27   47.45
1   3.5   28   44.65
1   3.5   29   45.75
1   3.5   30   49.15
1   3.75   1   49.05
1   3.75   2   60.4
1   3.75   3   48.15
1   3.75   4   42.2
1   3.75   5   43.4
1   3.75   6   44.15
1   3.75   7   55.9
1   3.75   8   42.65
1   3.75   9   56.1
1   3.75   10   52.9
1   3.75   11   47.2
1   3.75   12   58.85
1   3.75   13   47.75
1   3.75   14   45.55
1   3.75   15   51.65
1   3.75   16   55
1   3.75   17   50.75
1   3.75   18   62.4
1   3.75   19   52
1   3.75   20   50.75
1   3.75   21   51.7
1   3.75   22   51.3
1   3.75   23   54.5
1   3.75   24   53.1
1   3.75   25   58
1   3.75   26   54.8
1   3.75   27   51.6
1   3.75   28   56.8
1   3.75   29   42.3
1   3.75   30   49.95
1   4   1   48.05
1   4   2   51.3
1   4   3   52.25
1   4   4   66.7
1   4   5   53.8
1   4   6   55.4
1   4   7   53.55
1   4   8   57.4
1   4   9   59.25
1   4   10   53.95
1   4   11   51.3
1   4   12   60.4
1   4   13   57.25
1   4   14   61.85
1   4   15   50.1
1   4   16   56.35
1   4   17   64.45
1   4   18   68.8
1   4   19   54
1   4   20   54.9
1   4   21   67.15
1   4   22   46.9
1   4   23   51.3
1   4   24   57.75
1   4   25   48.9
1   4   26   57.2
1   4   27   46.1
1   4   28   57.35
1   4   29   52.8
1   4   30   57.35
1   4.25   1   63.5
1   4.25   2   56
1   4.25   3   54.7
1   4.25   4   59.4
1   4.25   5   60.5
1   4.25   6   47.9
1   4.25   7   54.4
1   4.25   8   48.35
1   4.25   9   56.85
1   4.25   10   62.85
1   4.25   11   55.65
1   4.25   12   60.2
1   4.25   13   50.85
1   4.25   14   50.05
1   4.25   15   57.65
1   4.25   16   57
1   4.25   17   67.5
1   4.25   18   58.85
1   4.25   19   59.95
1   4.25   20   68.05
1   4.25   21   55.75
1   4.25   22   56.5
1   4.25   23   61.15
1   4.25   24   61.9
1   4.25   25   58.2
1   4.25   26   44.45
1   4.25   27   57.2
1   4.25   28   57.3
1   4.25   29   46.5
1   4.25   30   50.9
1   4.5   1   59.25
1   4.5   2   58.55
1   4.5   3   60.9
1   4.5   4   52.65
1   4.5   5   69.25
1   4.5   6   57.55
1   4.5   7   65.65
1   4.5   8   60.6
1   4.5   9   53.8
1   4.5   10   66.15
1   4.5   11   58.05
1   4.5   12   56.8
1   4.5   13   57.05
1   4.5   14   49.8
1   4.5   15   53.3
1   4.5   16   55.55
1   4.5   17   68.95
1   4.5   18   52.45
1   4.5   19   69.15
1   4.5   20   60.5
1   4.5   21   63.95
1   4.5   22   58.35
1   4.5   23   62.6
1   4.5   24   62.05
1   4.5   25   50.5
1   4.5   26   54.9
1   4.5   27   52.65
1   4.5   28   66
1   4.5   29   60.75
1   4.5   30   55.35
1   4.75   1   56.55
1   4.75   2   55.15
1   4.75   3   56.85
1   4.75   4   68.1
1   4.75   5   50.55
1   4.75   6   55.4
1   4.75   7   63.9
1   4.75   8   73.9
1   4.75   9   53.75
1   4.75   10   58.5
1   4.75   11   44.65
1   4.75   12   56.8
1   4.75   13   61.1
1   4.75   14   57.2
1   4.75   15   63.1
1   4.75   16   52
1   4.75   17   46.5
1   4.75   18   52.25
1   4.75   19   52.95
1   4.75   20   54
1   4.75   21   61.9
1   4.75   22   56.35
1   4.75   23   68.4
1   4.75   24   52.55
1   4.75   25   65.4
1   4.75   26   57.15
1   4.75   27   56.5
1   4.75   28   49.9
1   4.75   29   49.15
1   4.75   30   65.35
1   5   1   53.3
1   5   2   61.2
1   5   3   63.75
1   5   4   52
1   5   5   58.5
1   5   6   69.4
1   5   7   59.55
1   5   8   61.45
1   5   9   56.95
1   5   10   66.15
1   5   11   53.9
1   5   12   49.9
1   5   13   62.55
1   5   14   64.35
1   5   15   57.15
1   5   16   53.65
1   5   17   50.3
1   5   18   61.45
1   5   19   55.6
1   5   20   60.6
1   5   21   59.35
1   5   22   61.4
1   5   23   57.25
1   5   24   52.5
1   5   25   72.2
1   5   26   52.1
1   5   27   46.3
1   5   28   59.35
1   5   29   56.65
1   5   30   64.85
1   5.25   1   49.75
1   5.25   2   60.3
1   5.25   3   66
1   5.25   4   58.2
1   5.25   5   57.65
1   5.25   6   50.6
1   5.25   7   64.25
1   5.25   8   59.25
1   5.25   9   61.8
1   5.25   10   55.6
1   5.25   11   56.75
1   5.25   12   56.75
1   5.25   13   55.6
1   5.25   14   53.55
1   5.25   15   66.45
1   5.25   16   66.15
1   5.25   17   57.95
1   5.25   18   65.55
1   5.25   19   49
1   5.25   20   56.4
1   5.25   21   58.7
1   5.25   22   63.1
1   5.25   23   58.65
1   5.25   24   63.1
1   5.25   25   61.1
1   5.25   26   59.35
1   5.25   27   61.65
1   5.25   28   58.65
1   5.25   29   50.8
1   5.25   30   68.35
1   5.5   1   63.6
1   5.5   2   63.05
1   5.5   3   56
1   5.5   4   61.5
1   5.5   5   58.7
1   5.5   6   60.75
1   5.5   7   56.4
1   5.5   8   60.65
1   5.5   9   55.95
1   5.5   10   55.95
1   5.5   11   56.95
1   5.5   12   57.95
1   5.5   13   59.9
1   5.5   14   57.25
1   5.5   15   56.65
1   5.5   16   49.25
1   5.5   17   55.95
1   5.5   18   65.3
1   5.5   19   61.05
1   5.5   20   53.15
1   5.5   21   49.2
1   5.5   22   60.2
1   5.5   23   60.55
1   5.5   24   61.4
1   5.5   25   58.25
1   5.5   26   67.6
1   5.5   27   60.65
1   5.5   28   62.8
1   5.5   29   57.35
1   5.5   30   52.05
1   5.75   1   62.4
1   5.75   2   66.9
1   5.75   3   69.55
1   5.75   4   62.15
1   5.75   5   50.35
1   5.75   6   60.2
1   5.75   7   60.15
1   5.75   8   53
1   5.75   9   52.15
1   5.75   10   58.9
1   5.75   11   58.95
1   5.75   12   53.95
1   5.75   13   65.45
1   5.75   14   54.85
1   5.75   15   56.5
1   5.75   16   52.85
1   5.75   17   63.7
1   5.75   18   59.85
1   5.75   19   58.15
1   5.75   20   63.5
1   5.75   21   61.2
1   5.75   22   70.9
1   5.75   23   57.15
1   5.75   24   53.4
1   5.75   25   57.4
1   5.75   26   60.05
1   5.75   27   58.45
1   5.75   28   55.3
1   5.75   29   57.4
1   5.75   30   59.85
1   6   1   57.4
1   6   2   59.35
1   6   3   68.65
1   6   4   64.2
1   6   5   62.65
1   6   6   54
1   6   7   50.1
1   6   8   54.4
1   6   9   67.35
1   6   10   58.25
1   6   11   50.65
1   6   12   60.25
1   6   13   60.4
1   6   14   64.1
1   6   15   56.85
1   6   16   52
1   6   17   64.8
1   6   18   65
1   6   19   62.55
1   6   20   61.25
1   6   21   69.05
1   6   22   67
1   6   23   60.15
1   6   24   56.65
1   6   25   58.6
1   6   26   61.95
1   6   27   59.6
1   6   28   65.3
1   6   29   65.45
1   6   30   53.6
1.5   0.5   1   75
1.5   0.5   2   76.05
1.5   0.5   3   72.95
1.5   0.5   4   72.75
1.5   0.5   5   74.05
1.5   0.5   6   74.5
1.5   0.5   7   75.6
1.5   0.5   8   73.45
1.5   0.5   9   75
1.5   0.5   10   74.85
1.5   0.5   11   75.95
1.5   0.5   12   74.5
1.5   0.5   13   72.9
1.5   0.5   14   75.05
1.5   0.5   15   76.95
1.5   0.5   16   74.9
1.5   0.5   17   73.4
1.5   0.5   18   75.65
1.5   0.5   19   74.45
1.5   0.5   20   75.3
1.5   0.5   21   77.7
1.5   0.5   22   72.75
1.5   0.5   23   77.05
1.5   0.5   24   79.55
1.5   0.5   25   74.65
1.5   0.5   26   75.7
1.5   0.5   27   75.4
1.5   0.5   28   75.6
1.5   0.5   29   73.95
1.5   0.5   30   76.15
1.5   0.75   1   48.4
1.5   0.75   2   49.6
1.5   0.75   3   49.9
1.5   0.75   4   46.9
1.5   0.75   5   48.85
1.5   0.75   6   47.5
1.5   0.75   7   47.55
1.5   0.75   8   49.45
1.5   0.75   9   46.9
1.5   0.75   10   48.65
1.5   0.75   11   52.2
1.5   0.75   12   48.55
1.5   0.75   13   49.4
1.5   0.75   14   49
1.5   0.75   15   50.25
1.5   0.75   16   49.05
1.5   0.75   17   46.35
1.5   0.75   18   49.3
1.5   0.75   19   48.15
1.5   0.75   20   50.9
1.5   0.75   21   49
1.5   0.75   22   48.25
1.5   0.75   23   47.6
1.5   0.75   24   48.3
1.5   0.75   25   50.3
1.5   0.75   26   47.4
1.5   0.75   27   48.65
1.5   0.75   28   49.35
1.5   0.75   29   49.55
1.5   0.75   30   48.4
1.5   1   1   36.9
1.5   1   2   37.85
1.5   1   3   34.8
1.5   1   4   36.45
1.5   1   5   37.65
1.5   1   6   37.5
1.5   1   7   37.15
1.5   1   8   37.35
1.5   1   9   35.65
1.5   1   10   36.75
1.5   1   11   35.4
1.5   1   12   36.45
1.5   1   13   36.75
1.5   1   14   36.7
1.5   1   15   35.2
1.5   1   16   35.15
1.5   1   17   34.5
1.5   1   18   36.95
1.5   1   19   35.4
1.5   1   20   35.9
1.5   1   21   37
1.5   1   22   36.6
1.5   1   23   37.45
1.5   1   24   35.45
1.5   1   25   37
1.5   1   26   37.65
1.5   1   27   38.35
1.5   1   28   37
1.5   1   29   37.45
1.5   1   30   36.6
1.5   1.25   1   30.45
1.5   1.25   2   30.1
1.5   1.25   3   29.95
1.5   1.25   4   29.2
1.5   1.25   5   29.65
1.5   1.25   6   29.5
1.5   1.25   7   29.35
1.5   1.25   8   30.5
1.5   1.25   9   29.7
1.5   1.25   10   29.2
1.5   1.25   11   29.55
1.5   1.25   12   30.35
1.5   1.25   13   29
1.5   1.25   14   29.05
1.5   1.25   15   30.4
1.5   1.25   16   28.2
1.5   1.25   17   28.4
1.5   1.25   18   29.8
1.5   1.25   19   29.9
1.5   1.25   20   29.6
1.5   1.25   21   29.9
1.5   1.25   22   29.15
1.5   1.25   23   30.35
1.5   1.25   24   28.8
1.5   1.25   25   30.55
1.5   1.25   26   29.1
1.5   1.25   27   29.8
1.5   1.25   28   30.85
1.5   1.25   29   29.95
1.5   1.25   30   29.55
1.5   1.5   1   26.6
1.5   1.5   2   26.2
1.5   1.5   3   25.3
1.5   1.5   4   26.35
1.5   1.5   5   25.7
1.5   1.5   6   25.7
1.5   1.5   7   25.2
1.5   1.5   8   25.85
1.5   1.5   9   26.25
1.5   1.5   10   25
1.5   1.5   11   26.55
1.5   1.5   12   25.35
1.5   1.5   13   26.15
1.5   1.5   14   25.8
1.5   1.5   15   25.8
1.5   1.5   16   25.85
1.5   1.5   17   24.95
1.5   1.5   18   25.9
1.5   1.5   19   25
1.5   1.5   20   24.8
1.5   1.5   21   26.45
1.5   1.5   22   25.25
1.5   1.5   23   25.6
1.5   1.5   24   26
1.5   1.5   25   25.8
1.5   1.5   26   26
1.5   1.5   27   25.65
1.5   1.5   28   25.75
1.5   1.5   29   26.95
1.5   1.5   30   25.85
1.5   1.75   1   23.8
1.5   1.75   2   22.85
1.5   1.75   3   25.45
1.5   1.75   4   22.75
1.5   1.75   5   23
1.5   1.75   6   24
1.5   1.75   7   23.75
1.5   1.75   8   24.15
1.5   1.75   9   25.05
1.5   1.75   10   24.7
1.5   1.75   11   23.75
1.5   1.75   12   24.5
1.5   1.75   13   23.5
1.5   1.75   14   25.4
1.5   1.75   15   25.6
1.5   1.75   16   24.6
1.5   1.75   17   23.15
1.5   1.75   18   25.15
1.5   1.75   19   23.65
1.5   1.75   20   25.15
1.5   1.75   21   25.1
1.5   1.75   22   24.1
1.5   1.75   23   23.1
1.5   1.75   24   24.5
1.5   1.75   25   23.8
1.5   1.75   26   23.25
1.5   1.75   27   23.9
1.5   1.75   28   24.55
1.5   1.75   29   23.4
1.5   1.75   30   23.85
1.5   2   1   28.8
1.5   2   2   24.75
1.5   2   3   23.05
1.5   2   4   25.5
1.5   2   5   23.25
1.5   2   6   25.7
1.5   2   7   23
1.5   2   8   27.2
1.5   2   9   26.1
1.5   2   10   23.8
1.5   2   11   25.8
1.5   2   12   23.1
1.5   2   13   26.95
1.5   2   14   25.15
1.5   2   15   25.2
1.5   2   16   24.1
1.5   2   17   25.45
1.5   2   18   24.75
1.5   2   19   26.3
1.5   2   20   24.8
1.5   2   21   25.2
1.5   2   22   24.8
1.5   2   23   25.05
1.5   2   24   29
1.5   2   25   24.25
1.5   2   26   26.55
1.5   2   27   23.85
1.5   2   28   22.7
1.5   2   29   22.1
1.5   2   30   25.6
1.5   2.25   1   28.75
1.5   2.25   2   28.9
1.5   2.25   3   26.1
1.5   2.25   4   36.6
1.5   2.25   5   27.7
1.5   2.25   6   33.45
1.5   2.25   7   29.1
1.5   2.25   8   25.55
1.5   2.25   9   23.4
1.5   2.25   10   26.9
1.5   2.25   11   30.35
1.5   2.25   12   29.55
1.5   2.25   13   23.75
1.5   2.25   14   24.65
1.5   2.25   15   28
1.5   2.25   16   26.75
1.5   2.25   17   26.15
1.5   2.25   18   24.65
1.5   2.25   19   31.15
1.5   2.25   20   25.1
1.5   2.25   21   26.2
1.5   2.25   22   25.9
1.5   2.25   23   25.95
1.5   2.25   24   24.8
1.5   2.25   25   29.3
1.5   2.25   26   25.65
1.5   2.25   27   27.95
1.5   2.25   28   29
1.5   2.25   29   26.05
1.5   2.25   30   29.55
1.5   2.5   1   34.45
1.5   2.5   2   27.65
1.5   2.5   3   35.45
1.5   2.5   4   30.45
1.5   2.5   5   33.7
1.5   2.5   6   35.2
1.5   2.5   7   30.15
1.5   2.5   8   29.85
1.5   2.5   9   29.5
1.5   2.5   10   36.45
1.5   2.5   11   32.05
1.5   2.5   12   29.15
1.5   2.5   13   25.85
1.5   2.5   14   37.4
1.5   2.5   15   32.65
1.5   2.5   16   34.6
1.5   2.5   17   30.15
1.5   2.5   18   32.7
1.5   2.5   19   30.4
1.5   2.5   20   26.05
1.5   2.5   21   28.3
1.5   2.5   22   38.75
1.5   2.5   23   31.55
1.5   2.5   24   32.15
1.5   2.5   25   31.7
1.5   2.5   26   33.5
1.5   2.5   27   27.4
1.5   2.5   28   33.5
1.5   2.5   29   39.8
1.5   2.5   30   27.8
1.5   2.75   1   37.7
1.5   2.75   2   40.3
1.5   2.75   3   31.45
1.5   2.75   4   39.45
1.5   2.75   5   34.15
1.5   2.75   6   41.75
1.5   2.75   7   39.5
1.5   2.75   8   36.95
1.5   2.75   9   33.6
1.5   2.75   10   41.25
1.5   2.75   11   28.65
1.5   2.75   12   37.35
1.5   2.75   13   40.4
1.5   2.75   14   38
1.5   2.75   15   32.4
1.5   2.75   16   36.25
1.5   2.75   17   39.6
1.5   2.75   18   32.55
1.5   2.75   19   41.05
1.5   2.75   20   38.6
1.5   2.75   21   31
1.5   2.75   22   41.85
1.5   2.75   23   31.1
1.5   2.75   24   30.15
1.5   2.75   25   33.15
1.5   2.75   26   33.9
1.5   2.75   27   34.35
1.5   2.75   28   39.05
1.5   2.75   29   37.8
1.5   2.75   30   31.05
1.5   3   1   35.65
1.5   3   2   40.15
1.5   3   3   36.2
1.5   3   4   43.9
1.5   3   5   40.2
1.5   3   6   47.2
1.5   3   7   33
1.5   3   8   44
1.5   3   9   40.45
1.5   3   10   33.6
1.5   3   11   41.75
1.5   3   12   43.15
1.5   3   13   36
1.5   3   14   31.15
1.5   3   15   44.8
1.5   3   16   42
1.5   3   17   40.55
1.5   3   18   40.25
1.5   3   19   48.3
1.5   3   20   43.6
1.5   3   21   35.4
1.5   3   22   49.75
1.5   3   23   42.3
1.5   3   24   49.8
1.5   3   25   48.75
1.5   3   26   37.15
1.5   3   27   40.85
1.5   3   28   37.7
1.5   3   29   44.5
1.5   3   30   46.3
1.5   3.25   1   38.95
1.5   3.25   2   45.1
1.5   3.25   3   50.85
1.5   3.25   4   44.4
1.5   3.25   5   41.65
1.5   3.25   6   49.45
1.5   3.25   7   46.1
1.5   3.25   8   40.55
1.5   3.25   9   54.75
1.5   3.25   10   41.8
1.5   3.25   11   42.55
1.5   3.25   12   47.05
1.5   3.25   13   41.8
1.5   3.25   14   41.45
1.5   3.25   15   39.9
1.5   3.25   16   48.45
1.5   3.25   17   44.6
1.5   3.25   18   45.15
1.5   3.25   19   44.6
1.5   3.25   20   39.1
1.5   3.25   21   45.4
1.5   3.25   22   44.65
1.5   3.25   23   50.6
1.5   3.25   24   46.85
1.5   3.25   25   32.1
1.5   3.25   26   45.95
1.5   3.25   27   45
1.5   3.25   28   45.55
1.5   3.25   29   46.65
1.5   3.25   30   44.3
1.5   3.5   1   48.5
1.5   3.5   2   47.75
1.5   3.5   3   49.85
1.5   3.5   4   50.35
1.5   3.5   5   50.1
1.5   3.5   6   48.8
1.5   3.5   7   43.45
1.5   3.5   8   48.8
1.5   3.5   9   46.1
1.5   3.5   10   48.6
1.5   3.5   11   51.7
1.5   3.5   12   45.5
1.5   3.5   13   61.45
1.5   3.5   14   54.3
1.5   3.5   15   50.65
1.5   3.5   16   56.25
1.5   3.5   17   55
1.5   3.5   18   41.25
1.5   3.5   19   52.9
1.5   3.5   20   39.6
1.5   3.5   21   41.8
1.5   3.5   22   50.15
1.5   3.5   23   48.1
1.5   3.5   24   43.5
1.5   3.5   25   66.25
1.5   3.5   26   42.05
1.5   3.5   27   47.2
1.5   3.5   28   56.25
1.5   3.5   29   58.35
1.5   3.5   30   55.85
1.5   3.75   1   60.5
1.5   3.75   2   48.8
1.5   3.75   3   50.5
1.5   3.75   4   43.9
1.5   3.75   5   56.8
1.5   3.75   6   58.25
1.5   3.75   7   44.85
1.5   3.75   8   56.3
1.5   3.75   9   60.55
1.5   3.75   10   53.65
1.5   3.75   11   49.3
1.5   3.75   12   51.25
1.5   3.75   13   47.1
1.5   3.75   14   59.85
1.5   3.75   15   51.55
1.5   3.75   16   56.7
1.5   3.75   17   48.75
1.5   3.75   18   48.95
1.5   3.75   19   56.1
1.5   3.75   20   51.9
1.5   3.75   21   53.05
1.5   3.75   22   50.25
1.5   3.75   23   47.25
1.5   3.75   24   45
1.5   3.75   25   52.3
1.5   3.75   26   43.9
1.5   3.75   27   41.05
1.5   3.75   28   59.25
1.5   3.75   29   57.75
1.5   3.75   30   58.4
1.5   4   1   51.3
1.5   4   2   54.8
1.5   4   3   54.2
1.5   4   4   57.2
1.5   4   5   63.65
1.5   4   6   41.45
1.5   4   7   55.35
1.5   4   8   46.45
1.5   4   9   52.25
1.5   4   10   44.9
1.5   4   11   56.85
1.5   4   12   52.05
1.5   4   13   67.15
1.5   4   14   46.2
1.5   4   15   55.55
1.5   4   16   58.3
1.5   4   17   62.35
1.5   4   18   52.1
1.5   4   19   53
1.5   4   20   53.05
1.5   4   21   55.85
1.5   4   22   53.45
1.5   4   23   54.95
1.5   4   24   57.1
1.5   4   25   61.85
1.5   4   26   45.8
1.5   4   27   58.25
1.5   4   28   66.55
1.5   4   29   48.15
1.5   4   30   59.45
1.5   4.25   1   54.85
1.5   4.25   2   53.55
1.5   4.25   3   62.5
1.5   4.25   4   54.25
1.5   4.25   5   61.7
1.5   4.25   6   53.35
1.5   4.25   7   50.9
1.5   4.25   8   61.8
1.5   4.25   9   56.05
1.5   4.25   10   43.1
1.5   4.25   11   54.3
1.5   4.25   12   42.95
1.5   4.25   13   51.65
1.5   4.25   14   51.25
1.5   4.25   15   54.95
1.5   4.25   16   60.15
1.5   4.25   17   54.75
1.5   4.25   18   61.95
1.5   4.25   19   55.1
1.5   4.25   20   61.7
1.5   4.25   21   59.3
1.5   4.25   22   56.5
1.5   4.25   23   55.4
1.5   4.25   24   58.05
1.5   4.25   25   49.05
1.5   4.25   26   60.85
1.5   4.25   27   59.95
1.5   4.25   28   49.3
1.5   4.25   29   43.95
1.5   4.25   30   48.85
1.5   4.5   1   49.95
1.5   4.5   2   63.35
1.5   4.5   3   57.65
1.5   4.5   4   54.45
1.5   4.5   5   48.75
1.5   4.5   6   49.8
1.5   4.5   7   65.6
1.5   4.5   8   48.5
1.5   4.5   9   58.85
1.5   4.5   10   56.3
1.5   4.5   11   61.95
1.5   4.5   12   53.3
1.5   4.5   13   59.35
1.5   4.5   14   55.05
1.5   4.5   15   54.6
1.5   4.5   16   50.25
1.5   4.5   17   52.2
1.5   4.5   18   57.25
1.5   4.5   19   51.25
1.5   4.5   20   55.7
1.5   4.5   21   56
1.5   4.5   22   50.3
1.5   4.5   23   53.4
1.5   4.5   24   57.25
1.5   4.5   25   55.55
1.5   4.5   26   58.2
1.5   4.5   27   57.65
1.5   4.5   28   59.75
1.5   4.5   29   59.3
1.5   4.5   30   58.85
1.5   4.75   1   64.5
1.5   4.75   2   60.7
1.5   4.75   3   52
1.5   4.75   4   48.9
1.5   4.75   5   63.25
1.5   4.75   6   54.4
1.5   4.75   7   62.35
1.5   4.75   8   61.3
1.5   4.75   9   63.95
1.5   4.75   10   56.25
1.5   4.75   11   63.9
1.5   4.75   12   53.85
1.5   4.75   13   58.7
1.5   4.75   14   52.4
1.5   4.75   15   56.85
1.5   4.75   16   63.15
1.5   4.75   17   46.8
1.5   4.75   18   57.85
1.5   4.75   19   57.6
1.5   4.75   20   65.05
1.5   4.75   21   55.85
1.5   4.75   22   55.5
1.5   4.75   23   50.8
1.5   4.75   24   50.6
1.5   4.75   25   56.25
1.5   4.75   26   57.2
1.5   4.75   27   60.45
1.5   4.75   28   52.7
1.5   4.75   29   48.6
1.5   4.75   30   57.15
1.5   5   1   62.95
1.5   5   2   54
1.5   5   3   53.85
1.5   5   4   55.3
1.5   5   5   61.6
1.5   5   6   52
1.5   5   7   54.65
1.5   5   8   59.55
1.5   5   9   56.7
1.5   5   10   57.85
1.5   5   11   62.05
1.5   5   12   64.35
1.5   5   13   62.65
1.5   5   14   55.6
1.5   5   15   55.7
1.5   5   16   51.1
1.5   5   17   53.1
1.5   5   18   53.9
1.5   5   19   56.3
1.5   5   20   57.4
1.5   5   21   55.4
1.5   5   22   57.65
1.5   5   23   55.7
1.5   5   24   63.3
1.5   5   25   49.95
1.5   5   26   53.55
1.5   5   27   58.25
1.5   5   28   70.6
1.5   5   29   48.85
1.5   5   30   58.6
1.5   5.25   1   66.45
1.5   5.25   2   51.15
1.5   5.25   3   45.45
1.5   5.25   4   57.05
1.5   5.25   5   57.25
1.5   5.25   6   60
1.5   5.25   7   63.1
1.5   5.25   8   53.4
1.5   5.25   9   57.25
1.5   5.25   10   63.25
1.5   5.25   11   64.35
1.5   5.25   12   60.15
1.5   5.25   13   59
1.5   5.25   14   47.05
1.5   5.25   15   62.1
1.5   5.25   16   55.7
1.5   5.25   17   63.25
1.5   5.25   18   67.3
1.5   5.25   19   49
1.5   5.25   20   50.65
1.5   5.25   21   62.75
1.5   5.25   22   50.65
1.5   5.25   23   50.15
1.5   5.25   24   54.65
1.5   5.25   25   55.55
1.5   5.25   26   55.25
1.5   5.25   27   55.9
1.5   5.25   28   56.05
1.5   5.25   29   60.05
1.5   5.25   30   57.45
1.5   5.5   1   59.8
1.5   5.5   2   51.25
1.5   5.5   3   56.05
1.5   5.5   4   55.55
1.5   5.5   5   57.7
1.5   5.5   6   60.15
1.5   5.5   7   61.75
1.5   5.5   8   50.3
1.5   5.5   9   67.35
1.5   5.5   10   62.05
1.5   5.5   11   61.4
1.5   5.5   12   59.45
1.5   5.5   13   58.65
1.5   5.5   14   53.6
1.5   5.5   15   50.4
1.5   5.5   16   62.45
1.5   5.5   17   56.65
1.5   5.5   18   62.25
1.5   5.5   19   67.8
1.5   5.5   20   51.2
1.5   5.5   21   57.2
1.5   5.5   22   58.75
1.5   5.5   23   62.4
1.5   5.5   24   56.05
1.5   5.5   25   56.15
1.5   5.5   26   62.95
1.5   5.5   27   50.6
1.5   5.5   28   60.35
1.5   5.5   29   63.7
1.5   5.5   30   67.05
1.5   5.75   1   52.45
1.5   5.75   2   54.55
1.5   5.75   3   65.55
1.5   5.75   4   53
1.5   5.75   5   59.25
1.5   5.75   6   53.75
1.5   5.75   7   61.5
1.5   5.75   8   46.15
1.5   5.75   9   46.95
1.5   5.75   10   55.8
1.5   5.75   11   57.4
1.5   5.75   12   61.3
1.5   5.75   13   55.8
1.5   5.75   14   57.85
1.5   5.75   15   56.65
1.5   5.75   16   54.25
1.5   5.75   17   54.1
1.5   5.75   18   57.85
1.5   5.75   19   50.15
1.5   5.75   20   46.85
1.5   5.75   21   64.9
1.5   5.75   22   53.8
1.5   5.75   23   56.25
1.5   5.75   24   55.4
1.5   5.75   25   48.05
1.5   5.75   26   55.35
1.5   5.75   27   61.85
1.5   5.75   28   68.6
1.5   5.75   29   62
1.5   5.75   30   56.5
1.5   6   1   53.6
1.5   6   2   60
1.5   6   3   57.5
1.5   6   4   60.3
1.5   6   5   58.35
1.5   6   6   50
1.5   6   7   64.45
1.5   6   8   64.25
1.5   6   9   52
1.5   6   10   54.25
1.5   6   11   65.45
1.5   6   12   73.65
1.5   6   13   52.4
1.5   6   14   53.65
1.5   6   15   56.65
1.5   6   16   59.25
1.5   6   17   56.35
1.5   6   18   61.45
1.5   6   19   54.3
1.5   6   20   60.25
1.5   6   21   55.65
1.5   6   22   61.65
1.5   6   23   58.95
1.5   6   24   60.8
1.5   6   25   58.85
1.5   6   26   60.8
1.5   6   27   57.6
1.5   6   28   63.7
1.5   6   29   58.1
1.5   6   30   58.8
2   0.5   1   72.75
2   0.5   2   74.45
2   0.5   3   71.5
2   0.5   4   77.75
2   0.5   5   78.1
2   0.5   6   75.1
2   0.5   7   74.8
2   0.5   8   75.45
2   0.5   9   78.6
2   0.5   10   72.9
2   0.5   11   74
2   0.5   12   74.4
2   0.5   13   73
2   0.5   14   76.55
2   0.5   15   73.6
2   0.5   16   75.05
2   0.5   17   74.45
2   0.5   18   77.7
2   0.5   19   73.25
2   0.5   20   76.1
2   0.5   21   71.55
2   0.5   22   74.8
2   0.5   23   75.1
2   0.5   24   72.2
2   0.5   25   74.7
2   0.5   26   73.9
2   0.5   27   74.75
2   0.5   28   72.3
2   0.5   29   76.65
2   0.5   30   73.45
2   0.75   1   49.1
2   0.75   2   50.3
2   0.75   3   47.85
2   0.75   4   47.65
2   0.75   5   49
2   0.75   6   49.25
2   0.75   7   49.25
2   0.75   8   47.8
2   0.75   9   50.1
2   0.75   10   49.05
2   0.75   11   51.5
2   0.75   12   50.25
2   0.75   13   47.75
2   0.75   14   50.25
2   0.75   15   46.95
2   0.75   16   49.8
2   0.75   17   52.05
2   0.75   18   49.2
2   0.75   19   49.95
2   0.75   20   49.45
2   0.75   21   49.75
2   0.75   22   47.6
2   0.75   23   47
2   0.75   24   49.7
2   0.75   25   48.95
2   0.75   26   48.45
2   0.75   27   49.45
2   0.75   28   52.45
2   0.75   29   49.95
2   0.75   30   49.2
2   1   1   36.4
2   1   2   37.25
2   1   3   37.75
2   1   4   37.2
2   1   5   38.15
2   1   6   36.9
2   1   7   36.8
2   1   8   36.35
2   1   9   36.2
2   1   10   35.5
2   1   11   37.15
2   1   12   36.1
2   1   13   35.85
2   1   14   35.75
2   1   15   38.15
2   1   16   36.4
2   1   17   35.25
2   1   18   36.8
2   1   19   37.85
2   1   20   36.05
2   1   21   36.6
2   1   22   36.4
2   1   23   36.65
2   1   24   37.1
2   1   25   37.05
2   1   26   37.05
2   1   27   37
2   1   28   36.65
2   1   29   35.65
2   1   30   36.1
2   1.25   1   29.55
2   1.25   2   28.05
2   1.25   3   30.3
2   1.25   4   29.8
2   1.25   5   29.45
2   1.25   6   30.55
2   1.25   7   30.8
2   1.25   8   30.3
2   1.25   9   31.35
2   1.25   10   29.65
2   1.25   11   29.05
2   1.25   12   29.1
2   1.25   13   29.1
2   1.25   14   30
2   1.25   15   29.15
2   1.25   16   30.6
2   1.25   17   28.6
2   1.25   18   29.3
2   1.25   19   30.3
2   1.25   20   28.8
2   1.25   21   29.05
2   1.25   22   29.45
2   1.25   23   29.8
2   1.25   24   29.45
2   1.25   25   28.65
2   1.25   26   29.55
2   1.25   27   29.2
2   1.25   28   29.7
2   1.25   29   29.8
2   1.25   30   30.2
2   1.5   1   25.9
2   1.5   2   24.45
2   1.5   3   25.7
2   1.5   4   25.7
2   1.5   5   25.6
2   1.5   6   24.45
2   1.5   7   26.95
2   1.5   8   25.4
2   1.5   9   25.3
2   1.5   10   26.7
2   1.5   11   24.95
2   1.5   12   27.15
2   1.5   13   25.95
2   1.5   14   25.5
2   1.5   15   24.15
2   1.5   16   25.8
2   1.5   17   26.2
2   1.5   18   26.65
2   1.5   19   26.1
2   1.5   20   25.85
2   1.5   21   25.55
2   1.5   22   24.5
2   1.5   23   27.15
2   1.5   24   26.45
2   1.5   25   26.6
2   1.5   26   25.55
2   1.5   27   25.5
2   1.5   28   26.4
2   1.5   29   24.6
2   1.5   30   25.05
2   1.75   1   24.15
2   1.75   2   23.85
2   1.75   3   25.75
2   1.75   4   24.65
2   1.75   5   24.9
2   1.75   6   22.7
2   1.75   7   23.3
2   1.75   8   24.2
2   1.75   9   25.55
2   1.75   10   23.45
2   1.75   11   22.6
2   1.75   12   23.95
2   1.75   13   25.8
2   1.75   14   25.25
2   1.75   15   22.9
2   1.75   16   22.95
2   1.75   17   23.3
2   1.75   18   24.8
2   1.75   19   23.45
2   1.75   20   25.2
2   1.75   21   25.1
2   1.75   22   26.35
2   1.75   23   23.85
2   1.75   24   24.9
2   1.75   25   24.05
2   1.75   26   26.05
2   1.75   27   25.3
2   1.75   28   23.7
2   1.75   29   23.4
2   1.75   30   25.45
2   2   1   24.5
2   2   2   24.35
2   2   3   22.95
2   2   4   24.9
2   2   5   21.1
2   2   6   23.5
2   2   7   25.95
2   2   8   22.85
2   2   9   24.2
2   2   10   23.7
2   2   11   26.4
2   2   12   22.45
2   2   13   24.2
2   2   14   28.05
2   2   15   23.65
2   2   16   24.75
2   2   17   25.75
2   2   18   25.65
2   2   19   26.3
2   2   20   23.6
2   2   21   27.1
2   2   22   22.65
2   2   23   28.6
2   2   24   24.5
2   2   25   23.55
2   2   26   22.05
2   2   27   25.45
2   2   28   26.75
2   2   29   22.3
2   2   30   25.55
2   2.25   1   29.95
2   2.25   2   28.7
2   2.25   3   30.65
2   2.25   4   28.15
2   2.25   5   24.85
2   2.25   6   29
2   2.25   7   25.95
2   2.25   8   29.25
2   2.25   9   23.45
2   2.25   10   29.65
2   2.25   11   27.25
2   2.25   12   23.6
2   2.25   13   27.5
2   2.25   14   26.85
2   2.25   15   25.15
2   2.25   16   26.1
2   2.25   17   28.8
2   2.25   18   31.7
2   2.25   19   27.35
2   2.25   20   25.2
2   2.25   21   26
2   2.25   22   28.85
2   2.25   23   26.15
2   2.25   24   23.3
2   2.25   25   28.6
2   2.25   26   26.65
2   2.25   27   25.5
2   2.25   28   27.9
2   2.25   29   31.25
2   2.25   30   30.35
2   2.5   1   25.8
2   2.5   2   33.05
2   2.5   3   35.05
2   2.5   4   27.05
2   2.5   5   24.4
2   2.5   6   27.2
2   2.5   7   32.65
2   2.5   8   29.85
2   2.5   9   30.1
2   2.5   10   26
2   2.5   11   31.65
2   2.5   12   28.85
2   2.5   13   34.3
2   2.5   14   36
2   2.5   15   28.55
2   2.5   16   29.8
2   2.5   17   32.4
2   2.5   18   30.4
2   2.5   19   29.15
2   2.5   20   29.65
2   2.5   21   32.9
2   2.5   22   31.35
2   2.5   23   28.05
2   2.5   24   32.85
2   2.5   25   30.55
2   2.5   26   33.45
2   2.5   27   34.5
2   2.5   28   32.9
2   2.5   29   33.3
2   2.5   30   39.1
2   2.75   1   38.2
2   2.75   2   37.05
2   2.75   3   33.85
2   2.75   4   37.65
2   2.75   5   30.1
2   2.75   6   28.8
2   2.75   7   34.3
2   2.75   8   36.7
2   2.75   9   33.8
2   2.75   10   36.25
2   2.75   11   37.95
2   2.75   12   41.05
2   2.75   13   41.85
2   2.75   14   38.65
2   2.75   15   37.95
2   2.75   16   34.95
2   2.75   17   31.15
2   2.75   18   37.4
2   2.75   19   42.3
2   2.75   20   30.2
2   2.75   21   37.3
2   2.75   22   37.75
2   2.75   23   35.2
2   2.75   24   44.6
2   2.75   25   44.9
2   2.75   26   32.2
2   2.75   27   39.95
2   2.75   28   31.3
2   2.75   29   40.35
2   2.75   30   36.55
2   3   1   43.35
2   3   2   39.1
2   3   3   46.9
2   3   4   47.65
2   3   5   40
2   3   6   46.5
2   3   7   37.4
2   3   8   40.6
2   3   9   33.6
2   3   10   34.2
2   3   11   41.15
2   3   12   40.8
2   3   13   36.6
2   3   14   40.05
2   3   15   34.45
2   3   16   38.2
2   3   17   37.6
2   3   18   36.7
2   3   19   40.5
2   3   20   43.6
2   3   21   42.9
2   3   22   44.2
2   3   23   41.55
2   3   24   46.55
2   3   25   40.5
2   3   26   47.2
2   3   27   48.6
2   3   28   34.95
2   3   29   36.5
2   3   30   43.4
2   3.25   1   43.5
2   3.25   2   34.5
2   3.25   3   51.25
2   3.25   4   50.2
2   3.25   5   46.3
2   3.25   6   46.65
2   3.25   7   37.7
2   3.25   8   41.5
2   3.25   9   44.9
2   3.25   10   39.5
2   3.25   11   45.55
2   3.25   12   42.8
2   3.25   13   36.75
2   3.25   14   43.85
2   3.25   15   44.15
2   3.25   16   44.1
2   3.25   17   53.9
2   3.25   18   40.9
2   3.25   19   49.1
2   3.25   20   46.95
2   3.25   21   46.55
2   3.25   22   47
2   3.25   23   45.75
2   3.25   24   41.05
2   3.25   25   47.05
2   3.25   26   36.95
2   3.25   27   41.25
2   3.25   28   42.9
2   3.25   29   39.65
2   3.25   30   43.6
2   3.5   1   52.9
2   3.5   2   41.65
2   3.5   3   42.8
2   3.5   4   44.65
2   3.5   5   71.8
2   3.5   6   48.65
2   3.5   7   55.2
2   3.5   8   50.9
2   3.5   9   50.35
2   3.5   10   46.65
2   3.5   11   44.9
2   3.5   12   53.4
2   3.5   13   45.6
2   3.5   14   51.65
2   3.5   15   49.9
2   3.5   16   44.8
2   3.5   17   48.7
2   3.5   18   48.35
2   3.5   19   39.15
2   3.5   20   49.15
2   3.5   21   42.45
2   3.5   22   51.9
2   3.5   23   48.95
2   3.5   24   52.75
2   3.5   25   46.95
2   3.5   26   45.2
2   3.5   27   55.15
2   3.5   28   43.15
2   3.5   29   52
2   3.5   30   48.9
2   3.75   1   55.15
2   3.75   2   49.75
2   3.75   3   44.3
2   3.75   4   53.55
2   3.75   5   54.45
2   3.75   6   42.65
2   3.75   7   42.8
2   3.75   8   49.8
2   3.75   9   42.4
2   3.75   10   52.95
2   3.75   11   49.85
2   3.75   12   46.75
2   3.75   13   50.6
2   3.75   14   43.1
2   3.75   15   50.2
2   3.75   16   44.9
2   3.75   17   45.85
2   3.75   18   47.7
2   3.75   19   44.65
2   3.75   20   51.55
2   3.75   21   60.1
2   3.75   22   60.9
2   3.75   23   55.7
2   3.75   24   51.35
2   3.75   25   52.95
2   3.75   26   41.35
2   3.75   27   53.3
2   3.75   28   53.4
2   3.75   29   46.95
2   3.75   30   49.4
2   4   1   47.5
2   4   2   61.55
2   4   3   44.05
2   4   4   55.15
2   4   5   61.55
2   4   6   49.35
2   4   7   52.6
2   4   8   53.95
2   4   9   51.3
2   4   10   58.2
2   4   11   45.1
2   4   12   56.55
2   4   13   49.7
2   4   14   58.85
2   4   15   55.75
2   4   16   53.8
2   4   17   55.4
2   4   18   45.8
2   4   19   55.15
2   4   20   48.7
2   4   21   50.85
2   4   22   41.8
2   4   23   55.85
2   4   24   62.75
2   4   25   45.75
2   4   26   54.9
2   4   27   53.4
2   4   28   51.85
2   4   29   50.5
2   4   30   57.25
2   4.25   1   56.5
2   4.25   2   47.6
2   4.25   3   54.55
2   4.25   4   52.05
2   4.25   5   65.95
2   4.25   6   60.65
2   4.25   7   62.25
2   4.25   8   55.2
2   4.25   9   50.1
2   4.25   10   58.85
2   4.25   11   56.15
2   4.25   12   60.2
2   4.25   13   45.75
2   4.25   14   52.45
2   4.25   15   61.25
2   4.25   16   50.35
2   4.25   17   57.05
2   4.25   18   49.95
2   4.25   19   49.8
2   4.25   20   59.55
2   4.25   21   55.25
2   4.25   22   60.85
2   4.25   23   52.6
2   4.25   24   47.45
2   4.25   25   61
2   4.25   26   50.05
2   4.25   27   42.3
2   4.25   28   56.25
2   4.25   29   61.35
2   4.25   30   57.2
2   4.5   1   50.8
2   4.5   2   58.3
2   4.5   3   61.95
2   4.5   4   56.65
2   4.5   5   44.15
2   4.5   6   45.75
2   4.5   7   50.55
2   4.5   8   60.2
2   4.5   9   49.8
2   4.5   10   54.9
2   4.5   11   66.1
2   4.5   12   54.35
2   4.5   13   53.05
2   4.5   14   54.1
2   4.5   15   67.35
2   4.5   16   64.4
2   4.5   17   58.75
2   4.5   18   56.45
2   4.5   19   62.8
2   4.5   20   56.9
2   4.5   21   58.5
2   4.5   22   63
2   4.5   23   45.45
2   4.5   24   47.6
2   4.5   25   62.65
2   4.5   26   69
2   4.5   27   52.2
2   4.5   28   62.05
2   4.5   29   63.6
2   4.5   30   54.2
2   4.75   1   58.8
2   4.75   2   62.55
2   4.75   3   59.7
2   4.75   4   60
2   4.75   5   55.85
2   4.75   6   54.3
2   4.75   7   62.9
2   4.75   8   57.2
2   4.75   9   54.85
2   4.75   10   48.8
2   4.75   11   47.9
2   4.75   12   59.6
2   4.75   13   60.95
2   4.75   14   52.2
2   4.75   15   58.65
2   4.75   16   60.55
2   4.75   17   51.15
2   4.75   18   55.15
2   4.75   19   54.25
2   4.75   20   59.2
2   4.75   21   56.5
2   4.75   22   57.1
2   4.75   23   47.1
2   4.75   24   53.1
2   4.75   25   50.55
2   4.75   26   53.7
2   4.75   27   61.95
2   4.75   28   57
2   4.75   29   43.3
2   4.75   30   56.8
2   5   1   65.85
2   5   2   62.1
2   5   3   54.4
2   5   4   57.2
2   5   5   73.5
2   5   6   61.5
2   5   7   60.45
2   5   8   57.8
2   5   9   69.9
2   5   10   63
2   5   11   55.45
2   5   12   48.5
2   5   13   65.5
2   5   14   66.65
2   5   15   62.3
2   5   16   54.95
2   5   17   64.45
2   5   18   51.7
2   5   19   56
2   5   20   69.4
2   5   21   60.45
2   5   22   61.4
2   5   23   49.6
2   5   24   56.8
2   5   25   59.15
2   5   26   53.2
2   5   27   47.7
2   5   28   56.85
2   5   29   57
2   5   30   59.8
2   5.25   1   59.9
2   5.25   2   60.75
2   5.25   3   53.05
2   5.25   4   63.4
2   5.25   5   58.1
2   5.25   6   65.15
2   5.25   7   55.8
2   5.25   8   53.8
2   5.25   9   59.15
2   5.25   10   58.75
2   5.25   11   56.2
2   5.25   12   52.9
2   5.25   13   59.2
2   5.25   14   60.65
2   5.25   15   54.85
2   5.25   16   45.4
2   5.25   17   55.7
2   5.25   18   68.3
2   5.25   19   60.2
2   5.25   20   60.5
2   5.25   21   56.85
2   5.25   22   65.15
2   5.25   23   56.85
2   5.25   24   47.6
2   5.25   25   58
2   5.25   26   61.8
2   5.25   27   48.3
2   5.25   28   50.35
2   5.25   29   57.35
2   5.25   30   53.75
2   5.5   1   51.25
2   5.5   2   64.5
2   5.5   3   51.15
2   5.5   4   56.8
2   5.5   5   67.3
2   5.5   6   56.35
2   5.5   7   60.4
2   5.5   8   66.2
2   5.5   9   65.1
2   5.5   10   60.2
2   5.5   11   67.45
2   5.5   12   56.15
2   5.5   13   63.25
2   5.5   14   48.15
2   5.5   15   59.7
2   5.5   16   53.95
2   5.5   17   58.8
2   5.5   18   51.5
2   5.5   19   61.4
2   5.5   20   62.5
2   5.5   21   46.7
2   5.5   22   60.5
2   5.5   23   62.05
2   5.5   24   62.9
2   5.5   25   55.1
2   5.5   26   55.3
2   5.5   27   66.65
2   5.5   28   59.15
2   5.5   29   46.1
2   5.5   30   67.5
2   5.75   1   60.15
2   5.75   2   60
2   5.75   3   62.2
2   5.75   4   59.55
2   5.75   5   63.15
2   5.75   6   67.8
2   5.75   7   54.05
2   5.75   8   58.25
2   5.75   9   59.05
2   5.75   10   51.9
2   5.75   11   53.3
2   5.75   12   58.35
2   5.75   13   63.85
2   5.75   14   53.35
2   5.75   15   57.45
2   5.75   16   57.6
2   5.75   17   64.55
2   5.75   18   61.7
2   5.75   19   61.45
2   5.75   20   52.75
2   5.75   21   59.15
2   5.75   22   62.6
2   5.75   23   58.05
2   5.75   24   63.5
2   5.75   25   51.45
2   5.75   26   57.2
2   5.75   27   63.65
2   5.75   28   59.95
2   5.75   29   56.95
2   5.75   30   61.4
2   6   1   55.5
2   6   2   56.1
2   6   3   68
2   6   4   60.15
2   6   5   58.6
2   6   6   57.45
2   6   7   62.55
2   6   8   59.7
2   6   9   66.85
2   6   10   58.8
2   6   11   49.3
2   6   12   58.55
2   6   13   61.05
2   6   14   64.1
2   6   15   64.4
2   6   16   57.15
2   6   17   64.2
2   6   18   65.9
2   6   19   61.3
2   6   20   62.55
2   6   21   63.1
2   6   22   61.1
2   6   23   58.85
2   6   24   51.35
2   6   25   58.15
2   6   26   56.25
2   6   27   62.85
2   6   28   69.3
2   6   29   55.05
2   6   30   51.65
