1   6   1   57.4
1   6   2   59.35
1   6   3   68.65
1   6   4   64.2
1   6   5   62.65
1   6   6   54
1   6   7   50.1
1   6   8   54.4
1   6   9   67.35
1   6   10   58.25
1   6   11   50.65
1   6   12   60.25
1   6   13   60.4
1   6   14   64.1
1   6   15   56.85
1   6   16   52
1   6   17   64.8
1   6   18   65
1   6   19   62.55
1   6   20   61.25
1   6   21   69.05
1   6   22   67
1   6   23   60.15
1   6   24   56.65
1   6   25   58.6
1   6   26   61.95
1   6   27   59.6
1   6   28   65.3
1   6   29   65.45
1   6   30   53.6
1   7   1   57.55
1   7   2   54.45
1   7   3   59.55
1   7   4   61.1
1   7   5   61.75
1   7   6   56
1   7   7   58.1
1   7   8   52.25
1   7   9   67.2
1   7   10   66.15
1   7   11   52.8
1   7   12   53.25
1   7   13   57.1
1   7   14   59.25
1   7   15   58.4
1   7   16   56.25
1   7   17   61.05
1   7   18   58
1   7   19   70
1   7   20   60.45
1   7   21   58.45
1   7   22   59.75
1   7   23   66.3
1   7   24   53.6
1   7   25   56.3
1   7   26   60.35
1   7   27   54.35
1   7   28   53.9
1   7   29   55.35
1   7   30   64.55
1   8   1   52.55
1   8   2   53.55
1   8   3   64.05
1   8   4   58.15
1   8   5   53.5
1   8   6   55.7
1   8   7   59.25
1   8   8   55.4
1   8   9   54.1
1   8   10   62.2
1   8   11   54.45
1   8   12   53
1   8   13   54.85
1   8   14   50.2
1   8   15   62.4
1   8   16   59.2
1   8   17   56.35
1   8   18   58.95
1   8   19   57.4
1   8   20   60.5
1   8   21   58.05
1   8   22   60.85
1   8   23   61.95
1   8   24   55.05
1   8   25   57
1   8   26   58.5
1   8   27   54.35
1   8   28   54.25
1   8   29   58.35
1   8   30   55.15
1   10   1   50.55
1   10   2   52.45
1   10   3   48.65
1   10   4   51.25
1   10   5   43.7
1   10   6   52.1
1   10   7   46.5
1   10   8   45.3
1   10   9   53.5
1   10   10   49.8
1   10   11   49
1   10   12   49.65
1   10   13   52
1   10   14   45.85
1   10   15   49.7
1   10   16   56.05
1   10   17   45.7
1   10   18   48.65
1   10   19   54.05
1   10   20   47.3
1   10   21   42.7
1   10   22   50.3
1   10   23   51.7
1   10   24   46.95
1   10   25   51.7
1   10   26   48.15
1   10   27   45.65
1   10   28   50.25
1   10   29   47.75
1   10   30   47.3
1   12   1   45.4
1   12   2   44.55
1   12   3   45.15
1   12   4   51.25
1   12   5   48.6
1   12   6   42.9
1   12   7   46.65
1   12   8   46.3
1   12   9   44.35
1   12   10   46.1
1   12   11   45.4
1   12   12   43.1
1   12   13   46.4
1   12   14   44.75
1   12   15   39.1
1   12   16   47.05
1   12   17   43.85
1   12   18   46.7
1   12   19   49.9
1   12   20   44.35
1   12   21   41.8
1   12   22   42.55
1   12   23   46.5
1   12   24   41.45
1   12   25   47.95
1   12   26   42.75
1   12   27   42.85
1   12   28   44.25
1   12   29   46.55
1   12   30   43.9
