0   8.25   1   31.4
0   8.25   2   29.15
0   8.25   3   28.9
0   8.25   4   27.55
0   8.25   5   30.7
0   8.25   6   28.25
0   8.25   7   25.15
0   8.25   8   29.1
0   8.25   9   30.75
0   8.25   10   34.85
0   8.25   11   28.85
0   8.25   12   26.6
0   8.25   13   27.65
0   8.25   14   29.25
0   8.25   15   27.9
0   8.25   16   30.65
0   8.25   17   31.3
0   8.25   18   27.1
0   8.25   19   30.35
0   8.25   20   27.45
0   8.25   21   31.75
0   8.25   22   31.1
0   8.25   23   28.6
0   8.25   24   29.35
0   8.25   25   32.55
0   8.25   26   32.15
0   8.25   27   32.05
0   8.25   28   25
0   8.25   29   30.3
0   8.25   30   27.7
0   8.5   1   29
0   8.5   2   30.3
0   8.5   3   31.3
0   8.5   4   28.15
0   8.5   5   29.2
0   8.5   6   28.25
0   8.5   7   27.2
0   8.5   8   28.3
0   8.5   9   28
0   8.5   10   32.05
0   8.5   11   27.55
0   8.5   12   26.75
0   8.5   13   25.65
0   8.5   14   25.95
0   8.5   15   29.9
0   8.5   16   28.6
0   8.5   17   29.25
0   8.5   18   29.8
0   8.5   19   28.9
0   8.5   20   27.15
0   8.5   21   28.25
0   8.5   22   26.05
0   8.5   23   33.15
0   8.5   24   32.95
0   8.5   25   32.75
0   8.5   26   28.55
0   8.5   27   28.25
0   8.5   28   31.75
0   8.5   29   32.1
0   8.5   30   28.85
0   8.75   1   27.7
0   8.75   2   29.7
0   8.75   3   27.45
0   8.75   4   28.3
0   8.75   5   28.45
0   8.75   6   28.6
0   8.75   7   26.4
0   8.75   8   29.8
0   8.75   9   28.55
0   8.75   10   26.4
0   8.75   11   29.95
0   8.75   12   29.1
0   8.75   13   31.25
0   8.75   14   30.25
0   8.75   15   27.6
0   8.75   16   26.55
0   8.75   17   29.45
0   8.75   18   29
0   8.75   19   28.05
0   8.75   20   28.7
0   8.75   21   23.9
0   8.75   22   28.6
0   8.75   23   27.3
0   8.75   24   27.85
0   8.75   25   29.85
0   8.75   26   28.6
0   8.75   27   27.55
0   8.75   28   28.6
0   8.75   29   31.7
0   8.75   30   26.95
0   9   1   25.8
0   9   2   25.9
0   9   3   27.9
0   9   4   26.7
0   9   5   28.7
0   9   6   28.35
0   9   7   27.75
0   9   8   27.5
0   9   9   28.35
0   9   10   27.05
0   9   11   25.35
0   9   12   28.4
0   9   13   29
0   9   14   29.1
0   9   15   27
0   9   16   26.7
0   9   17   30.8
0   9   18   28.3
0   9   19   27.3
0   9   20   27.3
0   9   21   28.65
0   9   22   29.75
0   9   23   29.45
0   9   24   28.35
0   9   25   29
0   9   26   27.65
0   9   27   29.35
0   9   28   28
0   9   29   28.8
0   9   30   25
0   9.25   1   28.65
0   9.25   2   27.2
0   9.25   3   27.1
0   9.25   4   26.2
0   9.25   5   27.2
0   9.25   6   25
0   9.25   7   26.85
0   9.25   8   32.25
0   9.25   9   25.7
0   9.25   10   27.65
0   9.25   11   28.5
0   9.25   12   28.35
0   9.25   13   27.9
0   9.25   14   29.1
0   9.25   15   28
0   9.25   16   25.9
0   9.25   17   28.05
0   9.25   18   25.6
0   9.25   19   28.5
0   9.25   20   25.85
0   9.25   21   28.25
0   9.25   22   27.95
0   9.25   23   25.6
0   9.25   24   28.35
0   9.25   25   27.9
0   9.25   26   25.8
0   9.25   27   28.8
0   9.25   28   26.95
0   9.25   29   26.75
0   9.25   30   27.3
0   9.5   1   27.95
0   9.5   2   26.35
0   9.5   3   28.15
0   9.5   4   24.45
0   9.5   5   25.5
0   9.5   6   24.2
0   9.5   7   27.95
0   9.5   8   25.35
0   9.5   9   25.65
0   9.5   10   28.05
0   9.5   11   27.3
0   9.5   12   29.65
0   9.5   13   29.05
0   9.5   14   27.8
0   9.5   15   26.95
0   9.5   16   26.65
0   9.5   17   28.2
0   9.5   18   26.9
0   9.5   19   26.65
0   9.5   20   26.15
0   9.5   21   26.9
0   9.5   22   26.95
0   9.5   23   28.05
0   9.5   24   28.2
0   9.5   25   30.1
0   9.5   26   23.05
0   9.5   27   28.4
0   9.5   28   24.75
0   9.5   29   27.55
0   9.5   30   29.25
0   9.75   1   27.2
0   9.75   2   27.2
0   9.75   3   26.8
0   9.75   4   26.2
0   9.75   5   24.75
0   9.75   6   27.1
0   9.75   7   28.5
0   9.75   8   27
0   9.75   9   23.35
0   9.75   10   27.85
0   9.75   11   22.2
0   9.75   12   28.05
0   9.75   13   26.35
0   9.75   14   27.65
0   9.75   15   28.6
0   9.75   16   27
0   9.75   17   27.95
0   9.75   18   24.6
0   9.75   19   28.55
0   9.75   20   26.65
0   9.75   21   28.8
0   9.75   22   24.85
0   9.75   23   29.9
0   9.75   24   29.05
0   9.75   25   25.6
0   9.75   26   27.4
0   9.75   27   25.1
0   9.75   28   27.05
0   9.75   29   29.3
0   9.75   30   24
0   10   1   25.55
0   10   2   22.5
0   10   3   25.55
0   10   4   25.95
0   10   5   28.65
0   10   6   26.4
0   10   7   25.1
0   10   8   25.45
0   10   9   21.95
0   10   10   26
0   10   11   24.3
0   10   12   26.6
0   10   13   24.55
0   10   14   26.95
0   10   15   23.7
0   10   16   24
0   10   17   27.65
0   10   18   24.05
0   10   19   27.6
0   10   20   26.35
0   10   21   30.75
0   10   22   25.3
0   10   23   27.55
0   10   24   29.65
0   10   25   22.7
0   10   26   24
0   10   27   27.25
0   10   28   25.8
0   10   29   22.75
0   10   30   26.3
0   10.25   1   23.8
0   10.25   2   25.9
0   10.25   3   25
0   10.25   4   23.25
0   10.25   5   27.85
0   10.25   6   24.4
0   10.25   7   22.85
0   10.25   8   26.2
0   10.25   9   23.8
0   10.25   10   26.3
0   10.25   11   24.65
0   10.25   12   27.5
0   10.25   13   22.95
0   10.25   14   25.1
0   10.25   15   27.25
0   10.25   16   25.8
0   10.25   17   23.7
0   10.25   18   26.85
0   10.25   19   28.45
0   10.25   20   27.6
0   10.25   21   29
0   10.25   22   25.65
0   10.25   23   23.95
0   10.25   24   27.95
0   10.25   25   25.65
0   10.25   26   23.35
0   10.25   27   27.3
0   10.25   28   27.3
0   10.25   29   25.95
0   10.25   30   23.4
0   10.5   1   29
0   10.5   2   24.2
0   10.5   3   23.3
0   10.5   4   22.15
0   10.5   5   27.4
0   10.5   6   26.7
0   10.5   7   24.85
0   10.5   8   25.2
0   10.5   9   24.85
0   10.5   10   23.55
0   10.5   11   26.3
0   10.5   12   28.55
0   10.5   13   25.3
0   10.5   14   25.4
0   10.5   15   24
0   10.5   16   25.75
0   10.5   17   26.05
0   10.5   18   27.2
0   10.5   19   29.2
0   10.5   20   26.8
0   10.5   21   26.35
0   10.5   22   24.45
0   10.5   23   23.9
0   10.5   24   24.65
0   10.5   25   24.9
0   10.5   26   23.85
0   10.5   27   23.8
0   10.5   28   23.45
0   10.5   29   26.8
0   10.5   30   21.4
0   10.75   1   26.65
0   10.75   2   23.95
0   10.75   3   23.3
0   10.75   4   24.6
0   10.75   5   26.3
0   10.75   6   26.95
0   10.75   7   24.65
0   10.75   8   25.2
0   10.75   9   26.95
0   10.75   10   24.5
0   10.75   11   25.35
0   10.75   12   26.15
0   10.75   13   22.45
0   10.75   14   23.3
0   10.75   15   25.55
0   10.75   16   23.5
0   10.75   17   26.5
0   10.75   18   25.45
0   10.75   19   24.4
0   10.75   20   25.55
0   10.75   21   25.25
0   10.75   22   23.45
0   10.75   23   22.45
0   10.75   24   24.35
0   10.75   25   24.3
0   10.75   26   26
0   10.75   27   22.05
0   10.75   28   23.1
0   10.75   29   25.5
0   10.75   30   24.4
0   11   1   25.1
0   11   2   22.85
0   11   3   22.8
0   11   4   26.2
0   11   5   24.05
0   11   6   27.05
0   11   7   22.35
0   11   8   25.35
0   11   9   24.7
0   11   10   22.8
0   11   11   23.7
0   11   12   23.15
0   11   13   24.3
0   11   14   23.85
0   11   15   24
0   11   16   23.9
0   11   17   23.4
0   11   18   24.8
0   11   19   24.65
0   11   20   23.85
0   11   21   24.5
0   11   22   22.7
0   11   23   22.65
0   11   24   24.45
0   11   25   23.75
0   11   26   23.9
0   11   27   22
0   11   28   23.65
0   11   29   25.65
0   11   30   24.9
0   11.25   1   26.5
0   11.25   2   25.05
0   11.25   3   22.7
0   11.25   4   23.85
0   11.25   5   24.45
0   11.25   6   23.5
0   11.25   7   23.95
0   11.25   8   24.45
0   11.25   9   22.1
0   11.25   10   22.6
0   11.25   11   26.25
0   11.25   12   22.9
0   11.25   13   23.85
0   11.25   14   24.8
0   11.25   15   22.55
0   11.25   16   24.7
0   11.25   17   23.4
0   11.25   18   24.25
0   11.25   19   23.55
0   11.25   20   25.6
0   11.25   21   23.95
0   11.25   22   25.7
0   11.25   23   22.7
0   11.25   24   26.25
0   11.25   25   20.95
0   11.25   26   24.25
0   11.25   27   22.25
0   11.25   28   24.1
0   11.25   29   27.35
0   11.25   30   23.7
0   11.5   1   25.2
0   11.5   2   21.3
0   11.5   3   22.55
0   11.5   4   22.65
0   11.5   5   25.7
0   11.5   6   22.85
0   11.5   7   21.25
0   11.5   8   20.75
0   11.5   9   20.85
0   11.5   10   20.35
0   11.5   11   22.5
0   11.5   12   22.5
0   11.5   13   25.8
0   11.5   14   22.7
0   11.5   15   22.5
0   11.5   16   21.8
0   11.5   17   25.9
0   11.5   18   23.7
0   11.5   19   21.65
0   11.5   20   22.65
0   11.5   21   22.75
0   11.5   22   21
0   11.5   23   24.45
0   11.5   24   21.55
0   11.5   25   21.85
0   11.5   26   23.65
0   11.5   27   24
0   11.5   28   24
0   11.5   29   23.75
0   11.5   30   22.25
0   11.75   1   25.85
0   11.75   2   23
0   11.75   3   24.55
0   11.75   4   23.1
0   11.75   5   24.1
0   11.75   6   21.7
0   11.75   7   23.55
0   11.75   8   21.1
0   11.75   9   22.75
0   11.75   10   24.15
0   11.75   11   20.95
0   11.75   12   23.6
0   11.75   13   22.25
0   11.75   14   21.2
0   11.75   15   24.05
0   11.75   16   20
0   11.75   17   21.25
0   11.75   18   22.9
0   11.75   19   23.4
0   11.75   20   25.35
0   11.75   21   22.6
0   11.75   22   21.55
0   11.75   23   22.55
0   11.75   24   22.35
0   11.75   25   22.75
0   11.75   26   20.85
0   11.75   27   21.45
0   11.75   28   22.9
0   11.75   29   22
0   11.75   30   21.85
0   12   1   23.05
0   12   2   20.85
0   12   3   23.2
0   12   4   22.8
0   12   5   24.4
0   12   6   21
0   12   7   22.55
0   12   8   23.55
0   12   9   23
0   12   10   21.3
0   12   11   20.3
0   12   12   23.15
0   12   13   21.05
0   12   14   21.95
0   12   15   21.75
0   12   16   22.9
0   12   17   21.45
0   12   18   23.8
0   12   19   23.65
0   12   20   23.65
0   12   21   21.15
0   12   22   19.9
0   12   23   22.3
0   12   24   20.75
0   12   25   19.25
0   12   26   23.05
0   12   27   22.65
0   12   28   22.95
0   12   29   21.25
0   12   30   23.4
