0   6   1   36.95
0   6   2   37.95
0   6   3   32.3
0   6   4   33.4
0   6   5   36.75
0   6   6   34.55
0   6   7   34.15
0   6   8   36.65
0   6   9   34.1
0   6   10   32.8
0   6   11   35.45
0   6   12   35.6
0   6   13   31.4
0   6   14   37
0   6   15   33.4
0   6   16   32.15
0   6   17   36.7
0   6   18   35.9
0   6   19   33.25
0   6   20   36.7
0   6   21   32.3
0   6   22   34.05
0   6   23   33.15
0   6   24   34.25
0   6   25   33.2
0   6   26   34.4
0   6   27   35.25
0   6   28   30.1
0   6   29   31
0   6   30   33.8
0   6.25   1   32.5
0   6.25   2   33.5
0   6.25   3   31.6
0   6.25   4   37.7
0   6.25   5   38.1
0   6.25   6   34.9
0   6.25   7   39.15
0   6.25   8   32.2
0   6.25   9   32.9
0   6.25   10   32.45
0   6.25   11   32.9
0   6.25   12   31.5
0   6.25   13   36.25
0   6.25   14   31.75
0   6.25   15   39.3
0   6.25   16   30.15
0   6.25   17   32.8
0   6.25   18   35.2
0   6.25   19   35
0   6.25   20   33.3
0   6.25   21   32.2
0   6.25   22   35.5
0   6.25   23   32.05
0   6.25   24   36.25
0   6.25   25   36.95
0   6.25   26   34.25
0   6.25   27   36.9
0   6.25   28   36
0   6.25   29   30.75
0   6.25   30   31.7
0   6.5   1   37.5
0   6.5   2   33.75
0   6.5   3   32.4
0   6.5   4   38.45
0   6.5   5   33.6
0   6.5   6   33.25
0   6.5   7   28.3
0   6.5   8   27.7
0   6.5   9   35
0   6.5   10   31.5
0   6.5   11   33.2
0   6.5   12   31.7
0   6.5   13   34.5
0   6.5   14   33.8
0   6.5   15   28.75
0   6.5   16   28.75
0   6.5   17   35.05
0   6.5   18   33.9
0   6.5   19   30.3
0   6.5   20   35.05
0   6.5   21   35.35
0   6.5   22   33.5
0   6.5   23   35.1
0   6.5   24   28.05
0   6.5   25   34.2
0   6.5   26   36.7
0   6.5   27   34.9
0   6.5   28   37.1
0   6.5   29   35.8
0   6.5   30   30.55
0   6.75   1   38.1
0   6.75   2   33.4
0   6.75   3   34.3
0   6.75   4   32.8
0   6.75   5   31.25
0   6.75   6   30.45
0   6.75   7   30.85
0   6.75   8   38.3
0   6.75   9   34.2
0   6.75   10   32.75
0   6.75   11   32.25
0   6.75   12   32.05
0   6.75   13   34.55
0   6.75   14   34.15
0   6.75   15   33.5
0   6.75   16   30.9
0   6.75   17   31.35
0   6.75   18   32.6
0   6.75   19   34.15
0   6.75   20   33.8
0   6.75   21   32
0   6.75   22   31.9
0   6.75   23   32.95
0   6.75   24   28.95
0   6.75   25   34.35
0   6.75   26   34.65
0   6.75   27   28.15
0   6.75   28   31.9
0   6.75   29   34.55
0   6.75   30   29
0   7   1   29.7
0   7   2   31
0   7   3   31.45
0   7   4   32.25
0   7   5   29.6
0   7   6   28.6
0   7   7   34.4
0   7   8   34.05
0   7   9   32.65
0   7   10   29.95
0   7   11   36.7
0   7   12   33.8
0   7   13   28.45
0   7   14   30.15
0   7   15   30.25
0   7   16   30.3
0   7   17   33.6
0   7   18   38.6
0   7   19   32.45
0   7   20   34.25
0   7   21   34.6
0   7   22   28.8
0   7   23   30.3
0   7   24   32.7
0   7   25   35.55
0   7   26   33.85
0   7   27   35
0   7   28   29.2
0   7   29   29.15
0   7   30   32.4
0   7.25   1   31.2
0   7.25   2   32.45
0   7.25   3   32.45
0   7.25   4   27.5
0   7.25   5   33.7
0   7.25   6   30.95
0   7.25   7   27.75
0   7.25   8   31.9
0   7.25   9   27.35
0   7.25   10   31.85
0   7.25   11   30.4
0   7.25   12   29.8
0   7.25   13   34.95
0   7.25   14   34.65
0   7.25   15   32.05
0   7.25   16   30.3
0   7.25   17   31.6
0   7.25   18   31.1
0   7.25   19   27.55
0   7.25   20   30.75
0   7.25   21   32.15
0   7.25   22   34.65
0   7.25   23   31.95
0   7.25   24   29.6
0   7.25   25   30.15
0   7.25   26   24.4
0   7.25   27   29.5
0   7.25   28   30.2
0   7.25   29   32.2
0   7.25   30   26.7
0   7.5   1   31.1
0   7.5   2   30.25
0   7.5   3   34.05
0   7.5   4   32.2
0   7.5   5   29.75
0   7.5   6   30.8
0   7.5   7   32.05
0   7.5   8   30.55
0   7.5   9   27.7
0   7.5   10   31.25
0   7.5   11   28
0   7.5   12   31.35
0   7.5   13   29.85
0   7.5   14   28.1
0   7.5   15   29.95
0   7.5   16   30.75
0   7.5   17   29.45
0   7.5   18   26.2
0   7.5   19   26.6
0   7.5   20   29.65
0   7.5   21   32.9
0   7.5   22   35.75
0   7.5   23   33.3
0   7.5   24   31
0   7.5   25   32.05
0   7.5   26   31.05
0   7.5   27   30
0   7.5   28   33.8
0   7.5   29   31.2
0   7.5   30   29.05
0   7.75   1   31.4
0   7.75   2   29.25
0   7.75   3   29.65
0   7.75   4   30.6
0   7.75   5   30.6
0   7.75   6   31.7
0   7.75   7   32.85
0   7.75   8   27.2
0   7.75   9   24.35
0   7.75   10   28.25
0   7.75   11   30.45
0   7.75   12   28.15
0   7.75   13   26.75
0   7.75   14   29.95
0   7.75   15   30.35
0   7.75   16   29.35
0   7.75   17   31.4
0   7.75   18   28.85
0   7.75   19   30.45
0   7.75   20   29.95
0   7.75   21   29
0   7.75   22   32.9
0   7.75   23   30.9
0   7.75   24   27.45
0   7.75   25   29.45
0   7.75   26   36.95
0   7.75   27   29.45
0   7.75   28   35.3
0   7.75   29   30.1
0   7.75   30   28.55
0   8   1   30.75
0   8   2   32.1
0   8   3   29.7
0   8   4   26.4
0   8   5   28.05
0   8   6   30
0   8   7   32
0   8   8   31.15
0   8   9   28
0   8   10   29
0   8   11   29.5
0   8   12   29.95
0   8   13   29.75
0   8   14   29.5
0   8   15   31.5
0   8   16   27.85
0   8   17   28.15
0   8   18   30.25
0   8   19   26.45
0   8   20   29.8
0   8   21   28.8
0   8   22   28.4
0   8   23   29.55
0   8   24   30.7
0   8   25   32.5
0   8   26   29
0   8   27   28.25
0   8   28   29.65
0   8   29   29.2
0   8   30   31.5
