1   1   32.6
1   2   32.6
1   3   32.1
1   4   32.1
1   5   32.9
1   6   32.05
1   7   32.85
1   8   31.95
1   9   32
1   10   32.6
1   11   32.1
1   12   32.4
1   13   32.05
1   14   31.65
1   15   32.4
1   16   32.55
1   17   32
1   18   31.65
1   19   31.95
1   20   32.25
1   21   32.5
1   22   31.5
1   23   32.65
1   24   32.05
1   25   31.45
1   26   32
1   27   32.2
1   28   32.3
1   29   31.95
1   30   32.2
2   1   17.2
2   2   17.75
2   3   17.85
2   4   17.65
2   5   17.4
2   6   17.05
2   7   17.75
2   8   17.2
2   9   18.2
2   10   17.55
2   11   17.15
2   12   17.2
2   13   17.6
2   14   17.45
2   15   17.95
2   16   17.85
2   17   17.2
2   18   17.55
2   19   17.05
2   20   18.1
2   21   18.25
2   22   17.05
2   23   16.35
2   24   17.65
2   25   17.55
2   26   17.05
2   27   17.55
2   28   17.7
2   29   18.65
2   30   17.15
3   1   15.55
3   2   16.05
3   3   16.7
3   4   15.55
3   5   16.65
3   6   14.55
3   7   14.5
3   8   15.1
3   9   18.1
3   10   15.55
3   11   14.95
3   12   16.05
3   13   15.7
3   14   16.65
3   15   15.65
3   16   15.9
3   17   14.65
3   18   14.05
3   19   15.7
3   20   15.9
3   21   15.85
3   22   15.4
3   23   16.85
3   24   16.4
3   25   16.1
3   26   16.15
3   27   17.45
3   28   15.75
3   29   14.7
3   30   16.3
4   1   16.3
4   2   16.95
4   3   15.2
4   4   17.15
4   5   17.95
4   6   17.75
4   7   16.85
4   8   16.2
4   9   17.25
4   10   16.9
4   11   15.55
4   12   15.7
4   13   18.35
4   14   18.8
4   15   17.3
4   16   15.35
4   17   19.7
4   18   15.75
4   19   15.05
4   20   14.7
4   21   18.1
4   22   16.85
4   23   16.35
4   24   20.65
4   25   19.35
4   26   17.95
4   27   16.75
4   28   17.7
4   29   19.1
4   30   20.45
5   1   18.6
5   2   19.35
5   3   20.25
5   4   18.45
5   5   19.7
5   6   19.65
5   7   16.5
5   8   16.4
5   9   19.65
5   10   16.7
5   11   19.85
5   12   17.3
5   13   17.95
5   14   17.25
5   15   17.55
5   16   16.5
5   17   17.2
5   18   19.15
5   19   15.25
5   20   18.6
5   21   18.9
5   22   18.6
5   23   17.25
5   24   19
5   25   18.05
5   26   16.25
5   27   16.25
5   28   19
5   29   18.2
5   30   19.6
6   1   22.05
6   2   21.5
6   3   16.9
6   4   19.85
6   5   18.8
6   6   18.9
6   7   17.05
6   8   18.65
6   9   18.8
6   10   20.4
6   11   16.25
6   12   18.25
6   13   21.3
6   14   19.2
6   15   22.8
6   16   15.35
6   17   18.7
6   18   17.55
6   19   17.75
6   20   17.65
6   21   19.05
6   22   18.1
6   23   18.1
6   24   18.75
6   25   18.5
6   26   19.6
6   27   17.7
6   28   22.1
6   29   19.45
6   30   20
7   1   19.35
7   2   18.25
7   3   20.6
7   4   17.7
7   5   19
7   6   18.15
7   7   17.55
7   8   21.5
7   9   23.65
7   10   20.8
7   11   18.8
7   12   19.8
7   13   18.45
7   14   17.45
7   15   19.55
7   16   19.05
7   17   18.25
7   18   19.6
7   19   20.25
7   20   18.95
7   21   19.75
7   22   18.5
7   23   17.9
7   24   18.5
7   25   21.8
7   26   20.1
7   27   18.05
7   28   20.4
7   29   18.15
7   30   17.4
8   1   18.95
8   2   19.55
8   3   18.15
8   4   18.8
8   5   22.05
8   6   17.4
8   7   18.85
8   8   17.65
8   9   20.25
8   10   18.15
8   11   19.4
8   12   18.25
8   13   19.95
8   14   19.3
8   15   18.6
8   16   21.25
8   17   17.85
8   18   17.55
8   19   19.35
8   20   21
8   21   16.9
8   22   15.15
8   23   17.9
8   24   18.3
8   25   18.8
8   26   19.75
8   27   18.55
8   28   20
8   29   19.1
8   30   18.55
9   1   18.55
9   2   18.7
9   3   19.15
9   4   20.75
9   5   16.4
9   6   18.05
9   7   18.2
9   8   17.15
9   9   16.5
9   10   20.2
9   11   20.65
9   12   19.35
9   13   16.05
9   14   18.4
9   15   21.95
9   16   21.7
9   17   20.55
9   18   19.9
9   19   17.5
9   20   19.35
9   21   21
9   22   19.7
9   23   18.85
9   24   18.55
9   25   18.55
9   26   20.4
9   27   17.55
9   28   20.3
9   29   20.5
9   30   20.3
10   1   16.6
10   2   19.2
10   3   21.1
10   4   17.45
10   5   19.85
10   6   19.75
10   7   17.1
10   8   17.3
10   9   19.15
10   10   17.25
10   11   20.2
10   12   18.85
10   13   18.15
10   14   18.45
10   15   17.6
10   16   18.45
10   17   18.85
10   18   19.4
10   19   19.3
10   20   20.75
10   21   19.9
10   22   16.2
10   23   21.1
10   24   17
10   25   19.4
10   26   17.65
10   27   20.15
10   28   17
10   29   17.7
10   30   15.25
11   1   18.35
11   2   18.35
11   3   18.35
11   4   19.85
11   5   17.8
11   6   16.95
11   7   15.95
11   8   16.45
11   9   17.6
11   10   18.9
11   11   19.2
11   12   18.65
11   13   17.6
11   14   20
11   15   19
11   16   18.4
11   17   16.75
11   18   17.2
11   19   18.1
11   20   16.2
11   21   18.05
11   22   19.95
11   23   17.7
11   24   17.75
11   25   19.05
11   26   15.65
11   27   17.45
11   28   19.05
11   29   19.15
11   30   16.8

