2   1   330.95
2   2   366.4
2   3   318.95
2   4   324
2   5   311.25
2   6   339.8
2   7   316.65
2   8   341.85
2   9   335.65
2   10   326.3
2   11   313.15
2   12   338.8
2   13   313.15
2   14   317.7
2   15   338.6
2   16   318.65
2   17   308.4
2   18   338.4
2   19   330.25
2   20   333.5
2   21   307.9
2   22   349.1
2   23   337.05
2   24   335.6
2   25   344
2   26   360.95
2   27   302.9
2   28   277.9
2   29   306.3
2   30   327.45
3   1   418.1
3   2   435.75
3   3   454.95
3   4   412.95
3   5   428.35
3   6   410
3   7   427.2
3   8   395.15
3   9   417.95
3   10   431.55
3   11   388.05
3   12   456.65
3   13   450.45
3   14   446.3
3   15   406.25
3   16   421.15
3   17   415.4
3   18   424.15
3   19   460.05
3   20   457.05
3   21   405.4
3   22   453.8
3   23   380.35
3   24   425.95
3   25   437.7
3   26   451.5
3   27   465.95
3   28   412.65
3   29   398.5
3   30   454
4   1   382.6
4   2   449.75
4   3   457.85
4   4   410.45
4   5   410.25
4   6   458.45
4   7   436.4
4   8   452.6
4   9   447.7
4   10   429.7
4   11   417.45
4   12   424.2
4   13   437.2
4   14   453.25
4   15   474.3
4   16   462.55
4   17   397.6
4   18   483.7
4   19   454.45
4   20   434.1
4   21   427.55
4   22   438.3
4   23   444.3
4   24   444.9
4   25   453.6
4   26   429.5
4   27   464.95
4   28   423.75
4   29   422.7
4   30   456.7
5   1   451.3
5   2   398.4
5   3   451.55
5   4   424.85
5   5   413.55
5   6   464.45
5   7   444.25
5   8   410.55
5   9   428.8
5   10   419.3
5   11   422.5
5   12   425.65
5   13   417.5
5   14   419.65
5   15   438.7
5   16   423.25
5   17   426.7
5   18   372.4
5   19   442.15
5   20   436.9
5   21   400.7
5   22   401.8
5   23   428.4
5   24   417.95
5   25   404.4
5   26   411.2
5   27   431.65
5   28   434.65
5   29   441
5   30   394
6   1   400.75
6   2   373.7
6   3   397.35
6   4   375.25
6   5   400.6
6   6   388.1
6   7   388.35
6   8   364.1
6   9   387.35
6   10   383.2
6   11   379.3
6   12   386.75
6   13   404.15
6   14   404.85
6   15   391.6
6   16   418.2
6   17   364.3
6   18   381.1
6   19   405.35
6   20   375.8
6   21   382.15
6   22   411.3
6   23   403.2
6   24   427.1
6   25   390.25
6   26   401.8
6   27   397.4
6   28   404.3
6   29   374.2
6   30   384.4
7   1   344.9
7   2   370.7
7   3   351.1
7   4   382.9
7   5   354
7   6   365.9
7   7   375.85
7   8   363.8
7   9   335.15
7   10   344.8
7   11   355.4
7   12   370.1
7   13   346.15
7   14   355.2
7   15   366.8
7   16   347.2
7   17   343.7
7   18   369.7
7   19   359.75
7   20   353.45
7   21   378.8
7   22   348.6
7   23   366
7   24   374.4
7   25   391.35
7   26   343.55
7   27   374.8
7   28   362.2
7   29   377.1
7   30   350.85
8   1   332.4
8   2   329.4
8   3   326.55
8   4   314.4
8   5   342.9
8   6   323.8
8   7   331.1
8   8   335.1
8   9   334.35
8   10   321.25
8   11   339.9
8   12   304.65
8   13   320.3
8   14   326.3
8   15   328.3
8   16   333.5
8   17   321.75
8   18   333.4
8   19   327.4
8   20   317.35
8   21   332.7
8   22   339.95
8   23   330.2
8   24   340
8   25   328.35
8   26   329.9
8   27   334.05
8   28   346.25
8   29   334.55
8   30   328.15
9   1   292.75
9   2   303.15
9   3   301.8
9   4   297.1
9   5   304.3
9   6   295.6
9   7   298.65
9   8   305.5
9   9   284.35
9   10   289.05
9   11   300.85
9   12   295.2
9   13   287.8
9   14   291.05
9   15   300
9   16   297.85
9   17   315.35
9   18   313.85
9   19   292.6
9   20   300.05
9   21   306.5
9   22   301.8
9   23   299.6
9   24   291
9   25   289.8
9   26   294.9
9   27   291.05
9   28   292
9   29   294.8
9   30   301.4
10   1   271.9
10   2   268.55
10   3   272.95
10   4   274.9
10   5   276.95
10   6   272.6
10   7   281.1
10   8   268
10   9   283.75
10   10   268.5
10   11   273.6
10   12   278.5
10   13   286
10   14   267.5
10   15   271.8
10   16   272.4
10   17   277
10   18   270.4
10   19   272.85
10   20   279.5
10   21   276.25
10   22   282.1
10   23   274.2
10   24   277.65
10   25   261.5
10   26   280.75
10   27   277.95
10   28   264.05
10   29   271.15
10   30   272.9
11   1   253.45
11   2   261.75
11   3   257.2
11   4   263.9
11   5   255.4
11   6   255.25
11   7   248.3
11   8   247.8
11   9   257.1
11   10   250.8
11   11   254.1
11   12   259.95
11   13   256.15
11   14   257
11   15   253.05
11   16   248.35
11   17   251.65
11   18   251.1
11   19   244.1
11   20   260.2
11   21   249.35
11   22   251.05
11   23   249
11   24   256.15
11   25   252.2
11   26   244.35
11   27   246.35
11   28   252.35
11   29   253.05
11   30   251.95
12   1   237.85
12   2   237.45
12   3   234.9
12   4   235.2
12   5   238.25
12   6   221.75
12   7   237.4
12   8   230.95
12   9   239.35
12   10   240.45
12   11   239.2
12   12   250.45
12   13   222.4
12   14   229.3
12   15   229.75
12   16   249
12   17   229.8
12   18   232.45
12   19   238
12   20   228
12   21   226.6
12   22   230.3
12   23   222.6
12   24   236.1
12   25   235.65
12   26   228.75
12   27   236.95
12   28   233.1
12   29   223.95
12   30   223.4
