2   1   752.05
2   2   680.6
2   3   714.3
2   4   730.75
2   5   768.1
2   6   803.55
2   7   741.5
2   8   748
2   9   717
2   10   789.45
2   11   828.8
2   12   716.4
2   13   699.3
2   14   749.55
2   15   764.6
2   16   770.6
2   17   750.1
2   18   815.25
2   19   777.2
2   20   785.6
2   21   718.45
2   22   804.75
2   23   765.9
2   24   729.05
2   25   728.05
2   26   760.5
2   27   759.95
2   28   811
2   29   733.5
2   30   757.5
3   1   789.3
3   2   803.1
3   3   817.3
3   4   867
3   5   757.1
3   6   878.2
3   7   846.35
3   8   823.5
3   9   836.9
3   10   790.95
3   11   834.65
3   12   815.75
3   13   861.4
3   14   829.75
3   15   785.55
3   16   806.3
3   17   802.35
3   18   870.95
3   19   831.15
3   20   841.95
3   21   839.4
3   22   841.35
3   23   869.5
3   24   851
3   25   862.85
3   26   821.55
3   27   811.45
3   28   793.35
3   29   833.5
3   30   794.3
4   1   777.75
4   2   791.8
4   3   741.4
4   4   763.9
4   5   769.45
4   6   759.4
4   7   765.7
4   8   741.45
4   9   784.6
4   10   768.45
4   11   800.85
4   12   798.6
4   13   755.7
4   14   738.6
4   15   742
4   16   752.1
4   17   767
4   18   766.95
4   19   785.65
4   20   794.5
4   21   785.35
4   22   746
4   23   773.75
4   24   776.3
4   25   733.6
4   26   772.7
4   27   731.85
4   28   763.55
4   29   751.85
4   30   783.15
5   1   666.2
5   2   659.25
5   3   705.35
5   4   685.1
5   5   685.65
5   6   680.15
5   7   676.35
5   8   694.6
5   9   664.6
5   10   691.1
5   11   650.25
5   12   704.05
5   13   655.35
5   14   687.2
5   15   688.65
5   16   666.1
5   17   667.8
5   18   723.5
5   19   709.35
5   20   648.8
5   21   686.75
5   22   665.5
5   23   711.15
5   24   684.7
5   25   680.3
5   26   666.1
5   27   665.35
5   28   683.05
5   29   672.55
5   30   689.8
6   1   626.45
6   2   605.95
6   3   611.35
6   4   621.2
6   5   626.05
6   6   589.9
6   7   605.2
6   8   610.65
6   9   615.75
6   10   589.95
6   11   591.05
6   12   633.65
6   13   634.6
6   14   601.15
6   15   614.35
6   16   611.8
6   17   593.75
6   18   619.65
6   19   597.65
6   20   604.7
6   21   572.6
6   22   600.25
6   23   620.55
6   24   595.8
6   25   610.8
6   26   604.05
6   27   612.15
6   28   604
6   29   599.55
6   30   594.1
7   1   524.15
7   2   550.1
7   3   548.25
7   4   531.1
7   5   538.05
7   6   551.95
7   7   530
7   8   537.9
7   9   531.2
7   10   560.05
7   11   525.45
7   12   542.55
7   13   528.8
7   14   551.05
7   15   550
7   16   521.25
7   17   536.8
7   18   538.6
7   19   535.65
7   20   539.35
7   21   533.3
7   22   525.3
7   23   568.75
7   24   558.4
7   25   530.5
7   26   531.8
7   27   555.05
7   28   545.9
7   29   555
7   30   544.8
8   1   475.5
8   2   493.25
8   3   464.8
8   4   482.75
8   5   477.1
8   6   491
8   7   482.35
8   8   482.1
8   9   477.5
8   10   494.8
8   11   483.1
8   12   476.1
8   13   470.85
8   14   483.65
8   15   476.65
8   16   486.85
8   17   475
8   18   480.85
8   19   469.3
8   20   484.5
8   21   475.05
8   22   481.8
8   23   474.4
8   24   492.7
8   25   474.65
8   26   486.25
8   27   490.75
8   28   482.75
8   29   493.2
8   30   477.6
9   1   425.2
9   2   415.55
9   3   429
9   4   414.2
9   5   432.1
9   6   438.15
9   7   426.9
9   8   425.2
9   9   420.25
9   10   411.9
9   11   449.9
9   12   429.25
9   13   449.85
9   14   421.85
9   15   430.65
9   16   432.85
9   17   445.4
9   18   427.4
9   19   437.35
9   20   426.05
9   21   402.7
9   22   424.9
9   23   426.75
9   24   433.35
9   25   427
9   26   436.25
9   27   427.2
9   28   438.65
9   29   432.2
9   30   412.4
10   1   338.2
10   2   343.45
10   3   381.75
10   4   378.7
10   5   369.15
10   6   347
10   7   339.9
10   8   359.35
10   9   374.45
10   10   352.6
10   11   390.35
10   12   334.95
10   13   342.3
10   14   332.2
10   15   335.55
10   16   362.25
10   17   341.4
10   18   393.3
10   19   376.45
10   20   375.5
10   21   338.4
10   22   332.05
10   23   345.1
10   24   355.25
10   25   400.25
10   26   339.45
10   27   388.05
10   28   401.15
10   29   391.85
10   30   352.75
11   1   292.2
11   2   276.2
11   3   303.05
11   4   302.5
11   5   299.95
11   6   333.75
11   7   288.2
11   8   287.85
11   9   288.1
11   10   305.9
11   11   294.05
11   12   329.05
11   13   276.8
11   14   275.15
11   15   276.35
11   16   297.95
11   17   291.65
11   18   278.15
11   19   275.8
11   20   317.3
11   21   304
11   22   260.55
11   23   299.05
11   24   279.4
11   25   347.95
11   26   272.25
11   27   278.3
11   28   276.85
11   29   306.35
11   30   298.75
12   1   230.15
12   2   217.95
12   3   237.6
12   4   249.3
12   5   211.3
12   6   225.85
12   7   233.4
12   8   257.05
12   9   235.15
12   10   239.65
12   11   256.4
12   12   232.4
12   13   240.3
12   14   228.7
12   15   207.75
12   16   244.25
12   17   274.65
12   18   221.05
12   19   234.8
12   20   250.75
12   21   241.6
12   22   208.9
12   23   236.4
12   24   263.75
12   25   264
12   26   247.75
12   27   235.05
12   28   226.7
12   29   253.45
12   30   232.75
