0.05 0
0.1 0
0.15 0
0.2 0
0.25 0
0.3 0
0.35 0
0.4 0
0.45 0
0.5 0
0.55 0
0.6 0
0.65 0
0.7 0
0.75 0
0.8 0
0.85 0
0.9 0
0.95 0
1 0
1.05 0
1.1 0
1.15 0
1.2 0
1.25 0
1.3 0
1.35 0
1.4 0
1.45 0
1.5 0
1.55 0
1.6 0
1.65 0
1.7 0
1.75 0
1.8 0
1.85 0
1.9 0
1.95 0
2 0
2.05 0
2.1 0
2.15 0
2.2 10
2.25 0
2.3 0
2.35 12
2.4 13
2.45 11
2.5 11
2.55 11
2.6 11
2.65 11
2.7 11
2.75 11
2.8 11
2.85 11
2.9 11
2.95 11
3 11
3.05 10
3.1 10
3.15 10
3.2 10
3.25 10
3.3 10
3.35 10
3.4 10
3.45 10
3.5 11
3.55 11
3.6 13
3.65 13
3.7 13
3.75 12
3.8 12
3.85 12
3.9 12
3.95 0
4 0
4.05 0
4.1 12
4.15 12
4.2 12
4.25 12
4.3 12
4.35 12
4.4 12
4.45 12
4.5 12
4.55 17
4.6 0
4.65 11
4.7 11
4.75 14
4.8 14
4.85 11
4.9 12
4.95 10
5 10
5.05 10
5.1 10
5.15 13
5.2 12
5.25 12
5.3 0
5.35 13
5.4 13
5.45 0
5.5 0
5.55 0
5.6 11
5.65 11
5.7 12
5.75 11
5.8 10
5.85 11
5.9 11
5.95 0
6 0
6.05 0
6.1 17
6.15 15
6.2 16
6.25 16
6.3 17
6.35 17
6.4 14
6.45 16
6.5 15
6.55 15
6.6 14
6.65 14
6.7 14
6.75 16
6.8 15
6.85 0
6.9 0
6.95 14
7 14
7.05 14
7.1 14
7.15 14
7.2 14
7.25 14
7.3 14
7.35 0
7.4 0
7.45 16
7.5 15
7.55 15
7.6 15
7.65 15
7.7 15
7.75 15
7.8 14
7.85 14
7.9 0
7.95 0
8 0
8.05 0
8.1 0
8.15 0
8.2 0
8.25 14
8.3 14
8.35 14
8.4 14
8.45 14
8.5 14
8.55 0
8.6 0
8.65 13
8.7 13
8.75 13
8.8 13
8.85 14
8.9 12
8.95 11
9 12
9.05 12
9.1 12
9.15 12
9.2 12
9.25 12
9.3 0
9.35 0
9.4 13
9.45 13
9.5 13
9.55 13
9.6 13
9.65 12
9.7 0
9.75 14
9.8 14
9.85 14
9.9 14
9.95 14
10 11
10.05 13
10.1 12
10.15 10
10.2 10
10.25 10
10.3 10
10.35 10
10.4 10
10.45 0
10.5 0
10.55 0
10.6 13
10.65 14
10.7 0
10.75 13
10.8 0
10.85 12
10.9 12
10.95 12
11 12
11.05 12
11.1 12
11.15 12
11.2 12
11.25 12
11.3 12
11.35 12
11.4 12
11.45 12
11.5 0
11.55 0
11.6 0
11.65 0
11.7 0
11.75 0
11.8 0
11.85 9
11.9 9
11.95 9
12 9
12.05 9
12.1 9
12.15 9
12.2 9
12.25 9
12.3 9
12.35 9
12.4 0
12.45 0
12.5 0
12.55 0
12.6 0
12.65 0
12.7 0
12.75 0
12.8 0
12.85 0
12.9 0
12.95 0
13 0
13.05 0
13.1 0
13.15 0
13.2 0
13.25 0
13.3 0
13.35 0
13.4 0
13.45 0
13.5 0
13.55 0
13.6 0
13.65 0
13.7 0
