0.05 0
0.1 0
0.15 0
0.2 0
0.25 0
0.3 0
0.35 0
0.4 0
0.45 0
0.5 0
0.55 0
0.6 0
0.65 0
0.7 0
0.75 0
0.8 0
0.85 0
0.9 0
0.95 0
1 0
1.05 0
1.1 0
1.15 0
1.2 0
1.25 0
1.3 0
1.35 0
1.4 0
1.45 10
1.5 0
1.55 11
1.6 12
1.65 12
1.7 9
1.75 12
1.8 11
1.85 10
1.9 10
1.95 10
2 11
2.05 11
2.1 12
2.15 12
2.2 12
2.25 12
2.3 12
2.35 12
2.4 12
2.45 12
2.5 12
2.55 12
2.6 12
2.65 12
2.7 12
2.75 12
2.8 12
2.85 12
2.9 12
2.95 12
3 12
3.05 12
3.1 12
3.15 12
3.2 12
3.25 13
3.3 12
3.35 12
3.4 12
3.45 11
3.5 11
3.55 11
3.6 11
3.65 11
3.7 11
3.75 11
3.8 11
3.85 13
3.9 15
3.95 10
4 9
4.05 9
4.1 12
4.15 11
4.2 12
4.25 12
4.3 10
4.35 11
4.4 11
4.45 11
4.5 11
4.55 11
4.6 10
4.65 10
4.7 10
4.75 9
4.8 10
4.85 12
4.9 0
4.95 15
5 13
5.05 13
5.1 12
5.15 12
5.2 12
5.25 12
5.3 0
5.35 0
5.4 0
5.45 0
5.5 14
5.55 14
5.6 14
5.65 13
5.7 13
5.75 13
5.8 13
5.85 13
5.9 13
5.95 13
6 13
6.05 13
6.1 13
6.15 14
6.2 14
6.25 14
6.3 14
6.35 13
6.4 13
6.45 13
6.5 14
6.55 14
6.6 14
6.65 14
6.7 14
6.75 14
6.8 13
6.85 13
6.9 14
6.95 14
7 14
7.05 14
7.1 15
7.15 0
7.2 14
7.25 14
7.3 13
7.35 12
7.4 12
7.45 13
7.5 13
7.55 12
7.6 12
7.65 12
7.7 12
7.75 11
7.8 11
7.85 11
7.9 11
7.95 11
8 11
8.05 11
8.1 11
8.15 10
8.2 10
8.25 10
8.3 10
8.35 10
8.4 10
8.45 10
8.5 10
8.55 10
8.6 10
8.65 11
8.7 11
8.75 11
8.8 11
8.85 11
8.9 11
8.95 11
9 15
9.05 11
9.1 11
9.15 11
9.2 11
9.25 15
9.3 15
9.35 13
9.4 14
9.45 16
9.5 13
9.55 15
9.6 15
9.65 15
9.7 15
9.75 0
9.8 14
9.85 14
9.9 14
9.95 14
10 15
10.05 15
10.1 13
10.15 13
10.2 0
10.25 0
10.3 10
10.35 13
10.4 13
10.45 13
10.5 8
10.55 8
10.6 0
10.65 12
10.7 15
10.75 0
10.8 0
10.85 0
10.9 0
10.95 0
11 0
11.05 0
11.1 12
11.15 11
11.2 12
11.25 12
11.3 12
11.35 12
11.4 12
11.45 14
11.5 14
11.55 14
11.6 14
11.65 14
11.7 14
11.75 14
11.8 14
11.85 0
11.9 14
11.95 14
12 0
12.05 0
12.1 0
12.15 14
12.2 13
12.25 13
