0.05 0
0.1 0
0.15 0
0.2 0
0.25 0
0.3 0
0.35 0
0.4 0
0.45 0
0.5 0
0.55 0
0.6 0
0.65 0
0.7 0
0.75 0
0.8 0
0.85 0
0.9 0
0.95 0
1 0
1.05 0
1.1 0
1.15 0
1.2 0
1.25 9
1.3 12
1.35 10
1.4 10
1.45 11
1.5 11
1.55 12
1.6 12
1.65 12
1.7 13
1.75 13
1.8 13
1.85 13
1.9 13
1.95 13
2 13
2.05 13
2.1 11
2.15 11
2.2 11
2.25 11
2.3 11
2.35 11
2.4 11
2.45 11
2.5 11
2.55 11
2.6 11
2.65 12
2.7 12
2.75 12
2.8 12
2.85 13
2.9 13
2.95 13
3 11
3.05 10
3.1 10
3.15 10
3.2 10
3.25 10
3.3 10
3.35 10
3.4 10
3.45 10
3.5 10
3.55 10
3.6 10
3.65 10
3.7 10
3.75 10
3.8 10
3.85 10
3.9 10
3.95 10
4 10
4.05 10
4.1 12
4.15 12
4.2 12
4.25 12
4.3 13
4.35 13
4.4 13
4.45 12
4.5 12
4.55 13
4.6 13
4.65 13
4.7 13
4.75 13
4.8 13
4.85 13
4.9 11
4.95 11
5 10
5.05 10
5.1 10
5.15 10
5.2 10
5.25 10
5.3 10
5.35 10
5.4 10
5.45 10
5.5 10
5.55 12
5.6 12
5.65 12
5.7 13
5.75 12
5.8 12
5.85 12
5.9 12
5.95 12
6 11
6.05 11
6.1 11
6.15 11
6.2 12
6.25 12
6.3 12
6.35 12
6.4 12
6.45 13
6.5 12
6.55 12
6.6 11
6.65 13
6.7 13
6.75 14
6.8 14
6.85 14
6.9 13
6.95 13
7 15
7.05 12
7.1 15
7.15 15
7.2 0
7.25 14
7.3 14
7.35 14
7.4 14
7.45 14
7.5 14
7.55 14
7.6 13
7.65 13
7.7 13
7.75 13
7.8 13
7.85 12
7.9 12
7.95 12
8 12
8.05 12
8.1 10
8.15 10
8.2 10
8.25 10
8.3 10
8.35 10
8.4 10
8.45 10
8.5 11
8.55 11
8.6 11
8.65 11
8.7 11
8.75 11
8.8 11
8.85 11
8.9 11
8.95 11
9 11
9.05 11
9.1 11
9.15 10
9.2 10
9.25 10
9.3 10
9.35 10
9.4 11
9.45 11
9.5 11
9.55 11
9.6 11
9.65 11
9.7 10
9.75 10
9.8 10
9.85 10
9.9 13
9.95 13
10 14
10.05 14
10.1 14
10.15 12
10.2 12
10.25 12
10.3 12
10.35 12
10.4 12
10.45 12
10.5 12
10.55 12
10.6 12
10.65 12
10.7 12
10.75 12
10.8 12
10.85 12
10.9 12
10.95 12
11 11
11.05 11
11.1 11
11.15 11
11.2 11
11.25 12
11.3 10
11.35 10
11.4 10
11.45 10
11.5 10
11.55 10
11.6 12
11.65 12
11.7 12
11.75 12
11.8 12
11.85 12
11.9 12
11.95 12
12 12
12.05 12
12.1 12
12.15 12
12.2 12
12.25 12
12.3 12
12.35 15
12.4 15
12.45 12
12.5 12
12.55 11
12.6 10
12.65 10
12.7 10
12.75 9
12.8 9
12.85 9
12.9 8
12.95 8
13 9
13.05 9
13.1 9
13.15 9
13.2 9
13.25 11
13.3 13
13.35 13
13.4 13
13.45 13
13.5 12
13.55 12
13.6 12
13.65 12
13.7 12
13.75 12
13.8 12
13.85 12
13.9 12
13.95 12
14 12
14.05 12
14.1 12
14.15 14
14.2 14
14.25 13
14.3 0
14.35 13
14.4 13
14.45 14
14.5 12
14.55 14
14.6 14
14.65 12
14.7 12
14.75 12
14.8 11
14.85 11
14.9 11
14.95 11
15 11
15.05 11
15.1 11
15.15 9
15.2 9
15.25 14
15.3 13
15.35 14
15.4 13
15.45 12
15.5 12
15.55 12
