0.05 0
0.1 0
0.15 0
0.2 0
0.25 0
0.3 0
0.35 0
0.4 0
0.45 0
0.5 0
0.55 0
0.6 0
0.65 0
0.7 0
0.75 0
0.8 0
0.85 0
0.9 0
0.95 0
1 0
1.05 11
1.1 10
1.15 10
1.2 10
1.25 10
1.3 11
1.35 9
1.4 11
1.45 11
1.5 11
1.55 11
1.6 12
1.65 12
1.7 11
1.75 10
1.8 10
1.85 10
1.9 11
1.95 12
2 12
2.05 12
2.1 9
2.15 10
2.2 10
2.25 10
2.3 10
2.35 12
2.4 11
2.45 11
2.5 11
2.55 11
2.6 11
2.65 11
2.7 11
2.75 10
2.8 10
2.85 10
2.9 11
2.95 12
3 11
3.05 10
3.1 10
3.15 10
3.2 10
3.25 10
3.3 10
3.35 12
3.4 12
3.45 11
3.5 9
3.55 9
3.6 9
3.65 10
3.7 10
3.75 11
3.8 11
3.85 11
3.9 12
3.95 12
4 12
4.05 12
4.1 12
4.15 12
4.2 12
4.25 12
4.3 14
4.35 15
4.4 11
4.45 11
4.5 11
4.55 11
4.6 11
4.65 13
4.7 13
4.75 13
4.8 13
4.85 13
4.9 12
4.95 12
5 12
5.05 14
5.1 13
5.15 14
5.2 16
5.25 0
5.3 13
5.35 13
5.4 13
5.45 13
5.5 13
5.55 14
5.6 14
5.65 14
5.7 13
5.75 12
5.8 12
5.85 12
5.9 12
5.95 12
6 12
6.05 15
6.1 14
6.15 14
6.2 14
6.25 14
6.3 13
6.35 13
6.4 17
6.45 17
6.5 17
6.55 16
6.6 16
6.65 17
6.7 15
6.75 14
6.8 15
6.85 15
6.9 15
6.95 14
7 14
7.05 14
7.1 16
7.15 16
7.2 17
7.25 16
7.3 18
7.35 16
7.4 0
7.45 15
7.5 15
7.55 15
7.6 15
7.65 15
7.7 16
7.75 15
7.8 14
7.85 14
7.9 14
7.95 14
8 13
8.05 13
8.1 13
8.15 12
8.2 12
8.25 12
8.3 11
8.35 11
8.4 11
8.45 10
8.5 10
8.55 10
8.6 10
8.65 11
8.7 12
8.75 12
8.8 11
8.85 11
8.9 12
8.95 12
9 12
9.05 12
9.1 12
9.15 12
9.2 13
9.25 9
9.3 9
9.35 13
9.4 13
9.45 13
9.5 13
9.55 13
9.6 13
9.65 12
9.7 12
9.75 12
9.8 11
9.85 11
9.9 10
9.95 10
10 10
10.05 10
10.1 10
10.15 10
10.2 10
10.25 9
10.3 10
