0.05 0
0.1 0
0.15 0
0.2 0
0.25 0
0.3 0
0.35 0
0.4 0
0.45 0
0.5 0
0.55 0
0.6 0
0.65 0
0.7 0
0.75 0
0.8 0
0.85 0
0.9 0
0.95 11
1 12
1.05 12
1.1 11
1.15 12
1.2 12
1.25 12
1.3 12
1.35 12
1.4 11
1.45 11
1.5 11
1.55 11
1.6 10
1.65 10
1.7 10
1.75 10
1.8 10
1.85 11
1.9 11
1.95 11
2 12
2.05 12
2.1 11
2.15 12
2.2 12
2.25 10
2.3 10
2.35 12
2.4 12
2.45 12
2.5 12
2.55 11
2.6 11
2.65 11
2.7 12
2.75 11
2.8 11
2.85 11
2.9 10
2.95 10
3 9
3.05 11
3.1 11
3.15 11
3.2 11
3.25 10
3.3 9
3.35 8
3.4 9
3.45 10
3.5 10
3.55 10
3.6 10
3.65 11
3.7 12
3.75 12
3.8 12
3.85 13
3.9 13
3.95 12
4 9
4.05 14
4.1 12
4.15 12
4.2 12
4.25 12
4.3 12
4.35 13
4.4 11
4.45 11
4.5 11
4.55 15
4.6 15
4.65 17
4.7 14
4.75 17
4.8 17
4.85 17
4.9 12
4.95 12
5 12
5.05 16
5.1 15
5.15 15
5.2 14
5.25 14
5.3 10
5.35 13
5.4 15
5.45 13
5.5 16
5.55 18
5.6 17
5.65 16
5.7 17
5.75 16
5.8 16
5.85 16
5.9 16
5.95 15
6 15
6.05 15
6.1 15
6.15 15
6.2 14
6.25 15
6.3 14
6.35 14
6.4 13
6.45 14
6.5 14
6.55 14
6.6 13
6.65 11
6.7 13
6.75 15
6.8 13
6.85 13
6.9 13
6.95 13
7 13
7.05 13
7.1 13
7.15 13
7.2 13
7.25 13
7.3 13
7.35 13
7.4 15
7.45 11
7.5 12
7.55 12
7.6 13
7.65 11
7.7 12
7.75 11
7.8 10
7.85 13
7.9 12
7.95 12
8 12
8.05 12
8.1 12
8.15 11
8.2 11
8.25 11
8.3 11
8.35 11
8.4 11
8.45 15
8.5 0
8.55 8
