12.35 8.45 0 0 0 
12.351 8.4554 0 0 0 
12.3707 8.46181 0 0 0 
12.4075 8.46914 0 0 0 
12.4598 8.47729 0 0 0 
12.5259 8.48619 0 0 0 
12.6047 8.49577 0 0 0 
12.6949 8.50597 0 0 0 
12.7954 8.51674 0 0 0 
12.9052 8.52802 0 0 0 
13.0236 8.53977 0 0 0 
13.1495 8.55198 0 0 0 
13.2824 8.56459 0 0 0 
13.4215 8.57759 1.85372 0 0 
13.5663 8.59091 4.07721 0 0 
13.7162 8.6045 4.60668 0 0 
13.8709 8.61834 5.21414 0 0 
14.0298 8.63241 5.91575 0 0 
14.1925 8.64668 6.7307 0 0 
14.3587 8.66113 7.68137 0 0 
14.528 8.67575 8.79343 0 0 
14.7002 8.69051 10.0956 0 0 
14.8749 8.70537 11.6192 0 0 
15.0519 8.72032 13.3967 0 0 
15.2311 8.73536 17.7356 0 0 
15.412 8.75049 20.7722 0 0 
15.5947 8.76568 24.3901 0 0 
15.7789 8.78092 28.6993 0 0 
15.9644 8.79619 33.8382 0 0 
16.1511 8.81147 40.001 0 0 
16.3389 8.82676 47.4398 0 0 
16.5277 8.8421 56.5041 0 0 
16.7172 8.85754 67.7013 0 0 
16.9074 8.8732 81.8234 0 0 
17.0983 8.88926 102.378 0 0 
17.2895 8.90608 140.039 0 0 
17.4808 8.92454 222.291 0 0 
17.6712 8.94645 314.535 0 0 
17.8596 8.97323 428.335 0 0 
18.0434 9.0057 669.299 0 0 
18.2194 9.04354 1152.06 0 0 
18.3839 9.07838 1981.9 0 0 
18.5324 9.10145 2742.08 0 0 
18.6658 9.12976 3992.42 1825.99 0 
18.7704 9.19236 6548.56 2756.42 0 
18.859 9.21458 11767.9 1097.38 0 
18.9006 9.22165 13298.6 1280.52 1 
18.9339 9.22648 11594.7 1254.16 0 
18.9548 9.22243 9361.91 922.971 0 
18.9407 9.26009 8139.23 633.804 0 
18.9321 9.2822 9249.97 2403.28 0 
18.9807 9.25907 12071.1 2344.42 0 
19.003 9.25282 12827.3 1950.16 0 
19.0162 9.24614 10474.8 1178.03 0 
19.0311 9.27296 10013.1 536.427 0 
19.0516 9.29844 13070 1931.94 0 
19.0805 9.2736 11782.2 1907.77 0 
19.0917 9.26299 10704.7 1607.59 0 
19.0919 9.28055 10177.3 1348.12 0 
19.0956 9.29394 10096 1421.4 0 
19.1089 9.30036 10444.7 1503.53 0 
19.1448 9.31338 10873 1294.05 0 
19.1813 9.29817 9690.93 1778.73 0 
19.1974 9.27925 9476.69 1823.39 0 
19.2061 9.28346 10158.4 1231.01 0 
19.2348 9.28766 10244.7 1226.75 0 
19.2734 9.26875 9037.99 1300.7 0 
19.3058 9.25303 8541.87 1574.23 0 
19.325 9.25107 8597.24 658.948 0 
19.3566 9.22789 8352.08 267.506 0 
19.4002 9.20406 8340.21 203.478 0 
19.4339 9.1999 7419.47 0 0 
19.4762 9.19284 5711.55 0 0 
19.5475 9.17703 4157.64 0 0 
19.6503 9.17269 3846.39 0 0 
19.7816 9.19647 3510.73 0 0 
19.9378 9.24765 2851.69 0 0 
20.1178 9.28637 1965.98 0 0 
20.3194 9.29255 801.876 0 0 
20.5317 9.2818 266.347 0 0 
20.747 9.26649 100.718 0 0 
20.9624 9.25056 48.2217 0 0 
21.1768 9.23514 31.3441 0 0 
21.3899 9.22054 25.3668 0 0 
21.6018 9.20677 23.4726 0 0 
21.8126 9.19374 21.603 0 0 
22.0223 9.18138 22.4758 0 0 
22.2311 9.16958 23.2373 0 0 
22.439 9.15826 23.7596 0 0 
22.6463 9.14734 23.9661 0 0 
22.8531 9.13679 23.8338 0 0 
23.0593 9.12657 23.3768 0 0 
23.265 9.11664 22.6338 0 0 
23.4704 9.10702 21.6598 0 0 
23.6754 9.09768 20.5167 0 0 
