12.35 8.45 0 0 0 
12.3486 8.4552 0 0 0 
12.3614 8.46106 0 0 0 
12.3873 8.4675 0 0 0 
12.4248 8.47447 0 0 0 
12.473 8.48191 0 0 0 
12.5308 8.48979 0 0 0 
12.5972 8.49806 0 0 0 
12.6715 8.50669 0 0 0 
12.753 8.51564 0 0 0 
12.8408 8.52489 0 0 0 
12.9345 8.53442 0 0 0 
13.0334 8.5442 0 0 0 
13.1371 8.55422 0 0 0 
13.2452 8.56446 1.85254 0 0 
13.3571 8.57491 3.77327 0 0 
13.4727 8.58552 4.13989 0 0 
13.5914 8.59624 4.53876 0 0 
13.7132 8.60707 4.97507 0 0 
13.8376 8.618 5.45477 0 0 
13.9644 8.629 5.98454 0 0 
14.0933 8.64008 6.57175 0 0 
14.2243 8.65122 7.22438 0 0 
14.357 8.6624 7.95087 0 0 
14.4913 8.67362 8.75993 0 0 
14.6271 8.68487 9.66022 0 0 
14.7642 8.69612 10.6599 0 0 
14.9025 8.70737 11.7661 0 0 
15.0418 8.7186 14.8409 0 0 
15.1822 8.72983 16.5972 0 0 
15.3233 8.74107 18.594 0 0 
15.4653 8.75233 20.8668 0 0 
15.6079 8.76359 23.4585 0 0 
15.7511 8.77485 26.4232 0 0 
15.8949 8.78612 29.8382 0 0 
16.0391 8.79741 33.8072 0 0 
16.1838 8.80875 38.4571 0 0 
16.3288 8.82017 43.9529 0 0 
16.4742 8.83174 50.5041 0 0 
16.6198 8.84355 58.3745 0 0 
16.7656 8.85569 67.8888 0 0 
16.9116 8.86833 79.4192 0 0 
17.0577 8.88164 96.3265 0 0 
17.2038 8.89591 135.052 0 0 
17.3489 8.91171 297.773 0 0 
17.4877 8.93111 1046.18 0 0 
17.5984 8.96062 2326.84 0 0 
17.6548 9.00306 1790.59 0 0 
17.6721 9.04441 1275.91 0 0 
17.6719 9.07482 1419 0 0 
17.6815 9.0965 3005.33 251.777 0 
17.748 9.1053 3877.25 0 0 
17.8536 9.08411 3188.61 0 0 
17.9505 9.03397 3731.14 0 0 
18.0256 9.02144 5022.53 415.276 0 
18.0674 9.07439 3295.96 0 0 
18.0641 9.13739 2809.86 0 0 
18.0272 9.1866 2258.59 0 0 
17.9848 9.22557 3180.41 0 0 
18.0035 9.25608 5700.4 261.607 0 
18.0872 9.29371 8154.01 1509.29 0 
18.1344 9.33294 11027.1 4190.56 0 
18.1791 9.34263 12895.5 4872.15 1 
18.1913 9.34987 11715.9 4533.14 1 
18.1996 9.31305 8928.77 778.727 0 
18.2291 9.2575 9362.5 966.698 0 
18.2863 9.25571 8394.31 641.821 0 
18.342 9.26224 8960.55 664.069 0 
18.3853 9.23824 9771.46 482.429 0 
18.4177 9.22931 10816.1 502.367 0 
18.4427 9.22267 10516.9 1511.26 0 
18.4668 9.2009 10000.8 1346.44 0 
18.4802 9.1839 12527.1 1665.06 0 
18.4927 9.17674 14731.7 1164.77 0 
18.5201 9.17605 12213.7 704.28 0 
18.563 9.20985 10057 684.647 0 
18.6091 9.25386 9375.81 526.015 0 
18.6433 9.27572 8527.36 738.064 0 
18.6748 9.30181 8191.4 1047.18 0 
18.7158 9.31696 9452.55 868.856 0 
18.759 9.31854 10081.6 1529.68 0 
18.7923 9.34187 11252.5 1215.4 0 
18.8479 9.33622 13333.7 512.378 0 
18.8841 9.35682 9654.82 919.295 0 
18.9079 9.38755 9955.92 532.014 0 
18.9243 9.41936 12638.5 636.7 0 
18.9483 9.41862 11820.3 119.854 0 
18.97 9.40433 12225.8 625.671 0 
18.9926 9.39495 13381 839.939 0 
19.0122 9.39873 10974.1 410.353 0 
19.0436 9.38377 10231 949.93 0 
19.0745 9.35925 12095.5 578.796 1 
19.0972 9.39094 13094.8 328.216 1 
19.1136 9.41735 11721.8 281.619 0 
19.1483 9.42007 10593 756.695 0 
19.1904 9.40436 10165.3 1213.91 0 
19.2311 9.37811 10293.7 1449.92 0 
19.2782 9.36911 10720.5 1081 0 
19.3331 9.36889 9372.36 1064.48 0 
19.3902 9.36423 7520.68 1323.24 0 
19.4318 9.32317 5892.25 771.225 0 
19.4826 9.25834 4983.33 0 0 
19.5372 9.19152 6119.26 2210.4 0 
19.5245 9.17019 6394.39 1206.64 0 
19.5082 9.19934 5419.27 1912.18 1 
19.5454 9.22641 4341.46 0 0 
19.6316 9.29675 2343.2 0 0 
19.745 9.40255 1044.38 0 0 
19.871 9.51626 569.363 0 0 
20.0016 9.62649 509.433 0 0 
20.1373 9.72369 581.824 0 0 
20.2838 9.80138 520.331 0 0 
20.4411 9.86285 311.192 0 0 
20.605 9.91462 159.157 0 0 
20.7714 9.96097 122.555 0 0 
20.9392 10.0034 126.967 0 0 
21.1085 10.0427 120.593 0 0 
21.2793 10.079 89.6634 0 0 
21.4504 10.1127 53.089 0 0 
21.6209 10.1437 29.7053 0 0 
21.7901 10.1719 17.4695 0 0 
21.9578 10.1977 9.91731 0 0 
22.124 10.221 7.08409 0 0 
22.2886 10.2421 5.33717 0 0 
22.4519 10.2613 2.46001 0 0 
22.6139 10.2787 2.20371 0 0 
22.7746 10.2945 1.98462 0 0 
22.9343 10.3089 0 0 0 
23.0931 10.3219 0 0 0 
23.251 10.3336 0 0 0 
23.4082 10.3443 0 0 0 
23.5647 10.3539 0 0 0 
23.7205 10.3626 0 0 0 
23.8758 10.3705 0 0 0 
24.0306 10.3776 0 0 0 
24.185 10.384 0 0 0 
24.3389 10.3899 0 0 0 
24.4925 10.3952 0 0 0 
24.6457 10.3999 0 0 0 
24.7986 10.4043 0 0 0 
24.9513 10.4082 0 0 0 
25.1036 10.4117 0 0 0 
25.2558 10.4149 0 0 0 
25.4078 10.4178 0 0 0 
25.5595 10.4204 0 0 0 
25.7111 10.4228 0 0 0 
25.8626 10.425 0 0 0 
26.0139 10.4269 0 0 0 
26.1651 10.4287 0 0 0 
26.3161 10.4302 0 0 0 
26.4671 10.4317 0 0 0 
26.618 10.433 0 0 0 
26.7688 10.4342 0 0 0 
26.9195 10.4352 0 0 0 
27.0701 10.4362 0 0 0 
27.2207 10.4371 0 0 0 
27.3713 10.4379 0 0 0 
27.5217 10.4386 0 0 0 
27.6722 10.4392 0 0 0 
27.8226 10.4398 0 0 0 
27.9729 10.4403 0 0 0 
28.1233 10.4408 0 0 0 
28.2735 10.4412 0 0 0 
28.4238 10.4416 0 0 0 
28.5741 10.442 0 0 0 
28.7243 10.4423 0 0 0 
28.8745 10.4426 0 0 0 
29.0246 10.4429 0 0 0 
29.1748 10.4431 0 0 0 
29.3249 10.4433 0 0 0 
29.4751 10.4435 0 0 0 
29.6252 10.4437 0 0 0 
29.7753 10.4438 0 0 0 
29.9254 10.444 0 0 0 
30.0755 10.4441 0 0 0 
30.2256 10.4442 0 0 0 
30.3756 10.4443 0 0 0 
30.5257 10.4444 0 0 0 
30.6758 10.4445 0 0 0 
30.8258 10.4446 0 0 0 
30.9759 10.4447 0 0 0 
31.1259 10.4447 0 0 0 
31.2759 10.4448 0 0 0 
31.426 10.4449 0 0 0 
31.576 10.4449 0 0 0 
31.726 10.445 0 0 0 
31.8761 10.445 0 0 0 
32.0261 10.445 0 0 0 
32.1761 10.4451 0 0 0 
32.3261 10.4451 0 0 0 
32.4762 10.4451 0 0 0 
32.6262 10.4451 0 0 0 
32.7762 10.4452 0 0 0 
32.9262 10.4452 0 0 0 
33.0762 10.4452 0 0 0 
33.2262 10.4452 0 0 0 
33.3762 10.4452 0 0 0 
33.5262 10.4452 0 0 0 
33.6762 10.4453 0 0 0 
33.8263 10.4453 0 0 0 
33.9763 10.4453 0 0 0 
34.1263 10.4453 0 0 0 
34.2763 10.4453 0 0 0 
34.4263 10.4453 0 0 0 
34.5763 10.4453 0 0 0 
34.7263 10.4453 0 0 0 
34.8763 10.4453 0 0 0 
35.0263 10.4453 0 0 0 
35.1763 10.4453 0 0 0 
35.3263 10.4453 0 0 0 
35.4763 10.4453 0 0 0 
35.6263 10.4453 0 0 0 
35.7763 10.4453 0 0 0 
35.9263 10.4453 0 0 0 
36.0763 10.4453 0 0 0 
36.2263 10.4453 0 0 0 
36.3763 10.4453 0 0 0 
36.5263 10.4453 0 0 0 
36.6763 10.4453 0 0 0 
36.8263 10.4454 0 0 0 
36.9763 10.4454 1.88612 0 0 
37.1263 10.4453 7.20391 0 0 
37.2759 10.4453 24.9696 0 0 
37.4247 10.445 78.2284 0 0 
37.5707 10.4442 215.408 0 0 
37.7096 10.4417 483.352 0 0 
37.8333 10.4355 803.911 0 0 
37.9333 10.4231 1020.81 0 0 
38.0057 10.4019 1042.51 0 0 
38.0545 10.3708 789.04 0 0 
38.0905 10.3347 678.424 0 0 
38.1207 10.3024 843.003 0 0 
38.1443 10.2832 983.159 0 0 
38.1609 10.281 832.527 0 0 
38.1747 10.291 671.952 0 0 
38.193 10.3068 816.812 0 0 
38.2239 10.3273 1292.26 0 0 
38.2739 10.3568 1602.38 0 0 
38.339 10.3942 1571.89 0 0 
38.406 10.4284 1514.54 0 0 
38.4648 10.4507 1481.07 0 0 
38.5098 10.4598 1497.61 0 0 
38.5373 10.4588 1475.75 0 0 
38.5479 10.4512 1349.72 0 0 
38.5477 10.4374 1324.22 0 0 
38.5505 10.4168 1936.45 0 0 
38.5835 10.385 2813.48 0 0 
38.6607 10.338 2461.24 0 0 
38.7471 10.2943 2890.78 0 0 
38.8097 10.2789 2857.5 0 0 
38.8464 10.2843 2291.58 0 0 
38.8721 10.2822 1938.3 0 0 
38.8985 10.2629 1555.27 0 0 
38.9326 10.2393 1541.24 0 0 
38.9759 10.2258 2152.74 0 0 
39.0154 10.2253 3472.72 0 0 
39.0227 10.229 3401.99 0 0 
39.0145 10.2299 2564.64 0 0 
39.0266 10.2304 1962.58 0 0 
39.0613 10.2273 1593.36 0 0 
39.1019 10.2141 1858.52 0 0 
39.126 10.1821 2007.74 0 0 
39.1274 10.1314 1500.08 0 0 
39.1197 10.0812 1476.61 0 0 
39.1079 10.0503 1615.37 0 0 
39.0923 10.0445 1436.35 0 0 
39.0791 10.0564 1291.67 0 0 
39.0746 10.0763 1379.07 0 0 
39.0785 10.0977 1620.88 0 0 
39.0839 10.1177 1853.17 0 0 
39.0842 10.1372 1880.29 0 0 
39.0797 10.1584 1759.41 0 0 
39.0772 10.1794 1760.35 0 0 
39.0829 10.1945 2027.67 0 0 
39.0984 10.1974 2473.67 0 0 
39.1211 10.1867 2904.11 0 0 
39.1475 10.1722 3354.34 0 0 
39.1755 10.1689 3954.78 0 0 
39.2071 10.1796 5222.08 0 0 
39.2506 10.184 6534.11 776.99 0 
39.284 10.1728 5991.57 329.447 0 
39.2849 10.1707 4425.9 214.636 0 
39.2688 10.1835 3943.23 0 0 
39.2567 10.2094 5305.13 401.325 0 
39.2683 10.22 7942.98 621.081 0 
39.301 10.2112 7698.25 395.309 0 
39.309 10.2122 5686.54 39.1162 0 
39.291 10.2096 4401.35 0 0 
39.2741 10.2112 4956.99 10.6028 0 
39.2459 10.2371 5860.29 81.021 0 
39.2081 10.29 4684.89 220.656 0 
39.204 10.3329 3418.45 0 0 
39.2237 10.3512 3225.08 0 0 
39.2457 10.3551 3797.59 0 0 
39.2622 10.3561 4119.46 0 0 
39.285 10.3588 4004.4 0 0 
39.333 10.3651 3870.57 0 0 
39.4133 10.3776 3310.78 0 0 
39.5142 10.3864 2535.75 0 0 
39.6209 10.3872 1968.08 0 0 
39.7129 10.3894 1718.66 0 0 
39.7472 10.3996 2078.99 0 0 
39.7162 10.4204 4027.51 1278.27 0 
39.708 10.4437 3916.77 358.177 0 
39.7196 10.4665 2380.4 0 0 
39.6986 10.472 1840.48 0 0 
39.6542 10.4667 2021.38 0 0 
39.6238 10.4687 2617.8 0 0 
39.6347 10.4847 2562.11 0 0 
39.682 10.4998 2034.3 0 0 
39.7285 10.5037 1706.75 0 0 
39.7319 10.4977 2180.51 0 0 
39.706 10.488 3438.8 0 0 
39.7016 10.4842 3174.3 0 0 
39.7129 10.4861 2078.47 0 0 
39.7051 10.4852 1918.08 0 0 
39.6831 10.4758 2628.8 0 0 
39.6791 10.4548 3036.01 0 0 
39.7029 10.4314 2350.41 0 0 
39.7227 10.4174 1760.52 0 0 
39.711 10.4148 1883.9 0 0 
39.6842 10.4229 2634.68 0 0 
39.6782 10.438 3108.23 0 0 
39.7017 10.4518 2506.06 0 0 
39.7231 10.4632 1918.48 0 0 
39.7113 10.4761 1937.47 0 0 
39.677 10.4927 2251.47 0 0 
39.65 10.5104 2427.36 0 0 
39.6481 10.5242 2342.87 0 0 
39.6739 10.5347 2107.88 0 0 
39.7119 10.5473 1921.62 0 0 
39.7327 10.5662 2075.97 0 0 
39.7234 10.5954 2520.94 0 0 
39.7047 10.6379 2463.34 0 0 
39.6907 10.6869 2220.79 0 0 
39.684 10.7253 2279.42 0 0 
39.6876 10.743 2321.75 0 0 
39.6983 10.7464 2547.75 0 0 
39.7119 10.7498 2911.05 0 0 
39.725 10.7602 2973.4 0 0 
39.7278 10.7717 2922.63 0 0 
39.7152 10.7776 2915.15 0 0 
39.6954 10.7759 2918.25 0 0 
39.6778 10.7638 2743.46 0 0 
39.6636 10.7429 2198.61 0 0 
39.6536 10.7253 1871.54 0 0 
39.6541 10.7166 1955.43 0 0 
