12.35 8.45 0 0 0 
12.3558 8.45579 0 0 0 
12.3893 8.46332 0 0 0 
12.4481 8.47242 0 0 0 
12.5296 8.48295 0 0 0 
12.6318 8.49477 0 0 0 
12.7525 8.50778 0 0 0 
12.8902 8.52186 0 0 0 
13.0431 8.53694 0 0 0 
13.2098 8.55293 0 0 0 
13.389 8.56978 0 0 0 
13.5795 8.58743 2.06614 0 0 
13.7802 8.60577 2.61473 0 0 
13.9901 8.62475 3.32951 0 0 
14.2084 8.64432 6.18712 0 0 
14.4343 8.66444 7.52948 0 0 
14.6671 8.68506 9.24364 0 0 
14.9061 8.70615 11.4436 0 0 
15.1507 8.72765 16.2945 0 0 
15.4004 8.74956 20.6551 0 0 
15.6546 8.77183 26.3719 0 0 
15.9129 8.79441 33.861 0 0 
16.1749 8.81723 43.6574 0 0 
16.4402 8.84021 56.4697 0 0 
16.7084 8.86329 73.2354 0 0 
16.9791 8.88646 95.3233 0 0 
17.2521 8.9098 128.767 0 0 
17.5269 8.93365 188.058 0 0 
17.8029 8.95915 317.777 0 0 
18.078 8.98969 930.041 0 0 
18.3397 9.04114 3647.66 0 0 
18.4697 9.12174 8311.09 1539.97 0 
18.4337 9.25026 3274.92 0 0 
18.4723 9.34953 8793.41 54.6688 0 
18.6709 9.47255 10751.7 5180.31 0 
18.7557 9.45648 14590.1 4212.52 0 
18.7399 9.45318 10115.5 4601.39 0 
18.7276 9.48332 12363.4 6189.52 0 
18.777 9.51749 17872.9 2501.25 0 
18.8751 9.53391 12707.9 2610.28 0 
18.9754 9.57358 13152.4 5335.54 1 
19.0446 9.57199 19539.4 8541.79 1 
19.1046 9.52651 21950.2 2276.15 1 
19.1495 9.52262 23240.2 5874.51 1 
19.1468 9.53567 23833.2 6716.14 0 
19.1688 9.55987 28320.5 5456.39 0 
19.2317 9.56645 27058.1 2965.87 0 
19.2449 9.56761 25013.3 4699.86 0 
19.2549 9.58335 24972.6 4233.45 0 
19.3044 9.58546 26515.6 491.493 0 
19.3365 9.58438 22243.6 361.404 1 
19.3531 9.61924 19429.2 982.402 1 
19.4037 9.63299 20104.6 3337.94 0 
19.4577 9.6257 20434.9 5390.19 0 
19.485 9.61383 18432.4 3700.64 0 
19.5209 9.63445 17637.9 4718.27 0 
19.5691 9.64671 18069.2 5738.79 0 
19.601 9.64726 18523.6 6817.78 0 
19.6348 9.65037 16271.4 5841.77 0 
19.6851 9.68108 14008.1 6806.82 0 
19.7322 9.69856 13733 8467.32 0 
19.7695 9.70444 12563.4 8198.42 0 
19.811 9.71903 11787.3 7377.34 0 
19.8722 9.74039 9958.8 6811.32 0 
19.9388 9.76784 7293.93 4864.7 0 
20.0432 9.75158 3042.61 0 0 
20.2298 9.72186 545.125 0 0 
20.4443 9.69594 84.349 0 0 
20.6687 9.67199 19.3955 0 0 
20.9003 9.64988 8.56153 0 0 
21.1383 9.62962 4.88757 0 0 
21.382 9.61114 2.93071 0 0 
21.6311 9.59433 1.83986 0 0 
21.885 9.5791 0 0 0 
22.1432 9.56531 0 0 0 
22.4055 9.55283 0 0 0 
22.6713 9.54155 0 0 0 
22.9404 9.53133 0 0 0 
23.2124 9.52209 0 0 0 
23.4871 9.51373 0 0 0 
23.7642 9.50616 0 0 0 
24.0435 9.49932 0 0 0 
24.3248 9.49312 0 0 0 
24.6078 9.48752 0 0 0 
24.8925 9.48245 0 0 0 
25.1786 9.47786 0 0 0 
25.466 9.47371 0 0 0 
25.7546 9.46995 0 0 0 
26.0443 9.46655 0 0 0 
26.335 9.46347 0 0 0 
26.6266 9.46069 0 0 0 
26.919 9.45817 0 0 0 
27.2121 9.45589 0 0 0 
27.5058 9.45383 0 0 0 
27.8002 9.45197 0 0 0 
28.0951 9.45028 0 0 0 
28.3905 9.44875 0 0 0 
28.6863 9.44737 0 0 0 
28.9825 9.44612 0 0 0 
29.2791 9.44499 0 0 0 
29.576 9.44396 0 0 0 
29.8732 9.44304 0 0 0 
30.1706 9.4422 0 0 0 
30.4683 9.44144 0 0 0 
30.7663 9.44075 0 0 0 
31.0644 9.44013 0 0 0 
31.3627 9.43957 0 0 0 
31.6612 9.43906 0 0 0 
31.9598 9.4386 0 0 0 
32.2585 9.43819 0 0 0 
32.5574 9.43781 0 0 0 
32.8563 9.43747 0 0 0 
33.1554 9.43716 0 0 0 
33.4546 9.43688 0 0 0 
33.7538 9.43663 0 0 0 
34.0531 9.4364 0 0 0 
34.3525 9.4362 0 0 0 
34.6519 9.43601 0 0 0 
34.9514 9.43584 0 0 0 
35.2509 9.43569 0 0 0 
35.5505 9.43555 0 0 0 
35.8501 9.43542 0 0 0 
36.1498 9.43531 0 0 0 
36.4495 9.43521 0 0 0 
36.7492 9.43511 0 0 0 
37.0489 9.43503 0 0 0 
37.3487 9.43495 0 0 0 
37.6485 9.43488 0 0 0 
37.9483 9.43485 33.9852 0 0 
38.245 9.43699 1551.29 0 0 
38.3803 9.40195 5887.79 1009.59 0 
38.3675 9.4447 1479.49 0 0 
38.338 9.5194 508.847 0 0 
38.3251 9.59471 316.568 0 0 
38.3326 9.66609 222.358 0 0 
38.3617 9.7327 328.492 0 0 
38.4137 9.78956 1575.81 0 0 
38.5062 9.81185 3625.04 374.161 0 
38.6132 9.80195 4927.74 239.303 0 
38.6406 9.80503 1675.2 0 0 
38.6462 9.81396 729.04 0 0 
38.6593 9.82726 787.664 0 0 
38.6775 9.84888 956.379 0 0 
38.6955 9.881 1184.11 0 0 
38.7076 9.92363 1551.71 0 0 
38.7074 9.97268 1783.19 0 0 
38.693 10.0173 1543.17 0 0 
38.6731 10.0521 1039.86 0 0 
38.6615 10.0785 717.316 0 0 
38.6685 10.0943 909.75 0 0 
38.7122 10.0956 4258.2 2572.48 0 
38.8791 10.0679 4662.41 62.8404 0 
39.0665 9.98415 4828.96 0 0 
39.1718 9.91244 4086.64 586.147 0 
39.2305 9.88411 2453.36 0 0 
39.2499 9.86043 3581.42 1405.33 0 
39.2085 9.826 3730.96 0 0 
39.1708 9.75907 5637.08 525.146 0 
39.1509 9.72723 5794.58 714.623 0 
39.1373 9.74237 2825.86 0 0 
39.1418 9.74014 1881.84 0 0 
39.1519 9.7154 1843.62 0 0 
39.154 9.6819 2359.15 0 0 
39.1377 9.66857 2467.41 0 0 
39.1045 9.68652 1318.21 0 0 
39.0739 9.71358 874.617 0 0 
39.0535 9.73467 923.341 0 0 
39.04 9.7446 1048.06 0 0 
39.0314 9.74391 1853.84 0 0 
39.0837 9.73247 10083.9 114.862 0 
39.2752 9.74687 8391.08 808.965 0 
39.3408 9.75839 5489.89 1166.46 0 
