12.35 8.45 0 0 0 
12.3474 8.45511 0 0 0 
12.3568 8.46068 0 0 0 
12.3771 8.46668 0 0 0 
12.4074 8.47306 0 0 0 
12.4465 8.47977 0 0 0 
12.4938 8.4868 0 0 0 
12.5484 8.49411 0 0 0 
12.6096 8.50167 0 0 0 
12.6768 8.50947 0 0 0 
12.7494 8.51748 0 0 0 
12.827 8.52568 0 0 0 
12.9089 8.53406 0 0 0 
12.9949 8.54261 0 0 0 
13.0846 8.55132 1.84114 0 0 
13.1775 8.56017 1.94596 0 0 
13.2735 8.56915 2.04365 0 0 
13.3722 8.57826 4.04314 0 0 
13.4735 8.58743 4.36448 0 0 
13.5769 8.59665 4.70635 0 0 
13.6825 8.60591 5.07174 0 0 
13.7898 8.6152 5.46393 0 0 
13.8988 8.62453 5.88643 0 0 
14.0094 8.63387 6.343 0 0 
14.1213 8.64324 6.83749 0 0 
14.2344 8.65261 7.37379 0 0 
14.3487 8.66198 7.95573 0 0 
14.464 8.67135 8.58689 0 0 
14.5802 8.6807 9.27045 0 0 
14.6972 8.69003 10.009 0 0 
14.8149 8.69933 10.8041 0 0 
14.9333 8.70859 11.6566 0 0 
15.0523 8.7178 14.5689 0 0 
15.1719 8.72702 15.9449 0 0 
15.2919 8.73624 17.478 0 0 
15.4123 8.74546 19.1903 0 0 
15.5332 8.75468 21.1091 0 0 
15.6543 8.76392 23.2683 0 0 
15.7758 8.77318 25.7161 0 0 
15.8975 8.78248 28.5168 0 0 
16.0194 8.79184 31.7422 0 0 
16.1416 8.80129 35.4799 0 0 
16.2638 8.81089 39.8342 0 0 
16.3863 8.82069 44.9236 0 0 
16.5088 8.83075 50.8843 0 0 
16.6314 8.84117 57.8684 0 0 
16.7541 8.85204 66.0305 0 0 
16.8768 8.8635 75.5189 0 0 
16.9995 8.87567 90.4277 0 0 
17.122 8.88877 122.928 0 0 
17.2437 8.90326 230.043 0 0 
17.3612 8.92075 612.897 0 0 
17.4632 8.94648 1389.87 0 0 
17.5313 8.98826 1491.27 0 0 
17.5666 9.04374 1002.36 0 0 
17.5864 9.10312 833.476 0 0 
17.6017 9.16178 954.556 0 0 
17.6217 9.21969 1460.11 0 0 
17.6563 9.27759 2272.28 0 0 
17.7038 9.32944 2955.83 0 0 
17.7461 9.36149 2836.07 0 0 
17.7798 9.37323 2435.47 0 0 
17.8153 9.36824 2269.85 0 0 
17.8551 9.34417 2072.1 0 0 
17.8935 9.30502 2066.19 0 0 
17.9244 9.2638 2405.27 0 0 
17.9418 9.24124 3063.15 0 0 
17.938 9.24825 3279.67 0 0 
17.9412 9.27658 4348.43 425.083 0 
18.0021 9.29702 4667.39 2029.49 0 
18.0847 9.26787 3811.13 0 0 
18.1567 9.22558 4098.66 2413.91 0 
18.1798 9.22443 3933.91 0 0 
18.193 9.2261 4445.34 0 0 
18.2293 9.23947 4870.25 0 0 
18.3023 9.26307 4435.43 0 0 
18.3915 9.29891 3824.45 0 0 
18.4643 9.34213 3767.78 0 0 
18.5213 9.36214 5298.27 271.442 0 
18.5743 9.33365 6140.37 0 0 
18.6277 9.32805 6264.37 62.1481 0 
18.6878 9.36369 5340.46 1514.12 0 
18.7547 9.36472 4552.24 58.3109 0 
18.8188 9.32658 2964.82 0 0 
18.8972 9.28625 2819.54 0 0 
18.9656 9.27145 5316.04 482.314 0 
18.9798 9.32246 4534.56 0 0 
18.9615 9.3775 5378.25 1036.35 0 
19.0027 9.39848 6482.5 293.081 0 
19.0865 9.37148 4943.85 0 0 
19.1641 9.36034 3709.63 0 0 
19.2437 9.38073 3782.17 0 0 
19.3519 9.42495 4393.27 992.493 0 
19.4988 9.45671 3380.32 0 0 
19.6768 9.46798 2707.07 0 0 
19.8528 9.44447 2245.02 0 0 
20.0151 9.38901 1158.2 0 0 
20.1702 9.32895 633.284 0 0 
20.3208 9.27439 407.04 0 0 
20.4666 9.22551 259.571 0 0 
20.6069 9.1804 181.224 0 0 
20.7425 9.13798 148.656 0 0 
20.8742 9.09741 231.102 0 0 
21.0019 9.05439 545.643 0 0 
21.1213 9.00216 505.395 0 0 
21.2333 8.94198 374.24 0 0 
21.3415 8.87769 236.683 0 0 
21.4496 8.81327 150.138 0 0 
21.5594 8.7512 104.289 0 0 
21.6716 8.69259 79.5769 0 0 
21.7863 8.63781 64.0875 0 0 
21.9032 8.58689 52.5999 0 0 
22.0221 8.53972 43.2234 0 0 
22.1427 8.49613 35.3597 0 0 
22.2645 8.45597 27.5159 0 0 
