12.35 8.45 0 0 0 
12.3654 8.45657 0 0 0 
12.4266 8.46634 0 0 0 
12.5292 8.479 0 0 0 
12.6694 8.4943 0 0 0 
12.8434 8.512 0 0 0 
13.0482 8.53192 0 0 0 
13.2808 8.55389 0 0 0 
13.5384 8.57776 0 0 0 
13.8188 8.60341 2.47822 0 0 
14.1197 8.63069 3.51047 0 0 
14.4392 8.65951 5.05726 0 0 
14.7754 8.6898 7.39849 0 0 
15.1268 8.72147 14.9724 0 0 
15.4919 8.75449 21.6753 0 0 
15.8694 8.7888 32.0592 0 0 
16.258 8.82429 48.2578 0 0 
16.6566 8.86078 73.5869 0 0 
17.0641 8.89809 113.028 0 0 
17.4795 8.93598 183.646 0 0 
17.901 8.97502 562.941 0 0 
18.3209 9.02629 2812.66 0 0 
18.5685 9.08169 6318.2 7661.65 0 
18.5619 9.16671 14310.9 2092.81 0 
18.7683 9.28603 13876.4 13783 0 
18.8368 9.33981 12232 343.999 0 
18.8395 9.45042 10965.1 7875.75 1 
18.9467 9.52499 22921.5 640.564 0 
19.0144 9.50366 34521.8 4671.85 0 
19.0681 9.52671 39376.7 2401.43 0 
19.1371 9.51771 41353.5 6631.92 0 
19.1165 9.52834 43793.8 8808.33 0 
19.1699 9.52725 45417.8 1544.67 0 
19.1911 9.53298 46440 6370.42 0 
19.2176 9.55758 47843.5 626.608 0 
19.248 9.56218 49191 9506.48 1 
19.2571 9.58122 46980.2 2241.23 1 
19.3005 9.567 45213.7 6983.02 1 
19.3155 9.57687 44089 2023.95 1 
19.3745 9.59233 47648.5 8594.43 0 
19.3821 9.61213 41066.1 2595.39 1 
19.4239 9.61988 44355.2 9530 0 
19.4651 9.632 43662.4 8086.66 0 
19.5036 9.64503 44068.4 9380.28 0 
19.5443 9.65759 41274.9 11404.9 0 
19.5276 9.66676 39226.9 11126.2 0 
19.5162 9.69017 39839.4 12881.3 0 
19.532 9.71505 33732.4 11476.7 0 
19.5599 9.73431 30640.2 11469.7 0 
19.5871 9.74584 30030.2 11959.1 0 
19.6227 9.76362 27616.7 12297.9 0 
19.6621 9.79626 24876.1 13613.6 0 
19.6976 9.80293 23711.1 14131.3 0 
19.7333 9.81966 23616.6 14675.2 0 
19.7787 9.83797 23307.5 15434 0 
19.8249 9.85442 21987.7 15257 0 
19.8711 9.86267 20343 14540.6 0 
19.9191 9.87205 18121.6 13414.7 0 
19.9699 9.88504 15844.4 12341.6 0 
20.0213 9.89488 13897.8 11419.5 0 
20.0699 9.8992 12443.7 10531.9 0 
20.1188 9.90466 10937.5 9421.97 0 
20.1744 9.91315 9245.46 8337.25 0 
20.2383 9.92202 7426.09 6761.34 0 
20.321 9.92464 5100.31 3706.83 0 
20.4799 9.91647 1434.52 0 0 
20.7197 9.91198 144.167 0 0 
20.9913 9.90858 9.7585 0 0 
21.2851 9.90554 0 0 0 
21.5986 9.9028 0 0 0 
21.9298 9.90032 0 0 0 
22.2771 9.89807 0 0 0 
22.639 9.89604 0 0 0 
23.0139 9.8942 0 0 0 
23.4008 9.89253 0 0 0 
23.7985 9.89103 0 0 0 
24.2058 9.88966 0 0 0 
24.622 9.88843 0 0 0 
25.0462 9.88731 0 0 0 
25.4776 9.8863 0 0 0 
25.9155 9.88539 0 0 0 
26.3593 9.88456 0 0 0 
26.8085 9.88382 0 0 0 
27.2625 9.88314 0 0 0 
27.7209 9.88253 0 0 0 
