12.35 8.45 0 0 0 
12.3892 8.45377 0 0 0 
12.5051 8.46371 0 0 0 
12.6903 8.4793 0 0 0 
12.9382 8.50007 0 0 0 
13.2428 8.52564 0 0 0 
13.5988 8.55571 0 0 0 
14.0011 8.59004 3.65597 0 0 
14.4454 8.62846 5.83182 0 0 
14.9275 8.6709 9.72766 0 0 
15.4439 8.71733 16.951 0 0 
15.9911 8.76786 30.8361 0 0 
16.5661 8.82265 58.5115 0 0 
17.1661 8.88201 115.579 0 0 
17.7883 8.9463 268.254 0 0 
18.4281 9.02073 2533.94 0 0 
18.9319 9.17508 13663.2 1701.62 0 
19.2524 9.38028 14215.7 2821.15 0 
19.4466 9.50802 32276.5 10268.8 1 
19.6325 9.50158 45575.8 8580.22 1 
19.8887 9.57051 37280.8 3200.19 0 
20.0646 9.52916 33027.8 7881.97 0 
20.2357 9.58692 42725.4 15771.1 0 
20.3851 9.58702 41436.2 23662.8 0 
20.5119 9.63272 28219.4 21321.7 0 
20.6119 9.71002 24017.4 22366.8 0 
20.7038 9.75924 17387.2 13616.6 0 
20.8462 9.81008 9874.92 7716.77 0 
21.0721 9.90154 2701.34 0 0 
21.4283 9.99076 233.98 0 0 
21.8431 10.0689 9.80693 0 0 
22.3001 10.1395 0 0 0 
22.7944 10.2033 0 0 0 
23.3226 10.261 0 0 0 
23.8815 10.3133 0 0 0 
