10.32
11.34
11.49
10.04
9.93
9.43
9.99
10.87
10.86
9.11
9.99
10.39
10.49
9.55
9.13
10.83
10.01
9.56
9.85
10.37
10.44
10.94
10.54
10.82
10.19
10.59
11.23
9.23
9.72
9.40
9.81
9.95
10.05
10.59
9.28
11.12
10.46
9.75
10.13
10.10
10.48
9.17
10.03
10.55
10.40
10.49
10.83
11.25
11.03
10.44
11.25
9.84
9.41
10.51
8.48
9.35
8.93
8.88
9.49
10.77
10.92
9.93
10.33
9.61
10.05
9.76
9.60
10.05
10.77
9.40
9.79
10.26
9.83
10.64
10.10
10.59
10.94
10.03
10.35
9.80
11.03
9.10
10.01
9.41
9.69
9.13
8.56
9.19
8.91
9.68
10.10
10.75
9.82
8.90
9.52
10.23
10.54
10.95
9.14
9.06
10.10
9.32
10.35
10.59
9.68
10.18
10.71
11.13
10.14
11.14
10.50
9.95
10.32
9.12
9.57
9.70
9.06
8.92
9.59
10.87
10.01
10.79
9.82
10.25
10.05
10.17
9.46
9.63
9.30
10.15
10.61
10.57
10.06
10.51
10.75
11.23
11.08
10.02
10.47
11.22
9.98
9.60
9.46
10.07
10.51
9.18
10.94
9.70
9.94
10.41
10.90
11.15
9.62
10.86
10.31
11.12
10.69
9.86
10.28
10.24
10.66
9.35
9.15
10.18
9.80
9.42
9.59
10.03
8.88
9.48
10.49
9.62
10.10
9.57
9.18
9.59
9.87
10.16
10.86
10.60
10.08
9.12
10.18
10.66
9.60
9.85
10.16
8.89
9.99
10.75
11.00
9.22
9.69
10.01
10.81
9.51
9.10
9.76
10.26
9.06
10.98
10.45
10.07
9.77
9.42
8.65
8.80
9.67
9.19
9.10
8.68
10.03
10.33
10.60
9.28
9.54
9.38
8.92
9.05
8.67
10.31
9.84
11.06
8.85
9.44
10.46
11.13
8.71
9.66
10.08
9.00
9.50
9.02
9.60
10.27
10.52
9.79
9.03
9.78
11.30
9.53
9.04
9.92
10.28
10.21
10.00
10.00
9.21
9.68
9.82
10.89
9.18
8.91
10.08
10.39
11.16
9.76
9.42
9.96
10.24
9.18
9.70
8.63
10.05
9.77
10.30
10.63
10.09
9.74
10.58
9.84
9.23
9.02
9.69
11.45
10.99
9.88
9.25
9.05
10.06
10.44
9.41
9.32
10.33
11.03
9.74
9.81
8.84
9.48
10.80
9.83
10.31
10.98
9.53
9.44
9.99
9.69
10.02
10.33
9.15
8.72
8.98
9.48
9.96
10.37
10.05
10.57
9.11
11.14
9.94
9.60
9.01
10.20
10.52
11.21
10.42
9.77
10.95
9.62
9.13
9.89
10.37
10.37
10.01
10.35
10.96
10.89
10.75
10.02
10.34
10.96
10.88
10.74
9.78
9.40
10.28
10.95
10.87
10.74
10.01
10.19
10.95
10.87
9.55
9.04
9.88
10.24
10.33
10.73
9.92
9.36
10.37
9.73
9.18
8.46
9.29
8.92
10.56
8.93
9.43
11.26
9.81
10.25
10.99
10.60
9.56
9.89
10.37
11.18
10.42
9.71
9.42
9.74
10.65
10.65
8.62
11.09
9.24
9.73
10.10
10.56
9.22
9.25
9.83
9.32
11.25
9.42
8.88
8.85
10.75
9.87
10.26
10.17
10.69
10.16
10.19
9.43
9.74
10.66
10.28
9.80
9.26
9.71
9.76
9.23
10.58
10.46
11.04
8.96
11.50
10.94
9.97
9.47
10.11
9.90
9.43
9.80
10.08
10.49
9.94
10.47
9.81
10.37
10.82
10.45
10.02
9.79
11.00
10.34
10.80
10.42
9.99
9.78
10.98
10.32
10.77
10.43
10.02
9.79
10.97
10.32
10.76
9.47
10.89
9.05
10.30
10.05
9.45
9.67
9.13
8.96
8.89
9.59
10.86
10.13
10.62
9.66
10.24
9.13
8.97
8.90
9.56
10.85
10.11
10.61
9.14
9.72
10.23
8.97
8.99
10.60
11.19
9.40
9.57
9.92
10.44
9.62
9.25
9.03
10.14
10.69
9.54
10.83
10.59
9.91
10.49
9.65
9.26
9.06
10.19
11.38
11.02
10.67
9.56
11.18
9.66
9.29
9.09
10.12
9.67
9.92
10.46
9.66
9.31
8.63
10.14
11.36
11.17
11.00
10.66
10.54
9.73
10.31
10.51
9.58
11.29
9.29
9.40
10.98
8.76
9.67
10.52
10.13
9.61
9.16
11.14
9.88
9.64
9.21
9.32
10.93
10.03
10.47
10.33
9.87
10.89
10.49
9.07
9.50
10.37
9.61
8.70
9.17
10.04
9.16
10.82
9.65
9.96
10.32
9.56
10.79
9.23
10.03
9.73
10.03
10.31
9.80
9.88
9.44
8.75
9.26
10.61
10.82
9.81
10.30
9.40
8.81
8.82
10.83
8.82
9.92
10.21
10.22
10.70
11.03
9.92
9.02
8.82
9.43
9.83
10.19
8.84
10.56
9.76
10.06
10.39
10.59
10.86
11.25
9.44
10.33
9.06
8.94
9.57
10.04
10.06
10.54
9.94
10.14
10.16
9.17
10.30
10.97
9.62
10.03
10.29
10.51
9.82
9.10
9.55
9.45
8.68
9.10
10.76
8.93
9.87
9.49
8.75
9.26
9.05
10.09
9.39
10.58
9.57
11.08
10.07
10.51
11.20
9.08
10.04
9.45
9.84
9.68
9.81
10.94
9.82
10.33
11.13
9.20
9.73
10.08
10.62
10.12
8.98
9.69
10.60
10.93
11.32
9.40
10.13
10.47
11.31
9.09
8.70
9.72
8.92
9.36
10.12
9.94
9.75
9.41
10.72
9.10
8.90
10.24
9.51
9.96
10.77
10.60
9.06
11.16
10.03
10.13
9.67
9.19
9.67
10.08
10.58
9.78
9.47
9.20
10.27
10.67
9.65
10.07
11.10
11.23
9.75
9.46
9.18
10.24
10.57
9.64
10.06
9.78
9.47
9.19
10.27
10.58
11.02
9.81
10.43
10.04
10.52
9.97
9.69
9.29
10.46
10.99
11.09
10.38
9.93
9.44
8.94
9.97
9.55
9.90
9.26
10.41
10.93
11.04
10.19
9.55
9.51
10.87
11.02
8.83
9.81
10.23
10.56
9.09
10.45
10.91
9.68
9.60
10.12
11.36
9.71
10.17
9.18
9.75
9.17
8.92
10.17
10.63
11.01
10.59
10.61
10.94
11.24
9.92
9.43
10.43
10.28
8.66
11.26
9.12
10.11
9.65
9.81
9.03
10.79
10.22
10.48
10.82
10.19
9.77
10.83
9.23
9.74
10.24
10.56
9.72
9.45
9.22
10.16
10.55
10.91
10.19
10.45
10.80
11.06
9.42
9.87
10.79
9.88
10.44
9.87
10.44
10.46
10.19
9.84
10.38
10.19
11.22
9.85
10.38
8.91
10.28
9.92
9.53
8.83
10.89
10.29
9.89
10.35
9.67
10.15
11.02
10.69
9.95
10.39
9.12
9.77
9.70
11.00
10.59
9.98
10.95
10.52
10.12
10.98
10.49
11.46
10.77
10.19
10.13
11.43
9.44
8.69
10.91
11.13
9.96
9.75
10.41
10.66
9.82
9.39
9.03
10.16
9.82
11.07
9.44
10.48
10.14
10.37
9.70
10.07
11.05
11.06
10.54
11.27
8.86
10.76
10.88
9.87
9.51
9.19
9.99
10.70
10.87
10.38
9.87
10.27
8.66
9.46
9.92
9.03
9.46
9.63
8.90
10.22
9.89
11.01
10.32
9.91
9.79
9.38
9.05
10.06
10.59
9.81
9.89
9.44
9.08
9.41
9.87
10.30
10.74
10.22
11.02
11.40
10.56
9.99
11.16
8.79
10.08
10.55
10.08
9.82
9.44
10.17
10.13
10.25
10.81
10.42
8.91
10.03
9.51
8.81
9.72
10.85
9.78
10.30
11.16
9.10
10.68
10.27
10.12
9.70
10.60
8.95
9.71
11.46
10.95
10.38
10.08
9.73
10.18
10.18
11.02
10.27
9.82
9.93
9.23
9.41
9.70
10.19
8.81
9.70
10.76
8.83
9.72
9.43
10.07
9.49
10.73
9.98
10.46
9.77
10.12
9.47
10.73
9.94
10.46
10.13
8.73
9.76
9.90
10.57
10.69
9.96
9.46
10.95
11.30
11.07
10.30
10.48
9.93
9.47
8.90
9.01
9.61
8.96
10.37
11.10
9.10
10.11
9.66
9.85
9.62
9.03
9.13
10.56
10.81
10.35
11.07
11.40
9.90
10.49
10.58
11.14
11.38
11.36
10.90
9.17
9.98
10.40
9.59
10.85
9.11
9.92
9.58
10.38
9.64
9.17
10.84
9.96
10.02
10.47
10.23
9.80
9.73
9.93
10.27
10.57
9.91
10.32
10.71
10.27
11.23
10.40
10.70
10.55
11.20
10.21
9.87
9.41
9.98
10.43
11.06
10.15
8.81
10.47
9.82
9.93
10.41
10.00
10.49
10.82
11.16
9.08
9.58
10.94
9.44
9.97
10.00
10.46
10.78
9.95
9.19
8.87
10.34
9.74
10.04
10.16
8.89
9.42
9.50
8.95
9.29
8.68
8.99
9.59
10.57
9.02
11.47
10.90
9.92
9.07
10.33
11.24
10.81
9.62
9.13
9.53
9.13
9.14
9.15
9.16
9.70
10.21
10.56
9.19
9.84
9.23
9.55
10.76
9.85
10.27
9.42
8.91
10.11
9.47
9.77
10.72
9.67
10.14
8.99
10.22
9.67
10.11
11.02
9.87
10.58
9.06
10.22
10.86
11.29
9.57
9.85
8.86
9.35
9.10
9.79
10.22
10.27
9.68
10.22
10.24
10.63
11.05
10.08
10.59
9.17
10.93
11.16
10.11
8.94
9.44
9.14
9.81
10.21
10.64
10.89
10.11
9.65
10.13
10.55
10.18
11.06
10.44
10.95
11.24
9.83
9.98
9.23
9.71
9.13
10.22
10.87
9.42
9.91
9.30
8.80
10.38
10.71
10.83
9.83
10.32
10.36
9.52
9.44
10.00
9.17
9.63
10.11
10.36
9.00
8.94
10.01
9.53
10.07
9.21
10.03
10.11
10.57
11.35
10.06
9.25
9.72
10.24
9.91
10.37
10.60
10.60
11.38
11.25
9.42
9.97
9.41
10.09
9.01
9.50
10.03
10.46
8.61
9.12
8.93
10.16
9.51
9.89
9.84
9.29
8.93
8.68
9.38
10.79
10.18
10.79
9.17
9.92
9.69
9.51
9.91
10.16
9.16
9.64
9.02
8.81
10.55
11.08
10.47
11.04
11.33
9.89
9.42
10.66
10.94
8.96
8.77
10.00
9.50
10.03
10.69
10.55
11.00
10.06
9.51
10.01
10.35
10.51
10.98
10.07
9.50
9.98
10.48
9.03
9.54
10.02
10.92
10.30
9.09
10.81
9.59
9.32
8.92
9.79
9.14
9.69
10.22
9.95
9.31
9.84
10.58
11.50
11.01
10.47
10.14
9.92
10.39
10.13
9.92
10.39
11.12
10.21
10.46
9.83
9.41
8.83
10.82
9.94
10.30
10.31
9.62
9.44
9.82
10.28
9.47
9.95
10.44
10.74
11.15
8.75
10.59
9.81
10.25
9.50
9.96
10.37
10.70
11.13
9.84
10.23
10.72
9.57
10.00
10.36
11.16
11.43
10.62
11.06
9.94
10.35
9.60
10.02
11.14
11.43
10.60
11.04
9.95
10.37
11.41
9.04
9.62
9.17
8.88
10.88
9.09
10.89
9.60
9.94
8.88
10.33
10.77
9.92
9.23
10.13
10.53
9.24
11.53
10.22
9.78
10.03
9.86
10.93
10.32
9.43
10.24
11.07
10.81
10.39
9.86
10.36
10.61
11.07
10.82
8.86
10.29
9.87
9.84
9.51
9.26
9.97
10.27
9.57
9.93
9.62
10.03
10.28
8.82
9.87
9.03
9.67
10.22
10.13
9.64
9.60
10.21
9.31
9.03
9.60
9.97
10.78
10.54
9.12
9.63
9.96
10.15
10.56
10.60
10.22
9.90
11.22
10.42
10.83
11.08
10.48
10.16
9.15
9.12
11.16
9.96
9.41
9.87
9.27
9.47
8.94
8.57
9.92
10.35
8.87
9.91
10.84
9.47
8.61
10.83
10.30
10.24
9.73
9.17
9.97
8.48
9.52
8.99
8.67
9.87
10.93
10.31
10.69
9.10
10.17
10.15
9.69
9.70
9.13
9.26
8.81
8.56
8.89
9.59
10.58
11.23
9.42
10.87
10.39
9.89
10.16
9.48
10.00
8.47
9.99
9.54
10.87
10.01
10.37
10.05
9.01
9.61
9.53
10.59
9.56
9.13
8.86
10.17
10.59
9.15
9.75
10.15
11.29
8.91
9.41
10.90
10.75
9.94
10.40
8.99
8.56
9.57
8.57
9.00
10.88
9.85
10.36
9.53
9.65
9.19
10.86
10.16
10.91
10.98
10.59
10.32
9.92
9.28
9.12
9.40
9.79
9.96
10.86
10.86
9.13
9.61
10.03
10.42
10.49
9.18
9.68
10.06
10.87
10.30
9.95
9.28
10.13
10.23
10.96
9.80
10.10
10.56
10.27
9.43
9.52
9.44
9.94
8.88
9.23
8.94
10.23
11.16
9.49
9.88
8.90
8.99
9.51
10.24
10.58
9.93
9.44
9.64
10.14
9.10
9.65
8.95
9.52
9.97
8.95
9.06
9.58
9.94
10.99
9.22
10.09
10.52
9.62
10.01
8.97
9.17
9.94
10.63
10.82
9.81
10.31
9.54
9.40
9.06
10.81
9.19
8.85
8.44
9.69
10.83
10.05
10.03
9.63
10.20
8.75
9.78
10.30
10.61
11.06
10.15
9.93
9.44
10.46
10.07
9.83
10.31
10.59
8.89
10.21
8.88
9.77
10.26
10.73
11.32
10.86
9.85
10.30
9.44
9.77
10.70
9.82
9.00
9.24
9.65
10.22
9.65
10.17
10.20
10.60
10.49
10.09
10.32
10.69
11.14
10.99
10.01
10.51
9.77
9.18
10.56
11.10
10.86
9.79
10.36
10.19
9.44
11.09
9.93
9.62
9.42
8.81
8.42
9.34
9.79
10.05
9.15
8.69
9.64
10.15
9.79
10.94
9.99
10.53
10.29
10.25
10.45
10.89
9.86
9.28
9.14
9.75
9.42
9.88
10.30
10.21
10.89
10.22
9.37
8.90
10.27
9.93
9.55
9.49
9.95
10.12
9.57
10.58
10.46
10.60
8.89
10.08
10.95
11.00
10.49
9.68
10.07
9.43
9.30
9.70
9.72
8.64
9.97
10.34
10.60
9.58
9.86
10.26
10.66
10.86
11.31
9.93
9.60
9.87
10.26
10.88
10.66
9.91
10.31
11.30
9.89
9.49
9.40
9.35
9.74
10.01
10.58
10.54
10.64
11.36
9.06
9.65
9.03
10.90
10.89
9.13
9.96
10.38
9.70
9.17
9.73
10.18
9.24
9.41
9.21
8.88
9.48
10.16
11.05
10.65
8.73
9.25
8.99
9.58
10.56
10.06
11.47
9.38
10.22
9.79
10.36
10.90
9.04
9.91
10.41
9.62
10.16
10.65
11.04
9.15
10.12
9.16
10.58
9.74
10.59
10.01
9.99
10.47
9.27
11.28
10.27
9.81
10.41
9.48
10.31
9.48
9.49
9.95
10.32
9.57
9.94
10.39
10.90
9.41
9.95
10.36
9.44
9.99
10.44
9.49
8.93
10.07
8.92
10.64
11.16
10.48
10.96
10.33
9.12
8.65
9.72
9.98
9.45
11.04
9.93
10.21
10.46
9.94
10.41
10.20
9.95
10.42
11.21
10.93
10.72
10.31
10.44
9.95
9.44
10.42
8.86
9.99
9.82
10.26
9.81
9.46
9.34
9.27
9.30
8.81
8.61
10.78
9.78
8.76
10.25
9.30
9.00
9.68
10.22
10.20
10.16
10.90
10.62
9.88
9.09
10.09
9.98
9.36
8.90
9.61
9.10
10.07
9.69
10.07
10.54
8.92
9.54
11.18
10.05
10.57
11.30
10.36
10.04
9.40
9.89
10.98
9.75
9.41
8.41
8.84
10.43
10.77
10.41
10.24
8.71
10.37
11.13
10.63
9.55
10.73
10.00
10.33
9.88
8.91
9.52
9.16
8.74
9.51
9.33
9.18
8.74
9.78
9.01
9.62
9.30
9.27
8.80
10.59
10.28
10.22
11.27
9.65
10.31
10.96
8.80
11.23
9.36
9.72
10.13
10.16
10.65
10.55
9.99
10.51
10.88
11.26
10.17
10.68
9.99
9.66
10.48
10.86
11.24
11.06
9.20
10.14
10.55
9.95
9.53
10.46
10.06
10.50
9.97
9.57
10.48
11.30
10.95
11.06
9.70
10.18
10.56
11.31
10.95
11.07
10.55
10.57
11.32
10.95
11.08
9.06
10.92
10.08
10.32
10.16
9.85
9.44
10.94
10.09
8.87
10.00
9.47
8.71
9.50
10.06
10.60
9.82
10.15
10.66
9.58
10.08
11.11
10.55
10.89
11.30
9.98
9.59
10.09
11.09
10.54
10.87
11.29
9.96
10.51
10.55
11.26
9.19
9.76
9.05
10.11
9.83
9.90
9.37
9.10
10.42
9.92
9.41
10.79
9.49
9.73
10.21
9.78
9.59
9.27
8.85
10.75
10.29
10.80
11.26
10.90
9.06
10.69
9.54
10.68
9.85
9.89
10.30
9.12
9.64
10.11
10.73
9.85
10.29
9.45
9.26
10.72
9.99
9.77
10.00
10.27
9.87
10.58
9.87
10.73
11.28
9.79
9.40
10.80
9.95
10.20
8.91
9.69
10.14
9.54
9.99
9.71
9.54
9.66
9.54
9.15
10.18
10.59
9.93
9.88
10.37
9.88
9.89
10.34
11.05
10.19
10.49
9.94
9.26
10.39
10.78
10.86
9.83
10.33
9.43
10.70
8.50
9.02
9.98
10.26
9.56
9.89
10.31
9.60
10.07
9.62
9.25
10.26
10.58
9.70
9.99
10.96
10.49
10.34
10.53
10.93
11.18
10.11
9.99
9.28
9.69
9.61
9.40
10.13
10.45
10.83
11.13
10.01
10.43
10.82
9.98
10.28
11.09
10.41
8.90
9.84
10.08
9.09
8.67
9.52
8.92
9.95
10.41
10.03
9.09
8.67
9.53
8.93
9.95
10.40
10.55
9.52
10.04
10.41
10.60
9.21
9.08
10.95
11.33
10.35
9.66
9.91
10.82
9.63
10.08
11.28
9.81
10.24
10.60
10.57
10.60
10.67
11.10
11.11
9.21
10.53
9.78
9.84
10.35
9.39
9.82
10.28
10.59
10.98
10.97
9.88
10.40
10.25
10.84
9.59
9.41
9.96
10.30
10.82
10.80
8.90
9.41
9.62
10.13
10.42
10.80
9.12
8.65
9.96
9.67
10.23
9.99
9.65
10.10
10.67
10.57
11.57
11.09
11.15
9.76
10.21
10.57
11.01
11.12
9.77
10.11
10.58
9.68
9.40
9.80
11.11
10.17
9.97
10.49
11.28
8.91
9.45
9.82
8.72
10.30
8.73
10.42
10.77
10.78
11.00
9.34
9.60
10.08
10.30
8.97
8.50
9.01
8.78
9.50
9.43
9.69
9.01
9.00
8.81
9.48
9.48
9.74
9.05
8.98
8.84
9.46
9.94
10.34
9.19
9.20
11.14
9.82
9.94
9.43
9.52
9.40
8.68
8.92
9.40
9.87
10.59
11.45
8.66
10.97
9.18
10.46
11.18
9.70
10.17
10.89
10.31
8.89
9.47
9.91
8.93
9.00
9.53
9.92
9.41
9.08
8.76
9.51
9.98
8.78
10.84
9.14
9.62
9.88
10.28
10.96
9.16
9.68
10.15
9.44
10.03
10.15
9.78
9.02
9.38
9.83
10.09
10.12
10.13
9.40
9.86
10.45
10.72
9.65
8.94
8.78
10.05
10.58
10.67
9.12
9.69
11.29
10.89
11.10
10.50
11.32
10.90
9.17
10.08
10.96
9.70
10.35
9.26
10.66
10.83
9.84
10.30
9.44
8.44
8.98
10.81
10.20
9.54
9.78
10.33
9.80
10.22
9.36
8.90
9.07
10.21
9.64
8.93
10.99
10.60
10.27
11.31
10.82
9.20
10.27
11.00
9.73
10.08
9.12
10.29
10.57
9.96
10.63
10.25
9.77
9.40
10.26
9.84
10.29
9.37
10.06
9.09
8.68
9.64
8.88
9.81
10.59
10.24
9.53
10.05
9.35
8.93
8.52
9.80
9.16
9.75
11.07
9.69
10.48
10.11
10.47
8.56
11.06
9.40
8.61
9.91
10.71
10.35
10.35
10.59
10.01
9.69
10.57
10.20
11.11
10.25
9.96
9.50
9.70
11.36
10.22
11.10
11.55
10.00
9.75
9.52
9.40
9.65
9.08
9.29
8.80
8.28
8.46
9.81
10.15
9.80
9.49
10.21
10.59
10.05
9.26
8.80
8.58
10.05
9.54
9.33
8.86
8.61
9.81
10.83
10.34
9.13
11.12
9.67
10.13
10.59
10.24
9.80
10.23
9.14
10.32
10.71
10.19
9.75
9.40
10.26
10.72
9.77
9.19
10.20
9.76
10.23
10.70
9.75
9.20
9.81
9.41
8.67
10.89
9.87
10.34
11.11
9.78
9.21
9.72
10.03
9.12
9.72
9.32
8.89
10.13
9.76
10.90
8.98
10.58
9.90
10.32
9.51
10.00
10.95
10.43
9.40
11.19
10.93
10.79
10.42
10.25
10.90
10.41
11.17
9.11
8.69
9.61
10.12
8.69
9.97
10.47
10.19
9.90
10.38
10.92
10.29
9.81
9.96
9.97
9.56
9.22
10.29
9.85
9.97
9.56
9.23
11.02
10.30
10.84
11.24
9.85
10.43
10.04
9.62
9.25
11.43
10.53
11.05
9.83
10.07
10.61
9.40
11.50
11.13
8.89
10.65
11.00
9.99
9.47
10.39
9.99
9.49
8.90
8.93
10.71
10.58
10.92
9.85
10.28
10.85
9.13
10.00
10.41
9.57
9.15
10.88
9.65
10.07
10.46
9.21
10.90
9.69
9.07
9.88
10.34
10.79
9.96
10.24
9.77
10.01
9.11
9.44
10.24
10.45
10.59
11.37
10.12
10.65
8.83
10.43
9.76
9.89
10.26
9.47
9.83
10.61
10.93
9.91
9.90
9.44
10.30
10.55
9.81
10.34
10.35
9.05
9.56
9.62
10.85
9.87
10.33
10.37
9.54
10.48
10.79
11.06
10.30
10.05
10.47
10.79
11.06
10.78
10.31
9.85
10.70
9.49
9.78
10.22
9.48
9.97
10.40
10.69
9.77
10.21
9.44
9.10
9.66
10.25
8.93
9.52
9.99
9.08
8.95
9.39
9.81
10.50
10.59
10.30
10.71
11.19
10.91
11.35
10.36
10.26
9.79
10.15
9.23
9.01
9.43
9.75
9.83
10.26
8.69
9.65
9.36
9.83
10.20
10.58
9.74
10.05
10.00
10.45
11.14
9.60
9.40
9.60
10.07
9.39
9.73
10.13
10.60
8.97
9.99
10.13
9.68
10.24
10.61
10.98
9.57
9.20
9.68
8.75
9.06
9.96
10.44
9.07
9.71
10.87
9.21
10.32
10.42
10.81
11.13
9.85
10.11
9.40
8.97
10.60
9.96
9.50
8.95
11.08
10.08
10.37
10.81
10.43
11.26
9.08
10.18
9.67
9.13
9.94
9.03
9.18
10.49
10.21
9.78
9.03
9.42
9.78
10.27
11.02
10.51
10.09
10.58
10.36
10.32
10.79
9.93
10.83
11.25
9.87
10.00
10.34
9.09
9.45
9.75
8.82
10.60
9.85
11.05
11.12
9.70
10.00
10.11
9.72
9.41
10.49
10.16
10.58
9.88
9.51
9.70
9.57
9.88
10.01
10.11
9.03
10.52
9.73
9.58
9.64
9.57
8.85
10.13
9.79
10.83
10.18
10.57
10.61
10.99
10.41
9.42
11.05
11.25
8.53
9.00
10.22
9.95
10.44
10.03
9.60
8.94
10.38
10.82
10.22
9.19
10.84
10.38
10.18
9.68
10.76
9.01
10.59
10.13
10.79
11.54
10.32
10.48
10.80
11.22
11.66
11.53
10.30
10.46
10.78
11.19
11.64
11.52
10.31
10.89
10.29
10.35
10.75
11.15
9.84
9.40
10.76
10.25
11.13
9.83
8.89
9.80
9.48
8.77
10.58
10.96
11.31
9.74
10.35
9.79
11.27
10.15
9.07
10.51
10.10
9.61
8.99
9.63
10.55
9.93
10.34
9.11
9.03
9.17
9.57
10.03
10.42
9.16
10.80
11.08
10.34
9.72
9.98
9.68
9.59
9.20
10.04
9.16
10.97
10.42
10.28
10.06
10.62
11.12
10.90
10.30
9.84
9.42
10.13
10.61
10.85
9.82
11.10
11.31
10.87
10.36
10.28
11.10
8.84
9.54
9.97
9.58
9.44
8.56
9.35
10.25
10.04
10.60
10.70
11.25
9.76
10.24
8.99
9.59
9.58
9.65
9.17
8.84
9.08
10.58
10.36
9.64
10.06
11.39
10.40
11.08
10.82
9.90
9.63
10.38
10.13
9.70
8.88
11.02
9.98
9.84
10.25
9.41
11.00
11.15
10.63
10.41
9.90
11.13
10.35
9.40
9.09
8.65
9.59
10.90
9.10
9.87
10.31
10.89
9.97
9.85
10.77
9.54
9.25
9.85
10.17
9.41
10.31
8.86
9.64
8.92
10.82
10.59
10.01
9.71
9.50
10.26
10.04
10.51
10.05
10.94
9.61
9.26
8.80
9.00
10.03
10.12
9.60
10.55
8.82
9.51
10.02
11.26
9.12
9.73
9.29
9.02
10.95
10.42
9.59
10.09
9.37
8.98
9.92
10.37
9.59
10.09
9.37
8.98
9.93
10.37
10.23
11.05
9.82
9.02
9.40
10.81
9.82
10.32
10.93
8.72
10.01
9.86
9.32
8.53
9.81
10.18
9.49
9.04
8.85
10.72
10.84
10.36
9.94
10.33
11.04
9.22
10.12
9.70
10.82
9.31
10.24
10.30
10.60
10.98
10.77
9.87
9.93
10.20
9.41
9.43
9.60
9.99
10.40
9.49
10.00
8.70
9.59
9.07
10.00
10.42
8.95
10.04
9.61
10.40
9.70
9.90
10.27
10.59
9.49
9.85
10.34
10.77
9.52
9.38
9.86
10.36
9.42
10.04
9.64
8.74
8.97
9.43
9.45
10.75
10.26
9.11
10.85
10.41
9.52
9.95
9.21
8.84
8.86
9.62
10.20
10.28
9.21
9.81
9.35
9.01
9.41
9.83
9.78
10.26
9.86
9.78
10.26
8.67
9.80
9.78
10.24
10.05
10.54
9.18
9.83
9.76
9.84
10.27
10.60
9.05
9.72
9.40
10.81
9.19
8.79
10.33
11.02
9.72
10.16
9.39
9.09
9.82
10.22
10.53
9.77
10.19
9.41
9.11
9.81
10.17
9.42
9.92
9.85
10.16
9.00
10.53
10.89
9.54
8.72
9.21
9.10
10.09
10.58
9.22
9.41
9.67
11.19
9.27
9.71
10.19
9.30
9.56
9.94
10.34
10.55
10.92
9.78
10.14
10.35
10.60
10.10
11.04
9.79
10.12
10.54
9.25
9.86
9.07
9.35
10.97
9.67
10.10
10.53
9.04
9.75
9.40
11.09
11.09
9.84
9.53
10.85
10.85
10.85
9.90
10.28
9.41
9.72
10.79
11.01
9.73
10.24
9.49
8.98
9.79
9.49
9.00
9.81
9.03
9.51
8.92
9.53
8.67
9.81
10.21
10.97
9.15
9.20
9.70
9.88
9.91
10.38
10.59
10.31
10.79
11.03
11.47
11.21
10.59
11.06
11.15
9.79
9.22
10.09
9.84
9.44
10.33
10.31
10.67
10.94
11.15
9.03
9.48
9.35
9.95
9.03
8.68
9.49
9.40
9.04
8.70
9.50
9.91
9.94
9.42
9.06
8.71
9.51
9.46
9.87
10.30
10.57
11.10
9.08
8.73
9.53
9.80
10.32
10.16
9.03
9.64
10.04
8.79
11.07
10.12
10.28
10.54
9.27
10.55
11.23
9.41
9.91
10.26
10.53
10.77
10.27
8.69
9.79
10.04
9.61
9.41
9.16
8.30
8.53
8.73
9.27
9.17
8.30
8.55
8.73
9.98
10.13
10.39
10.60
11.45
9.88
10.38
10.61
11.09
8.98
10.05
10.28
11.06
9.59
9.56
9.95
9.39
8.72
9.47
8.91
9.95
9.54
9.96
9.41
8.73
9.48
8.93
9.95
10.40
9.10
9.71
8.76
9.04
9.54
9.86
9.96
10.47
10.08
10.59
9.79
9.42
9.51
11.18
8.93
9.81
10.28
10.96
10.47
10.60
9.63
9.42
10.10
8.71
10.25
10.57
11.02
9.84
10.97
9.68
9.10
10.43
10.04
10.00
9.69
9.32
8.87
10.68
9.75
10.24
10.50
10.07
10.58
10.36
11.28
11.27
11.37
10.33
11.25
11.63
10.85
11.24
11.34
11.63
9.89
9.41
9.39
10.72
8.84
10.59
9.32
10.20
9.54
10.05
10.57
11.13
9.79
10.19
10.54
11.09
9.86
10.29
10.94
10.32
9.48
9.89
9.26
9.35
10.38
9.95
9.41
9.49
9.87
8.74
10.40
9.28
8.83
9.28
8.84
8.97
9.96
10.85
9.55
10.24
8.89
10.85
9.44
9.77
10.10
9.62
10.12
10.78
10.62
10.05
10.58
9.61
10.58
11.14
9.78
9.09
10.06
10.55
11.05
9.83
10.20
9.41
9.13
8.64
10.55
8.86
9.88
9.47
10.98
10.87
10.38
9.83
8.62
10.37
9.58
9.73
9.20
8.85
9.03
10.10
10.48
11.01
10.94
10.23
11.01
9.77
9.23
8.86
9.05
10.11
10.47
10.93
9.66
10.18
9.82
9.39
10.85
9.89
10.23
10.60
9.12
8.66
9.04
10.70
10.70
9.42
9.86
8.67
10.56
9.95
9.44
9.40
10.61
8.82
10.29
11.29
9.62
10.13
8.90
9.45
9.00
9.76
8.93
10.47
9.94
9.59
9.19
10.17
9.00
9.60
10.07
11.03
10.34
10.17
10.93
10.48
9.15
10.13
9.63
8.95
10.92
10.59
10.24
9.71
9.21
9.97
11.16
10.94
10.72
10.43
10.59
9.82
10.27
10.85
9.10
9.90
10.35
9.31
9.72
10.12
10.43
9.66
10.87
9.98
10.29
9.18
10.85
9.64
10.01
10.81
10.20
9.26
10.73
10.79
9.82
10.04
10.31
9.41
9.88
9.61
9.61
10.11
8.95
8.93
9.32
8.95
8.94
9.31
9.55
10.77
10.20
10.21
8.94
9.02
9.36
11.08
9.70
10.15
8.97
9.17
10.60
9.69
10.92
11.24
9.07
10.39
11.22
10.54
10.17
9.71
9.87
9.42
8.74
9.29
9.40
8.89
10.13
8.90
9.90
9.46
9.78
10.13
10.93
10.56
10.22
9.76
9.51
9.17
9.06
9.77
10.19
9.66
10.20
9.82
10.17
10.58
10.91
10.16
9.84
10.18
10.58
10.90
11.03
10.10
10.52
9.87
9.45
9.16
9.68
10.09
10.91
9.77
9.22
9.31
9.77
10.24
10.87
9.86
10.35
9.45
10.80
10.79
10.79
8.94
9.87
10.31
10.36
9.47
9.64
8.75
9.14
9.02
9.52
9.97
10.41
10.76
10.76
10.30
10.23
10.75
10.14
10.78
9.90
10.21
10.57
10.77
9.23
10.47
9.78
11.28
9.37
10.72
9.89
10.23
9.41
9.70
9.99
10.31
10.67
10.14
9.75
10.33
10.67
8.61
9.12
10.13
9.63
9.70
9.51
9.26
9.01
9.88
10.59
9.63
10.09
10.58
10.53
9.26
9.02
10.17
9.79
10.67
11.12
10.54
11.03
11.01
9.22
10.13
10.51
10.11
9.62
10.07
9.84
10.40
9.97
9.64
9.43
8.99
10.50
10.89
10.93
10.94
9.83
10.36
9.95
9.79
9.75
9.41
10.76
9.54
9.33
8.61
9.86
9.87
10.11
10.95
10.33
10.59
10.31
10.80
10.31
10.36
10.80
11.06
9.22
9.21
10.13
10.57
9.59
9.22
10.04
9.58
9.21
11.06
10.03
9.58
9.20
9.76
10.93
9.66
9.30
9.79
10.32
10.93
10.15
10.60
9.42
9.22
8.71
8.25
8.48
11.20
10.87
9.00
10.41
9.92
10.17
9.54
11.15
10.56
11.29
9.41
9.12
9.69
8.91
9.80
10.24
10.72
10.96
10.33
11.14
9.88
10.17
10.36
9.71
9.99
9.40
10.39
8.96
9.88
8.79
9.49
9.66
8.56
9.93
9.61
9.17
9.32
8.85
8.40
8.61
10.07
10.57
9.11
9.52
10.68
11.23
10.14
10.21
10.50
10.04
10.09
10.41
10.57
9.83
9.55
10.31
11.08
10.56
10.87
10.40
9.84
9.62
9.13
8.87
9.89
9.16
8.88
10.54
10.22
9.79
9.45
9.53
9.04
8.46
10.98
10.44
10.88
11.26
9.11
10.94
10.48
10.01
9.55
8.85
9.36
9.76
10.21
10.37
10.82
10.05
9.80
10.22
10.83
10.30
10.69
11.02
9.93
9.44
10.32
10.67
10.06
8.78
10.14
11.02
10.59
10.59
10.09
9.81
9.67
9.16
10.21
10.05
9.77
10.20
10.06
9.17
11.26
9.43
10.10
9.21
8.89
10.19
9.71
10.12
10.60
10.00
8.99
10.00
9.53
9.82
9.43
9.90
8.85
9.71
11.10
10.00
10.52
11.24
10.32
9.69
10.23
8.97
9.78
10.88
9.41
9.98
9.82
10.88
10.30
10.59
11.06
10.38
10.00
11.05
10.32
9.13
8.67
8.69
9.77
9.86
9.92
9.54
9.07
10.33
9.84
9.93
9.54
9.08
10.33
9.84
9.78
9.54
9.97
9.12
9.21
10.37
10.17
9.44
9.88
9.31
10.37
10.07
10.48
10.98
10.86
9.59
9.91
9.17
8.73
8.60
9.94
9.39
9.60
9.91
9.17
8.74
9.93
9.41
9.52
9.58
9.64
8.76
10.42
10.10
8.73
9.61
10.06
10.47
10.98
10.85
9.63
8.74
10.05
10.15
9.61
10.08
9.18
10.48
10.97
10.79
9.56
10.00
10.13
9.62
10.08
9.18
10.47
10.97
10.75
9.61
10.11
10.60
9.65
10.10
9.23
9.06
11.13
10.49
10.98
11.42
11.28
9.69
10.05
10.52
9.61
10.59
9.93
10.40
9.93
9.39
10.47
10.96
11.43
11.13
10.16
10.54
9.47
10.42
10.90
11.11
9.47
10.36
9.99
10.40
10.90
11.10
10.85
9.84
10.28
10.05
10.35
9.64
9.42
10.60
8.71
9.19
10.57
11.39
10.71
9.88
9.95
10.26
9.51
9.26
10.48
10.69
9.99
9.97
10.23
9.52
9.45
9.45
9.52
8.98
10.27
9.74
10.59
9.60
9.16
10.27
10.13
11.16
10.78
10.24
9.94
9.92
10.39
9.15
10.78
10.78
9.59
9.96
10.37
10.39
10.52
10.99
11.07
9.13
10.82
10.24
9.24
10.55
9.71
10.15
9.10
10.59
10.54
10.98
11.04
10.19
10.53
9.86
10.25
10.50
10.93
11.02
9.82
10.44
9.07
9.46
9.44
10.85
10.98
8.70
9.94
9.61
9.98
10.38
10.58
11.02
10.82
10.18
10.40
11.00
9.63
9.99
10.55
9.77
10.17
10.91
9.84
10.29
10.30
10.76
9.89
9.43
10.82
8.82
9.97
10.31
9.43
9.80
10.81
10.23
10.80
11.13
9.48
8.96
9.85
10.03
9.47
9.63
10.09
10.05
9.60
10.09
8.77
9.02
9.15
9.59
10.44
10.56
9.17
8.77
9.04
9.60
10.40
9.17
8.76
9.04
9.61
9.63
9.97
11.00
9.95
9.78
10.30
10.40
9.38
9.94
10.39
10.75
11.14
10.88
9.39
9.79
11.14
10.30
10.31
9.26
10.60
9.76
10.26
10.84
10.08
9.78
10.08
10.36
8.92
10.98
9.33
10.14
9.47
9.91
9.61
10.18
8.63
9.95
9.61
10.09
9.71
10.10
10.58
10.87
10.59
9.67
10.15
9.25
8.86
9.48
9.94
10.39
10.17
9.95
10.51
11.20
9.77
10.21
9.44
8.92
8.93
9.80
10.11
10.17
10.70
10.05
9.51
9.71
10.19
10.54
10.73
9.01
9.32
9.06
9.80
10.16
10.56
11.05
11.30
9.64
10.14
10.67
11.02
11.29
10.46
10.16
10.89
11.22
9.82
10.11
9.17
10.55
11.03
9.27
10.11
11.28
10.57
9.66
9.77
10.24
9.15
9.93
9.67
9.47
10.36
10.67
10.61
10.90
9.79
10.30
9.41
10.84
8.82
9.93
10.37
11.00
10.04
10.77
9.85
9.44
9.98
10.26
10.06
10.86
10.59
9.01
11.21
9.49
9.93
8.77
10.79
10.10
10.19
10.14
10.60
10.78
10.12
10.14
10.60
10.78
10.09
10.58
11.30
10.60
10.22
10.68
11.25
11.13
11.06
9.98
10.49
9.75
11.17
9.25
10.58
10.88
10.31
9.80
10.20
9.42
9.41
9.91
8.67
10.81
9.20
10.08
10.25
10.38
10.73
9.79
10.22
9.03
10.59
11.50
10.99
10.38
10.38
9.40
9.71
10.77
11.10
10.30
9.81
9.88
9.81
9.41
10.29
10.87
10.71
11.07
8.90
9.88
10.33
9.50
8.97
8.60
8.99
9.59
9.65
10.06
9.51
10.02
10.45
9.70
10.14
9.68
9.54
10.58
10.06
9.97
9.90
10.37
9.48
9.42
9.17
8.59
9.56
9.06
8.73
8.23
9.99
10.11
11.07
9.63
9.06
9.29
8.79
8.26
8.49
11.08
9.10
9.68
8.79
10.20
10.50
9.25
9.69
11.22
9.68
10.97
10.40
11.12
10.75
9.46
10.89
9.84
9.76
10.34
11.11
10.61
10.23
9.92
9.42
9.85
10.25
9.91
10.88
10.39
8.84
10.07
10.57
9.89
9.89
9.89
9.22
11.18
9.45
9.82
10.23
10.72
10.44
9.97
10.38
11.19
10.72
10.42
9.94
10.31
8.97
9.58
8.84
9.83
10.53
10.26
10.76
9.60
9.98
11.32
10.55
11.42
10.87
10.20
9.76
10.71
10.19
9.60
9.98
11.30
10.53
11.39
10.85
10.71
11.06
9.85
10.34
10.99
9.72
9.13
9.70
10.14
10.46
9.22
8.88
9.16
9.67
10.01
10.57
9.70
11.12
10.13
9.72
10.04
9.52
9.87
10.39
10.53
8.93
10.83
9.41
9.57
9.93
9.57
9.92
10.41
10.97
10.83
11.12
10.92
9.97
10.35
8.62
9.59
9.96
10.48
10.94
11.13
10.91
10.02
10.38
9.13
9.70
10.05
10.51
10.91
9.16
9.73
10.24
9.74
9.01
9.94
9.48
9.18
10.42
10.88
9.75
10.18
8.98
9.46
10.82
9.83
9.33
9.40
10.29
10.60
8.98
9.47
8.69
9.67
10.08
11.09
10.59
9.81
9.27
10.32
9.01
9.51
8.70
10.09
11.07
10.60
11.19
8.84
9.83
10.21
9.03
8.65
8.84
9.44
10.58
9.97
10.43
9.57
10.01
10.43
10.99
9.10
8.63
8.96
11.13
10.91
10.08
10.54
8.98
9.52
11.06
10.41
10.06
11.12
9.29
9.04
10.14
9.59
9.35
9.83
10.34
10.58
9.94
10.50
10.54
11.28
10.84
9.70
8.94
11.02
9.99
10.10
10.17
10.97
10.65
9.97
9.40
8.86
10.04
10.57
9.95
9.49
9.33
8.98
8.65
8.77
9.42
9.90
9.43
10.36
9.51
9.02
8.67
8.80
10.91
10.41
9.94
8.98
11.16
10.09
10.59
9.56
9.89
10.80
10.30
10.29
11.38
11.32
10.82
11.33
8.91
9.41
9.04
11.10
10.75
10.23
9.82
10.34
9.31
9.33
10.72
10.95
9.25
9.70
10.81
9.42
10.02
9.79
10.26
11.04
10.05
9.69
10.63
10.59
11.47
9.79
9.20
11.01
10.03
10.48
10.85
10.98
10.40
9.41
9.83
10.19
8.93
9.56
9.90
8.84
9.52
10.83
10.74
9.20
10.26
9.72
10.33
10.78
9.66
9.00
9.83
9.37
9.16
10.30
10.31
10.11
10.73
10.60
9.42
8.61
9.97
10.78
11.17
10.21
9.94
10.56
9.62
9.16
11.04
11.06
9.70
9.18
8.89
10.02
10.51
9.70
10.15
9.89
10.89
10.97
9.41
10.39
8.69
10.88
10.94
9.14
10.02
9.68
10.34
10.33
9.91
9.61
10.35
10.72
10.09
9.71
10.13
10.34
10.71
10.05
10.14
10.60
9.73
9.68
9.41
11.20
11.11
9.78
10.27
10.18
10.71
11.07
9.33
9.33
10.07
10.58
9.16
8.89
9.70
11.17
10.82
9.51
8.89
9.89
10.33
11.17
9.63
9.44
8.73
9.90
10.34
10.59
9.88
10.27
11.08
10.81
10.80
9.83
10.33
10.81
10.25
9.95
10.50
10.79
11.03
10.03
11.25
10.56
10.51
10.55
9.92
9.74
9.21
10.97
9.70
8.88
10.05
10.53
9.75
9.29
9.64
11.11
9.92
9.43
10.90
8.55
9.73
10.90
9.72
9.07
10.08
10.40
9.65
10.12
10.32
9.78
10.22
9.39
8.90
9.82
10.22
10.53
11.00
10.94
9.78
10.30
8.92
10.19
10.96
10.59
11.22
9.92
9.47
9.17
9.42
9.53
9.53
8.83
9.27
9.70
10.03
10.54
11.22
9.71
9.40
10.13
11.04
9.59
10.08
10.55
9.78
10.18
11.05
9.59
9.77
10.04
10.52
10.43
9.81
10.36
10.92
11.15
8.97
9.71
10.05
10.49
9.52
9.76
10.81
11.15
10.48
10.81
11.15
9.41
10.94
10.93
8.82
10.32
11.14
10.70
9.90
10.26
9.52
9.14
9.73
8.96
9.45
9.81
9.72
10.19
10.05
9.78
10.60
10.27
9.77
10.04
10.64
10.50
11.18
9.78
10.27
9.63
9.43
8.77
10.58
10.10
10.39
10.10
10.16
11.00
9.84
10.39
10.36
9.85
9.86
9.43
9.75
10.19
10.68
9.98
10.86
11.20
9.97
9.45
10.03
10.88
8.98
9.89
10.36
9.56
9.50
10.08
9.59
9.94
10.12
10.23
10.51
11.34
9.10
10.67
11.49
10.77
9.85
11.17
9.88
9.19
9.77
9.59
10.16
9.71
9.45
11.17
10.21
10.61
11.08
11.27
9.78
10.14
9.72
9.48
10.64
10.21
10.61
10.19
9.80
10.09
9.71
10.21
10.60
8.90
10.08
10.58
10.56
9.66
10.14
10.52
11.02
11.23
9.51
10.11
10.64
9.64
10.13
10.50
11.01
11.23
8.65
11.09
9.13
8.99
10.05
9.68
10.56
10.13
10.44
11.05
9.03
9.44
9.95
9.46
9.70
10.15
9.04
9.47
9.98
10.51
10.42
11.23
9.87
10.30
9.69
10.48
8.78
9.16
9.41
10.58
8.40
10.59
9.81
10.19
9.31
9.19
8.76
8.28
8.44
9.63
9.12
8.82
10.16
10.00
9.16
9.64
10.12
10.09
10.99
9.63
9.20
8.95
9.66
10.59
11.35
10.12
10.84
10.28
10.67
11.06
9.94
9.44
10.02
8.75
10.16
11.00
9.84
10.60
9.58
9.95
9.00
9.81
9.36
10.30
9.88
9.10
9.83
9.58
10.30
9.92
10.34
9.17
10.90
11.19
10.83
10.30
10.89
9.41
9.90
11.15
9.82
8.95
9.76
10.13
10.57
8.74
8.95
9.68
11.27
9.13
8.72
8.94
9.71
9.12
9.45
8.71
8.94
9.96
9.75
9.13
9.46
8.71
8.94
9.96
9.55
9.84
8.74
11.00
10.39
10.01
9.56
11.06
9.17
10.86
9.72
10.29
9.94
9.09
10.92
10.03
9.74
9.41
9.56
9.05
10.06
9.79
9.59
9.10
10.06
9.78
9.34
9.89
10.03
10.57
8.65
9.54
10.00
11.09
10.52
10.26
10.44
10.41
9.86
10.08
10.61
9.86
9.38
10.42
10.95
11.31
11.13
10.92
9.98
10.41
9.95
9.42
9.96
9.96
9.41
10.98
9.97
9.16
10.86
9.99
9.75
9.95
10.27
9.51
9.96
9.03
9.21
10.83
10.43
10.92
10.34
10.61
11.50
9.31
9.29
9.85
10.97
10.00
10.44
9.20
10.98
9.69
9.86
9.51
10.26
10.49
9.26
9.72
10.13
10.43
9.06
10.61
10.84
10.85
10.07
10.25
10.55
9.81
9.42
10.16
10.12
10.59
9.30
8.81
8.96
9.32
9.80
10.13
8.84
9.03
9.83
9.34
10.08
10.48
10.58
9.62
10.20
8.86
10.05
10.46
10.77
9.83
10.19
10.83
11.06
9.86
9.09
9.50
9.62
8.69
9.85
9.79
10.21
9.21
10.15
9.70
10.68
9.33
9.82
9.81
10.12
10.59
9.36
11.42
9.83
9.37
9.63
10.19
10.90
9.86
10.34
9.78
10.11
10.70
10.23
9.90
9.97
9.40
9.43
8.77
9.74
9.71
10.09
10.59
10.20
11.20
9.86
9.88
9.11
9.36
10.11
10.64
11.02
9.42
9.81
10.20
10.58
10.26
8.83
11.08
10.92
9.24
10.15
10.60
9.57
9.62
10.08
9.07
10.49
10.99
10.04
10.39
9.84
10.82
9.88
10.87
9.25
9.42
9.87
10.55
10.80
10.70
10.01
10.38
10.50
8.92
9.54
8.70
9.15
10.51
9.08
10.11
9.36
9.69
10.24
10.59
10.22
9.38
9.74
10.22
10.59
10.93
9.67
9.19
10.38
9.71
10.11
11.06
9.19
9.68
8.97
10.19
9.63
10.13
11.06
9.47
8.65
10.27
10.10
10.82
10.95
9.38
9.85
10.26
10.56
9.41
9.46
9.92
10.38
10.76
11.31
9.86
10.29
9.47
10.46
10.60
11.15
9.79
10.22
9.13
9.98
9.82
10.30
10.57
9.32
9.15
9.61
9.95
10.29
10.55
11.04
10.90
9.93
9.43
11.02
11.04
10.57
8.91
9.70
10.18
9.51
9.61
10.13
9.30
8.99
8.83
9.00
9.61
9.33
9.01
8.85
10.84
9.91
10.30
10.84
9.98
9.87
9.40
9.79
10.09
10.57
9.16
8.89
9.57
11.05
9.96
8.89
10.19
10.52
10.02
10.39
11.17
10.25
9.95
9.47
10.91
9.92
9.69
10.32
10.79
11.08
9.58
10.82
10.28
11.06
9.13
10.56
9.68
10.17
9.49
10.30
9.46
10.07
10.60
8.65
9.04
9.42
8.65
11.22
9.75
10.22
10.59
9.19
9.77
9.06
11.10
10.96
10.13
10.52
10.21
9.85
9.97
9.44
11.03
9.36
8.79
10.16
9.73
10.06
9.57
10.05
10.55
10.04
10.52
9.57
10.06
10.55
10.05
11.16
9.58
10.05
10.56
10.01
10.58
11.42
11.14
11.01
10.55
11.41
11.01
9.84
9.44
10.89
11.11
10.31
11.13
8.72
9.18
8.99
9.56
10.05
10.51
11.12
10.90
10.45
9.54
9.07
10.74
9.63
9.03
8.84
9.77
10.22
9.07
9.46
9.96
11.00
10.53
10.59
10.08
9.24
9.62
9.24
9.64
11.31
10.82
10.05
10.23
11.54
11.06
11.29
10.59
9.82
10.14
10.60
10.33
9.60
10.01
9.41
10.36
11.06
10.89
11.12
9.55
10.01
9.00
10.28
10.55
10.74
9.64
10.05
10.37
9.54
10.02
9.03
9.15
8.69
8.69
9.74
10.18
9.08
11.04
9.91
10.47
10.28
9.91
10.41
10.37
11.26
9.99
10.78
10.96
10.45
9.85
9.41
10.77
10.95
11.27
10.44
9.89
9.90
10.39
8.94
9.53
9.12
9.63
8.90
8.51
9.25
9.39
8.88
8.52
8.81
10.81
9.76
10.25
9.85
11.01
10.32
9.40
8.56
9.03
9.54
9.98
10.49
8.87
10.12
9.18
10.89
10.47
10.41
9.17
10.14
9.70
9.06
11.14
9.90
10.60
10.13
10.64
10.95
11.42
9.92
10.24
9.43
11.12
11.13
8.90
10.19
10.04
9.51
8.81
9.59
10.15
10.43
10.92
10.10
9.18
9.70
9.53
9.03
10.00
9.77
10.57
10.20
10.70
9.63
9.08
9.25
10.90
11.12
10.48
10.09
11.30
9.16
10.63
10.23
10.01
10.55
9.17
10.23
9.18
9.76
9.92
9.03
10.73
9.53
9.85
10.30
10.48
10.02
10.59
10.56
11.04
11.41
11.44
10.86
10.30
11.03
11.40
11.42
9.87
9.41
9.86
10.12
8.68
9.58
10.06
10.49
10.80
9.81
10.30
10.53
10.96
10.18
10.96
10.55
9.27
10.43
9.74
10.17
9.67
10.18
11.24
8.99
9.40
9.81
10.22
10.51
10.06
10.59
10.34
9.89
10.38
10.86
10.81
11.13
10.36
9.86
9.11
9.47
11.11
9.43
9.93
10.06
10.24
10.55
8.86
10.98
11.36
11.26
10.04
10.47
10.70
11.02
10.33
9.93
9.15
9.48
10.96
9.67
10.04
8.99
9.70
10.20
10.68
11.31
10.97
10.93
9.33
9.79
9.75
10.20
10.41
9.41
9.09
9.70
10.05
9.36
8.99
8.88
9.75
10.08
10.59
10.73
9.66
10.15
9.77
9.91
9.42
10.17
10.58
10.25
10.59
10.45
11.04
11.80
11.54
10.10
10.54
10.93
11.32
10.90
10.22
10.30
11.30
9.67
9.85
9.18
9.23
9.55
9.73
9.84
9.17
9.51
9.92
10.68
10.18
9.87
9.71
9.40
9.97
9.41
10.31
8.66
9.08
9.63
8.96
9.36
9.69
10.10
8.96
9.38
9.88
10.47
11.31
10.60
9.79
10.28
9.00
10.30
9.41
10.00
9.54
10.02
10.51
9.66
10.04
8.84
9.13
10.47
8.93
10.14
9.55
9.07
10.44
9.56
10.02
10.41
10.59
9.07
9.58
9.36
9.84
10.29
10.79
10.94
9.55
9.97
10.35
10.83
9.10
9.42
9.11
9.92
10.39
10.90
11.40
9.12
9.71
10.25
9.70
11.15
10.52
11.34
9.85
10.32
9.15
9.73
9.52
10.21
10.68
9.81
10.31
9.16
9.75
9.55
10.23
10.67
9.82
10.29
9.16
9.75
9.56
10.22
10.67
9.82
10.27
9.17
9.76
9.58
10.23
10.67
9.86
10.31
9.19
9.78
9.42
9.32
8.85
9.05
9.67
10.58
8.90
10.86
10.27
9.51
8.73
9.17
9.01
9.59
10.10
10.41
9.48
10.19
11.04
10.68
9.88
10.18
9.53
9.98
10.45
10.65
9.05
10.02
10.51
11.43
9.49
9.94
10.40
10.12
9.60
8.98
10.40
10.84
9.11
10.28
10.80
11.18
9.61
10.07
9.26
9.79
10.28
9.15
9.18
9.70
10.19
9.10
10.04
10.10
10.58
10.59
9.89
10.23
11.20
9.41
10.33
8.84
9.88
9.54
9.12
10.56
11.37
10.25
11.07
10.71
10.87
9.47
9.89
8.67
11.06
9.90
10.36
10.71
10.87
10.02
10.13
10.47
9.92
10.35
10.67
10.23
9.92
10.36
10.67
10.30
9.97
9.54
10.55
9.14
10.91
9.70
10.41
9.17
8.82
10.11
9.71
10.53
10.00
10.52
10.86
11.09
9.63
9.23
8.84
9.82
8.85
9.40
10.81
8.48
10.10
10.26
9.05
9.92
9.77
10.38
10.70
11.04
9.64
10.18
9.42
8.90
10.59
11.42
10.95
10.36
10.26
11.10
10.27
9.41
9.10
9.49
8.84
8.45
9.11
8.72
10.58
10.13
9.65
8.73
9.75
10.04
9.93
9.43
9.47
9.79
10.11
9.48
9.94
10.58
8.89
9.91
9.48
9.93
9.92
9.48
9.55
9.96
10.09
10.65
9.19
9.59
8.81
10.08
9.95
11.08
11.31
10.44
10.89
9.46
9.99
10.56
9.19
9.60
8.81
10.07
8.99
10.04
9.24
9.63
8.83
10.09
9.01
9.61
10.07
11.28
10.43
8.82
10.09
9.70
9.95
10.51
10.56
11.14
10.88
10.43
10.56
11.12
10.86
10.26
9.83
10.29
11.03
10.80
10.56
10.02
11.40
9.85
9.34
9.00
10.79
10.58
11.23
9.80
10.25
10.28
10.57
9.41
10.11
9.63
9.08
9.78
10.18
9.40
8.49
8.87
10.58
9.18
8.75
10.12
9.70
8.76
9.97
10.42
10.59
9.75
10.14
10.44
11.01
11.09
10.88
10.01
10.51
9.57
9.42
8.61
8.62
9.39
11.05
9.71
10.07
9.47
9.89
11.04
10.18
11.45
11.31
10.58
11.11
9.75
10.16
10.44
11.52
11.13
9.08
9.92
9.60
11.20
10.80
8.91
10.06
10.59
9.22
9.64
10.52
11.56
10.31
11.30
11.80
10.84
10.94
10.37
10.39
11.31
10.88
10.29
9.77
11.26
10.80
9.00
10.22
11.17
10.35
9.40
10.62
9.17
8.73
8.74
9.23
9.70
10.20
10.04
9.95
9.44
8.72
9.41
9.03
8.55
8.77
9.46
8.99
9.59
8.81
9.29
9.12
10.12
10.75
9.67
10.59
10.15
10.53
9.14
9.51
11.09
9.95
11.24
10.36
10.87
9.99
11.20
11.43
10.43
9.10
10.45
10.11
9.98
10.42
10.59
9.65
9.84
10.74
10.24
11.05
11.27
10.92
9.10
9.89
10.37
10.70
10.24
10.94
11.23
9.97
9.27
10.21
10.31
9.77
10.07
9.09
9.69
9.47
9.17
9.10
9.87
9.82
9.41
9.45
10.48
10.09
9.46
8.80
9.41
10.19
9.98
9.55
9.51
10.08
10.55
8.94
9.13
10.09
9.54
10.59
11.37
10.93
10.03
10.46
9.69
9.32
9.69
10.31
10.76
11.11
11.08
9.36
9.80
9.43
10.00
9.93
9.02
9.48
10.78
9.62
10.27
10.89
9.95
9.95
9.25
9.72
9.97
10.21
9.09
10.59
9.64
9.42
9.59
9.11
8.82
11.15
9.19
8.81
9.97
9.72
9.59
8.85
10.18
10.89
9.99
9.49
9.68
10.01
10.33
9.48
9.94
10.43
10.84
10.57
9.68
9.98
10.29
9.68
9.00
9.53
10.42
11.22
10.01
10.37
10.80
10.19
9.74
10.81
9.09
9.55
9.98
9.88
9.41
10.03
10.08
9.20
8.87
10.10
10.58
10.04
9.11
9.22
9.61
10.07
10.05
9.11
9.58
11.10
8.92
9.53
10.55
9.76
10.09
10.39
9.30
9.77
10.26
10.63
8.76
9.73
10.88
11.04
10.10
10.42
9.36
10.21
9.21
9.81
10.40
8.98
10.88
9.54
9.89
10.39
10.48
10.80
11.10
9.72
9.42
10.04
10.49
10.84
9.31
9.67
10.15
8.73
9.76
10.09
10.28
10.02
9.54
9.42
10.42
10.59
9.32
9.55
10.02
10.44
10.35
10.87
11.23
9.04
8.91
10.91
11.38
9.48
9.84
9.93
10.44
10.83
10.86
11.19
9.98
10.02
10.42
9.95
10.44
10.82
10.35
11.18
9.58
10.17
10.65
8.97
10.76
9.84
10.31
9.42
9.64
9.31
9.83
9.67
9.32
9.83
9.67
9.33
9.82
9.12
8.96
9.57
9.81
9.90
9.59
10.14
10.53
9.39
10.04
10.54
9.19
10.43
11.17
9.75
10.26
10.03
10.13
10.56
10.84
10.13
10.41
9.65
10.10
10.49
9.83
10.20
9.11
11.06
9.41
9.78
9.94
10.37
10.49
10.06
9.36
9.79
10.37
11.13
10.98
10.76
8.94
9.95
10.40
11.14
9.53
8.98
10.08
9.57
10.51
10.15
9.77
9.93
10.26
10.61
9.34
9.75
10.58
10.10
11.30
9.13
9.62
9.96
8.96
9.81
10.29
9.83
10.18
10.71
10.92
9.92
9.87
9.74
10.13
10.48
9.39
9.20
9.67
9.43
9.73
9.70
11.08
8.96
9.47
9.97
10.04
10.53
11.24
9.46
9.45
10.01
9.70
9.27
9.10
8.74
9.47
9.10
8.74
9.55
9.12
8.76
9.59
10.05
9.23
8.80
10.90
10.38
9.76
10.16
10.49
9.46
9.58
10.05
9.81
10.22
9.62
11.05
10.60
9.77
9.81
10.08
10.58
9.42
10.12
10.35
9.61
9.32
10.17
10.94
10.54
8.87
8.50
9.31
8.90
8.52
9.37
10.13
10.28
8.56
11.22
10.60
9.14
9.03
10.01
9.61
10.62
10.15
9.85
9.50
10.34
11.00
10.76
11.30
10.99
10.49
10.05
10.07
9.66
11.30
9.15
10.32
10.09
9.78
10.18
9.79
8.87
9.42
9.12
9.99
10.48
10.61
9.70
9.31
8.86
10.11
9.72
10.33
10.57
10.35
9.67
10.27
10.74
10.96
10.34
10.30
10.76
10.96
11.41
10.85
10.24
10.10
9.40
10.93
9.94
9.59
9.91
8.76
10.17
10.59
10.20
9.56
10.06
9.44
8.59
8.57
8.89
9.40
9.44
9.78
9.09
8.59
10.18
8.89
11.14
10.58
10.11
9.49
9.81
9.10
10.17
8.92
10.57
9.57
10.11
9.82
10.12
10.55
10.53
9.82
10.16
10.53
10.96
11.21
10.19
10.63
9.84
10.16
10.50
10.94
11.19
11.07
10.22
10.51
10.42
9.82
10.00
9.26
11.19
9.74
10.69
8.85
9.28
10.23
9.84
10.44
9.43
9.92
9.40
8.60
9.11
9.70
9.48
8.99
9.74
10.27
10.02
9.94
9.42
9.50
9.86
10.17
9.55
9.99
8.92
9.99
8.93
9.56
9.65
10.81
10.59
9.45
9.97
10.22
9.58
10.10
10.55
11.23
8.95
9.81
11.01
10.42
9.94
9.85
9.48
9.24
10.29
10.98
10.61
11.14
9.16
10.63
10.69
9.56
9.97
10.23
9.12
9.55
9.96
10.11
9.70
9.18
10.58
10.56
9.66
10.09
11.26
9.22
8.97
9.64
10.11
10.09
10.08
10.23
9.76
10.56
9.28
8.95
9.81
10.08
9.45
9.34
8.98
9.91
10.36
9.86
9.42
9.48
9.93
10.38
10.60
9.90
10.34
9.44
9.76
10.29
10.74
11.08
8.67
9.79
10.27
9.93
10.40
10.81
11.14
9.80
10.30
11.11
9.19
9.75
9.93
10.39
10.55
9.66
10.15
10.57
10.90
11.01
9.46
9.87
10.39
9.60
10.05
9.88
9.53
9.14
10.26
8.79
10.52
9.99
9.85
9.24
9.15
9.70
10.11
10.57
9.70
10.15
10.04
9.70
10.14
9.42
9.74
10.24
10.68
11.29
10.17
10.65
11.04
9.26
9.71
9.19
8.87
9.70
9.26
8.89
11.00
9.98
10.98
9.45
10.17
8.89
8.58
10.39
11.31
9.41
9.83
10.16
8.95
9.32
10.19
9.06
10.86
9.69
9.05
9.44
9.72
10.19
10.64
10.55
9.75
10.20
11.02
9.11
9.57
9.85
9.88
10.41
11.13
9.40
9.67
10.13
8.99
9.44
9.81
10.32
10.36
10.19
10.32
9.83
9.08
9.50
8.88
10.80
9.46
9.89
9.85
10.22
9.76
10.82
10.30
10.68
11.02
9.33
9.11
9.67
10.19
10.14
10.58
10.10
11.31
10.90
9.99
9.62
9.15
10.33
11.29
11.27
10.41
10.86
9.71
9.99
10.35
10.12
9.97
9.26
9.83
10.08
10.57
10.56
10.28
10.78
10.52
10.28
10.78
11.08
10.30
9.44
11.02
9.14
8.69
9.72
8.55
9.06
10.01
10.51
10.27
10.03
10.46
10.27
10.43
9.57
9.86
10.02
9.33
9.73
10.10
10.36
10.94
9.66
10.10
8.97
9.35
9.83
10.32
9.81
9.00
9.39
10.09
9.61
9.90
9.64
10.11
9.87
10.30
10.59
9.64
9.87
10.36
10.59
10.21
8.78
10.58
11.09
9.78
9.06
9.34
10.57
11.33
9.66
9.99
10.41
9.08
9.37
9.83
9.83
9.09
9.38
9.85
9.43
9.90
10.91
10.76
10.32
10.15
10.54
8.93
9.54
8.99
8.69
10.76
9.04
10.28
9.60
9.67
9.97
9.20
9.77
10.21
9.30
9.73
10.23
11.04
10.07
9.97
10.38
10.58
9.40
9.58
9.99
10.22
11.28
9.55
10.05
10.76
10.48
10.26
9.38
8.87
9.07
9.62
10.07
9.59
9.20
9.79
9.43
8.99
9.81
10.15
9.51
9.02
10.00
9.95
10.58
9.99
10.34
9.17
9.62
10.13
10.54
11.04
9.41
10.82
11.15
10.30
9.16
8.79
10.52
9.23
8.80
11.11
9.70
10.12
8.80
10.23
10.49
11.35
9.48
9.44
10.86
9.37
10.26
9.83
10.99
9.03
8.92
9.97
10.45
10.05
9.53
10.49
10.81
10.22
11.00
11.15
10.63
9.77
10.25
8.91
9.53
9.72
9.23
9.72
9.93
10.27
9.78
10.23
9.35
8.94
9.77
10.24
9.55
9.90
9.01
9.78
10.18
9.95
10.71
10.22
10.54
10.09
9.98
10.70
10.54
10.04
10.55
10.64
10.54
9.77
10.10
9.40
11.01
10.55
11.21
11.61
10.72
9.77
10.20
9.11
10.04
9.44
11.38
10.91
8.69
9.70
10.90
10.04
10.28
9.99
9.13
10.30
9.74
9.29
8.90
9.24
10.13
10.56
9.24
9.76
10.07
10.65
11.44
10.26
9.97
9.02
10.43
9.93
10.24
11.08
10.61
10.60
11.04
11.26
9.87
10.37
9.20
9.41
9.72
9.19
10.46
10.10
9.11
8.66
9.62
10.56
11.02
10.08
10.05
10.86
11.24
9.80
9.34
10.32
10.03
9.15
8.71
8.89
11.22
9.65
10.41
10.90
10.02
10.14
9.50
8.75
10.91
10.05
10.60
9.32
9.85
9.11
8.62
8.76
9.59
10.02
9.81
9.44
10.29
9.96
8.61
10.05
9.17
8.83
9.68
10.39
10.90
9.17
10.16
9.24
8.86
9.75
11.03
8.84
10.43
9.25
11.23
10.94
10.68
10.35
10.01
9.89
10.32
9.79
9.52
10.00
10.31
9.78
9.53
10.50
9.42
8.56
9.05
10.91
9.54
9.17
9.75
10.04
9.75
9.69
10.31
9.50
10.09
10.42
10.04
9.74
9.69
9.51
9.16
10.08
9.13
9.70
9.65
9.51
9.17
9.14
10.35
10.43
9.69
9.66
10.65
9.51
9.16
10.08
10.30
9.76
9.54
9.19
10.09
10.62
10.77
10.88
9.28
9.80
10.16
10.40
10.75
10.15
9.63
9.40
9.90
10.38
10.76
9.42
10.11
9.60
10.60
11.10
10.12
10.51
9.99
9.54
9.20
8.91
11.07
10.49
10.83
11.26
10.78
9.85
10.27
9.19
10.69
10.79
9.63
9.32
9.77
9.88
10.32
9.30
9.67
10.13
9.80
9.30
9.67
10.13
9.34
9.92
9.32
9.68
10.12
9.42
8.92
9.32
8.92
10.82
9.47
9.73
10.18
8.97
9.82
10.31
9.05
10.49
10.87
9.81
9.61
9.79
10.16
10.72
9.02
10.15
10.58
9.79
9.44
9.93
11.03
10.40
9.31
9.84
10.17
10.47
10.84
10.27
10.80
9.41
8.64
9.97
9.52
10.35
9.34
9.83
9.13
8.95
9.92
10.76
11.08
9.85
9.59
9.42
9.84
10.29
10.70
9.79
10.20
9.89
9.52
9.08
10.02
10.46
10.57
9.52
9.95
10.37
10.80
11.25
9.58
10.03
10.46
9.08
8.77
11.35
10.35
10.77
10.91
9.13
10.30
10.27
9.71
10.17
9.30
9.85
9.87
9.98
9.41
9.66
8.94
9.42
8.62
8.52
9.11
9.70
9.26
9.14
10.13
9.66
10.58
9.55
9.56
9.75
10.22
10.56
11.48
11.15
9.95
9.14
10.39
10.05
9.64
10.92
10.30
10.90
10.79
9.91
9.20
10.01
10.21
9.74
10.08
9.03
10.26
10.59
9.85
11.13
9.76
9.72
10.20
9.29
9.66
9.10
10.12
10.60
10.93
10.18
10.54
10.50
9.92
10.22
9.42
8.80
10.39
10.96
9.62
9.92
10.33
10.41
10.02
10.43
10.91
10.77
11.14
10.31
10.05
10.44
10.90
10.77
11.13
9.42
10.90
9.93
9.77
10.19
10.38
10.08
9.77
10.18
10.10
11.15
10.17
9.01
9.81
10.31
10.54
10.08
9.60
10.60
9.27
9.25
10.92
11.36
10.05
10.33
9.74
10.05
10.42
9.44
9.96
9.84
9.42
10.16
8.52
10.91
9.99
9.12
9.73
10.17
10.21
10.58
11.17
10.33
11.17
9.72
10.35
9.28
8.94
10.57
11.10
9.23
10.49
9.24
11.40
11.02
9.75
10.12
10.44
9.53
9.96
9.44
10.84
8.76
9.89
10.59
10.25
9.70
10.57
11.10
10.49
9.83
10.96
11.01
10.33
9.12
9.45
9.94
10.46
9.85
10.39
9.13
9.48
9.96
10.46
10.98
10.93
10.91
10.92
9.90
9.41
10.48
8.88
9.96
9.45
8.65
9.54
9.10
9.01
10.20
9.60
10.89
9.76
9.59
9.16
10.29
10.19
11.12
10.76
10.60
9.85
10.25
9.75
9.43
10.26
9.78
10.18
11.42
9.85
10.32
10.81
10.80
9.80
10.31
11.07
10.77
9.42
9.96
9.42
8.63
9.12
9.90
9.69
9.81
10.13
8.96
9.81
10.95
9.68
9.00
10.59
9.42
10.75
11.20
10.20
11.20
10.47
10.95
9.12
8.83
9.56
10.08
10.08
10.55
8.91
11.07
10.79
10.44
9.48
10.00
10.15
9.99
10.51
10.03
10.93
9.96
10.42
10.33
10.85
11.17
9.91
9.89
10.42
9.71
9.34
10.83
11.16
10.35
10.12
9.05
10.81
9.58
10.81
9.71
10.21
8.86
9.84
10.26
9.66
10.59
9.18
11.41
10.97
10.05
9.58
10.53
11.06
9.06
9.14
10.88
9.66
9.95
9.98
10.96
10.87
10.45
9.88
10.32
10.93
9.06
10.05
9.66
9.40
10.09
10.57
9.62
10.11
9.06
10.84
10.10
10.54
10.82
9.78
10.18
9.29
10.49
10.07
10.81
10.12
8.66
9.14
10.59
9.67
9.34
9.67
9.23
8.66
9.10
8.84
9.46
9.71
11.09
9.68
9.27
8.70
10.12
10.49
9.73
9.64
9.20
11.14
8.99
10.23
10.12
9.57
8.80
10.91
9.69
10.31
9.91
11.00
10.26
9.88
9.82
9.35
9.00
10.07
10.56
9.88
9.38
11.08
10.24
9.92
10.51
9.09
9.44
10.51
11.18
9.83
9.31
8.66
9.85
10.41
10.86
11.02
10.31
9.90
9.40
11.01
8.55
9.57
9.10
8.78
10.14
9.77
9.80
9.29
8.87
10.85
9.97
9.85
9.39
9.39
10.60
10.28
9.39
9.34
9.95
10.48
9.75
10.14
9.96
9.47
9.99
10.42
10.86
9.21
10.03
10.46
9.51
10.00
10.57
11.01
11.39
11.13
10.01
10.91
9.62
10.39
9.21
10.12
10.86
9.81
9.14
10.36
10.96
11.09
10.09
9.76
9.41
9.22
8.78
9.22
8.85
9.47
10.23
8.84
9.71
10.13
10.76
10.54
10.10
10.88
10.42
9.04
9.58
10.95
9.62
10.38
9.00
9.96
9.54
9.26
9.01
9.72
10.21
9.13
9.66
10.11
10.35
9.47
9.14
10.11
10.56
9.30
11.32
10.51
11.30
9.81
10.01
9.96
10.42
9.27
9.79
10.22
10.78
11.14
9.88
10.17
9.74
9.90
10.31
10.66
11.07
10.12
10.28
10.37
10.59
9.79
10.21
10.75
9.91
9.36
9.14
10.86
11.24
9.79
9.41
10.27
10.72
10.81
11.23
9.94
10.39
11.24
8.87
10.68
10.00
9.46
9.49
9.61
9.24
9.71
10.08
10.14
9.05
9.00
10.09
9.06
9.55
9.62
10.03
10.56
10.59
10.03
10.45
9.62
9.89
10.44
10.88
10.54
9.78
10.93
10.99
9.24
10.09
10.40
9.86
10.31
10.64
9.94
9.42
9.15
8.86
10.11
9.63
10.77
8.91
9.59
9.98
10.26
9.60
9.59
10.04
10.18
9.52
10.10
8.70
9.73
9.58
9.94
10.18
10.88
10.60
9.71
10.15
10.74
11.16
10.33
9.85
11.16
9.44
9.81
9.53
10.01
10.50
9.07
9.34
9.65
10.16
9.51
10.59
9.12
10.88
11.11
9.61
10.00
8.97
10.52
10.79
9.79
11.03
9.24
10.13
10.57
11.49
9.72
10.03
10.51
11.01
11.06
10.14
10.51
9.73
9.63
10.04
10.52
9.14
9.81
9.49
10.16
10.65
10.98
9.85
9.96
10.42
9.41
9.11
8.68
8.84
10.14
10.20
9.93
8.57
9.50
8.97
8.76
8.89
9.69
10.10
10.53
10.80
9.50
10.22
9.93
9.67
9.44
9.54
10.59
10.60
8.62
9.58
8.63
9.44
10.95
11.04
9.65
10.16
10.44
9.17
9.49
9.95
10.39
10.72
9.71
10.30
9.24
9.43
8.36
10.40
10.98
10.81
10.31
9.90
10.93
9.50
9.13
10.15
10.12
10.80
9.72
9.92
10.12
9.47
9.86
10.58
10.25
9.17
9.98
9.64
9.46
9.85
10.26
9.96
11.08
9.50
9.88
10.46
10.26
10.78
10.19
9.51
9.91
10.33
10.65
11.13
11.53
11.26
9.93
9.52
9.20
9.79
9.46
10.55
9.99
10.92
10.11
10.34
8.97
10.99
11.10
9.83
9.55
8.80
9.56
9.88
10.34
10.57
9.51
9.88
10.33
9.84
10.31
9.51
9.89
10.35
11.43
10.74
10.90
9.87
10.34
9.99
9.66
10.08
9.91
9.08
9.40
10.79
10.01
10.32
9.69
9.33
10.98
8.77
9.87
8.50
8.94
8.78
9.41
8.98
10.74
8.92
9.82
10.30
10.85
9.84
9.51
9.59
10.14
9.88
9.60
10.14
9.80
10.15
9.01
9.66
10.18
10.72
10.08
9.58
10.73
10.58
8.80
10.09
9.55
9.07
9.21
10.10
10.88
10.35
9.08
9.64
10.15
11.09
10.48
11.30
9.94
10.38
9.85
9.92
9.41
9.79
8.74
10.06
9.88
9.22
9.37
8.56
10.77
9.87
10.25
10.98
9.88
10.58
9.22
9.67
10.84
11.29
9.02
10.33
9.58
10.02
10.70
10.98
10.19
8.84
9.13
9.71
10.58
9.71
10.16
9.29
8.91
9.57
9.87
11.07
9.40
10.53
10.50
10.05
9.69
10.45
11.17
10.04
10.92
8.70
9.16
11.05
10.14
11.06
11.24
10.83
9.68
9.79
9.47
10.03
9.21
9.74
10.44
9.48
9.22
10.04
9.78
9.50
9.23
10.06
11.21
9.83
10.33
9.41
9.41
8.52
10.79
8.90
9.51
9.10
8.99
9.66
10.20
10.94
10.06
10.01
10.57
10.71
11.49
9.66
10.59
9.40
11.33
9.16
9.65
10.15
8.94
8.49
9.42
8.67
10.90
9.93
10.85
10.34
9.21
11.42
10.54
9.15
10.98
11.19
9.93
10.47
11.37
9.64
10.06
10.91
9.45
9.87
10.39
10.08
10.34
10.39
10.79
9.93
10.88
9.15
9.58
10.29
9.74
10.09
9.87
9.94
9.40
10.10
8.65
10.30
10.85
9.08
9.99
9.53
10.30
10.45
10.31
10.70
11.04
10.88
10.28
10.04
9.69
10.25
9.19
10.60
9.71
10.20
9.07
10.60
9.27
11.33
10.91
9.69
9.58
9.14
9.81
10.33
9.13
10.54
10.20
9.88
9.43
10.19
10.16
10.77
8.88
9.81
10.13
10.55
9.44
9.61
10.18
11.08
9.27
8.90
8.95
9.67
9.28
8.90
8.95
9.65
9.56
9.91
10.39
10.46
11.29
8.93
10.64
9.05
9.53
9.79
9.53
10.01
9.47
9.09
9.05
10.17
9.50
9.10
9.06
10.00
10.50
10.70
9.64
10.15
9.11
10.63
10.57
10.92
11.36
11.03
9.15
10.43
11.31
10.87
9.66
9.96
10.43
10.33
9.82
9.08
9.44
9.41
9.05
8.71
8.88
9.74
10.07
9.15
8.71
8.93
9.87
9.50
9.53
9.82
8.73
9.89
10.07
10.60
9.71
10.04
10.05
10.53
11.24
9.15
9.67
8.93
9.27
9.22
10.13
9.75
10.58
9.91
10.36
9.61
10.18
10.75
9.41
10.87
11.09
9.91
10.45
10.65
9.54
9.41
8.87
8.43
9.49
9.85
9.31
9.97
11.03
8.65
9.10
10.10
10.56
9.78
9.54
10.79
10.99
11.20
8.96
10.99
10.39
10.95
11.22
10.09
10.04
10.75
9.83
10.22
9.95
9.43
9.92
10.57
8.90
9.90
11.12
9.47
10.07
9.85
10.53
11.32
9.65
10.17
10.14
10.28
9.07
10.91
9.97
9.50
10.52
11.20
10.72
10.90
9.90
10.34
9.29
9.12
9.75
10.25
8.91
9.37
9.79
10.25
10.86
10.55
9.79
9.49
10.20
9.95
10.88
10.45
9.46
9.73
8.77
10.17
9.42
9.40
9.87
10.53
10.27
9.79
10.17
9.26
10.94
10.74
9.37
9.83
10.25
9.78
9.26
10.91
10.33
9.37
9.81
10.22
9.78
9.26
10.33
10.75
11.12
8.93
10.75
11.13
9.40
9.88
10.32
8.87
9.43
11.10
9.72
10.55
10.18
11.24
9.76
10.03
9.81
10.06
10.52
10.53
10.95
9.91
10.04
9.70
10.56
10.94
10.94
11.07
9.81
10.35
9.05
10.35
10.11
9.76
9.35
8.84
9.08
10.11
10.54
10.92
10.98
10.14
9.66
8.85
10.56
10.00
11.31
10.40
10.79
10.58
9.22
11.26
9.21
10.40
10.28
9.75
11.18
9.36
10.13
9.89
9.41
8.97
8.64
9.63
9.62
9.06
8.50
8.96
9.99
10.39
10.56
9.11
8.50
8.94
9.24
9.81
10.24
11.06
10.50
9.94
10.32
9.82
10.27
10.52
10.88
11.08
8.69
10.00
10.49
10.26
9.85
10.98
10.27
10.44
10.28
10.32
9.42
10.12
10.93
10.57
10.74
10.88
10.30
9.93
8.93
9.53
9.51
8.78
9.46
9.14
9.90
9.01
10.52
10.11
9.58
9.98
10.35
9.59
8.80
9.79
10.30
10.56
9.60
9.28
9.96
9.10
9.69
10.17
9.61
9.29
9.10
9.98
9.67
10.18
11.27
9.99
9.75
10.06
10.40
10.28
11.14
10.79
9.17
10.85
9.87
9.70
10.27
11.11
10.05
9.03
10.12
10.59
10.41
9.94
9.58
9.36
9.06
9.65
8.89
10.11
9.41
11.06
11.07
11.50
11.32
8.75
10.05
9.77
9.79
9.13
9.40
8.58
9.77
9.23
8.39
9.55
9.96
10.59
10.30
11.13
10.55
9.71
11.01
9.34
9.06
8.76
9.58
9.99
10.44
9.87
9.38
9.08
8.76
10.96
10.13
9.86
10.41
9.44
11.07
11.08
8.92
9.70
9.51
9.78
9.33
8.91
10.10
9.72
10.81
9.38
9.87
8.92
9.81
10.57
8.93
10.17
10.62
9.62
10.11
9.41
8.66
11.34
9.65
8.98
9.25
8.96
8.52
8.69
9.40
9.48
9.84
8.97
10.20
8.49
8.78
10.86
10.70
10.87
10.87
9.05
9.05
9.97
10.57
10.40
9.59
10.91
9.31
9.04
9.67
10.00
9.44
9.89
10.34
10.79
10.93
9.04
9.90
10.40
9.58
8.94
10.76
9.80
10.28
9.60
10.50
9.25
9.77
9.27
9.73
10.01
9.29
9.21
9.68
10.13
10.26
9.84
10.41
10.60
9.29
9.23
9.67
9.79
10.14
9.27
9.23
9.66
10.12
10.61
10.76
10.92
10.37
9.91
10.15
9.35
9.40
10.71
10.24
10.80
9.42
9.86
10.29
8.98
8.76
9.64
9.16
9.88
9.45
9.27
10.60
9.77
10.13
8.85
9.49
10.31
8.93
10.28
10.60
10.71
8.98
11.20
9.46
9.94
9.33
9.84
10.25
9.20
9.08
10.12
9.68
10.58
10.08
10.62
10.56
10.71
11.08
11.13
10.25
10.58
9.98
10.28
11.04
10.46
9.59
11.07
9.26
9.75
10.24
9.29
9.16
9.76
10.16
10.84
9.90
9.24
9.42
10.45
10.18
11.12
9.91
10.37
10.65
10.85
8.92
9.92
10.28
9.43
9.89
10.34
10.06
9.40
9.88
10.34
9.56
10.12
8.68
8.91
10.26
9.06
9.56
9.67
9.10
9.23
10.17
10.64
10.91
9.69
9.79
10.17
10.59
9.21
9.75
10.22
11.18
9.85
9.75
10.22
10.09
10.59
10.65
9.16
9.77
11.07
9.74
8.87
9.26
10.08
10.46
10.56
10.04
9.75
9.56
9.28
9.87
10.34
10.46
10.87
11.25
10.46
10.47
10.86
11.25
11.00
10.06
9.88
10.06
10.40
9.96
9.42
9.78
9.49
8.76
9.51
9.21
10.06
8.57
9.06
9.65
8.80
9.27
9.73
9.99
10.36
10.13
9.25
10.39
10.77
10.58
9.25
11.53
9.24
9.24
9.23
10.33
9.75
10.17
9.10
9.89
10.98
10.43
10.65
11.10
10.86
9.86
10.35
9.75
9.40
9.26
10.20
9.42
9.90
9.29
8.93
8.56
9.83
9.48
10.20
8.92
9.92
9.82
10.77
9.54
10.76
10.12
10.20
9.62
8.90
9.79
9.37
9.14
9.05
10.20
10.54
10.87
9.65
10.22
8.92
9.39
9.81
8.93
9.80
10.57
9.53
11.18
10.05
10.14
10.58
10.95
10.56
9.92
10.30
11.09
9.71
9.42
10.39
10.02
9.54
9.01
9.96
10.40
9.81
9.52
10.76
11.13
9.85
10.32
11.14
9.03
9.63
8.91
9.12
10.57
10.21
9.70
9.61
9.31
9.12
10.23
9.79
11.25
10.08
10.11
9.65
9.36
10.23
9.79
10.06
10.60
9.67
10.23
9.75
10.26
10.61
8.94
10.98
9.89
10.41
11.11
10.39
9.97
9.89
10.81
9.50
9.17
9.84
9.41
10.25
10.78
10.90
9.97
10.35
10.79
10.90
10.38
10.00
10.28
9.90
10.88
8.87
10.07
9.77
9.52
10.25
10.72
10.84
9.86
9.52
10.14
10.37
9.22
8.98
9.57
10.11
10.59
9.49
9.84
11.12
9.75
9.25
8.86
10.22
10.54
11.43
9.12
10.97
9.65
10.00
8.89
10.97
10.35
10.26
10.04
10.44
10.60
10.15
9.84
9.42
8.78
10.30
9.41
8.53
8.92
10.07
8.89
10.52
10.73
10.97
9.87
9.39
9.12
10.40
9.50
9.80
9.98
10.90
9.58
8.94
10.38
9.90
11.06
9.62
9.45
10.07
10.49
11.13
11.03
10.12
10.57
9.56
8.74
10.78
9.62
9.27
9.12
10.20
9.69
10.17
10.91
10.58
10.83
11.25
10.33
11.25
10.96
10.63
10.07
9.58
8.95
10.17
10.59
10.06
9.43
10.46
11.08
8.67
9.15
10.15
8.96
9.70
10.56
10.39
11.03
10.70
11.12
10.25
9.98
9.64
10.03
10.43
9.64
11.10
9.86
9.41
8.85
9.58
9.93
9.43
9.65
10.08
10.79
11.14
11.00
10.70
10.16
9.66
10.12
9.69
8.72
10.09
10.23
10.96
10.57
10.18
9.04
11.28
10.85
9.93
10.36
9.84
9.42
8.86
10.14
8.99
10.94
10.57
9.91
9.48
10.31
10.14
10.94
10.57
10.33
10.10
10.93
10.54
8.89
9.84
9.11
9.64
10.15
10.60
10.15
10.56
9.12
10.43
11.21
9.73
10.23
9.40
8.57
9.16
9.06
8.58
9.60
9.96
10.36
9.74
9.20
10.26
10.91
8.61
10.30
8.78
9.68
9.12
9.90
8.82
9.88
9.44
9.32
9.12
8.66
8.76
8.91
10.77
9.57
10.48
10.02
9.79
10.27
10.37
9.81
10.32
9.30
9.77
10.31
9.88
9.31
9.77
10.31
10.93
9.19
10.09
10.83
9.64
10.39
10.29
10.99
9.17
10.09
9.68
10.80
9.64
10.25
9.87
10.31
9.94
10.41
10.84
10.27
9.95
10.42
10.84
10.86
10.02
10.09
10.59
9.56
10.02
10.47
10.92
11.30
9.22
11.12
10.18
9.70
10.55
9.21
9.70
10.18
10.89
11.07
10.41
9.43
10.69
11.05
9.83
10.31
11.02
10.38
10.85
9.98
10.83
9.84
9.05
9.95
10.26
9.41
9.66
10.57
8.80
9.92
8.84
9.42
9.23
10.55
10.57
10.46
11.00
11.28
11.03
9.60
9.99
10.48
10.83
8.98
9.59
10.36
11.21
9.53
9.90
9.11
10.62
9.67
9.19
9.23
9.72
10.17
9.45
10.15
8.89
10.12
10.64
10.99
10.44
9.81
9.45
9.88
10.19
11.31
9.46
9.92
10.30
9.31
9.45
9.32
9.88
8.90
8.73
9.04
9.52
9.92
10.26
10.79
8.95
9.83
10.28
9.91
9.55
10.07
9.54
9.56
9.14
9.15
8.82
9.64
9.06
9.67
9.68
9.18
10.30
10.60
9.60
11.16
10.34
11.08
10.51
11.46
11.20
9.19
9.67
10.17
8.96
9.36
9.86
9.81
8.96
9.90
10.11
9.53
10.10
10.54
9.41
8.64
9.06
10.81
9.98
9.57
9.54
9.23
8.88
9.78
10.22
10.96
9.18
10.52
9.68
10.16
9.50
9.88
10.22
10.59
10.43
10.89
11.05
10.48
11.30
10.44
10.86
10.93
9.90
10.42
9.42
10.80
9.96
10.02
10.76
8.79
10.28
9.87
9.09
10.42
9.41
8.65
10.05
9.80
9.82
9.29
8.51
9.38
8.97
8.72
9.65
10.16
10.60
9.13
9.64
10.12
9.69
9.99
9.56
9.23
8.86
9.77
10.06
10.55
10.46
9.24
8.86
9.20
9.54
10.00
10.46
10.70
11.15
9.79
10.00
10.48
10.01
10.46
10.70
11.16
11.42
10.92
9.89
10.31
10.50
11.06
9.42
8.55
9.02
10.18
9.87
9.62
8.90
10.07
10.36
10.58
9.62
9.14
10.11
10.05
11.05
10.19
10.31
10.41
10.49
10.41
11.31
9.95
9.82
9.40
10.35
9.85
10.13
10.57
10.90
9.96
8.89
9.50
9.85
8.63
9.17
9.03
9.63
9.31
10.36
9.84
11.11
10.34
10.75
10.57
10.08
9.98
10.98
9.52
9.98
10.22
10.40
9.57
10.07
10.76
11.12
10.48
10.88
9.50
9.06
10.13
8.65
8.57
9.15
9.85
10.37
11.17
10.67
9.73
10.27
10.69
10.33
10.22
11.04
10.71
10.11
10.60
11.29
10.36
10.59
10.30
11.55
9.87
11.09
10.64
10.02
10.31
11.52
10.34
10.31
9.62
9.12
9.89
11.13
11.05
10.78
10.35
9.92
10.50
9.12
9.73
9.41
9.28
9.91
9.72
8.66
9.72
9.18
9.50
9.11
8.76
8.40
8.72
9.84
9.41
9.86
10.39
10.16
10.59
10.01
9.60
10.08
9.41
8.57
8.13
9.67
10.70
10.17
9.03
11.38
10.16
10.60
11.02
9.63
9.15
8.63
8.16
8.50
9.11
10.62
10.16
9.64
11.40
10.51
10.98
11.11
9.12
10.52
10.09
9.12
9.79
9.74
10.22
10.77
9.88
10.15
10.26
9.79
10.71
10.77
10.03
10.28
9.80
10.69
10.78
9.50
10.20
11.07
10.62
9.79
10.28
10.79
9.40
10.80
9.47
9.94
10.29
10.89
9.49
9.87
10.19
8.88
9.53
9.96
9.97
9.59
9.50
10.84
10.59
9.89
10.23
9.93
10.88
10.37
9.85
10.16
10.58
8.80
10.05
11.27
10.60
10.06
10.66
11.13
10.50
10.98
10.27
9.76
9.02
10.06
10.28
9.93
10.14
9.44
11.05
11.05
8.93
10.20
10.59
9.72
9.41
10.15
9.92
9.53
9.73
8.88
9.44
8.95
10.96
11.32
10.45
10.18
10.60
10.17
9.91
10.77
10.76
10.75
9.83
9.09
10.28
9.61
10.09
10.35
10.74
9.37
9.78
10.25
10.18
10.90
9.18
10.46
9.67
10.12
9.24
9.78
9.16
9.56
9.03
9.84
10.19
10.15
10.58
10.85
11.18
11.32
10.63
10.29
9.83
10.32
9.49
9.42
9.98
10.80
8.76
9.16
9.61
10.13
8.78
9.78
10.08
10.28
10.98
10.20
10.35
10.97
9.84
9.42
10.48
10.07
10.59
10.88
11.21
9.06
9.96
10.43
9.00
10.00
9.67
10.43
10.68
11.15
9.94
9.63
11.13
9.70
10.08
10.56
9.41
9.25
9.12
9.72
9.43
10.81
11.00
10.38
9.99
9.89
9.62
10.88
9.80
10.04
10.41
10.26
10.74
11.15
11.15
9.41
9.74
9.84
10.31
9.55
8.94
10.76
9.40
9.57
9.88
9.36
9.83
10.19
9.94
9.61
9.39
9.81
9.58
9.38
10.34
8.80
9.81
10.11
9.65
10.36
10.60
10.87
11.53
11.39
10.47
10.96
9.56
10.08
9.97
9.42
10.10
8.75
9.74
10.24
10.58
10.95
10.08
10.14
9.41
9.93
9.53
9.93
10.15
10.02
9.54
9.93
10.14
10.57
9.94
9.47
8.99
8.85
9.48
10.25
9.97
11.18
11.17
10.53
10.36
10.37
10.83
9.94
10.32
11.33
10.36
9.97
10.84
11.05
9.81
10.40
9.48
8.99
10.09
9.61
9.83
9.10
10.91
9.17
10.08
10.52
9.56
11.05
11.04
9.82
10.19
10.47
9.90
10.28
10.57
10.93
11.01
10.95
10.08
10.35
10.28
9.58
9.87
9.42
8.61
8.98
9.55
9.38
8.91
8.94
9.68
10.00
9.53
10.89
10.56
10.60
9.05
9.08
9.66
9.60
9.17
9.13
10.16
9.64
9.18
9.84
10.32
9.14
9.14
9.70
10.14
9.83
10.49
10.26
10.77
10.37
10.75
9.97
9.43
9.91
10.97
9.24
10.49
10.13
9.51
10.03
11.07
9.73
10.22
10.86
10.25
10.61
11.04
9.82
10.20
10.18
10.55
9.23
10.07
9.44
9.29
9.81
9.24
9.02
8.68
9.64
10.11
9.36
9.91
9.61
10.04
10.36
10.59
9.18
9.43
9.89
10.41
10.57
9.48
11.21
10.83
10.28
11.17
8.73
10.44
9.70
10.06
10.31
10.57
11.38
10.96
9.42
10.44
10.91
10.31
10.97
11.21
9.81
10.12
10.60
10.41
11.47
9.63
9.40
9.91
10.38
10.50
11.47
10.89
10.64
9.48
8.98
8.53
9.75
10.25
11.48
9.75
9.16
9.47
9.00
8.55
9.76
9.22
9.47
8.99
8.58
8.78
9.42
9.86
9.74
10.23
9.85
8.59
10.21
9.74
9.18
10.76
9.31
8.90
8.42
8.66
9.44
8.43
9.33
8.95
8.78
9.46
9.83
9.48
9.95
10.54
10.42
9.79
9.43
10.12
10.08
9.88
10.60
10.25
10.59
11.09
9.77
10.09
9.35
9.86
11.07
11.06
11.35
10.29
10.81
9.99
10.48
9.36
9.89
10.99
11.31
10.28
10.78
10.01
10.48
9.40
9.16
11.27
9.77
9.54
10.09
10.72
9.11
9.41
10.01
10.51
8.97
9.48
9.98
10.60
10.48
8.61
8.26
8.54
9.56
9.12
9.97
11.64
11.06
11.52
10.39
10.40
10.93
10.88
8.98
9.47
9.88
10.37
10.24
9.02
9.78
9.31
10.96
10.30
10.83
9.06
10.85
9.66
9.90
10.29
10.81
10.34
10.45
10.55
10.83
11.17
10.57
11.47
11.00
10.59
10.21
11.09
9.97
10.93
10.45
10.40
9.85
9.90
9.98
9.43
9.92
9.96
9.42
9.90
9.45
9.44
8.89
9.84
9.35
8.87
8.83
8.92
9.68
10.08
10.34
10.94
8.85
9.80
9.44
10.34
9.38
8.86
8.86
9.55
9.37
8.86
8.86
9.88
10.17
10.28
10.78
9.78
8.96
9.48
9.91
10.04
10.05
9.62
9.41
10.60
10.06
10.59
9.62
9.06
11.18
10.15
10.74
9.11
8.75
9.67
8.57
9.06
11.36
9.59
8.78
9.86
10.19
11.32
11.53
10.71
9.75
9.40
10.22
9.17
9.24
9.23
8.64
8.63
8.93
10.08
10.00
9.51
8.76
9.50
11.19
10.17
10.78
10.27
10.56
10.05
9.02
9.43
9.84
10.01
9.46
9.85
11.26
10.07
9.52
9.54
9.92
11.09
10.69
10.16
9.08
10.32
10.56
9.67
9.94
9.12
10.79
10.23
9.18
9.58
10.73
9.19
9.64
9.99
10.33
11.12
10.77
10.73
9.83
10.30
9.20
10.71
9.86
9.79
9.43
9.88
10.16
9.42
10.57
9.64
9.13
8.75
9.36
11.05
9.69
8.78
9.84
10.18
10.55
9.54
10.02
9.39
9.93
9.44
9.46
9.13
10.00
10.89
9.89
9.66
10.11
10.29
9.19
9.06
9.84
9.33
10.17
9.66
11.16
9.42
10.77
10.44
9.09
10.29
10.26
10.69
11.01
10.33
9.59
9.98
10.91
9.68
9.20
10.37
9.79
9.16
10.17
9.92
10.39
9.44
9.96
10.40
9.49
8.96
10.73
9.45
10.27
9.49
9.91
10.32
9.37
9.81
10.27
10.74
8.76
9.09
9.95
10.33
9.48
8.76
9.39
9.09
9.81
10.22
10.69
10.86
10.11
9.81
10.22
10.69
10.86
9.07
10.10
10.54
9.69
9.87
10.13
9.89
10.36
10.85
11.13
10.50
9.59
9.91
10.47
9.60
9.89
10.36
10.81
9.96
10.50
10.46
9.91
10.80
10.33
9.85
9.42
10.50
9.43
9.90
10.09
10.48
10.08
8.73
9.44
9.82
10.23
9.83
10.57
10.17
11.06
10.47
9.85
10.06
9.12
9.63
10.09
9.97
9.44
10.89
10.94
10.34
9.83
10.21
8.95
9.55
8.95
8.75
10.16
10.57
10.78
9.10
10.25
10.11
9.65
10.07
9.53
9.91
10.32
10.60
9.81
9.47
10.31
10.82
10.26
10.30
10.79
11.20
10.20
9.39
10.57
9.89
10.10
10.60
11.41
10.03
9.66
10.49
10.96
10.03
10.57
9.49
9.40
9.75
8.24
8.76
9.63
9.28
8.51
9.08
11.00
9.66
9.79
9.59
10.92
10.58
9.50
9.82
10.27
11.29
9.75
10.59
11.10
9.85
9.10
9.32
11.17
10.08
10.58
9.41
9.78
8.82
11.12
10.80
10.34
9.94
11.06
9.82
9.42
9.64
9.74
10.23
10.13
10.60
9.88
10.24
10.48
8.68
9.73
9.42
9.20
8.93
9.84
9.63
10.20
10.97
10.34
9.74
10.61
9.12
9.71
8.92
9.11
10.17
10.57
10.58
9.60
10.11
8.95
9.78
9.24
10.29
11.43
9.20
10.12
10.89
9.78
8.90
10.27
9.31
11.07
10.64
9.84
10.14
10.97
10.60
11.25
10.93
9.98
11.09
10.42
10.54
11.17
9.86
9.12
10.53
10.04
10.48
10.21
9.72
10.72
9.60
9.94
10.43
9.42
9.72
10.26
9.76
10.48
11.34
8.80
9.67
10.32
9.80
9.30
8.99
10.63
8.84
10.89
10.76
9.43
9.80
10.02
10.92
10.53
10.75
10.34
9.82
10.61
10.14
9.00
10.84
9.43
10.01
10.48
10.03
9.89
10.30
9.08
9.61
9.82
10.22
10.97
10.71
8.97
9.98
10.08
10.57
11.25
9.83
9.98
9.13
10.56
10.39
9.38
11.40
8.81
10.15
9.81
9.42
8.67
9.94
9.28
8.98
9.69
10.98
9.80
9.82
10.36
11.21
9.08
10.14
9.68
9.17
8.78
9.10
10.03
10.29
10.71
9.67
10.22
8.78
9.25
10.68
9.78
10.24
10.58
10.11
9.99
9.95
9.40
8.78
10.12
9.89
9.37
10.56
9.57
9.42
9.87
9.46
9.09
8.62
8.91
11.14
9.61
8.63
9.85
10.04
10.53
11.27
9.99
9.99
10.52
10.57
9.08
10.85
11.22
10.07
9.60
8.86
10.07
10.58
10.31
11.49
9.16
10.98
10.00
9.65
9.93
10.42
8.98
9.88
10.39
9.69
9.57
9.97
8.84
9.38
8.98
9.80
10.36
9.75
10.18
8.90
9.48
9.13
10.23
9.77
10.71
10.95
9.91
10.27
9.71
9.40
10.56
8.81
10.60
11.26
9.83
9.35
9.32
10.21
9.90
10.74
9.92
10.47
10.53
11.48
10.53
11.09
10.99
10.68
11.20
11.44
9.42
9.10
11.45
10.92
9.65
10.00
10.40
10.08
10.46
9.15
10.89
9.69
9.96
10.39
11.00
9.15
9.15
10.84
10.05
9.84
9.96
10.31
9.14
9.44
10.83
11.02
8.75
10.05
9.87
10.02
10.03
10.59
11.28
9.83
10.83
9.56
9.86
10.34
9.92
9.42
8.87
10.47
10.10
10.40
9.94
9.42
9.91
9.50
10.17
10.63
10.97
9.74
10.16
10.09
10.60
10.96
10.07
10.54
9.02
11.23
9.51
9.72
9.27
8.85
9.06
9.69
9.26
8.84
9.07
9.67
9.69
8.83
10.75
9.64
9.26
9.72
10.18
10.69
11.13
11.17
10.17
10.56
10.98
10.06
9.88
9.37
9.75
10.89
10.28
10.39
10.81
9.86
9.44
10.81
10.76
9.96
10.37
10.82
10.78
9.94
10.32
10.36
10.83
10.79
9.90
9.91
9.87
8.75
10.30
10.82
10.16
10.12
9.84
10.37
10.74
10.11
9.82
9.42
10.76
10.21
10.58
9.46
11.13
8.87
9.82
10.19
10.32
10.67
10.06
10.54
11.10
10.43
10.99
9.42
9.59
10.01
9.88
10.35
10.48
10.83
9.49
9.11
8.95
10.39
9.51
9.97
10.41
10.13
9.86
10.60
9.25
10.07
9.24
9.13
9.71
10.71
8.86
11.21
9.31
10.10
10.51
10.57
9.88
10.09
11.46
9.39
9.67
10.16
10.56
10.96
11.07
9.93
9.41
9.73
8.55
9.74
9.08
10.09
10.51
10.10
9.67
8.83
9.40
9.77
10.25
10.92
9.99
10.30
11.24
10.82
9.85
9.43
9.08
10.22
9.82
9.40
10.03
10.48
10.58
9.61
9.96
10.23
10.80
11.29
11.45
9.12
8.78
10.95
10.04
9.60
10.67
10.95
8.78
10.44
10.22
10.00
10.56
10.27
9.95
9.43
9.49
8.90
9.81
10.18
10.99
10.54
9.42
9.63
10.12
9.88
10.32
10.55
9.49
9.85
9.26
8.83
8.97
10.07
10.58
8.82
8.80
9.45
11.22
9.05
10.22
9.70
9.53
10.39
10.32
9.07
10.03
10.40
11.08
10.03
9.62
9.59
10.37
9.56
9.22
9.91
8.98
10.34
9.15
9.73
10.96
9.36
9.04
9.73
9.74
9.37
9.04
10.26
10.35
9.77
10.22
9.79
9.42
9.04
10.29
9.84
10.30
9.81
9.43
9.04
10.30
11.15
10.74
9.85
10.33
9.04
11.14
9.41
9.10
8.69
9.70
9.40
8.97
10.72
10.60
10.18
9.40
9.98
10.54
11.56
11.07
10.18
9.73
10.50
11.08
10.99
10.07
10.21
10.38
10.99
10.60
9.96
10.38
9.43
10.42
8.90
9.98
10.04
9.59
8.73
9.17
8.91
10.99
10.56
10.17
9.67
10.99
10.99
8.73
9.93
10.56
10.34
9.85
10.81
11.55
9.94
10.51
10.16
9.18
9.99
9.69
10.95
9.50
10.03
9.90
9.48
10.03
10.12
10.59
9.86
10.17
10.68
9.10
9.86
10.90
11.28
10.36
10.04
9.41
9.70
11.01
10.01
9.22
10.41
9.80
10.29
11.18
8.67
9.95
10.20
10.80
10.96
9.08
9.94
9.61
8.93
10.59
9.93
10.31
9.42
9.73
10.18
11.23
9.19
10.55
9.69
10.17
9.02
10.58
9.96
11.08
10.82
9.85
10.41
9.45
9.95
9.94
11.00
8.80
10.49
10.16
10.42
10.57
11.35
10.94
10.44
11.14
11.14
9.92
9.42
10.85
9.63
10.84
9.73
10.28
10.95
10.14
8.93
9.88
9.48
8.87
9.59
10.15
9.13
10.83
10.46
10.14
9.72
9.93
10.82
10.40
10.05
10.58
9.06
9.75
9.83
11.13
9.77
9.11
10.56
10.08
9.95
10.41
9.44
11.19
11.31
10.96
10.52
10.08
9.93
10.41
9.44
11.18
11.32
10.97
11.04
10.43
10.70
11.17
10.91
9.90
9.15
10.31
11.17
9.41
10.20
9.74
9.17
8.80
10.87
10.67
9.10
10.79
10.79
10.00
9.59
9.40
9.88
9.91
10.32
10.33
9.22
10.87
9.67
9.12
10.07
10.33
10.99
9.92
9.42
10.78
8.79
9.85
10.32
10.98
9.86
9.06
9.49
9.57
10.72
9.15
8.87
9.58
9.70
9.92
10.33
10.11
10.80
10.97
9.97
10.60
9.91
10.31
9.43
9.62
10.09
10.56
9.85
10.65
8.96
10.86
11.23
9.51
9.61
10.29
8.71
9.09
9.61
10.09
9.16
9.41
8.45
8.96
10.11
10.58
9.53
10.49
9.76
11.13
10.32
11.12
10.16
9.83
10.10
10.57
9.13
10.69
9.63
9.01
8.88
9.84
10.27
9.25
10.25
10.71
9.77
8.97
10.80
9.38
9.80
10.27
9.82
10.56
10.06
9.87
10.16
10.61
10.55
10.03
10.17
10.62
10.46
10.57
10.21
9.77
9.40
10.12
10.64
10.41
8.80
9.71
11.01
9.90
9.17
9.45
10.57
9.75
10.11
9.86
10.33
10.36
10.59
9.61
10.14
10.67
9.81
10.32
9.58
10.13
10.65
8.97
9.40
10.90
11.26
9.57
9.90
10.18
10.59
9.10
9.69
9.70
9.46
9.94
10.62
9.15
8.84
11.00
9.22
10.47
11.17
9.73
10.16
9.21
10.91
10.45
10.06
10.40
9.76
9.42
10.49
10.82
11.12
10.80
8.97
10.21
10.65
9.58
9.70
10.16
9.48
9.95
10.40
10.65
8.76
9.19
9.11
10.12
9.69
10.60
9.39
10.45
10.32
9.33
10.70
11.16
10.88
11.39
10.24
10.28
10.31
10.69
11.13
10.16
10.32
9.78
10.56
10.02
10.60
9.65
9.84
10.25
10.50
9.89
9.45
9.15
9.13
10.30
10.73
11.21
9.76
9.12
9.82
10.90
11.20
10.34
10.65
9.41
9.78
10.30
9.95
9.56
10.28
10.68
9.27
9.86
9.27
9.77
11.16
9.77
8.87
10.12
9.47
9.87
10.54
10.06
10.35
8.99
10.43
9.96
10.51
11.05
9.00
9.60
9.21
8.82
11.06
10.81
10.04
10.34
9.81
10.88
9.39
10.23
10.29
10.38
10.75
11.15
10.27
11.14
10.01
9.53
9.43
10.41
10.71
11.35
11.14
9.91
8.55
10.32
10.81
11.02
10.12
9.70
10.32
9.49
10.56
11.51
9.81
9.29
10.99
9.47
9.08
8.72
10.39
10.21
11.13
10.29
9.18
10.62
10.21
9.71
9.32
10.13
9.93
9.58
9.18
9.74
8.74
10.09
9.96
10.10
10.00
8.59
9.17
10.02
9.69
10.03
10.21
8.87
10.18
10.60
11.15
9.42
9.89
9.96
10.07
10.54
10.56
11.12
10.42
10.90
11.37
10.99
9.70
9.41
9.54
9.98
10.41
10.55
9.74
9.55
9.97
10.42
10.54
9.22
8.85
10.37
10.93
9.70
10.10
8.88
11.00
9.77
9.48
10.08
10.42
9.98
11.00
10.41
10.85
10.12
10.44
9.09
8.58
8.73
9.61
9.97
11.00
10.39
10.84
9.83
10.81
9.59
10.01
10.24
9.08
9.63
10.89
10.15
10.65
9.64
10.17
9.25
8.95
9.82
10.89
10.56
9.17
9.67
10.14
8.94
9.90
10.59
10.34
10.52
11.03
9.47
9.55
10.04
9.86
9.57
10.20
10.66
11.40
10.46
10.92
10.98
9.65
10.06
10.43
10.90
10.97
10.34
9.88
9.43
10.42
10.00
8.82
10.75
10.84
10.32
9.88
9.45
10.00
9.91
10.37
9.98
9.87
10.31
8.92
10.26
10.76
9.93
9.47
8.75
10.09
10.56
9.90
9.39
9.87
11.03
9.06
10.49
9.97
9.41
8.89
9.06
10.34
9.93
11.07
9.59
10.09
10.54
10.38
11.20
11.08
10.80
8.90
10.91
9.95
10.43
9.37
10.96
9.15
10.85
9.76
9.92
10.27
9.04
9.40
10.57
9.25
8.78
9.74
10.01
10.46
9.31
10.35
11.21
10.81
8.97
8.54
8.79
9.42
8.52
11.22
9.04
8.89
9.81
10.11
9.00
9.48
10.97
10.59
11.13
10.89
9.57
9.99
10.44
9.00
10.82
9.89
9.79
9.61
9.31
11.01
8.80
9.73
10.40
10.02
9.73
9.27
9.70
10.40
11.30
10.06
10.21
10.01
9.52
11.08
10.70
10.53
10.10
9.81
9.99
9.46
9.08
9.88
9.41
10.02
9.50
9.12
8.73
10.63
10.43
10.79
9.83
9.26
9.76
10.35
10.55
10.79
9.83
10.27
9.17
10.28
10.76
9.65
8.95
9.43
9.78
10.25
10.32
10.67
11.08
11.18
10.06
10.56
11.06
9.26
11.06
9.71
10.17
9.06
9.94
10.22
10.54
10.43
10.35
11.05
9.93
9.40
9.10
8.86
10.02
9.95
10.32
9.47
9.85
10.83
9.07
8.64
8.63
9.53
9.94
10.32
9.92
9.38
9.07
8.64
8.64
9.53
9.94
10.33
9.77
10.32
9.53
9.91
10.34
10.74
10.95
10.78
9.14
10.30
9.70
10.05
9.29
10.67
10.99
10.55
9.40
9.85
10.25
11.33
10.38
10.65
10.35
10.92
10.32
9.43
9.01
10.33
9.59
9.96
9.14
10.74
9.63
10.08
9.71
10.24
9.62
9.45
9.17
8.88
9.99
10.50
10.92
10.11
10.57
9.85
9.35
11.17
9.40
10.70
8.53
9.89
10.28
10.63
11.03
9.03
9.70
10.12
10.49
9.65
9.53
9.27
8.86
9.58
9.12
9.70
9.85
10.30
9.58
10.88
10.29
11.26
10.97
9.87
9.08
9.51
9.88
10.25
10.59
9.41
9.71
9.39
9.71
10.20
9.76
11.04
9.41
8.88
10.46
9.87
10.33
9.42
9.65
10.12
10.59
11.26
10.85
10.94
9.46
9.93
9.67
10.13
10.59
10.83
9.99
9.67
10.12
10.57
10.83
9.08
9.92
10.09
9.02
10.00
10.48
10.75
10.93
9.64
10.37
9.65
9.99
10.43
9.65
10.15
9.74
9.40
9.95
9.90
9.38
9.86
10.78
9.73
9.43
10.77
10.33
8.54
9.85
8.48
10.30
10.26
10.41
10.74
11.01
9.09
10.11
11.00
10.61
10.59
9.24
11.35
9.72
10.23
10.84
9.22
10.23
10.58
10.97
9.81
10.24
10.90
9.45
9.34
8.92
8.96
10.59
9.89
9.43
10.75
11.10
10.31
8.99
10.39
9.04
11.07
10.06
10.30
10.56
9.57
11.26
9.06
10.41
9.18
9.64
10.08
10.94
9.22
10.32
10.64
11.06
9.80
9.46
10.25
9.38
9.41
8.58
9.17
9.62
8.92
8.93
9.95
9.54
9.89
10.40
9.54
10.08
10.56
9.28
9.02
9.44
9.25
9.01
8.99
9.60
11.13
9.32
9.03
9.04
10.08
10.54
9.04
11.27
9.03
9.35
9.00
9.62
9.96
10.06
10.61
10.42
9.58
10.04
10.45
10.83
11.04
11.16
10.93
10.22
10.30
9.06
10.40
9.86
10.01
10.16
10.64
10.89
11.40
10.33
9.40
9.68
9.40
9.16
8.83
8.43
9.24
9.65
10.20
10.50
9.31
8.83
8.44
8.72
9.24
9.64
9.82
10.21
8.87
9.52
10.07
9.96
9.49
9.54
9.82
10.11
10.59
9.01
9.35
9.61
11.13
10.36
10.51
10.34
10.93
10.33
11.46
10.81
11.28
11.69
10.35
9.02
9.53
10.00
9.49
9.07
8.99
9.98
10.89
10.05
9.86
9.61
9.24
8.94
10.10
9.86
10.29
9.62
9.25
11.03
9.93
9.47
8.49
9.04
9.57
9.64
9.11
8.85
10.76
9.80
10.25
10.83
9.93
9.22
9.71
9.86
10.08
8.97
10.56
10.54
10.30
11.20
10.76
11.06
9.85
10.07
10.44
9.41
9.16
8.72
11.11
10.35
9.77
10.00
9.25
9.36
8.58
9.87
10.82
10.25
9.78
9.27
10.26
8.65
9.43
8.98
9.82
10.25
10.64
10.93
10.15
9.08
10.53
10.93
10.12
9.68
10.95
10.60
10.09
9.27
11.25
10.27
9.77
10.08
10.58
10.18
9.67
9.40
8.95
8.81
8.30
8.51
10.18
9.88
11.06
10.24
10.45
9.86
9.47
9.28
10.00
10.50
11.16
9.96
9.40
9.92
10.09
10.59
8.86
9.43
9.60
10.05
8.74
9.23
8.96
9.62
10.14
9.94
10.60
10.83
10.27
9.11
9.67
9.81
11.41
10.27
9.69
9.70
8.99
9.41
9.64
9.09
9.29
8.86
8.50
9.73
8.74
10.75
10.62
10.21
9.11
9.58
10.45
10.45
10.08
9.15
9.64
9.98
10.41
10.57
9.91
10.33
9.65
10.11
10.54
9.43
10.88
11.17
9.23
9.69
10.12
10.33
9.72
10.15
10.59
10.76
10.26
9.78
9.05
9.33
9.93
10.01
10.45
10.59
9.93
10.46
10.88
11.00
9.50
9.43
9.99
9.97
10.47
10.88
10.01
9.98
10.46
10.87
9.97
10.47
9.18
8.78
9.71
9.17
8.91
9.60
10.79
10.95
9.86
10.31
9.41
9.72
9.48
9.13
8.93
9.98
9.63
9.94
10.43
10.83
10.22
10.88
9.22
8.92
10.43
9.70
10.18
10.22
9.29
8.95
9.48
8.79
9.83
10.20
9.60
9.06
10.01
10.48
9.54
9.65
9.80
9.44
10.00
9.16
8.80
9.10
10.11
10.56
9.18
9.46
9.97
9.18
9.45
9.71
9.47
11.11
9.24
9.22
9.22
10.18
10.59
9.21
9.52
9.94
9.72
10.24
9.22
9.56
9.97
10.35
10.77
11.04
9.77
10.35
10.04
10.07
10.59
9.25
9.41
10.92
10.36
8.90
9.83
10.19
9.27
9.53
8.77
10.13
9.83
10.79
9.71
10.22
10.04
9.74
10.32
10.65
9.21
10.18
9.76
8.95
9.36
10.60
11.52
10.98
9.89
9.41
8.92
9.52
9.13
10.10
10.45
9.12
8.72
9.67
8.74
10.37
10.00
9.77
9.42
9.70
10.85
10.20
10.30
10.31
9.39
11.04
8.98
10.15
10.59
9.57
10.09
9.56
9.03
8.83
9.51
9.98
9.52
9.03
8.84
9.51
9.99
10.59
9.09
10.40
9.55
10.03
10.57
11.10
10.91
11.32
9.52
9.98
10.48
9.14
8.83
9.08
10.08
9.66
10.23
10.78
10.21
9.36
10.61
10.88
9.83
10.25
10.56
10.17
11.09
9.67
9.41
8.43
8.62
9.69
9.82
10.34
10.50
8.89
9.75
8.88
9.39
9.70
10.62
10.20
10.83
11.21
11.00
9.86
9.40
9.71
10.60
10.21
10.82
11.21
10.99
9.89
9.42
9.74
10.23
10.81
11.21
10.98
9.85
10.40
11.21
10.18
10.10
10.54
9.67
9.41
9.66
9.47
10.10
9.74
9.62
10.05
9.52
8.92
10.78
9.87
10.28
11.05
9.43
9.67
9.97
10.43
8.65
9.75
9.72
9.62
9.18
8.96
9.61
9.88
9.90
10.30
10.09
9.84
10.28
10.57
9.92
9.67
9.43
10.19
10.59
10.22
10.21
11.25
10.53
9.21
9.69
10.16
9.59
8.85
9.17
9.82
9.57
8.87
9.21
10.01
9.92
9.95
10.59
10.31
9.83
10.31
9.40
9.90
9.85
10.33
8.45
9.98
10.38
9.94
9.02
11.00
9.69
9.58
9.51
9.90
9.67
9.50
8.90
9.29
9.89
9.10
10.49
11.22
10.12
9.68
8.85
10.95
10.36
9.94
9.50
9.96
10.83
10.28
11.08
10.63
9.80
10.25
9.11
9.40
9.16
8.83
9.66
10.02
10.54
8.89
10.58
10.40
11.14
9.80
9.46
10.30
9.44
9.69
9.85
10.32
8.71
11.26
9.88
9.81
10.23
10.58
10.71
9.11
9.81
9.62
9.91
9.37
8.93
9.13
11.10
9.68
10.03
10.37
10.51
11.19
10.38
11.04
10.11
9.20
10.57
10.03
10.46
9.47
9.55
9.66
9.17
8.85
9.00
9.52
9.61
10.11
9.65
9.17
8.84
11.13
10.14
10.63
10.81
10.99
9.56
10.12
10.38
9.23
9.43
10.68
11.08
8.52
9.65
9.80
9.92
10.05
10.56
10.40
10.01
11.20
10.06
10.57
11.39
9.16
10.51
10.51
9.88
11.09
10.02
9.76
9.31
10.12
10.47
9.44
9.98
10.49
11.55
11.17
10.64
10.43
8.92
10.05
9.52
9.82
10.10
9.92
10.47
9.38
10.30
8.78
10.37
9.57
9.40
8.97
9.18
9.73
10.16
10.69
9.08
9.88
9.42
9.53
9.51
10.21
9.75
10.88
8.82
10.08
9.70
9.42
10.02
9.63
10.20
10.56
9.76
10.02
9.62
10.18
10.56
8.70
9.21
8.95
10.11
9.53
10.12
10.55
10.65
10.08
9.05
10.97
11.38
10.10
9.59
8.87
9.68
10.92
9.98
10.35
11.28
11.22
10.76
9.68
10.21
10.03
9.69
10.22
9.84
9.10
10.17
10.14
11.01
10.69
9.92
9.42
10.35
10.95
10.67
9.64
10.11
9.24
8.86
10.32
10.67
10.63
10.42
11.17
11.14
11.43
9.99
10.50
9.38
9.79
10.29
10.64
11.14
9.38
9.82
11.10
11.41
9.19
10.09
10.56
9.65
9.87
9.71
10.26
10.92
10.00
9.22
10.43
10.51
10.97
11.02
10.90
9.81
9.37
9.08
9.78
10.86
10.85
9.84
10.31
11.02
9.43
9.08
9.86
10.28
9.94
9.43
10.34
8.77
9.22
10.80
9.73
10.29
10.88
11.12
9.96
10.26
10.72
10.86
9.93
10.13
10.57
9.83
10.01
11.01
9.20
9.59
10.00
10.31
9.94
9.43
10.29
10.52
10.05
10.50
10.23
10.54
8.92
9.99
9.27
9.54
10.02
10.08
10.51
10.81
10.32
9.88
9.34
9.75
9.14
9.66
10.00
10.28
10.11
10.55
11.39
9.17
10.18
9.70
10.78
9.02
10.09
9.42
10.60
9.17
8.77
9.66
8.79
10.06
10.49
10.60
10.45
9.86
10.08
9.63
9.43
9.98
9.65
10.17
10.57
10.43
10.72
9.98
10.23
9.04
9.67
10.13
9.67
9.75
10.08
9.14
9.98
10.08
10.60
10.56
10.06
11.20
10.55
11.02
9.93
10.51
9.65
9.26
10.10
11.19
10.57
11.03
11.00
9.91
11.06
11.20
10.37
9.44
8.87
10.61
10.85
10.31
10.36
9.90
9.48
9.46
10.78
8.94
9.82
10.31
9.66
9.50
10.12
10.21
10.57
9.71
10.16
9.71
10.20
10.55
9.66
10.14
9.62
8.82
10.28
10.59
10.03
9.92
10.39
11.29
9.72
10.63
9.27
10.22
9.73
9.91
9.43
9.00
9.43
9.80
10.16
8.73
9.21
10.19
9.70
9.40
8.92
8.76
9.40
9.75
10.14
9.63
10.88
10.57
9.05
8.93
9.54
9.20
9.20
8.96
9.66
11.17
9.64
10.17
10.69
10.09
10.55
11.01
11.41
11.15
10.04
10.59
11.41
8.97
10.03
9.44
9.54
9.89
10.84
10.90
9.03
9.98
10.42
9.53
9.02
8.77
10.34
10.91
9.96
9.12
10.43
10.18
10.35
9.72
9.76
9.25
10.22
11.12
10.68
9.71
10.32
11.12
9.31
9.86
10.03
9.58
9.99
10.46
9.97
10.58
10.44
10.93
11.72
9.52
9.40
9.70
8.95
9.98
9.55
9.22
8.73
8.22
8.50
9.14
9.69
9.70
10.07
10.28
9.95
9.53
10.46
9.20
9.17
9.71
10.02
10.53
11.15
10.54
10.82
10.09
10.27
10.47
10.21
10.69
10.91
10.42
9.99
9.21
9.76
9.00
9.44
10.78
9.80
10.28
10.30
10.04
10.54
10.62
10.92
9.98
10.11
10.56
10.53
10.17
9.89
9.42
10.13
10.54
11.11
10.07
11.10
8.93
10.05
10.42
10.50
9.87
9.52
10.46
10.84
11.21
9.98
10.52
10.45
10.81
11.22
10.99
10.03
8.85
9.66
8.86
10.40
10.00
10.77
11.19
10.97
9.97
10.37
11.16
9.95
9.16
9.76
9.24
9.04
10.04
10.20
10.90
10.52
9.84
9.97
10.48
10.05
10.58
9.11
9.92
9.92
9.73
9.51
11.15
10.30
9.88
10.41
10.77
9.50
8.99
8.57
9.99
9.74
9.31
9.45
8.98
8.58
8.87
10.11
9.94
8.60
9.48
10.53
9.93
9.20
9.05
11.06
10.13
9.60
9.89
10.14
9.62
9.90
10.43
10.32
10.71
11.20
9.21
9.80
9.33
9.91
9.41
9.76
8.51
10.56
9.04
10.09
9.58
8.88
9.89
9.15
10.58
10.37
9.63
10.89
11.43
11.15
11.65
10.63
10.26
9.73
10.62
9.21
9.71
10.22
9.63
10.58
10.11
10.60
9.40
11.23
8.75
10.51
10.21
9.84
9.81
9.50
9.94
10.34
9.80
9.50
9.21
9.94
10.33
9.80
9.51
10.17
9.67
10.26
10.75
9.77
10.16
10.75
10.59
8.96
10.21
9.79
9.51
10.25
10.68
11.11
11.29
9.90
10.30
10.31
11.29
10.86
10.06
10.51
10.24
10.63
10.84
11.28
10.05
10.49
11.10
8.89
10.11
10.47
11.18
10.40
9.19
9.76
9.53
9.02
10.84
9.84
10.30
10.95
9.98
9.98
9.62
8.99
8.64
8.83
10.71
9.97
10.43
10.24
10.34
10.81
9.84
9.20
9.63
9.12
10.74
9.53
9.99
9.11
10.11
9.16
10.17
10.69
10.59
9.73
10.07
11.01
9.22
10.42
9.83
10.24
10.49
9.40
8.81
9.25
10.17
10.00
9.71
9.75
9.53
9.19
9.02
9.98
10.90
10.31
11.11
10.74
9.49
9.91
10.36
10.50
10.74
10.77
8.84
9.70
9.41
10.05
9.74
8.85
10.14
10.57
9.45
9.36
9.87
9.61
10.08
10.59
9.84
10.32
10.54
9.35
9.08
9.40
9.86
10.36
10.91
10.88
11.31
8.97
10.96
9.61
9.39
10.34
10.21
9.69
10.46
9.57
10.00
9.79
10.21
10.93
10.04
9.58
10.33
10.58
9.98
10.42
10.81
9.72
9.40
10.84
11.22
9.20
8.89
9.59
10.07
10.25
9.64
11.21
10.34
10.69
8.93
10.09
9.45
9.76
10.54
10.12
10.55
10.06
10.64
11.07
11.04
9.91
10.42
9.05
11.02
10.04
9.45
9.86
9.64
10.00
8.90
9.87
10.36
9.92
10.33
9.90
9.21
10.10
10.60
9.70
9.96
10.39
10.36
10.76
9.05
11.16
10.07
10.28
10.53
11.03
9.41
9.66
10.09
9.30
9.81
10.37
11.04
9.17
8.75
10.11
9.70
10.57
10.33
10.39
10.03
10.63
10.28
10.02
10.60
10.81
11.01
9.38
9.85
10.37
10.45
10.98
9.61
10.47
9.97
10.38
10.77
11.23
9.74
9.41
9.97
10.41
9.37
9.89
10.40
10.82
9.55
8.89
9.93
9.89
10.72
9.46
9.63
10.14
10.58
10.25
10.65
9.43
9.88
8.70
9.14
8.98
10.07
9.88
9.15
9.75
9.42
8.99
9.63
9.86
11.02
10.11
10.52
10.40
9.79
10.21
10.96
10.64
11.24
10.87
9.63
10.29
9.22
10.62
9.74
10.23
9.44
9.40
10.32
8.66
10.13
10.90
10.38
10.04
10.32
10.59
9.23
9.82
11.15
9.10
10.53
11.04
11.03
9.27
10.13
10.99
11.02
10.52
10.41
9.83
9.13
10.04
9.41
9.70
10.04
10.38
8.93
9.75
9.41
10.22
10.50
10.93
10.89
10.00
10.02
10.82
8.88
9.82
10.04
10.27
9.51
9.72
9.42
9.01
9.64
10.76
9.77
10.26
10.18
10.91
9.20
10.60
9.19
9.71
10.82
11.19
9.41
8.98
10.73
11.17
9.79
10.30
11.13
9.78
10.00
10.52
10.11
9.85
9.94
9.41
9.40
10.25
10.13
10.68
10.86
9.83
10.32
8.87
9.48
8.63
9.09
8.98
10.86
9.96
9.49
10.34
9.75
10.23
9.60
10.14
10.67
9.73
10.24
9.11
9.68
9.13
8.84
10.02
9.66
9.23
8.90
9.66
10.12
9.81
10.16
10.02
10.22
9.42
9.59
9.01
9.87
10.90
8.43
9.34
8.92
9.76
10.18
10.76
10.30
10.71
10.55
9.09
8.63
9.69
9.36
8.94
11.17
10.15
10.61
11.47
9.81
10.49
10.07
10.23
10.73
11.21
10.23
10.25
10.72
9.78
9.40
9.76
10.22
9.74
10.23
9.51
8.91
9.46
8.67
9.09
9.95
9.50
10.44
8.69
10.57
10.12
9.80
10.35
9.41
9.82
10.35
10.89
9.21
9.71
10.10
11.01
10.02
10.43
11.29
10.81
9.37
10.84
9.83
10.35
9.58
9.42
10.01
9.29
8.80
9.78
10.28
9.08
9.62
10.06
8.80
8.34
8.56
10.82
9.40
10.30
10.17
10.18
11.01
10.60
10.24
9.42
9.90
10.30
9.77
8.94
10.98
8.78
9.41
8.96
8.53
8.91
10.58
10.07
9.46
9.97
9.48
9.83
10.68
10.28
10.87
11.30
10.52
11.12
10.04
10.51
10.05
10.55
11.24
8.97
10.06
9.54
8.76
9.95
10.39
10.00
11.09
9.55
9.24
9.71
8.72
8.90
10.00
9.94
9.44
8.69
10.06
9.89
10.58
10.29
10.78
11.39
10.73
9.35
9.60
11.12
10.94
10.11
10.60
11.32
9.96
9.36
9.62
11.11
10.92
10.12
10.60
11.32
9.92
10.52
9.37
9.63
9.38
11.09
10.91
10.13
10.61
11.32
9.20
9.07
10.18
9.67
9.35
9.25
9.20
9.07
9.86
9.96
9.84
9.64
9.40
9.86
9.33
9.87
9.86
9.12
9.86
10.17
9.58
9.80
10.16
10.58
10.48
10.94
9.54
9.95
10.45
10.96
11.01
9.87
10.40
9.66
11.00
9.22
9.71
8.98
9.23
10.13
10.49
10.02
10.76
9.78
10.25
9.43
10.88
11.07
9.94
10.22
10.53
10.61
9.41
9.12
8.77
9.93
9.64
8.78
9.79
10.86
9.41
10.38
10.91
11.12
9.61
10.04
8.95
9.42
9.15
10.33
9.66
9.50
10.79
9.84
10.30
9.91
9.01
11.08
10.65
9.55
8.82
9.24
9.09
10.12
9.72
9.56
10.59
9.87
10.32
9.53
9.87
10.20
10.75
10.82
11.22
9.37
11.21
9.78
10.28
10.69
9.79
10.03
10.54
10.51
10.99
11.31
10.22
10.68
10.96
10.86
9.93
9.44
10.86
10.67
10.98
10.31
9.07
11.02
10.57
9.87
9.64
10.23
8.90
10.05
10.58
11.24
10.59
9.83
10.10
10.33
9.66
9.40
8.41
10.00
10.41
9.15
8.45
9.90
9.17
8.46
8.99
9.48
10.48
10.59
9.19
8.70
10.30
10.79
9.18
9.73
10.91
11.10
9.92
10.42
9.25
9.70
10.73
9.89
11.04
10.07
10.47
11.03
11.29
9.88
9.18
10.15
9.44
10.89
8.90
10.14
9.88
10.06
10.35
9.50
10.85
10.31
8.99
9.02
9.59
9.89
9.98
10.07
10.58
10.59
9.98
10.47
10.91
11.36
9.98
10.51
11.37
9.77
9.68
9.98
9.83
9.24
10.72
9.78
10.27
9.88
9.41
9.90
9.44
9.04
8.77
9.93
8.98
9.56
9.04
8.80
10.15
10.91
10.01
9.90
10.43
10.02
10.59
9.19
9.94
11.20
10.23
9.74
9.98
10.34
10.58
10.73
9.87
11.06
10.09
10.57
10.38
11.14
9.84
10.99
9.13
9.58
9.95
10.43
9.43
10.14
10.61
11.05
10.92
10.45
10.13
10.60
11.06
10.92
10.14
8.87
10.91
9.92
8.64
9.49
10.16
10.41
10.37
9.77
9.52
10.58
9.94
9.61
9.96
11.43
9.62
9.11
9.67
8.78
9.15
10.06
9.69
9.23
9.74
10.23
9.82
10.21
10.20
10.69
11.07
10.15
9.32
10.60
9.40
9.91
10.28
9.94
9.43
10.39
9.88
10.27
9.59
8.88
10.23
11.30
10.81
9.79
9.43
9.90
10.06
10.21
9.44
9.93
10.33
10.54
11.02
9.22
10.15
9.80
8.96
9.47
9.90
10.23
10.59
11.09
11.39
10.04
9.61
10.06
10.69
11.04
11.35
10.64
11.04
11.33
10.61
10.54
11.04
11.32
11.04
10.44
10.57
11.02
11.30
10.89
10.33
9.95
10.23
9.46
9.81
9.59
10.06
10.23
10.57
9.81
10.34
9.59
9.45
10.05
10.76
11.17
10.55
9.71
10.19
8.82
10.63
9.72
9.43
10.07
10.54
10.47
9.83
10.12
10.48
8.65
10.59
10.49
10.39
10.93
11.21
11.76
11.51
10.90
10.36
9.10
11.18
10.85
9.10
10.12
9.65
9.21
10.29
11.09
10.59
9.86
9.33
9.78
11.35
10.85
9.95
10.33
10.87
9.96
9.83
8.99
9.40
10.07
10.04
10.53
10.25
10.64
9.61
11.24
10.01
10.88
10.53
10.08
11.08
9.69
8.74
11.07
9.84
10.22
10.47
9.65
9.12
9.87
10.38
9.83
10.21
9.86
10.37
9.12
10.21
11.18
9.82
9.41
9.75
10.63
10.31
9.48
9.89
10.35
11.16
11.31
10.82
9.16
8.91
9.52
10.81
8.70
9.17
9.06
10.23
10.06
9.61
9.23
9.07
10.15
10.16
9.67
11.00
10.60
10.25
10.75
10.16
10.76
11.47
11.04
9.23
10.19
9.70
10.57
10.98
10.54
11.04
9.03
10.04
10.44
9.84
10.77
10.81
9.88
9.44
9.91
9.39
10.24
10.79
10.68
10.62
9.58
9.07
8.71
10.13
9.96
9.40
10.26
10.65
9.52
9.08
8.67
9.08
9.56
10.01
9.71
9.34
8.76
8.84
10.19
9.97
9.45
9.72
9.36
8.77
8.85
10.19
9.98
9.46
9.69
9.14
8.77
8.87
10.55
10.17
10.87
10.30
9.10
11.03
10.52
10.20
9.69
9.04
9.96
9.84
9.43
9.10
9.30
10.69
10.26
9.85
10.51
10.25
9.96
10.61
11.20
10.25
9.96
11.10
10.57
10.94
11.32
9.24
10.33
10.11
9.24
9.72
10.16
9.56
10.01
10.79
10.30
10.11
9.82
9.44
10.73
10.22
10.94
9.00
9.19
10.48
9.63
10.12
9.39
9.05
10.59
10.30
10.81
10.81
11.17
9.50
9.86
10.29
9.85
10.29
9.94
10.38
10.75
9.10
9.89
9.62
10.14
9.90
10.18
10.59
10.57
10.36
10.88
11.21
10.06
10.59
10.48
10.38
10.87
11.05
11.09
11.18
10.04
9.56
10.03
10.55
11.03
11.08
10.02
10.43
9.54
9.94
9.82
10.26
9.96
9.83
10.27
9.99
9.46
9.59
10.95
8.58
9.67
9.82
10.17
10.39
9.57
10.01
9.12
9.40
10.78
9.20
8.78
10.33
10.51
9.70
10.15
8.79
9.18
9.67
10.15
10.68
11.08
10.80
9.78
8.83
9.23
8.83
10.19
9.43
10.60
8.88
9.32
8.97
10.11
9.59
9.56
8.80
9.07
10.36
10.60
10.85
10.88
11.28
11.38
9.04
9.42
10.59
9.88
10.21
9.53
9.75
10.13
10.53
9.86
9.53
9.84
10.13
9.77
10.14
10.53
11.10
10.04
9.60
9.39
9.80
10.98
10.54
9.48
9.95
10.44
8.87
9.36
9.77
8.89
9.36
9.79
8.75
10.21
9.40
10.87
10.95
9.91
9.62
10.17
9.89
10.39
9.42
9.72
10.21
9.50
9.99
10.37
10.61
9.76
10.21
9.52
10.00
10.37
10.60
9.20
8.92
9.62
10.13
10.60
10.51
11.06
10.91
8.94
10.31
9.63
9.50
10.05
8.68
9.38
10.16
10.71
10.98
9.31
9.85
10.15
10.58
10.07
10.56
9.42
11.21
10.07
8.93
10.77
9.84
10.03
10.30
9.17
8.94
9.56
10.04
10.90
10.04
10.59
9.85
9.17
9.62
10.82
11.14
10.30
10.45
9.18
11.07
10.14
9.66
8.89
10.54
10.29
9.80
9.60
9.35
9.92
10.43
10.87
11.28
10.70
10.99
9.80
10.33
9.72
10.93
9.98
10.38
11.17
9.90
9.21
10.71
10.75
9.84
9.14
10.30
9.43
10.59
9.81
10.24
9.13
8.91
9.53
8.71
9.19
9.10
9.69
10.19
9.85
9.48
10.87
10.59
11.18
10.81
10.26
10.94
10.44
11.14
9.25
9.67
10.13
9.28
9.60
9.01
9.92
9.22
10.23
10.56
9.60
10.10
9.60
10.11
9.87
10.43
11.02
10.70
9.77
10.32
9.91
9.02
10.94
9.67
10.13
9.43
10.16
10.37
9.14
8.71
9.69
9.26
8.88
8.45
9.28
10.39
9.29
8.89
8.46
8.73
11.11
10.66
9.91
9.41
10.10
9.99
10.26
10.63
10.62
10.60
9.57
10.02
10.35
9.43
8.91
9.75
10.22
10.58
11.15
11.62
11.43
9.17
8.86
10.94
9.66
10.00
9.75
10.21
10.55
11.08
10.91
9.98
10.36
9.77
8.92
9.77
9.52
8.84
8.48
9.36
9.80
10.22
8.75
10.80
9.76
10.16
10.21
9.35
9.78
10.24
10.60
9.20
9.19
9.72
10.16
11.25
9.07
9.02
9.31
9.68
9.98
9.87
9.05
9.15
9.52
9.79
9.69
9.54
9.54
9.76
10.13
10.02
8.82
10.58
10.22
9.42
9.88
11.05
10.16
10.51
11.05
10.14
10.51
9.73
9.71
8.99
9.51
10.06
10.45
9.71
9.36
8.95
9.00
8.99
9.96
11.23
9.61
9.68
9.42
8.99
9.94
9.12
9.09
10.57
9.68
10.19
9.84
9.54
9.02
10.54
10.27
10.76
9.85
10.19
10.73
9.84
10.21
10.53
11.41
9.85
9.18
9.40
9.19
8.86
9.64
9.88
10.08
9.58
10.09
9.39
10.42
8.96
9.91
9.51
9.44
8.90
9.96
8.86
10.33
9.93
9.48
9.42
9.89
10.59
10.25
10.24
9.54
9.01
10.56
10.10
9.40
9.86
10.29
9.53
8.99
8.86
8.87
9.06
10.54
10.82
10.06
10.36
10.16
9.55
9.02
8.90
9.66
8.90
10.54
10.84
10.08
9.45
9.76
10.22
9.54
9.02
8.93
8.93
10.48
10.79
10.04
11.10
9.15
9.62
10.12
10.56
9.65
8.87
9.96
10.44
9.86
11.10
10.11
10.50
11.16
11.09
10.29
9.87
10.66
9.31
9.43
10.85
9.02
8.61
9.91
10.34
9.51
9.07
9.02
10.99
9.61
9.96
10.00
10.37
10.09
10.56
10.05
11.19
9.90
9.72
9.43
9.03
9.77
10.09
9.82
9.44
9.04
9.26
10.68
10.65
10.23
9.85
10.42
10.36
9.15
10.91
10.03
10.35
10.45
9.62
11.27
9.97
10.50
10.91
10.90
9.29
9.82
9.98
9.38
9.81
10.44
10.86
10.29
10.87
10.06
10.86
10.00
9.83
10.36
10.05
10.91
9.67
9.41
8.97
8.98
8.58
9.42
10.09
9.83
8.86
10.76
9.48
9.60
10.09
10.23
9.36
9.80
10.24
10.61
10.91
9.69
10.24
9.37
9.80
10.24
10.62
10.91
9.15
8.98
9.57
10.10
10.97
10.56
11.39
9.39
9.03
9.62
9.87
10.23
9.52
10.87
9.02
9.52
9.99
10.41
10.28
9.88
9.07
9.40
10.81
9.05
8.78
9.93
10.38
11.08
9.46
8.76
9.53
9.33
10.63
8.79
9.81
10.25
9.62
9.49
9.45
9.20
9.04
9.59
8.65
8.95
9.57
8.65
10.13
9.94
10.37
10.54
9.92
10.38
9.24
11.17
9.20
10.18
9.69
9.90
10.35
10.58
9.82
9.53
10.29
10.72
9.89
10.33
11.07
9.76
9.74
10.21
10.57
9.92
9.18
9.75
9.28
9.00
10.55
10.47
10.65
11.26
11.02
10.56
10.64
11.26
11.01
9.89
9.47
8.61
10.99
10.42
10.22
10.31
10.13
10.87
9.93
9.71
10.15
10.07
10.57
9.79
10.26
11.12
9.07
9.44
9.85
9.08
9.61
9.45
10.05
10.54
9.92
11.01
10.78
9.44
10.42
10.64
8.85
9.75
10.02
10.98
10.38
9.52
9.86
10.12
11.09
10.19
10.53
10.95
9.87
9.53
10.79
8.95
9.81
10.29
10.35
10.32
10.77
11.06
9.64
9.48
9.57
8.84
9.59
9.83
10.07
10.93
10.57
9.64
11.29
10.13
10.70
11.07
10.60
10.27
9.88
10.36
9.72
10.15
10.45
10.95
11.18
10.38
10.11
11.11
9.97
9.81
9.40
10.00
9.91
9.97
10.32
10.57
9.58
10.13
8.81
10.13
9.46
9.72
8.69
10.03
10.94
10.12
10.47
10.47
11.15
9.74
10.11
10.25
9.17
10.29
10.05
10.54
10.98
9.75
9.71
9.22
8.93
10.07
10.57
9.82
11.27
9.33
9.83
10.24
9.44
8.55
9.65
9.06
9.64
9.22
8.89
10.60
9.86
10.29
10.95
9.21
9.80
8.96
9.39
11.08
9.84
10.54
10.20
11.26
9.77
10.93
10.17
10.39
9.87
10.19
9.44
11.01
9.94
9.41
8.71
9.57
9.21
9.14
10.50
10.09
9.68
9.25
9.12
9.60
10.04
11.24
10.65
9.28
9.16
10.15
9.70
10.35
10.60
10.60
10.12
10.37
10.11
9.67
9.40
9.65
8.63
11.01
10.40
10.45
9.95
9.19
11.29
10.10
9.79
9.73
10.59
11.65
9.04
9.03
9.41
11.14
9.98
10.27
9.78
9.17
8.74
8.75
9.23
10.53
10.03
9.10
9.20
10.11
9.63
9.10
11.18
10.99
10.20
10.43
9.88
10.23
9.46
11.07
9.95
9.34
9.73
10.16
8.93
10.09
9.54
8.85
9.62
10.12
9.18
10.60
9.18
9.19
9.73
10.18
9.07
11.13
9.90
10.15
10.56
11.19
10.59
10.96
11.40
9.90
9.41
10.21
10.56
10.99
11.13
10.29
8.90
11.11
9.87
9.49
8.81
9.59
9.04
9.58
10.00
9.58
9.74
9.31
9.09
10.60
10.25
9.61
10.19
9.86
9.31
9.07
10.10
10.52
10.91
11.40
11.21
9.71
9.45
9.04
10.10
9.76
10.60
10.16
10.69
9.96
10.41
10.83
11.27
9.41
11.09
10.01
10.03
11.09
10.47
10.80
11.24
9.96
