9.20
9.20
10.65
9.75
10.25
9.85
9.35
9.76
9.91
9.41
8.38
9.74
8.95
10.01
9.79
9.49
10.92
10.33
9.61
10.14
8.97
10.51
9.15
9.76
9.60
9.10
8.97
10.27
9.68
10.09
9.80
10.35
10.03
10.49
10.78
11.02
10.07
10.32
10.02
10.48
10.76
11.01
9.28
9.00
9.63
10.07
10.27
11.10
9.81
10.08
8.97
9.79
10.38
10.04
9.86
10.39
10.32
10.59
10.04
10.92
11.62
9.40
9.90
9.93
10.48
10.12
8.85
9.76
9.72
9.46
9.21
8.73
8.31
8.63
9.59
10.05
10.45
9.32
9.89
9.23
8.73
8.30
8.64
9.61
10.05
10.46
10.85
11.05
9.89
10.35
9.60
9.62
9.37
8.87
8.79
9.05
9.51
10.98
9.71
9.13
9.71
10.17
10.41
8.91
8.87
9.14
9.67
9.60
10.11
9.75
8.90
9.42
9.98
8.50
9.58
9.12
8.07
8.52
8.49
9.18
9.40
10.53
8.70
10.03
10.59
10.42
9.18
9.67
9.51
10.10
10.13
9.91
9.42
8.68
10.04
11.02
8.90
10.43
10.88
11.31
9.90
9.46
10.44
10.54
10.83
11.30
10.97
10.98
9.98
10.51
10.81
11.32
11.00
10.15
10.43
11.30
10.29
9.80
9.25
9.83
9.42
8.97
8.51
8.75
9.81
10.26
10.25
10.28
9.80
10.26
10.29
9.82
10.27
10.73
11.08
9.86
9.31
8.96
9.82
10.19
9.62
9.33
8.96
11.05
9.87
9.41
9.65
8.62
9.97
9.81
9.41
8.92
9.88
10.20
8.96
9.40
10.93
9.72
9.28
9.77
10.13
10.46
10.31
10.77
10.87
10.23
8.58
10.32
10.84
10.67
8.95
9.70
9.42
10.49
9.92
9.63
11.25
9.66
9.00
8.73
11.20
10.50
9.79
9.41
9.56
9.03
8.69
9.56
8.99
8.67
9.47
9.15
9.69
10.22
11.00
9.77
9.61
9.40
8.53
9.25
9.09
10.14
9.67
10.76
10.16
10.59
10.74
10.16
9.47
9.93
11.26
10.70
9.91
10.19
10.66
10.44
10.94
11.42
11.17
9.09
9.41
9.81
9.24
9.48
9.01
9.94
10.44
10.59
9.31
8.85
8.38
9.82
10.32
10.85
11.38
11.80
9.85
10.42
10.96
10.37
10.95
8.58
11.30
11.76
11.45
9.82
9.71
9.75
10.10
9.46
9.02
9.92
10.22
10.75
10.52
10.59
11.65
9.61
10.16
9.64
10.57
8.78
9.41
8.39
10.10
9.00
10.09
9.88
9.61
9.55
10.15
8.95
10.46
11.00
9.82
9.00
9.46
10.89
9.88
10.37
9.88
9.06
9.40
10.20
9.27
9.84
8.59
9.76
10.33
11.12
10.60
8.90
11.53
10.18
10.02
9.48
10.55
10.64
11.12
10.10
10.55
10.15
10.63
11.12
8.73
10.99
9.94
9.69
10.13
10.52
11.06
10.97
9.86
10.36
10.26
10.44
10.30
10.75
11.03
11.21
9.07
9.66
8.84
9.34
9.72
10.19
8.89
10.65
10.17
11.17
10.77
9.76
10.07
10.59
9.10
11.14
9.85
10.14
10.54
9.18
10.67
10.74
11.11
9.42
10.95
10.39
11.12
10.14
8.67
9.58
9.12
8.83
10.65
9.98
9.42
10.48
11.13
10.41
9.43
11.12
8.70
9.92
10.49
11.27
10.60
10.18
9.12
10.07
9.72
8.98
11.33
9.96
9.75
9.41
9.06
10.22
9.70
10.19
9.50
9.07
9.98
10.51
10.90
10.59
9.85
11.35
9.67
9.14
9.87
10.08
10.54
9.15
9.40
10.78
11.24
11.06
9.92
10.48
9.44
11.01
9.86
9.38
10.45
9.97
9.92
10.19
10.59
10.73
9.05
9.63
9.28
10.17
11.22
11.26
11.47
10.73
10.25
9.10
11.08
10.54
10.21
9.67
9.78
9.16
9.44
10.01
10.05
10.60
8.88
9.47
9.63
11.38
9.17
10.85
10.01
10.28
10.97
10.15
9.52
10.02
8.79
9.93
10.19
10.60
9.41
8.45
11.09
9.00
10.38
10.50
10.17
9.16
9.63
9.68
9.26
10.16
9.60
10.23
9.83
10.44
10.18
10.65
10.20
11.27
8.90
10.14
10.57
10.19
11.04
11.11
9.80
10.00
10.59
9.02
11.59
10.46
9.02
11.38
11.58
9.78
10.70
10.87
9.86
10.30
8.85
9.26
9.40
9.47
8.70
9.06
9.52
10.01
10.43
9.60
9.05
9.95
8.30
9.04
10.19
10.77
11.04
8.80
8.84
9.38
9.58
9.87
9.72
9.20
10.21
10.71
8.89
8.85
10.82
9.41
9.76
10.29
10.66
11.14
10.26
11.14
10.09
9.83
9.51
10.01
10.07
10.31
10.59
10.93
9.52
10.01
10.57
9.68
9.61
10.05
10.56
11.62
9.10
10.05
11.08
10.41
10.47
9.41
9.79
9.38
8.79
9.73
9.26
9.82
9.35
9.26
9.18
8.69
9.83
9.41
10.30
11.37
10.32
8.84
9.59
10.05
10.16
10.60
10.58
10.06
10.57
10.95
11.42
10.05
10.57
10.57
11.39
10.74
10.01
9.28
9.80
9.94
9.40
10.90
8.83
9.99
10.37
11.03
9.43
9.65
8.64
9.53
9.78
10.22
10.30
11.32
10.74
10.60
10.48
9.92
9.53
10.34
11.13
11.48
10.28
10.95
9.02
9.99
10.47
10.23
10.73
11.03
10.42
9.39
8.82
9.93
8.96
10.21
10.72
11.02
10.04
9.50
9.41
9.95
10.43
8.70
9.24
9.71
10.21
10.71
11.02
9.41
9.96
10.45
8.70
8.84
9.24
9.69
10.19
10.69
11.02
10.88
10.30
10.06
9.58
10.15
8.89
9.32
9.65
10.04
10.53
11.02
9.66
10.25
8.90
9.34
9.08
9.64
10.04
10.53
11.02
10.23
11.02
9.68
8.88
9.35
9.79
10.19
10.59
11.15
9.89
10.30
10.54
10.76
10.67
11.10
11.53
9.87
9.40
8.91
8.56
9.49
8.81
10.40
10.71
11.21
11.03
9.53
10.40
9.98
10.96
9.64
10.05
10.36
9.34
8.39
8.83
9.28
11.07
9.71
8.89
9.40
8.43
9.43
9.83
8.71
9.25
9.61
10.17
10.53
11.02
8.98
10.22
9.60
10.00
8.81
11.02
9.57
9.13
8.71
8.97
9.40
9.96
9.79
10.06
10.59
8.91
9.31
11.11
9.95
9.04
9.56
9.92
10.23
9.97
9.93
10.48
10.81
11.10
11.31
9.39
10.17
10.50
11.28
9.25
9.83
9.97
10.96
10.36
8.51
9.70
9.14
10.88
9.70
10.16
10.27
9.83
9.29
11.02
8.29
10.60
8.82
11.45
11.01
9.57
9.88
10.43
10.89
11.66
11.20
10.67
11.16
9.66
10.09
11.19
10.58
11.12
9.98
10.09
9.38
9.83
10.32
11.21
11.10
8.90
10.59
9.96
9.47
9.48
8.93
9.75
10.22
8.91
9.53
11.02
11.23
10.11
10.14
9.56
11.23
10.12
10.56
11.00
9.81
10.30
10.04
10.60
9.06
9.05
9.63
10.20
11.15
9.17
10.57
11.17
9.11
10.22
9.71
9.85
9.17
10.96
10.16
10.35
10.35
10.64
9.91
9.24
9.61
10.11
9.98
9.40
11.38
10.48
10.22
11.37
8.88
9.47
8.72
9.81
10.22
10.88
8.98
9.58
8.77
9.23
9.03
9.56
10.02
9.45
10.15
10.33
9.25
8.83
9.81
10.80
10.08
9.53
10.31
9.24
8.83
9.80
10.79
10.05
9.60
10.60
9.37
8.91
11.14
9.90
9.84
10.51
8.94
11.21
9.98
10.35
9.64
10.14
9.27
10.65
10.90
11.07
10.75
10.28
9.20
10.65
9.73
10.22
9.93
9.55
9.40
9.77
8.64
8.85
9.86
10.06
10.56
11.19
9.64
10.15
9.73
10.23
9.74
10.88
9.16
9.49
10.05
9.91
9.41
10.08
10.58
8.82
9.43
10.04
8.84
11.15
9.71
9.45
10.32
10.80
10.99
11.14
11.40
10.28
8.59
10.56
9.73
10.29
9.51
10.05
10.56
9.77
10.31
11.37
10.54
9.68
10.38
11.19
9.15
9.72
9.73
9.25
8.87
9.77
10.66
9.79
10.10
10.60
10.55
9.68
11.09
10.36
10.94
11.46
11.90
11.55
10.99
10.39
9.42
9.94
10.36
9.32
10.39
9.87
10.99
9.52
10.02
8.47
10.28
9.42
9.95
9.33
8.88
9.46
9.34
8.90
8.90
9.73
9.90
9.40
9.98
8.74
10.14
10.87
10.35
9.81
9.59
9.08
9.81
9.60
9.07
9.85
10.09
9.11
9.40
10.59
9.78
9.37
8.63
9.64
9.16
8.68
9.47
8.63
9.62
9.64
10.14
9.66
9.20
8.72
10.15
10.46
10.96
9.06
10.14
10.97
9.65
10.22
10.06
10.60
9.61
9.40
11.13
9.89
10.18
10.52
10.28
11.04
9.91
9.42
10.73
10.34
8.80
9.49
9.90
10.23
9.67
9.43
10.01
10.50
10.84
11.26
8.57
9.83
10.32
10.59
9.45
9.22
8.94
9.58
10.14
10.69
11.54
10.12
8.95
9.86
10.35
9.54
10.84
10.99
9.42
9.93
10.34
10.45
10.84
10.46
9.53
9.82
8.83
9.43
9.92
9.92
9.18
9.72
9.79
10.12
10.56
9.93
9.05
9.43
10.09
10.63
9.97
10.46
10.87
11.29
9.59
9.08
10.06
10.61
8.43
9.30
8.81
9.71
9.97
10.46
10.88
11.30
11.11
10.05
9.16
8.69
10.53
8.69
9.75
10.18
8.44
8.70
8.44
8.95
8.70
11.31
11.31
9.40
9.64
9.08
10.94
8.59
9.25
8.77
9.93
10.38
11.15
9.55
8.65
9.37
8.87
9.82
9.75
8.67
8.94
10.88
9.44
9.85
10.37
10.22
9.81
9.54
10.97
10.15
10.63
9.83
10.04
8.97
10.58
10.13
9.94
9.63
8.83
8.98
9.32
10.10
9.97
9.58
9.55
8.84
11.27
10.13
10.67
11.47
10.12
9.73
9.56
9.02
10.03
9.81
10.00
10.04
10.62
11.33
10.58
9.04
10.50
11.31
10.85
9.98
10.28
9.44
11.26
10.56
9.93
9.37
9.67
9.15
10.12
9.01
8.52
9.57
10.58
8.68
8.90
9.77
9.25
9.44
8.96
8.47
9.50
9.77
9.23
11.59
10.98
8.98
8.48
8.70
9.50
9.99
10.44
9.91
9.35
8.98
8.47
8.71
9.51
10.00
10.46
9.90
9.35
10.38
11.08
10.05
10.50
9.93
10.42
10.91
11.08
8.49
10.90
8.85
9.54
9.85
10.30
9.72
8.79
9.01
9.25
9.80
10.60
11.41
9.79
10.28
10.80
9.16
9.42
9.97
10.92
11.42
10.53
11.27
9.93
9.41
9.39
10.07
10.59
8.86
8.86
9.45
9.98
9.44
9.00
10.62
9.79
10.18
10.94
10.15
8.63
10.33
9.80
9.56
9.00
10.90
10.31
10.01
10.90
11.07
10.50
10.11
10.54
10.61
10.91
11.22
10.44
9.94
9.31
9.39
11.18
10.55
9.47
10.61
10.04
11.26
10.08
10.66
10.84
11.27
10.55
8.67
9.74
10.28
10.33
10.64
11.17
10.13
11.08
9.85
10.60
9.34
10.47
11.40
9.93
9.83
9.31
8.68
9.27
10.76
8.94
10.05
9.49
10.61
9.03
9.85
9.01
9.54
9.95
9.65
9.63
9.40
10.15
8.70
10.09
10.12
10.97
10.60
9.41
9.83
9.25
8.81
8.39
9.34
9.83
10.16
10.83
11.28
9.80
8.81
10.12
10.31
9.42
10.33
9.62
10.07
10.16
10.71
10.59
10.89
11.30
11.39
9.39
11.12
9.16
10.55
9.17
9.72
10.11
11.35
11.38
10.68
9.17
8.98
9.73
10.28
10.81
11.35
11.39
9.64
10.15
10.62
11.32
11.35
9.73
10.22
10.75
9.10
9.40
9.61
10.94
11.27
11.31
10.60
10.94
11.26
11.30
8.81
10.49
9.44
8.49
8.98
8.90
10.87
10.40
9.86
9.06
9.65
10.12
9.42
9.08
8.48
8.81
9.27
8.50
8.83
9.78
10.79
9.38
9.72
10.26
10.39
10.64
9.75
10.14
9.40
10.58
11.54
8.65
11.03
10.36
10.41
10.24
10.72
11.13
10.91
10.31
10.24
10.68
11.13
10.82
9.77
10.31
10.04
10.52
9.98
9.80
9.56
9.21
9.66
10.20
8.94
8.57
9.49
9.98
9.32
9.80
8.93
8.57
10.05
10.61
9.58
9.02
8.64
11.18
10.03
10.02
10.59
11.44
10.55
9.89
10.41
9.27
9.74
10.12
10.51
10.88
11.02
9.90
10.43
9.41
9.79
8.94
9.39
9.81
10.07
8.94
10.06
9.54
8.63
9.95
9.93
9.88
10.47
9.98
9.70
11.18
9.95
10.36
10.58
10.14
9.87
10.42
9.55
10.11
10.64
11.16
10.31
10.88
11.61
9.96
10.36
10.48
9.42
9.74
10.03
9.28
8.81
8.36
9.31
9.37
8.37
9.66
10.07
10.40
10.40
10.55
8.98
11.32
10.41
9.04
9.64
9.87
10.59
9.09
9.62
9.47
11.17
10.57
11.30
10.88
9.99
10.57
9.99
11.29
9.81
9.15
8.76
10.22
9.19
9.60
9.85
9.41
8.33
9.32
9.37
9.07
8.14
8.69
8.35
9.93
9.54
9.00
8.74
9.51
9.60
8.94
8.73
9.84
10.23
9.77
10.30
10.81
11.01
11.20
9.83
10.33
10.86
11.24
10.60
10.61
11.24
9.73
10.21
10.33
10.66
10.14
10.31
10.62
10.02
10.59
9.68
10.14
10.60
9.75
9.28
8.99
10.17
9.72
10.18
9.78
9.31
9.00
10.19
10.54
9.84
10.36
9.87
9.40
9.04
10.23
10.57
11.43
10.93
9.92
10.48
9.97
9.51
9.10
10.53
10.91
11.00
9.92
10.42
9.40
10.21
9.68
9.13
9.50
8.97
8.50
10.03
10.48
10.30
9.76
9.19
9.51
8.97
8.51
10.01
10.46
10.83
10.91
9.77
9.29
10.33
9.59
8.54
9.23
10.04
10.25
8.97
9.55
9.85
10.40
9.68
10.15
10.72
11.09
9.39
9.87
9.35
8.97
8.46
9.67
10.14
9.77
9.40
9.32
8.48
8.95
9.87
10.11
10.98
8.97
9.95
10.14
10.47
11.12
10.53
10.45
10.47
9.89
9.97
10.17
11.30
9.44
10.35
8.77
10.05
10.65
10.91
10.41
10.12
9.84
9.65
10.39
9.91
9.20
10.11
9.84
11.24
9.66
10.38
9.91
9.20
10.14
9.89
9.88
9.42
10.25
8.88
9.96
9.44
10.85
9.85
9.41
10.25
9.03
8.78
9.50
10.97
9.93
9.15
9.66
9.88
10.21
10.35
9.86
10.83
9.85
10.19
8.97
10.24
10.60
10.74
9.86
9.41
10.16
11.40
9.54
10.11
9.38
9.97
9.07
8.50
9.62
10.66
10.20
9.37
9.94
9.05
8.48
8.77
9.60
10.66
10.18
9.81
10.35
10.21
9.07
10.59
11.11
9.67
10.18
9.67
9.76
9.41
9.02
9.91
10.38
9.78
9.08
10.02
10.59
11.14
9.92
10.24
10.54
9.18
10.19
11.25
9.36
9.94
10.49
9.77
9.22
8.65
8.86
8.95
10.15
10.38
10.92
9.56
10.71
9.78
10.23
10.49
10.16
9.01
9.53
9.97
9.62
9.68
8.70
8.98
10.10
10.54
10.94
10.07
10.58
9.65
9.15
9.04
9.65
10.08
11.28
10.21
11.57
10.66
11.08
11.28
9.41
9.85
9.22
9.21
9.77
8.67
8.63
9.15
9.68
10.16
10.23
10.69
9.28
8.86
9.46
8.66
8.97
9.20
10.13
9.57
9.61
10.60
9.85
10.37
10.60
9.14
11.23
11.57
9.70
10.15
11.03
9.76
9.92
10.43
10.90
10.87
10.26
9.41
9.60
10.11
10.99
10.34
10.27
10.68
11.01
10.75
8.47
10.24
10.29
10.26
10.66
11.00
9.03
9.04
9.57
9.90
10.23
10.75
9.70
10.24
10.24
10.65
10.99
9.04
9.06
9.58
9.89
10.19
10.72
10.21
9.65
9.89
9.05
10.60
10.12
9.18
9.76
8.95
9.47
9.79
10.29
10.58
8.95
9.47
9.96
10.35
9.78
10.29
9.30
9.41
10.03
10.53
11.35
11.30
8.99
8.65
9.55
10.02
10.46
10.75
9.38
9.92
10.51
9.00
8.66
9.53
10.03
10.51
10.80
11.35
11.29
8.82
10.96
9.89
10.40
9.47
9.76
10.23
9.65
10.12
10.61
9.80
10.25
9.66
10.12
10.62
9.82
10.28
9.66
10.12
10.61
9.73
10.22
8.98
10.10
10.61
9.55
9.93
10.63
9.99
10.64
9.92
10.61
10.90
10.64
10.89
11.17
8.88
9.68
10.31
9.66
11.16
10.11
9.72
9.00
9.40
10.09
10.59
10.97
10.09
10.61
11.02
8.68
9.13
9.71
8.69
10.07
10.58
9.60
10.24
11.36
9.39
10.85
9.84
10.32
10.26
9.41
10.59
10.91
10.15
9.53
9.18
10.05
8.88
8.53
9.77
9.25
10.24
10.59
9.63
9.32
10.10
9.46
8.59
11.17
9.92
10.10
10.56
10.21
11.24
10.47
10.40
9.56
9.43
10.29
9.83
10.97
11.41
10.48
11.39
8.76
9.87
10.84
10.60
9.12
11.69
10.07
9.68
11.23
8.81
9.99
10.53
10.11
9.92
10.63
10.35
10.88
11.25
9.40
9.39
10.03
10.60
8.82
9.37
9.78
10.34
10.86
11.23
8.53
9.10
9.71
8.90
9.95
11.04
9.82
10.35
10.10
10.86
10.60
9.82
10.32
9.71
9.35
8.85
9.24
10.17
10.67
11.20
9.91
9.83
10.23
9.30
9.41
10.68
10.97
11.41
9.41
11.16
10.34
11.17
8.57
10.25
10.51
11.32
9.04
10.07
9.85
9.65
10.00
10.37
9.73
10.27
10.61
9.51
9.11
9.99
10.36
10.85
11.43
11.23
10.99
10.12
10.39
9.41
8.28
11.13
9.96
9.43
9.69
9.22
8.73
10.21
8.92
10.05
9.51
8.73
9.59
10.18
9.97
10.33
9.74
10.23
10.72
11.13
10.90
10.11
9.74
10.23
10.72
11.13
10.88
10.05
10.58
10.44
10.05
9.81
10.30
10.51
9.17
9.41
9.77
9.19
9.98
9.54
9.01
11.29
8.77
8.36
8.83
9.28
9.73
10.26
9.59
9.81
10.12
10.51
8.79
8.98
9.35
9.81
10.76
11.27
11.11
10.35
9.78
9.86
9.10
9.49
10.08
9.94
9.40
10.16
10.06
8.81
9.74
9.41
10.93
10.16
10.95
10.60
9.92
10.36
9.62
10.13
11.06
10.51
10.23
9.85
10.91
10.75
10.34
10.01
9.57
10.56
11.58
9.80
10.65
10.12
9.45
9.35
9.91
10.88
11.15
9.34
9.71
10.59
9.48
8.71
11.23
9.19
9.62
10.12
9.30
8.75
9.78
9.08
10.31
11.22
10.89
11.47
11.35
9.69
10.18
10.68
10.57
11.00
11.29
9.64
10.21
9.34
8.84
9.88
10.34
10.85
9.45
8.94
10.91
9.85
10.35
9.01
11.13
11.02
10.57
10.38
9.40
10.73
10.87
10.35
10.26
9.94
10.87
10.50
8.82
9.43
9.77
8.68
10.15
10.60
9.00
9.56
9.82
8.80
10.72
10.14
9.59
10.18
11.28
9.49
8.99
9.15
10.57
11.05
10.01
11.31
10.88
9.13
10.04
10.48
9.54
10.03
10.51
10.01
9.54
10.04
10.52
9.60
10.96
9.96
10.43
9.10
9.70
8.79
9.11
10.93
10.36
10.51
10.93
10.90
9.84
10.37
10.12
9.28
10.96
9.50
9.91
8.79
9.15
9.70
10.13
9.48
9.92
9.58
10.87
9.98
10.25
9.80
8.89
9.78
9.41
9.52
9.02
9.10
10.83
10.59
8.92
8.32
11.22
9.32
9.85
10.20
8.83
8.69
9.07
9.83
9.40
10.18
10.86
10.57
9.37
9.60
10.12
10.69
10.63
11.13
11.32
8.96
10.82
11.18
9.53
10.04
10.03
10.81
10.56
9.95
9.50
10.00
10.77
10.50
9.74
10.11
9.45
10.51
10.58
10.91
11.33
10.48
11.01
11.78
8.99
9.40
10.77
11.24
11.42
10.01
10.49
9.47
10.00
10.54
9.10
8.65
9.66
10.19
10.58
11.17
10.55
10.25
11.35
9.89
9.43
9.82
9.94
10.42
8.88
9.67
9.56
9.79
10.17
10.44
9.73
10.09
10.94
8.70
9.45
10.08
10.59
9.13
9.86
10.35
9.43
9.30
9.97
10.25
10.66
11.04
9.68
9.91
11.10
10.14
9.51
10.00
10.54
10.88
11.34
11.09
10.09
10.49
10.45
11.33
9.74
9.02
10.53
9.41
10.66
10.92
9.80
10.35
9.26
8.82
8.35
10.19
8.70
9.40
10.51
10.48
10.89
8.93
8.85
9.90
10.34
11.08
9.46
8.99
8.85
9.72
10.13
9.98
10.50
9.51
9.02
8.85
9.76
10.09
10.51
10.86
11.07
10.02
9.45
10.12
10.48
9.78
10.10
10.52
10.86
11.09
10.85
10.25
9.76
10.27
9.37
9.03
9.88
9.81
9.36
9.03
9.87
9.85
9.38
9.04
9.88
9.92
9.45
11.03
8.69
10.60
9.99
10.47
10.99
9.88
10.34
10.70
11.21
11.63
9.82
10.29
10.85
9.49
9.93
10.39
10.63
11.14
11.59
9.78
10.25
10.81
9.51
9.21
9.96
10.41
10.59
11.11
11.58
9.80
10.26
10.76
10.46
11.02
9.43
8.33
10.80
11.32
11.33
8.92
9.98
9.46
8.79
10.97
10.50
10.99
11.00
10.01
9.44
9.26
9.81
8.83
10.36
10.81
10.44
10.06
9.50
9.25
9.76
8.84
10.15
9.56
9.58
9.29
10.01
10.01
10.43
8.50
10.95
10.39
9.45
9.94
8.30
9.30
8.85
8.51
9.87
9.46
9.94
8.30
9.29
8.85
8.51
9.85
9.97
10.79
10.30
11.30
10.34
10.76
10.26
10.35
9.93
10.74
10.23
9.14
9.75
10.03
9.63
9.14
9.44
10.58
9.66
11.09
10.12
10.56
11.72
11.57
9.26
9.72
10.18
10.67
11.18
11.57
11.00
9.45
9.88
10.41
9.38
8.55
9.85
8.99
10.33
10.56
11.14
11.04
8.96
10.92
9.56
9.95
10.11
10.91
10.47
10.99
9.91
10.38
10.37
10.23
10.67
11.10
10.95
10.15
9.10
10.43
10.85
10.12
9.70
8.93
10.58
9.80
11.15
9.79
9.66
9.14
10.11
10.57
9.39
8.82
8.48
8.68
9.95
10.91
11.33
10.53
9.09
11.10
10.51
9.76
10.29
9.48
9.09
10.01
10.50
9.84
10.40
9.55
9.11
10.09
10.76
11.29
10.53
11.02
9.92
10.47
9.07
9.40
9.68
10.22
9.44
8.89
10.01
10.53
9.74
9.19
10.20
8.94
8.53
9.35
10.37
9.09
8.61
11.07
8.98
9.58
9.63
9.78
10.37
10.60
10.13
10.86
10.48
10.77
11.17
11.57
10.21
10.79
10.41
10.21
10.76
11.15
11.55
11.32
9.13
9.71
9.77
10.36
11.29
10.67
11.03
11.53
10.28
11.27
10.62
11.00
11.53
10.17
9.59
10.61
8.90
9.98
10.19
10.57
10.02
10.54
10.97
11.34
10.15
10.53
10.49
9.40
9.73
9.56
9.00
10.56
11.31
10.91
8.97
8.51
9.74
10.32
8.91
9.52
9.84
8.57
10.31
10.08
10.60
10.05
9.05
9.78
9.62
10.77
10.21
11.27
10.22
9.64
11.04
10.44
10.04
8.98
10.58
11.16
9.91
9.40
10.89
9.78
10.31
8.83
11.01
9.43
9.93
9.56
10.86
9.88
10.39
9.80
10.38
11.39
10.79
9.94
10.38
9.09
9.68
10.80
9.55
9.09
9.73
10.24
9.62
9.31
10.13
9.67
10.11
9.63
9.34
10.12
10.56
10.83
10.91
9.70
10.25
9.63
9.36
9.11
10.12
10.56
10.83
10.90
10.11
9.66
9.55
10.15
10.65
10.60
9.89
10.29
9.67
9.60
9.13
10.17
10.67
10.80
9.97
9.44
11.23
9.75
9.26
10.22
9.26
8.49
8.95
10.80
8.81
9.44
9.46
10.04
9.66
10.10
8.91
9.66
10.56
10.09
11.17
10.43
9.86
10.36
9.01
11.11
9.85
10.39
10.51
9.60
8.73
10.89
9.40
10.46
11.36
9.94
10.15
9.57
10.47
10.00
10.83
10.24
10.51
10.68
10.96
11.27
10.45
9.83
9.80
9.21
10.68
10.24
10.95
11.27
9.97
9.44
10.34
10.65
10.19
10.85
11.26
10.85
10.85
10.84
9.75
10.29
8.97
9.75
9.58
9.22
10.10
10.36
10.24
10.59
10.35
10.70
8.84
9.21
10.41
9.31
9.26
9.74
9.79
8.83
10.17
10.68
11.48
10.94
11.48
10.86
9.36
9.85
10.32
9.43
9.46
9.94
10.39
10.63
9.93
10.21
10.38
9.62
9.43
9.02
8.39
8.54
8.40
9.66
8.55
8.93
10.55
10.60
11.18
11.14
10.55
9.65
10.18
9.33
9.03
9.88
10.33
10.15
9.90
10.35
10.21
10.53
10.77
9.95
10.18
11.05
9.43
10.01
8.86
10.96
10.02
9.48
10.74
10.32
8.57
10.30
10.09
10.56
11.03
10.60
11.23
9.23
9.03
9.57
10.12
10.90
9.98
10.19
10.42
9.65
10.07
9.52
10.05
10.37
10.88
11.43
11.33
9.07
10.21
9.66
9.11
8.73
11.06
9.59
10.06
10.44
8.71
11.27
8.69
8.68
8.68
9.14
8.67
9.59
9.95
10.49
9.33
11.16
9.89
10.13
10.02
9.40
10.45
10.59
9.11
10.94
11.42
9.66
9.97
10.34
8.93
10.00
9.19
10.19
9.78
10.10
9.01
10.59
10.31
9.83
11.19
10.17
10.89
9.83
10.59
9.19
11.13
10.80
10.35
10.65
9.96
9.41
11.04
9.71
8.89
9.94
10.47
8.71
9.60
9.20
8.88
9.88
10.44
9.84
10.23
8.70
9.62
9.21
8.87
9.89
10.44
9.85
10.22
8.70
9.63
9.22
8.87
9.89
10.45
10.77
11.29
11.11
10.95
9.87
9.47
10.94
11.07
10.00
9.93
10.48
8.76
10.95
10.78
11.08
9.96
9.76
10.33
10.96
10.78
11.08
9.84
10.38
8.97
9.67
10.03
9.56
9.93
9.53
9.51
10.93
9.60
9.99
10.60
10.09
10.65
9.56
9.16
8.86
9.89
9.16
11.39
9.40
9.31
8.49
8.90
9.66
9.79
8.73
10.06
10.60
11.36
10.79
9.93
11.33
10.40
9.41
10.13
9.72
9.98
10.49
10.04
8.85
9.77
9.46
9.47
10.28
9.39
10.34
10.34
10.22
11.16
10.79
8.73
9.31
9.03
9.68
10.23
10.00
9.40
9.62
9.82
9.35
10.13
9.64
10.17
9.87
9.66
10.18
10.41
10.91
9.80
10.11
10.28
10.87
10.59
8.64
10.77
9.92
9.82
10.47
11.36
10.27
9.43
8.80
10.65
9.96
9.39
10.10
10.21
10.60
8.91
11.39
10.87
9.77
9.41
9.88
10.42
10.98
10.29
9.72
10.99
9.95
9.78
9.43
9.05
9.72
10.13
10.29
10.48
10.94
10.20
10.59
10.76
9.58
10.07
9.13
11.20
10.52
10.95
11.35
10.35
9.88
9.11
10.49
9.80
10.31
9.41
11.25
8.98
9.58
10.35
9.67
8.89
11.03
10.04
10.83
9.75
10.29
10.23
10.87
9.86
9.14
10.11
9.40
9.23
9.78
10.87
9.58
10.09
8.66
10.60
10.70
10.14
9.38
8.99
9.90
10.34
11.10
10.91
11.28
10.47
9.20
10.13
9.72
9.29
10.19
10.84
9.92
9.40
10.19
10.15
10.66
10.84
8.77
10.18
10.86
9.89
9.36
9.40
9.87
10.16
9.42
9.71
10.23
10.53
10.84
9.80
10.05
9.34
9.14
9.39
10.58
9.13
8.83
9.41
9.48
9.13
11.16
10.15
10.55
9.48
10.07
10.94
9.13
10.15
10.32
10.61
11.15
11.55
11.20
9.45
8.68
9.09
9.41
10.09
9.95
10.51
9.67
10.12
9.10
9.50
9.74
9.33
9.87
9.85
10.30
8.89
10.26
10.59
10.12
9.82
10.84
9.14
9.72
9.88
10.84
9.95
10.24
9.41
11.03
10.35
8.71
9.98
10.09
10.60
10.54
9.91
10.12
9.44
11.09
11.11
10.38
10.50
8.90
9.52
10.02
10.20
10.52
8.70
11.31
10.33
9.90
10.42
10.11
9.74
9.40
10.25
8.51
9.82
10.25
9.65
10.20
10.72
11.02
9.84
10.29
9.10
9.71
9.76
10.60
9.64
9.86
10.40
10.83
9.31
9.08
10.27
9.79
10.71
11.14
11.57
9.67
10.25
10.76
9.31
9.07
10.28
9.79
10.71
11.13
11.57
11.33
9.67
10.21
10.69
9.32
9.07
10.28
9.81
10.70
11.12
11.57
11.32
9.82
10.10
11.01
9.42
10.48
9.71
9.18
10.02
8.85
8.47
9.79
9.38
9.79
9.24
10.60
8.87
8.48
9.78
9.41
9.77
9.24
10.05
10.37
10.32
10.64
11.18
8.88
8.47
9.80
9.43
10.13
8.75
10.87
11.27
9.82
10.05
10.36
11.23
9.37
9.82
9.55
10.28
10.43
10.61
8.93
9.51
9.72
10.09
11.24
11.18
8.69
9.87
10.58
11.62
11.05
10.45
10.87
10.97
9.88
10.39
10.39
9.81
9.37
8.90
10.85
9.82
10.33
10.30
9.70
10.15
9.41
10.31
9.69
8.93
8.46
8.67
9.75
10.23
10.72
11.06
10.11
9.67
10.60
11.37
10.08
9.91
9.40
10.85
10.85
9.94
10.28
11.02
10.14
8.89
10.03
9.48
9.55
9.19
8.86
8.95
9.41
9.59
10.04
10.59
10.27
10.81
8.95
9.08
9.44
9.95
10.46
10.96
11.39
10.11
10.70
8.96
9.09
9.48
10.01
10.50
10.96
11.38
9.65
10.12
10.66
8.98
9.66
10.22
11.38
9.00
9.98
9.40
9.97
10.48
10.01
10.51
10.80
11.23
10.96
9.82
10.50
10.37
8.71
11.25
10.74
9.85
10.27
10.29
11.23
10.37
9.41
9.43
9.99
9.35
8.90
9.82
10.30
9.42
9.98
9.37
8.91
9.83
10.29
9.46
10.04
9.73
10.60
10.22
9.68
10.21
10.37
10.95
9.84
10.15
9.61
10.07
9.30
9.32
10.46
11.04
11.61
9.88
9.43
8.81
11.17
10.60
10.13
10.67
11.11
11.73
10.48
9.07
11.48
10.97
10.39
9.15
11.48
10.46
10.99
10.24
9.76
9.71
9.99
10.40
8.94
9.33
9.40
9.40
10.59
8.89
8.55
11.30
9.86
10.24
10.70
9.12
9.67
10.05
10.60
9.99
9.30
9.84
11.13
10.26
10.53
9.76
9.91
11.29
9.92
10.93
10.33
10.98
9.97
9.39
9.74
10.25
10.39
9.46
10.84
8.99
10.12
9.55
10.71
9.17
9.65
9.95
10.85
10.27
10.84
11.11
9.38
9.92
10.08
10.57
9.41
8.86
11.51
8.84
9.96
9.83
9.41
10.95
8.89
8.85
9.88
10.41
10.66
9.42
9.75
10.64
10.84
10.01
10.38
10.34
9.78
9.93
9.65
10.21
8.80
9.27
10.74
11.15
8.87
10.81
9.82
10.30
9.49
9.69
10.02
9.48
9.76
9.36
9.15
9.90
10.41
10.33
9.42
9.96
10.07
9.55
10.10
9.39
9.16
8.87
9.91
10.40
10.59
9.57
10.13
9.40
9.17
8.86
9.90
10.38
9.55
10.11
9.39
9.16
8.86
9.90
10.39
11.48
9.10
9.67
10.20
9.37
8.83
10.89
10.28
10.79
11.18
10.17
11.10
9.58
9.41
10.10
8.93
8.69
8.31
9.31
9.84
10.37
9.65
9.07
10.14
8.95
9.99
9.46
10.57
10.95
9.26
8.70
8.31
9.81
10.36
10.63
9.58
10.14
9.31
9.82
10.34
10.60
8.60
9.08
9.58
10.12
8.59
10.36
9.98
10.30
10.60
9.80
10.34
10.83
11.30
11.60
10.19
10.71
9.82
10.35
10.84
11.30
11.60
10.13
10.69
9.92
10.78
11.24
11.58
10.47
10.06
10.54
10.69
11.18
11.54
10.46
9.92
10.03
10.52
10.65
11.15
11.52
9.95
10.46
11.51
10.48
9.43
10.99
8.76
10.83
10.25
10.63
10.95
9.94
9.41
10.04
9.14
8.82
10.13
9.58
10.57
8.87
10.37
9.53
9.47
9.89
10.23
10.77
10.45
10.85
11.11
11.47
9.96
9.80
10.13
10.69
9.49
8.62
10.33
11.39
10.71
9.98
9.70
9.07
9.65
8.71
9.95
10.48
9.22
11.17
9.82
10.06
10.61
11.55
10.97
10.59
11.33
9.41
9.99
8.43
11.71
10.10
8.96
9.54
11.15
9.24
8.77
10.01
9.29
9.72
10.02
10.45
10.55
9.06
10.14
9.34
8.82
9.07
9.78
10.05
10.46
10.10
9.34
8.82
9.07
9.79
10.05
10.45
9.67
10.17
8.85
10.05
11.17
10.55
10.97
10.37
10.61
11.11
9.77
10.26
11.10
9.06
10.00
9.96
9.42
9.46
9.83
10.16
9.49
9.99
9.94
8.85
10.88
9.46
9.52
9.93
10.27
10.61
9.96
10.40
10.93
9.87
10.17
10.65
10.05
8.75
11.29
10.07
10.63
11.53
10.62
10.53
10.99
11.11
10.15
9.76
9.32
8.87
10.09
11.06
9.80
9.42
11.08
8.62
9.51
9.70
10.60
8.64
10.92
11.40
10.35
9.93
10.38
9.75
10.22
10.70
11.20
10.96
9.98
10.39
10.78
11.25
11.50
11.32
10.85
10.60
10.81
11.24
11.47
10.75
10.79
11.20
11.44
10.68
10.49
10.78
11.19
11.44
10.66
10.51
10.77
11.17
11.42
9.84
10.08
10.64
10.24
9.17
9.42
10.17
9.76
9.72
9.15
9.32
11.32
8.78
8.38
9.15
8.77
9.52
10.03
9.29
9.66
9.79
10.19
8.44
9.91
9.50
10.39
10.24
9.76
9.30
8.84
8.25
8.47
10.80
11.23
9.10
10.59
10.11
10.50
10.94
10.24
9.86
9.41
8.89
9.10
10.80
11.23
11.57
10.11
9.70
10.43
10.87
10.23
10.78
11.20
11.56
8.90
11.23
9.89
9.12
9.62
10.13
10.81
9.92
10.21
10.60
10.59
10.51
9.86
10.14
10.69
10.37
9.88
10.85
11.42
11.27
9.40
9.95
10.50
10.43
10.01
10.66
11.18
11.00
9.83
10.39
11.22
9.80
10.19
8.74
9.88
9.24
9.41
8.98
8.73
9.31
9.02
9.64
10.22
10.98
9.06
9.63
10.00
10.29
9.72
9.26
8.70
8.94
10.60
9.94
9.58
10.40
10.59
11.37
10.54
10.53
9.04
10.48
10.95
11.31
10.39
10.45
9.83
9.40
10.81
11.22
9.67
10.23
9.27
9.22
8.47
8.98
9.88
10.42
10.60
10.60
9.81
9.16
10.16
11.23
10.59
10.82
11.40
9.91
10.49
9.33
9.22
9.81
10.31
11.07
10.77
10.33
10.59
10.40
9.85
10.83
10.25
10.90
10.98
10.06
9.89
10.46
10.14
9.85
9.59
9.33
9.67
9.95
9.67
10.25
9.89
9.67
10.24
8.88
8.89
9.38
9.94
8.91
9.38
9.13
9.87
8.86
9.45
9.73
9.47
10.28
10.60
9.01
8.91
9.37
9.21
9.86
9.49
9.94
9.44
10.08
10.80
10.30
11.21
10.43
10.61
10.57
10.06
9.99
9.65
9.01
10.78
9.53
9.75
10.21
9.67
9.43
9.69
9.64
11.11
11.27
10.34
8.71
8.66
10.43
9.49
10.91
9.41
9.96
10.09
9.79
9.69
10.27
10.74
11.07
9.40
10.04
9.71
10.28
10.74
8.94
8.84
10.48
9.86
9.43
9.61
9.87
9.94
9.38
9.94
10.45
10.37
9.97
10.48
9.45
9.99
10.48
11.02
10.99
11.24
8.99
10.85
9.52
9.60
8.94
9.96
9.48
10.29
9.76
9.99
8.96
9.49
9.27
10.01
10.37
9.43
9.91
10.44
10.60
11.42
11.62
10.90
10.39
8.66
9.57
10.07
10.72
10.85
9.78
10.33
10.11
9.81
10.31
10.88
9.86
10.36
10.74
11.08
9.41
9.33
9.91
10.39
8.35
9.66
9.15
8.77
10.20
10.68
11.07
10.84
8.82
9.80
10.31
11.13
9.88
9.44
9.70
8.91
9.02
9.56
10.10
10.52
10.15
9.93
9.73
10.19
10.67
9.82
10.39
10.58
10.78
10.57
10.28
11.35
9.66
9.42
8.52
9.86
10.90
10.34
9.64
10.19
9.68
11.04
10.13
10.43
10.45
10.77
11.01
11.22
10.02
10.34
9.50
9.05
9.97
10.45
10.74
10.98
11.21
10.12
10.12
9.70
10.13
10.65
10.88
9.90
9.41
8.41
10.17
10.68
9.03
10.21
10.60
9.77
9.63
9.53
11.17
8.87
10.24
10.59
9.89
9.99
9.45
11.37
10.44
9.41
10.02
10.55
10.06
9.53
10.60
10.99
11.28
11.07
9.03
8.63
10.05
10.56
8.84
9.68
9.16
9.42
10.15
10.46
10.87
11.26
10.04
9.48
10.46
8.87
9.69
9.19
10.15
10.48
11.03
10.87
11.27
9.12
10.07
9.56
10.33
10.42
10.16
11.26
8.44
9.25
8.75
10.67
9.77
10.30
10.31
9.69
9.41
8.80
10.81
9.36
9.89
10.32
11.04
9.10
8.70
9.68
10.17
10.02
9.14
8.71
8.87
9.46
9.70
9.99
10.22
11.17
10.45
8.81
10.60
9.62
11.19
8.86
9.28
10.58
9.66
10.54
10.63
10.55
11.12
11.30
11.08
10.08
10.49
10.78
9.70
9.41
10.10
8.72
9.87
9.35
8.53
10.93
11.16
9.37
8.87
9.43
8.68
9.72
10.21
9.58
8.98
9.56
10.09
10.60
9.59
10.60
9.64
9.86
8.83
8.85
11.32
10.21
10.19
9.42
9.84
9.57
9.01
8.36
8.56
9.54
9.11
10.61
8.41
8.60
9.66
9.60
8.99
11.19
10.46
10.59
10.11
10.50
11.15
10.94
11.33
9.85
10.34
9.23
9.40
11.27
9.89
9.64
10.39
8.58
10.09
10.61
10.29
10.68
10.29
9.82
11.22
11.01
9.93
9.09
10.20
9.64
8.96
10.60
10.33
10.79
9.88
10.08
10.37
10.95
10.53
11.04
11.52
11.30
9.40
9.73
9.31
8.60
9.83
10.18
9.54
8.92
9.47
8.89
10.01
9.13
9.66
8.88
9.99
10.21
9.69
9.27
9.03
10.59
10.24
11.18
10.57
10.82
11.38
10.51
9.95
9.94
9.40
11.04
10.61
9.26
9.09
8.71
8.90
10.09
11.05
10.38
9.58
10.00
10.51
11.11
10.98
11.31
10.83
11.31
9.80
10.31
9.17
10.98
9.71
10.07
10.17
10.59
11.21
10.35
9.42
10.65
10.60
8.79
11.16
10.00
10.55
10.40
10.84
11.30
10.71
10.84
11.30
11.45
11.78
9.88
9.40
10.51
10.31
9.75
11.25
11.33
9.60
10.13
10.66
10.82
9.22
10.12
8.79
10.27
10.03
9.75
11.06
9.42
8.94
8.51
9.72
9.40
9.40
9.00
8.98
8.52
9.89
9.72
9.47
10.19
10.30
10.58
10.24
10.75
10.14
9.85
10.35
10.87
10.21
11.63
9.13
9.65
11.19
8.83
9.80
9.23
9.58
8.79
8.50
8.85
9.33
8.79
8.50
8.87
9.41
8.89
9.42
10.60
11.58
8.82
8.68
9.26
8.49
9.60
10.99
8.91
9.39
9.77
8.79
8.50
9.83
8.95
8.83
9.46
10.38
11.26
9.96
9.06
8.92
9.40
9.08
8.55
9.05
10.16
9.13
9.07
9.41
9.75
10.26
10.50
9.65
10.23
9.74
9.51
9.98
10.04
10.01
10.58
10.45
10.84
11.85
11.81
9.40
8.81
8.40
11.18
8.86
9.47
9.88
11.08
10.56
10.11
10.13
10.63
10.91
10.39
9.69
10.18
9.03
11.02
9.92
9.43
8.71
8.79
10.17
10.66
11.08
10.24
10.98
9.91
9.97
9.44
9.34
10.71
8.76
8.91
8.43
9.44
10.33
8.93
9.48
9.40
9.82
10.33
9.01
8.49
9.23
9.63
10.02
10.57
10.94
9.41
9.85
10.35
9.03
8.50
9.25
9.63
10.01
10.56
10.94
9.76
8.87
10.09
10.57
9.11
10.38
10.25
10.71
8.95
9.22
9.44
9.13
9.89
10.47
10.91
11.40
9.70
9.64
8.96
9.23
9.44
9.86
11.16
9.65
10.19
10.57
11.31
8.95
9.28
9.85
10.39
9.15
10.68
11.05
9.74
10.33
9.89
10.97
9.00
9.50
10.03
10.14
10.36
9.71
9.41
9.49
10.06
9.15
8.52
8.72
9.35
9.54
11.12
8.58
9.22
9.18
10.18
10.28
10.62
8.79
8.34
9.34
9.88
10.81
8.86
8.42
9.23
9.75
9.36
9.92
11.59
8.41
9.57
9.99
10.28
10.69
9.06
9.40
9.68
11.49
9.38
9.13
8.62
8.60
10.16
11.14
10.54
10.39
9.85
9.30
9.76
10.28
10.78
10.43
9.89
10.80
11.37
9.40
8.76
8.85
10.24
10.01
9.45
11.01
9.43
10.10
10.46
8.81
11.20
9.01
10.29
9.60
10.05
10.59
11.10
9.36
9.90
8.97
10.26
10.70
9.46
9.03
9.75
10.18
11.00
9.40
10.02
8.68
9.18
10.23
9.69
10.60
10.03
9.12
9.12
9.41
9.19
8.80
11.22
10.21
10.68
9.68
10.02
9.39
11.37
8.68
11.14
9.19
8.91
9.50
10.06
10.00
9.62
10.49
10.63
10.00
10.14
9.77
9.54
9.96
10.43
10.57
10.58
10.00
9.66
9.41
9.70
8.71
10.95
9.40
10.80
10.81
10.83
10.30
8.81
9.89
9.45
8.78
8.86
9.75
10.25
9.62
10.20
9.68
10.17
9.65
10.61
10.10
10.64
9.76
10.24
11.30
9.36
9.67
9.41
9.27
8.82
8.55
10.95
9.74
10.31
10.60
9.11
10.21
9.68
8.91
11.20
9.87
10.58
10.09
9.76
10.34
9.63
9.13
11.02
10.14
10.64
11.18
9.83
10.40
9.29
9.91
9.30
9.84
9.11
9.46
10.33
8.63
8.76
8.58
8.08
9.22
9.75
10.12
10.70
11.12
10.79
10.81
9.75
10.29
9.83
10.06
10.37
9.83
8.96
9.39
10.22
10.72
11.10
9.83
10.20
11.11
10.58
11.46
9.70
10.94
10.34
10.53
10.99
10.82
9.82
10.31
9.10
9.57
9.30
9.94
10.91
9.98
9.45
8.77
9.33
10.16
9.41
9.91
9.71
9.36
10.19
8.42
8.85
9.51
9.17
10.04
10.61
10.71
10.80
9.67
9.33
10.15
10.12
10.59
10.68
9.78
10.22
8.47
10.58
10.70
10.60
9.67
11.30
11.21
11.15
10.01
10.58
10.58
10.46
10.93
10.15
9.70
10.26
8.80
10.36
9.41
11.06
8.81
10.07
10.41
9.98
10.46
10.97
11.03
10.81
10.33
9.81
11.07
9.96
10.48
9.41
10.57
10.52
11.03
8.85
9.87
10.30
9.44
10.43
11.34
9.30
9.81
10.34
10.87
10.96
8.69
9.73
10.19
10.84
10.58
10.84
11.38
11.45
9.56
11.17
8.79
9.76
10.18
10.51
8.96
9.52
9.83
10.11
10.61
11.16
10.34
10.73
10.99
11.07
9.42
9.95
9.82
8.59
10.36
9.14
9.61
10.13
9.77
8.83
10.20
10.55
9.59
10.49
11.03
9.93
10.47
10.81
9.84
10.22
9.52
9.08
9.82
10.33
9.88
10.27
11.16
9.42
9.74
9.85
9.27
9.18
8.49
9.51
9.96
9.93
10.36
10.59
10.94
10.72
10.10
9.68
10.90
11.67
11.15
11.40
9.42
10.16
9.76
9.12
9.67
9.88
10.41
10.94
11.04
9.27
10.21
9.82
9.88
10.40
10.92
11.01
10.19
8.72
10.73
9.81
10.12
10.59
9.41
11.07
10.06
10.20
10.73
11.24
11.23
11.07
9.75
10.03
10.49
8.48
8.49
9.04
9.65
10.36
9.97
8.92
11.27
10.26
10.69
11.12
9.85
9.11
10.04
11.01
10.60
9.72
9.40
9.59
9.02
9.82
9.28
11.36
10.84
9.85
10.25
9.59
9.15
8.90
9.44
8.47
8.65
10.87
10.04
10.59
9.56
9.89
10.10
11.08
10.13
10.48
10.59
11.01
9.89
10.18
10.52
9.98
10.94
9.06
10.58
9.79
9.03
9.95
11.26
9.94
9.45
9.42
10.11
8.86
9.98
9.48
9.92
10.30
10.84
9.67
10.06
9.86
10.24
10.01
10.40
10.84
10.98
9.83
10.22
10.38
10.82
10.62
10.97
9.36
9.94
10.41
11.46
8.73
9.95
10.39
9.06
9.37
9.52
9.88
10.69
10.85
10.28
9.65
10.06
8.68
8.82
9.44
10.51
10.76
9.61
10.11
9.48
8.92
9.26
9.51
9.74
10.25
10.66
10.58
11.01
11.34
10.26
9.70
9.55
9.07
11.04
9.26
10.23
9.97
9.40
10.90
8.89
9.48
9.60
10.11
8.77
10.63
10.18
10.77
11.01
11.28
9.10
10.25
9.68
8.96
9.09
9.63
8.97
11.05
9.90
10.46
11.22
9.82
9.90
9.07
10.56
9.56
10.03
9.92
9.24
9.34
10.84
10.38
9.82
10.55
9.47
10.01
9.23
11.03
8.75
10.27
10.54
9.74
9.36
9.93
10.34
9.98
11.05
10.56
10.98
11.27
9.85
10.40
10.03
9.64
9.40
9.82
10.37
10.42
9.36
9.90
10.40
10.80
10.94
11.20
8.83
9.54
10.34
9.42
9.82
10.33
9.49
9.45
10.05
10.41
10.79
10.88
11.16
9.87
10.19
10.60
10.72
11.43
10.49
9.03
11.40
9.66
9.63
9.14
8.94
9.69
9.17
9.76
9.17
8.90
9.68
10.82
10.83
10.32
9.79
9.32
8.90
9.89
9.69
9.42
9.89
10.24
10.78
11.03
9.90
9.91
9.57
8.72
10.07
9.41
9.44
9.99
9.41
10.94
10.60
9.21
9.62
10.07
10.24
9.26
9.70
10.25
10.71
9.65
10.11
11.46
10.34
10.90
10.85
11.26
11.71
11.39
9.01
9.61
9.49
9.90
8.96
8.64
9.59
9.30
10.13
10.45
9.91
9.12
10.20
9.68
9.92
9.68
10.30
10.58
9.09
9.53
9.79
9.06
10.15
9.67
9.64
9.40
9.13
8.49
9.22
8.90
9.70
10.09
8.80
11.01
10.19
9.88
10.46
11.19
9.43
9.90
10.17
9.73
8.87
10.23
10.20
9.85
9.46
10.33
11.01
10.47
9.79
9.22
9.72
8.71
9.82
9.22
9.72
10.16
10.68
11.02
10.14
9.46
10.02
8.77
9.18
9.61
10.07
10.59
11.00
9.05
10.06
10.58
8.72
9.06
9.21
9.58
9.64
9.80
10.37
10.77
11.49
10.12
10.29
10.89
10.49
11.39
10.36
10.85
11.27
9.71
10.23
8.89
9.34
9.85
9.79
8.88
9.35
9.88
9.81
8.88
10.14
10.35
9.41
9.49
10.02
8.69
9.19
9.79
9.45
10.32
10.60
9.12
9.67
10.07
10.60
11.66
8.25
8.69
9.18
8.65
11.06
10.48
10.55
9.85
10.40
9.28
9.50
10.03
10.51
10.88
11.01
9.89
10.41
9.40
9.38
9.15
8.76
11.03
9.93
10.44
8.90
11.24
9.55
10.11
9.29
8.95
9.82
10.33
9.60
10.17
9.40
10.85
9.84
10.28
8.65
11.08
10.31
9.41
8.91
8.47
8.89
9.98
9.45
8.56
10.16
10.13
10.60
9.02
9.30
9.77
8.97
9.50
9.75
10.27
9.41
9.08
9.84
10.49
11.44
9.63
10.10
11.08
8.75
10.12
10.48
9.84
10.33
9.30
9.84
10.09
10.48
10.95
11.49
11.15
9.46
9.96
10.40
9.41
10.05
8.56
9.65
9.08
9.54
8.95
8.41
10.69
10.23
10.68
9.22
9.78
10.34
9.32
8.75
8.61
9.78
10.26
10.60
11.19
10.96
8.83
10.25
10.94
9.97
9.37
9.42
9.88
10.31
10.09
10.48
10.91
9.53
9.03
8.68
8.93
10.09
9.54
9.89
10.33
10.83
10.59
8.79
10.74
10.11
9.58
10.96
11.41
10.35
11.32
8.93
10.13
9.56
9.34
8.78
8.98
9.86
10.75
10.36
10.08
9.83
9.40
10.60
11.62
9.87
11.01
8.76
10.44
10.01
11.06
10.13
9.58
9.80
9.62
10.15
9.80
10.85
10.06
10.25
9.69
9.54
9.55
10.86
10.60
10.22
10.73
9.35
8.91
10.35
10.94
11.39
11.19
9.87
10.44
8.96
11.32
10.71
10.59
11.00
11.30
11.44
10.19
10.94
10.34
10.77
9.94
9.41
11.12
10.33
8.77
9.78
10.35
11.07
8.91
10.00
9.45
10.94
10.41
9.90
8.88
10.91
9.47
9.87
10.36
9.48
9.03
9.12
9.59
10.69
10.71
10.13
10.26
10.59
10.55
11.13
11.42
10.93
9.16
9.64
9.50
10.00
9.27
9.15
9.69
10.21
9.56
10.95
9.93
10.30
10.58
11.23
10.36
10.77
9.22
9.67
11.19
11.53
10.54
9.72
10.20
10.13
9.24
10.14
9.91
10.60
10.04
10.32
10.72
10.92
11.49
9.61
9.83
9.40
8.81
8.54
9.75
11.03
10.44
9.49
10.39
11.28
10.08
10.64
9.08
10.31
9.67
9.67
9.27
10.60
11.16
11.12
8.84
9.24
10.01
10.56
10.45
10.09
10.48
11.00
10.98
10.96
10.40
11.05
10.21
9.86
9.71
9.37
10.05
10.23
9.87
9.72
9.37
10.06
10.25
9.88
9.74
9.38
10.07
10.50
10.30
9.96
9.42
8.43
10.08
9.02
10.01
9.64
9.51
8.89
10.86
9.98
9.21
10.21
9.68
10.60
10.01
9.20
11.13
9.75
10.27
10.56
9.19
9.31
9.63
10.19
9.90
10.45
11.35
10.30
9.91
10.48
10.81
11.06
9.83
9.40
11.05
9.25
10.59
10.44
10.76
10.75
11.04
11.60
11.36
8.53
9.60
9.63
8.85
9.29
10.17
9.85
10.96
9.97
10.37
11.19
9.22
10.72
9.83
10.25
9.41
9.40
9.95
9.86
10.36
10.60
9.25
9.65
8.95
8.47
9.35
9.91
8.71
11.20
11.62
11.38
10.41
8.73
9.69
9.69
11.36
10.27
9.40
8.89
8.42
10.81
9.85
10.36
10.36
9.84
9.29
9.73
10.16
10.69
10.94
9.41
10.80
10.81
10.30
9.92
9.46
8.84
8.97
9.31
9.89
10.42
10.88
9.66
10.21
9.89
10.34
8.88
10.78
10.57
9.82
10.06
11.43
9.56
9.41
10.92
8.63
9.11
10.51
9.63
10.12
10.56
10.32
10.54
10.92
9.86
10.19
10.60
9.21
9.26
9.23
9.68
10.16
10.70
11.08
9.80
10.31
9.65
10.73
10.55
11.30
9.37
9.40
10.12
8.78
10.34
10.83
10.29
9.90
10.42
9.64
10.13
10.49
10.80
11.01
9.98
10.38
10.80
11.01
10.33
10.25
10.80
11.00
9.05
9.64
10.19
10.22
10.77
10.96
9.67
10.14
9.69
8.87
9.91
10.38
10.60
11.25
10.61
9.16
10.19
9.70
8.96
9.52
9.99
9.36
8.82
9.66
8.97
10.17
10.54
10.43
10.59
9.59
9.99
9.41
8.85
9.64
9.01
10.16
11.47
10.58
9.41
10.95
10.80
9.65
10.45
9.19
10.13
9.04
8.61
9.48
9.88
9.38
8.65
9.37
10.91
10.32
9.84
10.39
9.41
9.84
10.33
10.80
11.12
9.74
10.30
9.34
9.43
9.11
9.83
10.14
10.66
11.14
9.69
10.25
10.06
10.61
9.88
10.38
11.30
10.82
10.01
10.56
9.47
9.89
10.40
11.30
11.12
10.83
9.11
9.67
10.09
9.81
10.60
10.30
10.44
10.84
11.01
11.50
11.28
10.77
10.38
11.01
11.49
11.27
10.80
10.27
9.27
9.12
10.60
10.12
10.55
11.45
9.89
10.46
10.00
9.47
9.12
10.53
11.44
11.09
10.87
9.98
9.61
11.10
10.60
8.74
10.56
11.22
10.20
9.76
10.22
10.58
9.06
10.59
10.51
11.26
9.92
9.40
11.02
10.35
11.04
9.96
9.67
10.11
10.57
11.14
11.04
9.90
10.45
10.53
10.33
11.12
10.80
8.85
9.84
9.47
10.48
11.10
10.79
9.41
10.97
10.19
10.36
8.76
9.99
9.53
9.04
8.68
10.98
9.80
9.02
9.43
9.95
10.40
9.70
10.23
10.15
10.82
9.85
10.23
9.94
10.83
10.46
10.59
10.11
9.91
9.15
11.14
10.54
9.40
10.82
11.09
11.32
9.98
9.39
10.51
11.03
9.07
8.80
10.45
10.01
10.09
9.51
11.06
9.89
10.30
8.91
8.92
11.01
10.60
10.00
10.88
11.30
10.36
10.02
9.88
10.52
10.71
9.70
9.20
9.36
10.87
11.36
11.15
10.17
10.64
10.64
11.04
11.55
10.55
9.14
11.04
9.44
8.79
9.75
10.17
9.66
11.12
11.00
9.82
9.58
9.04
8.56
8.57
9.40
9.90
10.42
10.58
9.27
9.80
10.40
10.54
9.06
8.57
8.59
9.39
10.18
10.38
9.31
9.70
9.08
8.59
8.60
9.42
9.38
9.79
9.12
8.61
8.63
9.43
9.45
9.87
9.15
8.62
8.65
9.44
9.90
10.41
8.99
10.93
9.60
10.01
11.03
10.21
9.13
10.36
10.86
11.02
9.64
10.16
9.81
10.25
10.56
9.18
9.12
9.67
9.16
9.69
9.35
9.70
10.22
9.75
10.25
11.40
9.84
10.82
9.40
8.50
9.73
10.22
10.59
9.62
11.14
10.54
10.53
11.40
10.67
10.84
9.88
9.81
8.98
9.38
9.80
10.22
9.40
9.29
9.82
8.32
9.40
9.72
10.21
10.47
10.60
9.68
9.30
10.36
10.22
10.75
8.72
9.74
10.28
10.53
10.44
10.26
10.06
10.56
11.03
11.47
10.97
9.84
9.76
10.31
10.59
9.98
9.55
9.34
9.01
10.05
10.02
9.73
9.57
9.36
9.03
10.05
10.72
11.68
10.15
9.94
9.45
11.14
10.04
9.63
9.84
9.29
9.19
9.59
10.02
9.60
9.19
9.59
10.00
8.53
10.92
9.08
8.86
9.53
10.05
10.36
10.34
10.11
10.30
11.07
9.02
9.76
9.64
10.59
9.52
9.91
11.23
10.27
10.58
10.76
8.80
10.63
11.17
11.30
11.65
11.09
10.47
10.21
10.61
11.64
9.77
9.42
10.25
10.73
11.01
11.09
8.50
10.23
9.85
9.61
10.40
9.25
8.91
9.49
10.02
10.54
10.89
11.03
9.77
9.40
8.60
9.80
10.28
10.59
10.71
10.99
10.39
10.87
11.75
11.29
11.53
9.27
9.78
10.85
10.27
10.67
11.08
10.17
9.85
9.41
10.37
8.84
9.49
8.94
8.59
11.05
9.59
8.90
10.48
9.65
10.08
8.72
10.30
10.60
11.19
9.49
10.04
10.09
10.57
11.40
10.59
9.51
11.41
10.61
9.92
9.08
9.41
9.68
10.08
9.46
9.95
10.28
11.01
8.73
10.41
9.92
10.50
9.40
9.54
9.95
10.50
11.06
10.80
11.36
10.94
9.93
10.34
9.44
9.81
10.37
10.33
9.88
9.36
11.03
8.55
9.44
8.97
9.80
8.97
10.11
10.57
10.55
11.25
9.80
10.16
9.54
9.12
10.07
9.95
9.41
10.28
10.58
10.60
11.41
8.85
9.80
9.50
10.23
10.59
10.34
10.81
11.30
9.31
9.79
10.26
10.60
9.49
8.98
8.45
10.01
10.33
10.80
11.29
11.11
8.76
9.34
9.75
10.17
10.51
9.52
9.03
8.76
10.01
11.24
9.01
10.34
9.56
9.98
8.79
11.03
10.42
10.37
10.12
9.61
9.38
9.74
8.92
10.23
10.24
9.69
9.41
9.71
8.95
10.20
10.67
11.12
10.27
9.72
9.99
9.79
10.28
9.52
9.16
10.07
10.39
10.94
9.77
10.18
10.32
11.15
10.68
9.43
8.55
8.94
10.59
8.83
10.18
10.70
11.56
9.94
10.34
9.43
9.76
9.34
9.44
9.40
8.69
10.57
10.01
10.84
11.30
10.50
9.79
10.29
10.83
9.40
10.47
10.97
11.49
11.11
9.68
10.12
10.04
9.49
9.05
9.92
9.40
10.13
10.60
8.76
10.66
10.32
9.88
9.50
8.99
9.20
10.00
10.48
10.27
9.80
9.49
8.98
9.41
11.23
9.34
8.87
10.09
10.60
9.47
10.02
8.92
10.36
10.56
9.67
10.16
9.31
8.77
9.40
9.90
10.48
11.16
10.79
8.81
9.97
9.40
8.91
9.51
9.66
10.22
9.87
9.33
8.80
10.91
10.41
9.56
10.15
9.86
9.33
8.80
10.91
10.40
9.01
9.56
10.13
9.89
9.41
9.00
10.98
10.71
10.42
9.89
9.91
10.55
10.21
11.34
9.43
10.57
8.85
9.89
9.50
10.82
10.22
10.70
8.93
9.74
9.44
10.71
8.67
9.66
10.16
9.23
8.97
9.60
10.16
10.65
10.98
10.07
10.99
10.60
9.11
9.10
9.63
10.05
8.86
10.33
10.19
10.76
11.63
10.84
11.13
10.08
10.59
9.81
9.56
10.35
10.72
11.09
10.16
10.55
9.81
9.57
10.34
9.89
10.39
10.47
9.23
9.42
9.19
10.84
10.94
8.50
9.92
10.37
9.62
9.39
10.24
10.85
9.80
10.28
9.07
9.67
9.66
10.11
10.60
8.72
9.21
9.80
9.63
10.24
9.69
10.17
9.23
9.12
9.67
10.22
10.14
9.26
9.69
10.22
10.57
9.71
10.18
9.27
9.72
10.21
10.56
9.71
10.16
11.17
10.42
10.55
10.60
11.39
10.72
9.99
10.31
10.25
10.70
10.27
9.28
9.66
9.44
9.91
9.05
9.40
10.18
11.05
8.63
8.42
10.60
9.69
9.33
9.86
8.90
9.18
11.53
9.61
9.99
10.51
9.43
9.94
10.45
10.90
11.40
11.54
10.99
9.37
9.87
10.42
8.83
8.92
9.50
8.85
9.93
9.50
9.49
10.02
10.11
8.96
9.33
9.86
10.41
10.69
8.97
9.41
10.21
11.11
8.66
10.67
9.73
10.27
10.02
9.63
9.20
9.04
9.71
10.17
9.40
9.81
9.34
9.16
8.65
8.57
8.86
9.65
10.05
9.65
8.62
8.59
9.98
10.07
10.56
10.07
11.21
9.29
9.74
10.09
10.58
9.22
11.36
9.61
10.40
11.06
9.95
10.47
9.75
9.50
10.11
11.23
8.93
10.09
10.45
10.59
11.03
11.49
11.74
9.39
10.40
10.98
11.20
11.44
11.71
8.77
10.50
10.60
10.51
10.08
11.02
11.21
10.57
9.90
10.32
9.34
10.10
9.60
9.93
10.09
9.35
10.08
9.60
9.93
10.07
10.50
10.92
9.44
9.59
9.41
9.87
10.66
10.18
9.69
10.25
10.62
11.12
11.42
9.67
10.55
10.00
11.40
8.79
10.08
10.31
11.12
10.35
10.44
10.60
10.60
10.85
10.36
11.61
9.69
10.15
10.61
10.83
11.29
10.92
9.87
10.36
11.28
9.91
9.41
10.73
8.88
10.86
9.89
10.28
9.49
8.74
9.49
9.09
10.01
9.67
10.24
9.13
8.57
8.89
9.71
10.28
9.50
10.08
8.58
11.02
9.71
9.73
9.27
9.01
10.17
10.14
10.60
9.92
10.26
10.84
11.46
10.83
11.12
11.46
10.02
9.67
9.15
10.56
9.90
10.27
10.79
11.10
11.46
9.42
10.55
9.77
9.20
10.57
9.94
10.46
11.36
11.36
8.65
9.99
9.96
9.42
9.43
9.72
10.07
9.40
10.76
9.11
9.58
9.05
8.35
10.13
9.54
10.08
11.01
9.18
10.60
10.93
11.38
10.35
9.89
11.34
11.34
8.48
9.53
8.49
9.89
10.13
10.60
10.06
10.06
10.63
11.39
9.06
9.65
10.37
8.96
9.56
9.34
8.83
8.96
9.78
9.75
10.10
9.06
10.10
10.21
10.65
10.97
9.98
9.41
8.88
9.47
9.75
10.13
10.90
9.52
8.75
10.07
10.60
10.10
9.54
11.11
10.12
10.52
8.84
10.93
11.43
10.10
11.12
10.95
9.81
10.35
9.11
9.75
9.30
9.85
10.45
10.85
10.95
10.12
10.61
9.75
10.02
10.46
9.39
9.18
9.81
10.70
10.19
9.83
10.08
10.51
10.71
10.80
9.71
9.39
9.42
10.17
9.40
9.39
11.21
8.87
9.46
9.78
8.65
9.31
9.99
10.14
9.29
9.72
10.26
11.07
10.36
11.01
11.30
10.59
11.28
10.18
9.70
9.92
9.44
8.45
9.68
9.47
9.98
9.88
10.16
10.60
9.53
9.66
10.42
11.03
10.37
9.48
11.04
10.52
10.19
10.73
11.62
11.39
9.07
11.05
10.60
11.04
11.26
10.56
9.83
10.17
9.06
9.53
9.84
9.73
10.12
11.24
10.52
9.06
9.77
10.72
10.73
11.16
10.57
10.26
10.72
10.09
9.80
10.61
11.17
11.20
11.51
10.76
11.09
9.88
10.42
9.39
9.25
9.63
9.88
9.95
9.40
9.27
9.61
10.01
10.48
11.03
9.94
10.48
9.37
9.84
10.30
10.83
8.86
9.47
9.58
9.89
8.61
10.63
10.25
9.74
10.73
11.24
11.17
11.27
10.57
9.12
9.71
11.06
9.13
8.81
9.57
10.10
10.48
9.17
8.80
9.40
9.87
9.88
10.35
11.12
10.16
10.56
10.43
10.99
11.13
9.79
9.96
10.41
9.53
10.00
10.44
10.99
11.11
10.93
9.85
10.33
10.25
10.68
9.53
9.44
9.25
8.85
9.71
9.08
9.68
9.82
10.35
10.59
9.56
11.39
8.88
9.49
9.41
10.05
8.57
9.33
9.03
9.84
10.19
10.68
10.73
8.63
9.70
10.21
8.65
8.93
8.97
9.37
9.95
10.55
10.12
9.65
9.40
10.52
10.59
9.16
9.37
9.89
10.37
8.72
8.98
8.43
9.38
9.86
11.53
9.12
9.28
9.78
10.86
10.40
8.49
9.76
10.32
10.87
10.70
9.90
11.12
10.60
10.28
10.76
10.07
10.54
10.13
9.48
9.70
9.42
11.44
8.74
9.34
8.49
8.75
8.86
9.88
10.33
10.22
9.41
9.81
10.33
10.76
11.06
9.95
9.12
10.16
9.72
10.04
11.03
9.52
10.59
8.59
9.02
9.50
10.01
10.24
10.80
11.32
11.16
11.62
9.10
9.40
9.29
10.60
8.32
11.19
10.96
10.15
10.46
11.12
9.91
9.42
9.73
11.10
9.47
9.95
10.32
10.52
9.07
8.80
9.52
10.04
8.93
11.40
10.44
10.97
10.77
9.79
10.38
9.83
9.04
10.95
9.40
10.95
11.18
10.67
9.62
10.16
10.42
10.40
11.33
10.84
9.86
9.33
8.90
9.60
9.68
10.19
10.59
9.28
8.59
9.36
10.03
9.53
9.07
8.62
10.48
11.31
11.10
10.78
9.44
9.89
10.47
10.05
9.54
9.08
8.63
10.50
11.31
11.09
10.79
8.88
9.50
9.86
10.44
10.51
10.16
11.33
11.07
10.75
9.87
10.46
11.33
8.66
10.60
10.81
9.01
10.39
10.10
10.31
10.78
10.37
9.59
8.83
11.35
10.04
9.47
8.71
9.80
9.96
10.59
10.52
9.44
10.58
11.45
8.65
9.81
9.47
9.12
10.35
9.91
9.42
10.07
10.77
9.85
10.20
10.50
9.67
9.16
10.05
11.22
10.62
10.79
10.97
8.88
9.93
9.46
10.44
10.13
8.68
9.86
11.19
9.53
9.66
8.85
9.98
10.19
10.22
9.80
10.60
9.81
10.28
9.46
9.16
10.03
11.29
9.95
9.43
9.68
9.31
8.85
10.60
10.20
10.22
9.56
9.98
8.73
9.12
10.52
10.20
10.53
10.14
10.18
9.92
9.40
8.64
9.76
9.29
8.88
10.58
10.07
9.44
9.67
10.06
10.57
11.37
10.13
10.20
8.98
10.08
9.53
10.91
10.32
9.73
10.24
10.47
11.07
9.57
9.18
10.59
9.04
8.83
9.55
9.18
9.64
9.56
10.05
9.42
10.00
10.40
10.91
11.35
9.04
8.82
9.51
9.78
10.34
10.77
9.10
8.84
9.47
9.98
10.43
10.72
11.14
11.61
11.31
10.15
9.90
9.62
9.43
8.41
9.94
9.97
10.45
8.98
9.58
9.26
8.82
9.71
10.15
10.48
8.42
8.19
8.84
8.44
9.40
8.76
11.12
9.79
10.18
10.56
9.71
9.40
9.83
9.44
9.96
10.07
10.55
10.57
11.37
11.03
10.36
10.31
11.36
9.91
9.42
9.08
10.60
10.99
8.66
9.75
10.08
10.60
9.38
9.92
11.11
9.85
10.00
9.48
9.87
10.39
10.81
11.09
11.29
9.95
10.39
11.29
9.56
9.41
9.97
8.84
9.42
10.25
9.81
10.24
10.80
11.12
9.01
9.57
10.11
8.90
10.81
10.28
11.09
10.56
9.16
9.72
10.23
8.97
9.40
10.79
9.74
10.28
10.97
9.11
8.64
9.18
9.71
9.43
8.91
8.44
8.66
9.90
10.11
9.41
10.05
9.74
9.20
10.80
10.32
10.83
8.90
8.64
9.34
9.79
10.19
10.65
9.83
9.31
10.30
10.56
8.94
8.66
9.37
9.78
10.17
10.63
10.24
9.39
9.82
8.97
8.68
9.40
9.79
9.50
9.94
9.03
8.69
9.45
9.77
10.08
8.97
9.99
9.77
9.04
8.69
8.98
9.47
10.06
11.10
10.48
10.50
10.01
9.07
8.67
8.98
9.50
10.05
9.61
10.08
10.51
8.68
10.59
10.97
11.43
10.99
10.11
10.41
10.26
9.80
9.06
9.41
9.40
9.68
8.41
9.00
10.92
9.55
8.61
8.44
9.88
10.40
11.16
9.11
9.11
9.69
10.91
9.64
9.81
9.66
10.14
10.56
11.07
10.89
9.78
10.30
11.07
10.29
9.89
9.78
8.90
9.31
10.10
10.60
9.92
8.97
9.43
9.85
9.92
10.29
8.97
9.47
9.88
10.15
10.60
11.12
9.95
8.98
10.17
10.74
9.40
10.14
9.16
8.66
11.48
9.72
10.08
9.04
10.94
10.41
10.59
10.87
9.94
9.42
9.25
9.81
10.28
9.68
10.81
9.35
8.87
8.53
9.94
10.44
10.84
9.31
9.86
10.27
9.36
8.90
8.51
10.82
10.60
9.82
10.24
9.57
9.04
9.98
10.53
9.80
10.23
9.07
11.11
9.42
9.70
10.02
10.49
9.22
9.85
10.26
10.47
11.25
8.64
9.96
9.20
10.93
10.16
10.91
10.65
11.09
10.31
9.81
10.22
10.29
10.60
10.19
10.76
9.58
9.42
10.07
9.09
10.89
8.86
8.41
8.63
10.30
9.58
8.65
11.49
10.96
11.19
10.50
10.47
10.85
11.17
10.38
9.81
9.09
9.91
11.12
10.20
10.54
9.86
10.38
10.18
9.86
10.40
10.19
9.88
10.42
10.24
11.25
10.64
9.41
10.53
11.47
11.22
10.99
11.01
9.93
9.80
9.56
9.03
8.60
10.10
11.46
11.19
11.02
10.51
10.92
9.85
9.38
10.43
10.50
11.41
11.14
10.84
8.68
10.93
9.77
10.25
10.33
10.18
9.66
10.17
8.83
10.97
8.99
9.39
10.60
9.87
10.32
9.09
10.05
9.55
10.61
10.91
11.21
9.92
10.45
10.64
10.66
11.15
10.65
11.42
11.15
10.56
11.21
11.44
11.08
10.84
10.42
10.29
9.95
10.00
10.59
11.08
9.67
9.21
10.22
9.90
10.00
9.40
10.58
11.08
10.11
10.62
10.97
11.37
10.54
8.82
9.88
9.43
10.48
11.37
10.84
11.36
10.91
8.74
9.76
10.32
9.64
9.03
9.59
10.11
9.64
9.35
8.96
10.53
10.21
9.61
9.98
9.69
10.32
10.46
10.73
11.11
10.43
9.60
10.25
11.10
10.60
10.80
9.66
9.14
10.27
9.70
11.31
9.40
11.05
10.62
11.15
11.05
10.07
10.45
11.16
10.18
8.86
10.03
9.48
10.56
9.45
9.97
10.51
9.63
9.17
9.18
10.15
10.74
10.71
9.15
11.41
9.69
10.25
10.46
10.45
9.45
10.80
10.27
9.21
10.58
11.06
9.72
10.23
10.57
10.12
9.77
9.12
8.98
10.06
10.59
11.33
10.12
9.83
10.32
9.97
9.42
9.35
8.70
9.19
10.21
9.69
9.88
10.38
10.58
11.20
9.94
9.40
10.02
10.54
10.56
10.56
8.85
9.96
9.45
8.61
11.00
11.37
10.88
9.78
9.19
8.97
9.58
9.79
10.21
10.70
10.84
9.70
10.29
10.66
10.79
8.90
10.12
9.55
9.89
10.30
10.62
10.11
10.83
10.85
10.85
10.60
9.36
9.75
10.28
8.75
9.19
9.58
10.61
10.08
8.94
10.22
9.90
9.54
9.55
11.10
10.51
8.80
9.55
10.89
11.37
10.98
10.44
9.93
9.09
9.92
9.68
9.58
9.09
8.93
9.43
9.86
10.92
9.16
10.37
10.22
9.76
11.14
10.19
10.55
10.51
10.81
11.13
11.28
10.11
10.51
10.55
10.10
9.63
10.72
11.04
11.23
9.42
9.84
10.21
8.63
10.97
10.32
10.72
10.30
10.95
11.11
9.90
9.21
10.20
10.49
10.89
9.81
10.19
10.57
9.11
9.89
9.90
9.59
10.35
10.71
9.63
10.12
10.58
10.99
11.45
11.19
9.64
10.13
10.58
9.55
8.58
9.01
9.97
11.12
10.00
10.54
11.46
11.07
9.78
10.25
10.30
11.04
9.42
10.25
10.20
10.79
10.22
10.81
9.40
9.88
10.27
9.46
9.75
10.15
10.44
10.80
9.79
10.04
8.77
10.57
9.63
10.15
11.09
9.94
10.49
11.21
9.77
9.20
8.99
10.90
10.35
9.53
10.01
10.38
8.96
9.29
10.35
9.87
10.83
9.56
10.07
10.43
8.98
9.32
9.86
9.40
9.11
9.48
10.04
9.80
8.59
10.57
11.24
9.50
9.92
10.37
10.63
11.58
8.92
9.53
9.94
9.67
9.83
8.80
9.63
10.12
10.96
10.38
11.27
10.91
10.73
9.79
9.25
9.08
9.81
10.35
10.05
9.89
10.88
9.89
10.30
9.41
10.34
11.07
9.35
10.34
8.90
8.46
9.46
9.97
8.49
10.07
10.09
10.59
10.77
9.56
9.95
10.59
11.15
11.51
11.23
10.35
9.42
9.32
10.34
9.87
8.69
9.18
9.72
10.14
10.63
8.88
10.46
9.98
8.72
9.22
8.88
9.78
10.13
10.60
9.50
10.56
10.07
11.32
11.47
8.40
8.81
8.95
9.33
10.74
9.15
9.70
10.25
10.06
9.74
9.40
8.99
9.96
9.85
9.40
9.89
10.10
9.63
9.25
8.97
8.52
9.64
9.14
8.74
10.16
9.40
10.59
9.83
9.37
9.47
10.02
10.20
11.25
11.43
10.59
8.66
9.40
9.04
8.91
11.21
10.34
9.57
10.53
10.02
10.86
11.34
10.19
9.64
11.13
8.89
10.94
10.40
9.52
10.05
9.44
8.95
10.01
9.55
10.08
9.44
8.95
10.01
10.17
11.12
9.75
9.43
8.97
9.79
10.25
9.52
9.01
10.05
11.14
10.97
10.58
9.90
9.05
10.22
9.40
9.68
10.82
10.64
8.79
10.11
9.88
9.42
10.83
9.49
9.62
9.75
9.28
8.91
8.84
10.18
9.51
10.58
10.01
11.16
9.03
9.58
10.45
10.06
9.80
9.66
10.89
10.04
10.30
9.95
9.29
9.57
10.84
10.51
11.04
11.00
9.15
9.65
9.55
9.12
9.85
9.22
9.17
9.65
10.16
9.64
9.25
10.64
10.56
11.10
11.47
8.78
8.67
9.40
10.53
11.10
11.48
9.80
9.36
10.06
9.65
9.15
10.51
9.85
9.40
8.89
8.69
9.67
9.16
9.95
9.42
10.19
10.00
10.49
9.25
10.04
9.52
8.79
8.50
9.10
9.56
10.46
8.88
9.50
9.70
8.58
9.59
9.20
10.85
9.87
10.32
9.08
9.41
9.70
10.14
10.52
10.26
10.69
11.10
11.24
9.36
9.70
8.78
9.01
9.28
10.12
9.57
10.27
9.03
10.46
9.55
10.07
9.86
10.14
10.43
11.16
10.54
10.48
9.70
10.23
10.56
9.40
9.40
9.29
9.91
10.37
11.05
10.58
11.02
11.23
9.82
9.41
9.37
9.92
10.35
11.03
10.54
10.99
11.22
9.83
10.41
10.34
10.33
8.78
9.41
9.42
9.50
8.91
9.41
10.77
11.20
8.55
9.00
9.52
9.05
10.16
9.02
9.06
9.57
10.13
10.63
10.19
9.64
9.04
10.59
9.60
10.12
10.62
11.08
9.07
9.01
10.15
9.61
10.69
11.19
11.64
11.56
9.15
10.15
10.56
10.59
11.10
9.69
8.95
11.02
10.40
11.06
10.10
9.76
10.25
9.41
10.36
9.84
10.39
8.77
10.58
10.58
11.06
11.22
9.94
9.09
9.99
9.40
10.16
9.98
10.53
10.93
8.76
9.17
10.14
10.89
9.61
9.21
8.52
9.45
8.95
8.82
10.60
10.30
9.59
10.25
9.87
10.74
10.94
10.79
11.16
9.84
8.95
9.41
9.18
9.88
10.34
11.11
9.91
9.42
8.99
8.69
9.45
10.02
10.51
10.84
9.34
9.85
9.02
8.71
9.48
10.05
10.52
10.86
9.39
9.77
10.26
10.53
11.36
8.72
10.05
10.90
10.29
10.29
10.59
9.40
8.44
9.54
10.08
8.28
8.46
9.29
8.79
9.05
9.66
10.13
10.67
11.04
10.26
9.30
8.79
9.08
9.68
10.13
10.66
11.03
9.66
10.20
8.81
11.05
9.68
10.60
9.98
9.72
10.08
10.53
9.47
9.82
10.28
10.83
10.17
11.52
10.44
10.80
10.32
10.85
11.36
11.43
9.86
10.13
10.69
10.78
11.31
11.38
9.81
9.12
9.41
10.99
11.01
10.46
11.27
9.20
8.76
9.73
9.25
10.25
10.94
10.37
8.62
9.96
10.91
10.32
10.82
11.21
8.93
10.88
9.51
10.03
10.51
8.76
10.01
10.49
9.59
10.10
9.81
10.37
11.23
9.73
9.67
8.64
9.43
10.15
10.10
9.87
9.41
10.00
8.73
10.60
9.14
9.53
9.98
11.27
10.22
9.83
10.17
9.19
9.68
10.04
10.47
10.87
9.86
10.22
9.77
9.41
8.98
9.99
10.60
9.25
9.40
9.81
9.40
8.56
8.94
9.80
9.36
9.92
11.18
9.66
10.12
10.45
8.60
9.98
9.81
9.53
8.58
10.03
11.10
9.38
8.40
9.59
9.86
10.25
10.99
10.25
10.25
9.05
10.70
11.18
10.88
9.70
10.24
9.66
10.19
9.78
10.22
9.27
8.97
10.65
11.14
10.81
10.04
10.16
9.66
10.73
10.58
9.96
9.46
9.00
10.54
11.08
11.45
9.17
9.17
9.17
10.19
9.71
10.71
8.96
10.54
11.05
11.49
10.90
10.38
9.82
10.29
9.02
10.76
10.99
10.44
11.49
11.33
9.96
9.40
10.65
9.73
8.89
10.58
9.98
9.93
10.50
8.72
9.30
8.86
9.75
10.88
10.32
11.39
11.05
9.94
9.45
10.80
11.37
11.05
9.15
8.76
8.89
9.62
10.11
10.31
9.95
9.44
9.53
10.06
10.56
8.77
9.96
10.71
11.09
9.08
9.66
10.00
8.97
10.18
10.02
10.55
10.90
10.07
10.60
10.63
9.92
11.17
10.06
10.57
9.38
10.54
10.95
11.24
9.90
10.53
9.99
9.36
9.57
10.13
10.69
11.20
11.06
9.44
10.42
10.08
11.11
10.66
9.86
8.85
9.46
11.00
8.85
9.83
10.38
8.93
11.07
9.50
10.02
9.00
9.61
10.89
9.42
8.85
9.73
10.29
10.85
9.76
9.19
10.25
10.75
9.65
10.83
9.69
9.77
9.31
8.98
9.84
10.44
10.28
10.26
9.61
10.32
11.15
10.78
9.54
9.99
8.90
10.05
10.02
10.56
11.11
9.53
10.51
10.09
10.87
11.03
9.87
10.18
10.43
9.43
9.15
9.34
9.88
10.40
10.89
9.70
9.21
10.28
8.24
9.23
8.77
8.25
8.70
9.37
9.87
10.37
10.89
10.74
11.00
9.83
10.38
10.96
10.35
9.40
11.27
10.79
9.06
8.74
10.86
9.59
9.93
10.31
10.32
9.00
9.37
9.84
8.58
9.69
9.22
8.46
8.63
9.35
8.94
9.34
8.45
8.65
9.34
8.93
9.65
10.78
9.95
10.26
9.65
10.16
10.01
11.04
11.05
9.13
9.72
9.71
8.82
9.45
9.19
9.91
10.15
9.80
10.05
10.60
10.43
11.11
10.00
9.42
9.60
9.95
10.32
10.87
11.10
11.34
9.95
10.53
9.42
11.27
9.41
9.83
9.03
9.44
10.03
8.77
8.34
9.08
9.60
10.11
10.48
8.63
10.06
9.80
10.33
10.86
10.35
9.80
9.84
10.11
9.11
9.45
9.73
10.19
10.57
10.79
11.11
10.83
10.33
9.92
9.40
10.12
9.93
10.50
9.61
10.10
9.39
8.93
9.92
10.49
10.12
9.31
9.87
10.49
8.62
9.55
9.17
9.08
10.15
10.22
9.62
9.26
9.06
10.14
9.07
8.75
9.20
9.60
9.74
9.60
9.96
9.26
8.86
9.20
9.72
10.18
10.57
9.66
10.03
9.29
8.85
9.19
9.71
10.17
9.68
10.10
9.32
8.86
9.19
9.14
9.71
10.18
10.53
11.15
9.69
10.06
10.56
8.60
8.90
9.10
9.16
9.62
9.62
9.58
10.11
10.52
8.61
8.90
9.19
9.74
10.21
10.63
10.99
11.48
11.11
9.69
10.15
8.93
9.19
9.73
10.16
10.49
9.74
10.23
9.81
9.85
9.42
9.40
9.91
8.68
9.94
10.46
10.47
10.90
11.32
10.39
11.32
10.47
10.86
9.82
10.24
10.81
9.12
9.10
9.47
9.88
10.34
10.08
10.58
9.80
9.19
9.11
9.48
9.78
9.97
9.43
11.09
10.06
10.54
9.27
9.71
10.19
10.68
8.66
10.13
10.59
10.87
11.38
9.16
9.65
11.20
8.81
9.96
9.40
8.68
10.94
9.65
9.80
10.34
8.92
9.68
11.11
8.97
10.23
9.57
9.89
9.55
9.28
9.75
10.07
10.59
9.68
10.26
10.75
10.21
10.71
11.03
11.46
11.20
9.45
10.04
10.25
10.72
10.96
11.45
11.18
9.78
10.05
10.01
9.51
10.47
10.70
10.93
11.47
11.18
8.58
10.59
9.84
10.36
9.15
9.70
10.49
10.50
9.88
11.25
9.18
8.90
9.86
9.52
9.03
9.97
9.77
9.68
9.41
10.36
10.75
11.15
10.85
10.84
9.66
10.07
10.25
11.08
8.59
9.85
9.88
10.05
10.59
10.25
10.75
9.41
10.58
10.67
11.38
8.90
9.44
10.35
9.90
9.85
9.34
9.70
9.22
8.64
8.75
10.23
10.72
10.40
9.90
9.66
9.27
10.21
10.73
10.88
11.12
10.38
10.01
9.54
11.10
10.43
8.85
9.52
11.05
10.47
10.03
10.59
9.44
9.89
10.47
10.99
11.25
9.18
9.74
10.08
10.62
9.86
10.39
10.94
11.31
10.00
8.95
10.99
10.40
10.40
10.41
10.00
10.80
11.26
10.89
10.36
11.25
9.80
10.11
9.54
9.07
10.43
9.88
9.88
10.17
9.40
9.66
9.12
9.30
8.57
10.16
10.19
9.62
9.46
8.61
9.12
9.80
10.21
10.65
11.01
10.25
9.67
9.45
9.12
9.80
10.22
10.66
11.01
9.10
10.14
9.68
10.59
10.26
10.82
11.62
10.43
9.98
9.61
9.21
8.91
9.72
9.40
10.15
8.49
11.16
10.16
10.60
10.44
9.08
11.14
9.59
10.10
9.71
10.41
9.90
10.57
10.53
11.34
9.89
9.40
10.07
11.07
8.65
9.78
10.18
10.51
9.70
9.17
9.71
11.19
9.17
10.38
10.16
10.68
11.07
10.92
10.33
9.97
9.28
9.41
10.34
10.61
10.99
9.40
9.93
10.19
10.91
9.80
9.61
9.17
8.75
10.09
10.34
10.60
9.14
11.26
10.24
9.67
9.92
10.62
10.39
9.61
10.03
8.93
10.42
9.61
10.76
11.28
9.92
10.26
9.70
9.14
9.40
9.93
9.42
8.95
8.57
8.79
10.52
10.73
10.91
9.05
10.93
11.39
9.05
10.33
9.97
10.00
9.55
10.00
8.83
9.16
8.94
9.82
10.17
9.56
9.56
9.85
10.20
9.03
10.89
9.47
9.95
8.78
9.40
9.06
9.85
9.55
9.84
10.13
10.40
10.37
8.77
9.43
9.09
9.89
9.86
10.13
8.77
9.45
9.10
9.90
9.88
11.15
9.67
8.78
9.40
10.04
10.28
10.03
10.05
8.44
10.94
8.98
10.02
9.55
8.75
9.53
9.86
10.30
10.59
11.16
10.37
9.61
10.58
9.13
11.07
9.72
9.07
8.81
9.52
9.99
10.47
9.10
8.82
9.26
10.73
11.27
9.84
9.40
10.77
8.49
9.71
10.10
10.58
9.05
9.64
9.52
10.44
9.08
11.08
9.60
10.08
9.95
10.36
10.52
10.46
11.27
9.44
10.03
8.61
9.23
9.18
10.61
9.72
10.26
9.89
10.31
10.61
11.50
9.88
9.00
9.29
9.40
9.31
9.09
8.75
9.57
9.99
10.42
10.40
8.81
11.13
10.60
10.07
9.82
9.38
9.42
9.76
9.43
10.86
11.39
10.13
10.29
10.78
11.59
10.39
9.73
9.55
10.84
11.28
8.89
9.83
10.26
9.93
10.68
10.95
10.31
9.81
9.48
10.33
9.77
10.19
10.60
10.91
9.90
9.93
10.36
9.76
10.18
10.60
10.91
9.89
9.95
10.37
9.75
10.17
10.59
10.92
8.98
8.45
9.51
8.75
9.95
9.79
9.33
8.97
8.45
9.49
8.76
9.92
10.04
10.57
9.06
9.63
10.07
11.07
9.49
9.97
10.46
9.66
10.16
10.62
10.41
11.37
10.66
9.43
8.64
10.60
9.77
10.16
8.98
10.78
11.68
11.35
11.37
10.85
9.90
10.04
10.42
10.62
10.58
10.92
11.50
10.51
11.02
10.37
9.92
9.40
9.97
10.92
9.90
9.37
9.78
10.18
9.77
8.63
10.57
10.61
11.22
11.35
9.80
10.30
9.98
10.41
9.16
10.14
9.68
8.92
9.66
10.19
10.23
11.17
9.89
10.62
9.09
10.05
10.53
9.40
10.06
8.89
8.49
9.61
9.39
10.59
10.96
11.38
8.90
8.50
9.34
9.88
10.41
9.70
10.24
10.76
11.05
9.82
10.38
8.51
9.34
8.93
9.67
10.20
10.73
11.02
11.35
8.89
9.49
9.73
10.29
9.75
10.11
10.58
10.39
9.92
11.20
9.86
10.19
10.58
9.85
10.37
10.79
9.13
9.51
10.05
10.61
10.98
11.52
11.36
9.13
10.48
9.71
10.04
10.40
10.47
10.70
10.36
10.87
11.17
9.89
10.25
9.59
9.68
9.21
8.84
9.04
10.59
11.46
9.96
9.40
9.94
10.43
10.67
11.64
11.42
11.10
10.13
10.15
8.85
10.67
9.86
9.48
10.18
9.99
8.68
10.54
9.64
8.92
10.05
9.71
9.50
10.27
10.80
9.43
11.50
11.35
10.67
9.54
11.49
11.32
10.95
8.74
9.25
9.10
9.73
9.35
9.07
10.26
9.64
10.08
10.58
11.09
9.72
10.08
10.46
9.76
10.26
10.82
11.15
10.03
10.57
9.76
10.27
10.83
11.16
10.11
9.07
10.44
9.85
9.66
10.34
10.37
10.39
9.07
10.62
10.66
10.91
11.39
9.87
10.34
9.17
11.37
9.81
9.40
9.40
9.56
9.04
8.65
9.02
9.53
10.10
9.88
9.45
9.23
8.82
9.05
10.60
9.83
9.64
10.69
10.21
10.80
9.57
8.86
11.46
10.98
10.57
11.23
10.16
9.75
9.92
10.39
9.50
10.35
9.16
9.38
11.06
8.81
8.46
9.07
9.73
10.20
9.69
10.13
9.30
9.19
9.86
10.36
10.66
9.15
9.15
11.36
11.36
10.90
9.62
9.99
9.96
10.39
9.38
9.89
10.45
9.14
9.59
9.98
9.90
10.46
9.87
10.86
10.26
11.00
9.14
9.67
9.95
8.84
10.28
10.60
11.22
10.88
10.60
10.86
11.17
9.97
10.41
9.54
9.42
8.49
11.13
9.43
8.92
9.93
10.28
10.56
8.55
8.35
8.51
9.08
9.63
10.13
11.32
10.10
9.73
10.11
9.40
9.16
10.91
9.62
10.10
10.42
8.67
9.25
9.21
10.27
9.76
11.18
9.94
9.62
9.26
9.23
10.28
9.79
9.94
10.48
10.21
10.50
9.81
10.00
9.31
10.31
9.84
10.48
9.39
10.84
9.86
10.37
11.01
10.81
9.40
10.81
10.83
10.83
8.84
9.93
10.28
8.96
8.94
8.96
9.51
10.00
10.50
10.75
10.34
10.01
9.46
9.00
8.99
9.02
8.88
9.55
10.01
10.47
10.73
10.88
9.56
10.16
9.40
9.54
10.58
11.09
11.55
9.61
11.19
8.67
8.50
9.21
8.70
10.27
10.58
9.77
10.30
10.55
11.11
9.26
10.48
11.13
11.49
9.76
10.27
11.08
10.30
9.11
11.07
10.21
10.51
9.26
9.70
10.04
10.48
10.97
10.99
9.84
9.11
9.55
9.29
9.95
10.41
10.95
10.98
9.80
10.32
9.55
9.37
9.84
10.25
9.46
9.88
9.69
10.59
11.02
10.76
9.91
10.17
10.77
10.41
10.60
8.67
8.98
9.46
9.93
9.56
9.29
8.95
8.78
9.83
10.03
9.63
10.60
9.35
11.44
9.23
9.46
10.01
10.47
9.24
8.92
9.76
10.14
10.44
10.90
11.26
11.43
11.77
8.47
9.00
10.85
9.55
9.85
10.23
10.72
11.21
10.86
9.78
10.28
9.66
9.17
8.75
10.60
9.73
10.21
8.85
9.62
10.15
9.99
10.01
10.47
10.94
10.60
10.35
10.78
11.14
11.51
9.86
10.23
9.15
10.04
10.79
9.83
10.30
9.53
10.02
10.38
10.86
9.80
10.23
9.53
9.22
10.02
10.36
10.85
10.16
9.85
9.56
9.21
10.05
9.40
9.91
10.33
10.08
10.80
8.89
10.11
10.59
9.08
9.50
10.28
9.91
10.16
9.49
9.92
10.47
10.90
11.30
9.69
9.46
10.18
10.58
10.88
11.30
10.22
10.58
8.60
11.28
9.93
9.01
10.27
10.08
9.59
8.83
9.60
9.13
10.03
10.20
9.72
10.11
8.66
10.97
9.91
10.37
9.72
10.22
10.57
11.09
10.93
9.75
10.23
10.59
9.72
9.08
9.26
10.21
10.47
11.01
11.28
10.33
9.37
9.96
10.29
10.84
11.34
8.75
10.29
10.75
10.36
9.93
10.86
11.24
11.32
10.89
10.34
9.85
9.47
8.98
10.38
10.86
11.16
11.27
9.91
9.40
9.68
10.15
9.34
10.91
10.02
10.34
8.49
11.23
8.96
9.35
8.96
9.89
9.56
9.91
10.14
10.06
10.61
10.41
10.92
10.59
11.07
10.89
11.95
10.56
11.09
11.43
10.31
10.47
10.31
10.85
9.86
10.45
8.91
9.49
10.07
8.98
9.44
11.31
8.33
10.17
9.53
9.99
9.21
10.58
11.15
10.53
9.71
10.14
8.53
10.15
10.63
10.81
11.32
8.98
9.58
10.03
10.45
9.52
8.87
10.60
10.56
10.86
11.26
9.81
10.37
9.06
9.89
11.22
10.60
11.17
10.84
9.88
10.48
9.68
9.18
11.12
10.52
9.90
10.32
9.25
10.24
11.05
10.77
11.26
9.90
9.41
10.30
11.20
10.04
9.74
9.45
10.53
10.46
10.57
11.15
11.03
9.60
9.06
10.26
9.70
9.78
10.15
10.84
9.31
9.90
10.24
10.60
9.91
9.55
9.32
10.09
10.49
11.21
10.05
10.56
9.22
9.75
9.02
10.99
11.32
9.97
10.50
10.78
9.94
11.27
10.22
9.93
9.89
9.26
9.66
9.12
10.18
9.89
9.27
9.65
10.17
9.95
9.64
8.67
9.11
8.91
9.50
8.68
10.07
10.07
9.21
9.06
9.58
10.15
10.05
9.67
10.15
10.44
10.88
9.48
10.00
10.39
9.12
8.82
10.15
9.70
9.13
11.16
9.67
10.14
10.18
10.67
11.01
11.17
10.12
10.18
10.67
11.01
11.17
9.21
8.83
10.05
10.60
9.78
10.30
9.38
9.33
8.88
9.90
10.34
10.59
9.83
10.37
8.88
9.40
10.29
9.41
9.06
8.63
10.44
11.06
9.60
10.02
8.65
10.38
10.48
9.56
9.98
8.92
8.92
9.43
9.91
10.40
11.36
10.57
10.86
9.94
10.31
9.40
10.32
10.54
10.85
9.82
8.85
9.45
9.65
10.09
9.20
9.64
9.98
10.42
10.81
8.60
9.63
10.08
10.58
8.91
9.14
9.70
9.57
9.64
9.88
10.34
10.11
10.53
10.97
9.58
9.18
11.11
10.05
10.52
9.29
9.04
9.62
11.31
10.35
10.17
9.72
8.71
10.04
11.02
9.10
10.10
10.45
11.24
9.41
10.57
9.72
10.07
10.32
8.91
10.26
10.50
10.33
10.77
11.00
11.47
9.48
9.93
10.47
9.01
8.72
8.93
9.43
9.87
10.32
10.76
10.98
11.46
11.06
9.50
9.52
9.05
8.74
9.48
9.93
10.32
8.98
9.59
8.73
9.24
9.08
10.18
10.14
10.57
10.77
10.89
9.64
10.08
10.80
10.57
10.36
10.86
11.31
11.67
11.21
10.60
10.35
10.87
11.31
11.66
11.20
9.10
9.59
10.08
8.82
10.09
10.20
10.57
9.36
9.79
8.63
8.82
9.16
9.46
9.92
11.18
10.47
10.99
10.43
10.07
10.51
9.34
9.51
9.94
10.37
10.87
10.16
10.51
9.39
9.54
9.96
10.34
10.84
11.06
9.79
8.96
9.40
10.81
9.50
9.96
10.33
9.05
8.91
8.44
9.46
9.21
9.80
11.02
8.45
9.44
9.92
9.84
10.05
10.58
9.71
10.15
10.71
8.94
9.72
10.26
9.54
11.38
8.78
9.66
9.56
8.51
8.87
8.86
9.30
9.86
9.16
10.99
9.72
10.05
10.43
8.81
11.24
8.82
10.34
10.01
10.11
9.41
9.66
10.17
9.11
10.83
8.23
10.27
8.71
8.74
9.78
10.29
11.03
9.33
9.80
10.22
9.64
9.36
10.19
10.70
11.14
10.89
9.88
10.24
10.76
11.19
10.59
10.77
10.60
10.50
10.35
9.86
10.72
11.07
11.42
10.11
9.87
9.55
10.32
10.64
11.07
10.06
10.53
10.28
9.85
10.59
10.99
11.40
10.93
8.82
9.48
9.93
10.38
9.41
9.47
8.51
9.68
10.14
10.22
10.86
10.74
9.95
9.58
9.27
9.09
9.66
10.18
11.17
10.59
11.58
9.70
9.02
11.06
10.02
9.49
10.53
10.09
10.56
8.86
10.37
11.21
10.20
9.78
9.20
8.78
9.14
9.40
9.17
8.77
8.44
9.34
8.81
8.44
8.95
9.30
9.62
10.18
10.95
8.90
9.48
9.75
10.20
9.98
10.88
10.37
9.65
10.14
9.53
10.24
10.83
10.60
9.20
9.03
9.62
9.90
10.33
9.18
9.76
9.35
11.38
9.02
8.65
9.47
8.85
9.75
9.15
9.74
10.91
9.87
10.30
8.95
11.15
10.62
10.98
9.92
9.50
9.02
10.03
10.57
9.67
9.40
10.60
10.17
9.44
8.97
9.77
9.27
9.42
11.19
8.64
9.59
10.09
10.57
9.85
10.34
9.27
9.37
10.60
8.59
9.35
10.16
9.12
9.67
8.57
11.01
11.11
10.68
9.81
10.34
9.36
9.62
8.54
11.11
9.96
9.20
9.76
8.98
10.34
9.97
9.41
9.73
9.43
9.86
10.32
9.09
8.59
9.63
10.21
8.61
10.72
10.95
10.30
9.88
9.41
9.76
10.11
9.38
10.85
9.15
8.71
8.89
10.61
10.21
9.67
9.67
10.06
9.23
9.77
9.95
8.94
10.20
10.53
9.41
8.54
10.23
10.23
9.05
10.59
9.63
10.18
8.99
9.72
9.81
9.15
9.60
9.76
10.27
9.08
10.63
9.73
10.20
9.43
9.83
10.03
10.54
8.84
10.04
11.37
10.34
10.38
10.87
11.17
11.35
11.66
9.43
9.62
9.96
9.82
10.37
10.45
8.62
9.42
10.12
9.77
10.23
10.60
9.82
10.32
9.05
11.16
9.68
9.64
9.27
9.75
10.28
9.09
8.76
10.13
10.57
9.59
9.15
8.75
9.07
9.67
8.75
9.76
10.30
10.38
9.32
10.31
9.76
9.40
10.34
10.86
11.29
10.33
10.99
8.55
8.85
8.48
9.22
8.57
8.87
8.50
9.24
10.16
10.61
9.82
10.28
9.67
9.20
10.02
10.48
10.60
10.88
9.96
9.41
9.73
9.24
10.25
10.60
9.47
9.03
8.64
9.71
9.25
9.48
9.04
8.65
10.00
10.53
10.26
9.97
9.42
11.14
8.65
9.86
10.41
10.55
10.28
10.57
10.36
10.30
10.36
10.76
10.30
9.95
10.37
10.73
11.37
10.24
10.22
10.77
10.09
9.67
10.96
10.20
10.39
9.85
9.28
9.74
11.26
9.92
10.20
9.40
9.37
8.92
9.89
8.74
8.26
9.52
9.19
9.95
10.46
9.47
8.99
10.06
8.74
8.27
8.45
9.50
9.18
9.94
10.47
9.09
10.19
8.84
9.33
9.10
9.87
10.37
10.57
9.67
10.25
8.85
10.31
9.42
10.85
9.83
10.28
11.16
10.64
10.19
10.08
10.56
9.94
9.97
9.44
9.33
9.89
10.35
9.49
8.97
8.60
9.73
10.09
10.56
10.98
10.17
8.87
9.92
9.53
9.04
8.58
8.88
10.09
11.01
10.01
9.48
8.60
10.08
9.16
9.13
10.15
9.68
10.56
10.71
10.23
10.20
10.70
11.03
11.44
10.67
10.17
9.73
10.21
10.71
11.02
11.43
11.17
9.14
9.62
10.15
9.79
10.22
10.59
10.63
9.65
11.07
10.48
10.11
10.62
9.72
10.25
10.63
10.99
11.20
10.12
10.63
9.75
10.29
10.64
10.99
11.21
10.11
10.60
10.63
9.97
9.94
11.15
9.79
10.14
10.53
10.94
9.40
9.82
10.39
10.13
8.74
10.60
11.54
10.51
9.94
9.41
10.88
9.81
9.57
10.04
10.48
11.05
9.75
10.28
11.04
8.89
10.18
9.80
9.47
8.72
8.71
10.20
10.14
11.07
10.78
10.58
9.63
9.97
9.50
9.25
8.85
10.03
10.14
9.68
9.50
8.84
9.92
10.42
11.44
9.80
10.46
11.19
9.56
11.22
9.92
9.75
9.43
10.59
11.61
11.08
8.60
9.09
10.06
10.56
9.58
9.75
10.30
10.57
9.67
10.09
10.50
10.94
10.00
10.30
10.03
9.77
9.68
9.31
8.96
9.89
10.41
11.21
9.40
9.87
9.34
9.46
9.06
8.57
9.99
8.80
9.54
10.79
10.43
8.61
9.56
8.87
10.86
9.83
10.36
10.03
10.42
9.60
9.16
10.10
11.12
11.01
10.56
10.14
9.74
9.42
10.26
10.87
10.77
9.88
10.23
10.37
9.73
10.19
11.22
11.35
10.66
11.54
9.75
10.79
9.73
10.17
10.24
10.65
9.29
8.77
8.92
9.64
10.19
8.79
9.82
9.39
9.27
8.73
10.61
9.67
10.74
10.23
9.33
9.87
10.41
10.90
11.35
9.65
10.67
10.18
9.35
9.05
9.86
10.39
10.89
11.34
11.16
9.62
10.59
10.04
8.95
9.23
9.31
9.88
9.70
10.39
10.85
9.18
11.20
10.21
11.20
11.32
9.35
8.80
9.85
10.31
10.75
9.70
9.60
10.16
9.35
8.79
9.84
10.28
10.73
9.01
10.08
10.59
10.70
11.23
10.96
9.83
11.23
10.38
9.08
10.12
10.87
9.84
10.33
9.78
9.22
10.07
10.58
10.95
9.94
9.81
9.24
10.29
9.40
9.44
8.99
8.63
9.93
10.45
10.92
9.86
9.27
10.37
9.45
9.00
8.64
9.93
10.46
10.94
10.25
9.80
9.27
10.33
8.65
10.07
9.56
9.16
10.64
11.00
10.91
8.90
9.49
9.83
10.16
8.73
10.85
10.60
10.26
10.84
10.97
11.37
9.07
10.60
10.96
11.32
10.58
10.50
9.98
9.68
10.10
9.55
9.39
8.85
9.02
9.87
11.03
10.36
10.81
11.23
9.78
10.46
8.81
11.21
9.43
9.90
9.43
8.79
10.88
10.38
9.84
9.28
9.83
9.27
10.87
10.33
10.94
9.95
9.40
8.74
10.25
10.00
9.41
10.98
9.80
9.26
9.68
9.17
8.70
8.91
9.03
10.13
9.67
10.21
10.59
9.06
10.03
9.65
9.27
10.58
11.16
10.16
10.76
11.33
9.87
9.64
10.23
10.60
10.34
10.74
11.20
9.76
9.41
9.37
9.90
9.84
9.37
9.90
10.57
9.85
9.35
9.89
9.86
10.38
10.78
9.39
9.93
11.07
9.03
10.05
10.54
10.45
10.64
9.51
9.48
10.03
10.59
10.96
11.16
11.35
10.94
9.79
10.34
11.29
9.67
9.76
10.04
9.34
9.19
8.85
9.80
10.34
10.64
9.79
10.02
10.53
10.57
9.34
9.21
8.85
9.80
10.34
10.65
11.18
11.50
11.64
10.94
9.88
10.43
9.41
9.90
10.43
10.92
11.04
11.42
9.44
10.97
9.92
10.40
10.88
10.37
10.07
10.41
10.92
10.87
10.93
9.80
9.48
8.88
8.44
9.24
9.58
10.16
10.76
10.94
9.90
10.19
10.44
10.95
8.71
9.89
9.41
9.36
10.27
10.87
9.84
10.35
8.88
10.79
11.19
9.48
9.62
9.29
9.00
8.68
10.60
9.15
11.53
9.62
10.12
11.07
8.99
10.45
10.87
9.60
10.10
10.42
9.00
9.43
9.90
9.61
10.11
9.00
9.43
9.89
9.64
10.19
9.01
9.42
9.83
10.96
8.63
9.95
10.39
9.14
11.28
9.74
10.01
9.97
10.02
9.41
10.65
10.10
8.85
9.53
9.94
8.63
9.48
10.01
9.06
10.12
9.58
9.45
10.02
8.79
9.04
9.28
10.99
10.41
10.58
10.86
9.76
11.59
8.84
9.20
9.83
10.29
11.11
10.98
10.31
10.48
10.49
9.64
9.43
10.21
9.86
9.02
10.61
10.59
10.20
10.55
9.98
10.18
9.40
9.29
9.82
9.37
8.71
10.21
10.83
11.19
10.11
10.31
10.60
10.13
9.42
9.82
10.28
9.11
11.55
9.66
10.21
8.95
9.74
11.00
10.40
10.09
9.62
10.15
9.16
10.56
11.09
10.89
10.87
10.87
9.74
10.30
9.09
10.02
10.27
9.73
10.00
10.93
10.25
10.60
10.33
10.90
11.54
11.27
10.39
10.81
10.84
11.51
10.16
10.47
9.44
9.99
10.27
10.71
11.00
10.83
9.79
10.32
8.75
9.10
9.64
9.27
9.96
10.47
10.88
10.17
9.82
9.21
9.41
9.40
10.82
8.83
8.46
9.00
9.32
10.60
9.69
10.25
9.62
8.91
11.15
9.92
9.54
10.38
10.58
9.39
8.97
8.59
9.89
11.35
9.17
10.17
9.76
9.90
9.40
10.92
9.76
9.36
9.64
10.07
10.33
9.37
9.05
8.62
9.86
8.87
9.47
9.72
10.50
10.07
9.93
10.41
10.68
11.21
11.06
9.53
8.72
10.18
9.80
10.34
10.58
10.83
10.70
11.46
11.08
10.06
9.79
10.59
9.80
10.18
10.56
11.45
11.02
9.91
10.47
8.93
10.17
11.39
9.42
9.68
9.10
10.76
9.61
9.78
9.42
8.91
8.45
8.89
10.60
9.43
10.09
11.13
10.03
10.53
9.93
9.54
9.64
9.11
10.20
10.75
11.28
11.09
9.97
9.51
10.48
10.21
10.40
11.28
9.56
10.37
9.89
9.05
9.44
9.51
9.47
8.94
8.75
9.31
10.26
10.59
10.10
10.68
9.64
10.22
10.82
11.26
10.05
10.63
9.87
9.40
11.18
10.45
11.15
10.76
10.43
10.41
9.82
11.18
10.28
10.77
8.85
9.98
9.40
10.51
9.64
9.05
8.53
11.14
10.19
10.70
8.70
10.88
9.73
10.29
11.15
9.61
8.99
10.12
9.58
9.66
9.70
9.69
10.15
11.14
10.87
10.59
10.76
8.96
10.17
11.16
11.46
9.85
10.16
10.52
9.41
11.02
10.44
9.87
9.30
8.81
11.24
10.99
10.37
10.82
10.11
10.06
10.58
9.11
9.62
11.07
11.14
9.75
10.13
9.43
10.60
11.08
11.20
10.19
9.75
10.60
10.96
8.95
9.56
8.64
9.10
9.04
9.61
11.22
9.52
9.04
9.21
10.15
9.62
10.60
10.12
10.80
11.13
10.32
10.74
9.06
10.27
10.19
9.63
8.81
11.08
10.05
10.51
9.77
10.21
9.18
9.71
10.23
10.72
11.01
11.37
10.04
10.43
11.34
10.16
9.94
9.52
10.08
8.77
9.04
9.21
9.66
10.04
10.48
10.80
9.50
10.03
8.28
9.10
8.77
8.27
9.21
9.63
9.99
10.43
10.80
9.67
10.04
8.83
8.29
8.63
9.24
9.60
10.58
9.71
8.64
9.18
8.86
8.64
9.26
9.60
9.79
9.27
9.58
11.15
9.75
10.14
9.29
8.87
9.33
9.46
9.17
9.70
10.83
10.58
9.44
9.95
10.25
10.69
11.36
8.73
10.16
9.41
9.27
10.68
9.72
10.26
8.83
9.70
8.88
9.50
9.58
9.98
10.91
10.35
9.51
8.70
9.14
10.04
10.59
11.55
10.53
11.54
9.76
9.94
10.50
9.23
11.18
9.41
9.80
10.23
9.69
9.13
10.11
10.61
9.30
9.79
8.67
9.15
9.41
10.08
9.76
9.18
10.60
9.83
10.33
10.35
11.39
9.96
8.67
8.87
9.71
9.24
10.25
10.70
10.98
9.65
10.23
8.88
9.72
9.24
10.25
10.70
10.98
9.76
10.13
8.79
10.59
9.21
11.28
9.95
10.11
10.67
10.58
9.52
9.40
10.33
10.76
9.51
8.99
8.46
9.58
10.05
9.97
10.49
11.35
9.02
9.85
10.22
9.80
9.83
8.99
9.96
9.27
9.40
9.90
10.10
10.35
10.97
10.57
9.98
10.48
9.49
11.68
10.81
11.67
8.68
9.93
9.46
9.43
8.76
9.76
9.26
8.62
8.78
11.12
10.03
11.49
10.54
10.36
10.92
9.78
10.27
10.68
11.08
11.48
11.59
9.47
9.84
10.36
9.97
9.10
9.52
8.85
10.50
10.93
11.04
10.00
9.45
10.44
9.11
9.51
8.85
9.57
9.14
9.53
8.88
9.76
9.51
9.40
9.74
10.11
8.60
10.90
10.01
10.30
11.09
9.41
8.90
8.47
9.34
9.78
8.96
8.49
9.87
9.37
10.27
9.38
9.82
8.97
8.50
9.87
9.37
10.30
8.84
9.44
9.80
8.54
10.27
10.12
10.59
10.79
10.42
9.97
11.56
9.60
9.93
9.88
10.99
8.77
10.38
10.89
10.59
9.10
10.03
9.65
11.21
8.96
10.35
10.57
9.53
9.93
9.40
8.83
8.96
9.85
10.54
10.38
9.87
10.28
11.26
11.25
9.27
8.92
9.23
9.41
9.29
10.82
8.55
8.91
8.93
9.31
9.64
10.23
11.02
8.94
9.49
9.87
10.38
10.98
10.08
10.54
8.99
9.85
10.14
9.56
10.60
8.91
10.18
10.64
10.14
9.81
11.33
9.63
9.28
9.75
8.89
9.07
9.81
9.40
10.82
8.89
8.54
9.78
10.25
10.16
9.01
10.42
10.91
9.60
10.07
10.39
10.88
10.07
10.60
9.92
11.19
9.80
9.06
9.59
10.11
9.82
9.31
8.88
10.35
10.84
10.71
9.57
10.06
9.84
9.34
8.88
10.36
10.83
10.10
9.60
9.86
9.36
8.89
10.36
10.83
10.59
9.10
9.66
10.04
11.08
9.14
10.49
9.14
10.13
9.67
9.09
11.18
9.80
9.55
9.20
10.40
10.94
9.90
10.31
9.89
9.31
9.41
10.80
9.17
8.74
9.68
8.97
10.11
10.60
9.18
9.10
9.62
10.14
9.96
9.74
9.59
8.85
9.28
9.40
9.82
10.15
10.20
10.87
8.51
9.05
9.65
9.27
9.74
10.18
10.49
8.60
9.11
10.18
8.77
9.97
10.46
9.63
10.15
8.79
10.61
11.54
9.96
10.43
10.47
9.97
10.41
10.87
11.29
10.45
10.88
10.20
9.87
9.94
10.85
9.40
8.61
9.89
10.19
9.57
10.58
10.75
11.15
11.29
10.60
9.74
10.18
9.04
9.86
10.39
10.57
10.10
9.81
10.26
9.40
9.31
8.73
9.19
9.69
10.22
10.57
9.70
10.08
9.91
10.06
11.17
9.14
9.42
9.67
10.22
9.26
9.98
9.64
10.35
10.64
11.14
10.98
9.70
9.28
9.67
10.02
9.72
10.24
10.53
9.28
9.92
9.64
10.26
9.66
9.97
10.17
9.29
9.92
9.65
10.25
9.17
8.79
9.93
10.17
9.69
10.51
8.85
9.43
9.46
9.61
9.92
9.82
10.41
9.58
10.40
11.29
9.63
10.35
8.77
9.41
8.38
9.34
10.60
9.02
9.42
8.64
8.10
8.42
11.13
9.20
9.07
10.10
10.44
10.55
9.06
9.45
10.61
9.10
9.66
10.88
11.31
8.87
9.79
10.34
11.27
10.60
10.43
10.43
11.55
9.83
10.98
8.97
9.92
10.40
11.80
11.51
10.85
10.53
9.58
9.41
9.70
9.58
10.12
9.21
8.94
9.76
10.25
10.53
8.71
11.03
11.44
9.96
10.50
11.43
9.86
9.41
9.50
9.15
8.75
9.66
10.22
10.29
9.97
10.30
10.81
10.74
11.01
8.81
9.42
8.60
10.03
9.44
9.73
10.27
9.18
8.88
9.55
10.12
9.46
10.60
9.93
9.49
9.69
10.18
9.96
10.20
10.77
9.60
9.47
9.05
9.21
8.81
8.97
9.70
9.65
9.58
10.16
9.76
10.50
11.41
9.61
9.28
9.71
10.02
10.54
8.95
10.68
11.69
10.19
9.40
9.84
9.40
9.86
10.28
10.79
8.74
10.34
9.80
11.25
10.73
9.85
10.84
10.31
9.79
9.30
9.19
10.19
10.64
11.18
9.80
10.26
9.43
9.31
9.32
9.70
8.89
8.37
8.75
9.31
10.80
8.88
10.27
10.95
9.45
9.97
9.42
9.93
10.23
9.56
10.29
10.58
10.85
11.45
10.78
9.76
10.20
11.33
10.19
9.00
9.41
9.71
9.16
10.92
9.63
10.14
10.33
8.44
11.10
9.80
9.47
10.03
10.58
10.02
9.62
11.13
10.09
10.53
9.67
8.92
11.31
10.49
9.17
10.66
11.05
10.30
9.73
8.91
10.46
11.21
9.73
10.28
9.50
9.83
9.01
10.15
10.90
10.65
9.79
10.31
9.83
10.73
10.35
9.40
10.88
9.79
10.33
11.04
8.65
9.79
9.45
9.01
10.20
9.49
10.00
9.88
9.50
10.02
9.06
9.94
9.40
10.94
10.94
10.14
8.81
10.09
9.78
9.41
10.80
9.66
10.17
10.51
9.42
10.79
9.98
9.59
10.13
10.59
8.72
10.45
9.41
10.61
9.93
11.40
11.04
9.90
10.45
9.04
9.62
10.47
10.44
10.96
11.25
9.08
10.37
9.68
10.04
10.99
11.26
9.42
8.93
10.85
10.29
9.85
9.40
9.86
10.17
8.73
10.21
10.72
11.05
10.37
9.92
11.03
9.58
9.15
10.13
10.62
9.41
10.13
8.89
9.48
10.98
10.19
9.23
8.86
8.92
9.61
9.31
8.90
9.04
10.03
10.60
9.64
10.15
10.68
11.11
9.43
8.99
10.20
9.88
10.39
10.25
9.68
9.32
9.88
10.36
10.69
9.15
10.26
11.19
9.84
9.40
9.24
10.59
8.80
10.56
10.52
10.98
11.49
11.13
10.54
9.83
10.21
9.53
9.41
9.95
10.31
9.79
9.42
10.28
10.76
10.88
11.10
9.57
9.97
10.31
11.07
10.34
9.72
11.03
10.46
11.15
11.44
8.97
10.02
8.58
8.56
8.98
9.13
9.58
10.01
9.14
10.30
9.98
10.55
11.01
9.18
9.73
10.27
10.36
10.85
11.22
10.58
10.79
10.48
9.70
10.21
9.40
9.67
9.39
10.22
11.34
9.74
8.77
9.44
10.60
11.63
10.41
11.05
9.10
10.49
11.39
9.54
9.99
10.36
8.92
10.86
10.89
10.40
9.12
9.72
9.66
10.18
9.64
9.29
9.03
10.22
10.77
9.83
9.44
8.98
9.96
9.04
9.62
9.40
8.81
8.44
9.71
9.19
10.20
9.74
9.26
10.18
10.57
9.65
10.17
9.53
10.05
10.58
9.39
9.52
10.06
8.46
9.23
9.53
10.01
10.53
9.44
10.01
11.32
9.61
10.50
10.12
10.60
9.11
9.46
11.18
10.55
9.89
10.33
10.74
10.21
10.61
11.06
11.43
10.19
10.63
9.90
10.22
10.60
11.04
11.41
11.08
9.09
10.06
10.48
11.38
9.41
9.18
9.75
8.96
8.57
9.40
8.85
10.75
9.42
9.74
10.24
10.60
10.71
10.77
8.61
10.79
9.84
10.32
10.71
10.81
9.81
10.30
9.62
10.17
10.71
9.71
10.23
9.61
10.17
10.71
9.69
10.22
10.09
10.55
10.60
9.99
9.05
11.59
11.44
10.10
9.65
9.46
8.84
10.85
10.13
10.32
10.54
10.07
9.73
9.03
9.38
9.75
9.78
9.06
9.40
9.74
10.10
9.88
9.11
9.48
10.07
9.95
9.40
10.06
10.60
8.79
10.58
11.21
10.20
11.21
9.88
10.28
10.57
9.74
9.30
9.68
11.40
9.18
9.42
10.12
9.80
8.91
9.46
9.52
9.79
10.96
10.07
10.27
10.38
11.05
10.18
10.56
9.02
10.59
10.23
8.98
11.40
10.64
10.77
10.60
10.27
10.93
11.21
11.38
11.63
9.40
9.09
8.65
10.10
9.65
8.67
9.69
9.89
9.41
8.83
9.43
8.64
9.05
10.60
9.39
9.95
10.46
11.56
8.63
9.52
9.08
10.03
10.57
9.38
9.95
10.46
9.50
8.64
9.92
10.06
10.04
10.59
10.29
9.95
11.36
10.42
10.60
10.61
11.11
10.97
11.65
11.82
11.30
9.78
10.03
10.46
11.03
9.94
10.48
8.86
9.30
9.89
10.12
10.54
10.91
11.21
11.03
9.93
10.46
9.07
9.34
9.95
9.60
10.42
10.80
11.17
9.44
9.99
10.51
8.34
8.71
9.15
9.93
9.69
10.33
10.71
11.17
9.47
10.03
10.46
9.89
10.29
10.68
11.17
8.74
9.19
9.72
10.98
9.00
10.04
10.44
8.72
9.23
9.00
9.98
8.71
9.24
8.99
11.14
9.54
10.01
8.72
10.29
9.85
9.52
10.88
8.80
9.14
9.67
10.27
9.65
10.19
8.85
9.23
9.76
10.18
10.57
10.97
9.70
10.26
8.87
9.47
10.02
9.97
10.43
8.90
9.69
9.23
8.71
10.58
10.21
11.12
10.96
9.96
9.79
9.01
9.36
10.03
10.60
11.11
10.26
9.97
10.56
9.15
10.05
9.65
10.57
10.82
11.09
11.29
9.93
10.47
9.41
10.56
11.22
9.83
9.34
9.94
8.66
10.36
9.83
9.27
9.64
9.11
8.54
8.68
9.91
9.32
8.54
8.70
9.40
8.55
11.07
9.59
9.15
8.74
10.22
9.88
10.12
9.41
10.08
9.54
9.50
8.94
10.03
10.47
10.90
8.48
9.06
10.10
9.62
9.57
8.76
9.00
9.36
9.88
10.37
10.89
10.03
10.60
9.84
9.15
9.71
10.28
10.13
10.58
9.69
10.10
11.06
11.46
9.78
9.03
11.15
9.25
9.40
10.87
8.96
8.64
9.28
8.95
9.69
10.27
10.85
8.93
10.30
9.53
10.07
8.81
10.36
11.01
9.01
9.61
9.75
10.21
8.88
10.47
10.99
10.90
9.17
9.17
9.73
9.10
10.06
10.58
9.89
10.12
10.61
10.59
9.79
9.20
9.39
10.18
11.11
10.59
11.08
11.28
10.22
10.59
9.78
10.26
9.18
9.41
9.78
8.60
8.87
9.62
9.41
9.82
8.66
8.91
9.93
10.12
10.58
11.28
9.84
9.99
9.21
10.60
11.38
10.30
10.79
10.61
10.19
10.91
11.45
11.37
9.84
11.14
9.41
8.95
8.84
8.63
8.48
9.29
9.06
10.07
11.35
10.59
9.94
9.34
9.47
9.74
10.33
10.79
8.92
8.70
9.74
9.27
10.79
11.37
11.34
10.23
9.36
9.76
8.94
8.71
9.76
9.30
10.36
10.77
10.24
10.81
11.37
11.34
9.78
11.07
9.99
10.53
9.06
9.02
11.31
9.01
9.57
10.30
9.89
10.79
10.64
11.11
11.42
11.31
10.11
10.15
10.20
10.71
9.15
9.72
8.86
9.83
10.16
10.60
9.72
11.36
10.14
9.99
9.77
9.40
9.85
9.33
9.94
9.47
10.33
8.92
8.47
9.48
8.78
9.92
9.80
10.23
9.43
9.20
8.89
10.15
9.64
9.36
8.98
9.88
10.10
9.56
10.60
9.04
9.00
8.85
9.50
11.12
9.96
10.52
11.32
9.61
10.06
9.84
8.83
9.22
10.12
9.41
9.81
10.23
10.54
10.89
11.27
9.37
8.93
10.12
10.52
9.03
10.96
8.24
8.80
9.19
9.70
10.08
10.36
11.21
8.25
8.43
8.85
8.93
9.41
8.96
10.84
9.73
9.75
10.30
11.10
9.46
8.97
9.43
9.64
8.87
8.69
9.20
9.54
10.12
8.70
8.90
9.67
10.57
10.15
8.91
10.85
11.33
9.86
10.37
9.45
9.43
9.83
8.90
8.86
8.88
9.78
9.36
10.18
9.50
9.92
10.91
10.58
10.09
10.32
11.22
10.40
8.91
10.67
10.26
11.35
9.87
9.14
11.02
10.44
11.24
10.71
10.93
9.83
10.33
9.22
9.40
9.87
10.11
10.04
10.55
10.68
8.61
9.57
9.06
9.05
10.24
8.61
10.10
9.62
9.09
9.06
10.56
11.04
10.24
9.62
11.06
9.75
9.33
8.56
8.76
9.06
9.59
9.40
8.48
9.02
9.90
9.61
9.86
10.18
10.21
10.59
10.14
10.71
10.79
10.52
11.04
11.46
10.88
9.80
10.36
9.00
10.36
9.70
10.14
9.72
9.43
9.09
8.87
10.20
10.66
9.40
9.89
10.25
10.10
10.64
10.80
8.85
10.11
10.59
9.47
9.13
9.77
9.43
11.08
10.02
10.63
10.56
9.46
8.68
9.01
9.93
9.88
9.61
9.84
10.31
9.44
9.79
10.86
8.99
9.69
11.02
8.96
9.40
10.17
10.52
10.85
9.97
9.98
9.11
8.71
9.49
10.08
9.33
9.59
9.76
10.79
10.11
10.60
8.58
11.14
9.32
9.95
10.53
11.25
10.55
9.80
10.19
10.44
10.56
9.08
11.08
11.40
9.67
10.18
9.68
10.31
8.94
9.84
9.36
10.57
10.98
10.19
9.76
10.30
8.95
10.59
11.36
10.64
10.20
9.85
9.41
9.96
9.68
9.37
10.44
10.60
9.52
9.32
11.35
8.68
10.12
10.23
11.01
9.88
9.45
10.13
10.39
10.40
9.37
9.93
11.09
9.73
9.20
8.72
9.00
10.29
9.77
10.22
9.65
9.14
10.03
10.58
10.32
9.83
9.68
9.16
10.04
10.58
10.91
9.92
9.40
10.12
9.66
10.06
8.85
10.58
9.46
9.87
10.24
8.92
11.21
9.50
9.60
10.11
9.77
9.27
8.77
10.70
10.62
11.13
9.14
10.99
9.73
