9.51
9.46
8.69
8.79
8.90
9.23
9.77
9.96
9.63
10.31
8.70
10.97
11.35
9.98
9.42
10.44
9.37
10.83
10.91
8.82
8.73
9.40
9.91
10.37
8.84
10.06
10.82
10.59
10.00
11.72
9.60
10.16
10.58
8.87
9.61
9.38
9.97
8.99
9.40
8.24
8.89
8.68
8.73
9.39
9.90
10.23
10.44
9.65
10.18
10.60
11.42
9.15
9.54
10.09
10.16
9.63
9.18
10.12
9.59
10.18
8.69
9.28
9.31
10.65
9.03
9.68
10.24
9.95
9.46
10.46
10.77
9.60
9.07
10.20
10.70
11.07
11.52
9.95
9.44
10.43
9.62
9.06
10.45
10.21
10.69
11.05
11.53
11.30
9.98
9.51
10.44
10.16
10.66
11.03
11.55
11.30
8.98
9.73
10.28
10.93
10.23
10.60
9.01
9.52
8.38
11.23
9.43
10.14
10.31
10.79
9.67
10.07
10.20
10.58
10.71
8.90
10.01
9.49
10.53
10.33
10.55
11.09
9.61
10.18
9.38
8.96
9.68
11.06
9.84
9.87
10.39
9.07
10.10
10.60
9.85
10.32
9.96
9.39
9.37
9.86
10.25
11.25
10.60
9.56
9.19
10.15
10.25
10.73
9.01
9.67
10.51
10.98
10.83
10.86
9.75
10.31
9.84
10.21
9.71
9.46
9.42
10.53
10.71
10.18
8.71
9.84
9.58
10.07
10.65
9.19
9.35
9.55
10.12
10.37
8.71
8.93
10.20
10.60
10.72
11.22
11.46
10.80
9.75
10.24
10.82
10.60
10.58
11.14
11.05
10.59
9.76
10.28
10.98
9.85
10.43
9.87
9.30
10.39
10.90
10.32
8.77
9.95
9.37
9.18
9.69
10.23
10.81
9.90
10.09
9.50
8.99
9.31
10.43
10.91
10.03
9.51
9.18
10.30
9.13
9.66
10.80
10.22
9.78
10.36
10.93
10.93
9.84
10.36
9.71
10.19
8.97
9.42
9.86
10.44
10.95
11.15
10.45
9.42
8.92
8.53
11.16
9.87
9.30
10.06
9.40
8.49
10.57
9.69
9.16
9.93
10.35
10.60
8.81
8.52
9.88
9.34
10.44
11.06
11.53
11.55
9.36
9.92
8.88
8.44
10.26
10.60
10.24
9.67
9.77
9.35
9.19
9.89
9.29
10.13
11.28
9.94
9.41
8.74
10.13
9.84
8.39
8.94
8.74
10.00
9.46
9.38
9.96
10.96
10.01
9.19
9.70
8.50
8.83
9.87
10.11
10.59
10.33
10.88
10.51
11.00
11.53
11.38
11.10
9.50
10.06
10.39
8.62
9.01
9.69
9.75
9.17
10.24
11.56
9.41
9.18
8.64
9.79
11.24
9.10
10.64
9.68
10.21
8.61
9.08
9.17
9.63
10.20
9.72
10.81
10.24
11.28
10.93
9.93
9.41
10.09
9.18
9.70
10.27
9.34
8.32
8.79
9.90
10.59
10.29
10.93
8.70
9.87
8.32
8.69
8.87
9.29
8.31
8.69
8.87
9.40
9.47
8.94
9.87
10.09
9.48
8.45
10.29
10.02
10.86
10.62
9.92
11.40
9.71
10.68
10.10
10.91
11.36
9.87
10.33
10.71
10.39
11.62
10.40
11.04
10.62
11.18
9.73
10.26
9.74
8.83
9.03
9.41
9.92
9.38
10.19
10.65
10.10
11.01
10.13
8.69
9.74
10.67
11.02
9.40
9.64
10.12
10.59
8.81
10.67
9.74
9.40
10.29
11.28
10.50
11.14
11.52
8.53
11.29
9.40
10.05
10.60
10.38
8.98
9.58
10.16
8.91
9.81
10.62
10.12
10.90
9.78
10.35
9.81
10.34
10.39
10.04
9.08
9.44
9.33
10.51
11.10
10.79
9.11
9.61
10.14
10.39
8.60
9.74
10.23
10.65
10.69
10.94
11.35
10.44
9.88
9.38
9.97
10.52
9.05
9.63
10.22
9.59
10.25
9.40
9.66
10.06
10.63
9.04
9.32
9.84
10.23
10.62
10.33
10.91
10.09
9.33
9.84
11.78
11.19
10.05
10.60
9.80
9.89
10.21
10.60
8.96
8.95
9.54
9.39
10.58
9.02
9.67
10.22
11.41
8.38
10.48
10.43
9.71
9.19
10.25
9.71
8.51
10.35
9.72
8.80
10.30
10.64
9.67
11.55
10.25
10.35
9.38
9.40
10.18
10.61
8.44
8.88
10.15
10.65
9.15
9.65
9.40
10.29
10.60
11.51
8.66
9.34
9.89
8.43
11.00
9.22
8.31
9.71
10.07
10.58
10.27
9.44
9.96
10.77
9.66
10.34
11.41
10.10
10.53
9.04
9.48
10.38
9.88
10.96
10.37
10.18
9.81
9.38
9.80
11.15
8.32
8.68
8.84
9.40
9.40
9.93
10.24
10.30
9.41
11.02
10.11
8.72
10.10
9.93
9.39
10.08
9.57
10.62
10.74
10.64
9.92
9.36
10.47
11.37
9.54
10.17
10.02
9.28
10.64
9.45
10.51
10.00
10.56
10.72
11.09
10.92
10.97
10.84
9.71
9.46
9.40
9.08
8.88
10.16
10.74
11.22
9.73
9.96
10.53
9.72
9.20
9.88
10.37
10.95
9.63
9.08
9.10
9.34
10.09
10.42
11.00
9.43
9.02
11.20
9.59
10.10
10.63
9.71
9.42
10.29
10.63
8.56
9.31
9.39
9.73
10.20
10.76
11.11
8.85
9.41
9.95
10.55
9.67
9.68
10.25
9.83
9.70
8.78
11.47
10.04
10.39
9.23
9.72
10.29
10.68
11.16
10.26
10.04
9.21
9.73
10.30
11.16
10.15
9.84
9.40
10.27
8.41
9.39
9.86
8.73
9.06
9.45
9.60
10.08
10.24
9.32
11.16
9.01
9.37
8.15
9.38
9.56
9.73
10.20
10.59
10.89
11.20
9.30
10.36
10.57
10.92
11.39
11.43
11.79
10.64
10.91
11.37
11.42
11.80
9.32
8.96
9.55
8.67
9.15
9.01
10.11
9.58
10.73
10.60
10.74
10.31
10.76
11.25
11.36
10.67
10.31
10.76
11.24
11.34
9.07
9.66
10.23
9.63
11.05
8.78
10.06
10.46
9.53
9.90
10.40
9.26
8.88
9.61
10.05
10.36
10.84
11.28
9.81
10.38
9.30
8.89
9.64
10.07
10.33
10.82
11.28
9.81
10.34
9.32
8.90
9.69
10.22
10.75
11.28
10.92
9.82
10.32
11.28
9.32
8.90
9.68
9.87
9.40
9.76
8.52
9.59
10.13
9.75
10.34
10.72
10.90
9.94
10.31
8.93
11.13
9.66
10.23
10.23
10.10
9.77
10.60
10.95
9.91
9.40
9.18
9.75
10.20
8.86
8.52
9.43
10.02
10.45
10.94
9.22
9.78
10.14
10.36
10.60
11.18
10.95
10.08
9.53
10.06
10.62
8.59
9.46
11.19
10.32
10.59
10.82
11.42
9.06
9.66
9.99
9.65
9.19
9.74
10.21
9.37
9.86
10.13
8.66
11.10
9.41
9.36
8.82
8.42
8.70
9.12
9.40
9.40
9.28
9.00
8.24
8.66
8.76
9.76
10.06
10.89
10.27
10.60
11.05
10.60
11.39
11.14
10.05
10.31
11.07
10.47
10.15
10.68
10.78
10.40
9.99
9.84
10.92
11.08
9.99
11.08
11.45
11.86
11.51
10.60
10.62
11.05
10.16
9.63
9.41
10.59
10.47
8.60
10.13
9.70
11.17
9.78
10.37
10.57
10.02
10.06
9.32
9.41
8.98
8.65
10.08
8.94
9.50
10.09
8.74
9.79
10.14
10.60
9.76
9.36
9.78
8.70
10.27
10.84
10.60
9.99
9.40
10.38
9.30
9.88
10.41
9.62
10.18
9.09
9.91
9.29
10.28
9.54
8.99
10.09
10.68
9.26
9.80
10.58
10.30
9.06
9.42
8.95
10.00
8.61
8.34
8.44
9.14
9.68
10.25
10.73
10.93
9.73
10.17
10.59
11.28
8.96
9.00
9.49
9.83
10.15
10.60
10.00
9.40
9.56
10.26
10.75
8.99
8.83
9.40
11.53
9.65
10.20
8.93
9.37
10.09
10.14
8.33
9.86
8.78
11.10
10.11
10.50
11.08
10.36
9.41
8.36
8.91
10.32
9.53
10.09
9.74
10.14
10.59
9.74
10.18
10.51
9.39
10.26
9.72
10.82
10.87
9.67
9.00
9.32
9.36
10.34
10.67
10.61
9.09
9.67
10.62
10.01
8.58
10.08
9.61
10.49
10.15
11.02
9.04
10.92
9.63
9.90
10.34
9.46
9.96
10.43
9.06
9.59
10.07
10.66
9.73
10.27
9.06
9.63
10.10
10.67
10.82
9.78
10.18
9.83
10.16
9.18
9.74
9.36
10.04
10.62
10.64
11.08
11.14
9.08
9.66
8.65
10.60
10.19
10.49
10.56
9.60
9.57
10.15
9.26
8.73
9.72
8.92
10.58
11.03
9.85
10.06
10.60
10.76
9.75
11.09
11.36
9.40
11.05
9.98
10.47
8.81
9.92
9.42
10.46
9.40
10.01
10.45
11.15
9.99
8.74
10.22
10.49
10.62
9.11
9.70
10.07
10.56
10.99
10.81
11.20
9.25
9.77
10.33
9.44
8.98
8.62
8.29
8.96
10.89
9.84
10.32
10.16
9.70
9.24
10.61
9.00
8.50
10.00
9.48
10.46
10.96
9.32
9.91
10.43
10.93
10.83
11.31
10.87
10.96
9.88
10.46
9.27
9.55
8.98
10.04
10.62
11.06
9.55
10.02
10.56
10.63
11.01
9.83
8.91
9.47
8.97
9.61
8.91
9.47
8.97
10.02
10.05
10.60
9.16
10.97
11.46
9.70
10.04
10.41
9.79
9.34
10.85
9.87
10.34
9.41
9.89
10.44
8.99
9.47
9.82
10.25
10.82
11.37
11.03
8.48
9.00
9.60
9.78
10.12
10.31
9.04
9.52
9.07
9.80
10.37
10.95
10.70
11.00
9.70
10.28
10.92
9.63
9.83
10.50
9.22
9.11
9.44
9.96
10.25
10.83
11.26
10.89
9.79
10.27
10.66
9.58
9.37
9.67
9.40
10.20
10.58
11.33
8.72
8.68
9.51
11.10
9.56
9.82
9.99
10.47
10.17
10.59
10.76
8.84
9.85
11.48
10.40
9.50
10.02
10.82
9.90
8.96
8.87
9.54
10.36
10.94
11.47
11.38
10.24
9.65
10.22
10.71
10.86
9.78
10.31
8.97
10.27
10.64
10.71
10.91
11.40
9.87
10.36
10.43
10.81
10.67
11.05
11.58
11.39
9.55
9.23
9.39
10.11
10.32
9.41
10.38
10.60
8.66
9.95
9.40
10.50
10.71
10.98
10.40
10.31
9.95
9.65
11.17
8.92
10.29
9.54
9.40
10.75
11.08
10.06
9.40
9.81
9.38
9.80
10.15
10.61
9.32
9.06
8.64
9.88
10.97
10.42
11.50
11.09
9.57
10.13
10.71
9.35
9.08
8.65
9.90
10.98
10.43
11.52
11.07
9.06
11.27
9.58
9.82
10.14
9.54
11.10
10.62
10.64
9.08
9.62
10.18
10.71
9.10
9.67
10.18
11.15
10.55
9.70
10.20
10.68
9.33
9.41
9.74
10.31
10.87
9.54
9.77
10.69
10.94
10.08
9.64
10.64
9.33
9.86
9.55
10.41
10.97
9.27
9.40
10.92
9.84
10.32
9.39
9.80
10.12
10.71
10.88
10.98
9.39
9.17
10.25
9.71
9.40
9.95
9.60
10.52
11.00
10.73
10.00
9.70
9.31
10.57
11.14
11.82
9.80
10.27
10.61
9.30
9.79
10.32
8.74
10.59
10.84
11.65
9.42
9.53
9.54
10.07
9.21
9.78
9.23
9.86
11.17
9.62
10.10
10.14
10.60
9.91
10.15
10.70
9.44
10.02
10.60
11.13
11.56
10.07
10.65
9.45
10.02
10.60
11.13
11.57
10.04
10.63
9.45
11.60
11.21
10.75
11.01
9.84
9.30
9.09
9.84
10.43
10.11
9.90
10.34
9.44
9.20
10.00
10.55
11.09
11.45
11.07
9.40
9.97
9.32
10.89
8.89
8.46
9.83
10.33
9.56
10.34
9.91
11.06
9.63
9.03
8.70
9.60
10.17
9.75
10.18
9.61
10.14
9.09
8.71
9.30
10.42
9.87
9.66
10.19
9.13
8.74
9.32
10.43
9.89
10.71
11.00
10.60
9.79
10.32
11.32
10.22
10.85
10.58
10.07
10.62
10.13
9.38
9.68
9.60
10.25
10.61
10.99
11.45
11.17
9.51
10.10
8.84
8.90
9.21
9.62
10.19
10.39
10.82
10.05
8.85
8.91
9.22
9.62
10.19
10.37
10.81
10.06
8.85
8.91
9.24
9.64
10.20
10.36
10.81
10.07
9.49
8.87
10.25
10.58
10.78
9.05
9.65
9.86
10.41
8.92
9.72
9.92
10.49
11.51
9.06
10.86
10.59
11.73
9.40
9.86
9.33
11.14
9.63
10.18
10.54
8.96
9.52
10.02
10.53
8.82
9.36
8.74
9.33
8.55
8.30
8.46
9.13
10.81
10.10
10.60
11.26
9.89
11.09
9.38
10.03
10.49
9.24
10.30
9.82
10.70
10.80
9.76
10.09
10.60
9.90
9.05
10.11
9.75
9.40
10.56
11.14
10.01
9.50
8.94
10.46
9.63
10.21
9.72
9.14
10.16
10.72
10.74
9.92
9.34
10.41
9.53
9.87
10.40
10.63
9.23
11.15
9.28
8.88
8.51
9.82
10.33
10.55
9.89
9.50
9.02
10.37
10.75
10.87
10.88
9.73
10.31
9.92
9.89
9.55
10.86
10.27
10.21
9.63
10.08
10.57
10.64
11.14
9.17
9.14
9.69
10.27
8.86
9.68
9.10
9.61
8.85
9.68
9.10
9.74
9.26
8.44
9.62
9.90
8.80
9.38
9.06
9.95
10.32
9.89
10.28
10.30
9.40
8.46
9.49
10.53
10.86
11.10
10.23
9.92
10.41
10.76
11.09
9.15
10.22
9.71
11.16
9.72
9.81
9.50
10.07
9.80
10.25
10.50
10.59
11.44
8.97
10.65
9.41
9.04
9.62
8.10
9.59
10.13
10.47
11.39
9.43
8.72
8.72
9.76
10.16
9.34
8.78
8.72
9.90
10.46
11.05
10.94
9.90
9.40
10.16
10.49
10.90
9.37
9.88
10.15
8.92
10.06
9.49
10.46
10.91
9.42
9.93
10.13
10.62
9.01
10.22
10.74
9.98
10.53
10.95
11.40
11.17
9.56
10.00
10.57
9.72
10.30
11.08
10.64
9.72
10.25
9.80
9.75
10.17
9.40
10.98
9.58
10.03
8.63
9.11
9.65
10.17
9.38
8.87
10.57
9.39
9.65
10.10
10.67
11.39
9.61
9.27
10.18
9.24
8.90
8.46
9.77
10.32
10.60
8.78
9.65
9.40
10.17
10.50
11.26
10.12
8.90
9.82
9.51
9.26
9.38
9.93
10.25
9.52
9.04
9.28
9.96
10.39
9.70
9.24
8.73
8.40
10.24
10.82
11.13
9.57
9.99
10.46
10.89
10.64
9.62
8.84
10.91
11.05
9.14
10.59
11.12
11.30
11.75
10.21
9.72
9.50
9.17
9.94
9.40
10.37
10.63
10.95
8.89
9.98
10.34
9.79
10.33
10.19
9.82
9.39
10.92
9.20
8.84
8.63
9.48
9.16
9.70
10.60
10.28
9.68
8.74
10.27
10.48
9.73
9.14
10.07
11.01
9.46
8.45
10.02
10.35
10.65
9.45
8.94
9.75
10.51
10.31
9.50
9.07
10.07
10.27
10.71
9.52
9.78
11.09
9.27
9.64
10.23
9.18
8.77
9.71
10.30
10.89
9.91
10.94
10.24
10.35
9.43
10.39
9.60
9.12
9.23
10.13
8.61
8.47
9.59
9.01
10.17
10.54
9.64
9.14
9.27
10.18
10.34
11.20
10.76
10.33
9.41
8.73
8.51
8.95
9.65
9.12
8.80
8.47
8.30
9.22
9.72
10.60
9.91
10.50
9.44
10.90
11.24
10.27
10.53
9.30
9.78
10.34
10.93
10.91
11.25
10.47
10.92
11.27
8.94
9.53
10.06
10.53
10.56
11.00
11.28
9.69
8.95
9.52
9.88
10.21
9.65
9.21
8.97
10.14
9.41
9.97
10.50
10.75
11.21
10.50
10.76
11.02
11.22
10.25
9.22
9.60
10.09
8.78
9.61
10.75
11.13
11.47
11.20
10.70
10.58
8.81
11.03
9.94
9.38
10.18
11.16
11.42
11.82
10.41
10.17
9.46
10.02
8.62
9.84
10.21
10.12
10.60
9.78
11.13
10.02
10.37
10.96
11.47
9.80
10.72
11.24
10.23
11.17
9.83
9.41
9.80
10.39
10.80
11.10
10.33
9.37
9.64
9.00
8.56
8.80
9.26
9.79
9.42
9.70
10.62
9.02
9.73
10.15
11.47
8.69
10.14
9.79
10.36
10.84
10.60
9.57
9.93
10.51
8.81
11.52
9.48
11.03
10.60
9.65
8.98
9.42
9.80
8.98
9.94
10.45
11.00
10.82
11.23
9.79
10.34
9.42
9.16
9.94
10.63
11.20
10.51
10.21
9.89
11.22
9.97
9.56
9.40
10.93
9.34
9.88
10.31
9.61
10.19
8.84
10.16
10.00
9.63
10.83
9.03
9.58
10.09
10.60
9.41
11.36
10.60
8.74
9.85
9.34
10.18
10.56
9.40
8.66
9.65
10.24
10.34
10.11
9.68
10.52
10.90
10.75
10.94
9.85
9.38
10.35
8.82
11.02
10.45
9.89
11.00
9.32
10.45
9.88
10.23
9.46
8.89
9.93
10.99
9.68
10.65
10.16
9.68
9.36
10.79
10.22
11.14
10.24
9.85
9.25
10.81
10.88
10.14
8.93
10.60
10.09
9.76
10.30
10.06
10.54
10.92
11.39
10.34
10.87
11.83
9.82
9.90
10.38
10.81
9.28
9.57
9.35
10.08
10.66
9.53
9.08
8.66
9.56
10.10
9.08
9.41
8.79
10.31
10.54
10.87
11.12
8.47
9.53
10.05
10.55
9.70
10.32
11.12
9.83
10.42
10.84
11.07
10.35
10.82
11.05
10.35
10.82
11.05
10.28
10.19
9.81
10.33
10.66
10.96
10.11
10.56
9.03
10.61
10.94
9.40
10.80
9.82
10.33
10.89
11.12
11.65
11.36
10.23
10.33
10.88
11.09
11.66
11.36
9.67
9.12
9.80
10.25
10.45
10.86
11.02
8.45
10.05
9.23
9.79
8.53
8.88
9.29
9.43
9.99
10.27
10.60
9.05
11.24
9.14
8.23
10.25
9.33
9.71
10.11
10.60
8.67
8.92
11.42
9.49
10.94
9.93
10.42
10.35
10.81
11.38
11.00
8.94
10.31
9.54
10.00
10.32
10.74
9.94
10.26
10.44
10.11
11.18
9.76
9.25
9.40
10.60
8.60
9.98
10.11
10.67
10.02
9.54
11.05
10.21
10.45
9.98
9.41
11.19
9.55
9.40
8.56
8.90
10.00
10.36
10.89
10.61
11.07
11.26
10.76
11.46
11.80
10.28
9.40
9.84
10.07
9.55
9.40
9.16
10.10
10.26
8.46
9.93
9.59
10.39
11.20
9.92
9.37
10.34
10.61
9.16
9.74
10.25
11.31
8.76
9.30
9.82
10.08
10.59
9.12
11.03
9.75
10.30
10.43
9.39
8.44
11.28
10.02
9.34
9.90
10.18
9.62
11.07
9.32
8.92
8.39
8.72
10.64
10.33
9.77
9.46
10.05
11.15
10.08
9.60
9.03
10.60
10.95
9.80
10.37
9.36
9.94
10.44
10.85
10.17
9.83
10.58
11.11
11.05
9.52
8.63
8.94
10.11
11.04
10.56
9.11
10.18
9.63
9.71
9.85
10.19
9.40
9.11
8.70
8.42
9.23
9.80
9.28
10.61
9.01
8.75
8.46
9.52
10.03
10.20
10.21
10.80
9.80
9.31
10.37
10.64
11.63
8.45
9.63
9.97
9.65
10.18
10.63
9.29
9.01
11.17
10.04
10.61
11.44
9.86
10.43
9.48
9.00
9.95
10.51
10.89
11.07
9.90
10.49
8.94
9.40
9.59
9.02
11.05
8.85
8.41
8.04
8.73
9.68
10.23
10.49
9.69
9.24
8.95
9.72
9.75
11.12
9.19
8.93
10.04
10.53
9.71
10.30
10.06
10.64
9.40
11.22
9.76
9.17
11.16
9.94
9.62
9.15
8.61
9.41
10.48
9.02
9.60
10.14
9.04
9.63
9.71
10.28
9.27
8.77
9.60
10.10
10.67
11.06
9.14
9.66
10.23
11.10
9.92
9.97
10.12
10.63
9.84
9.95
10.34
10.80
10.23
9.40
9.67
10.02
10.60
11.62
9.22
9.81
10.27
9.08
10.07
10.63
9.92
8.87
9.47
11.19
9.09
8.58
8.93
10.03
10.59
9.43
9.99
11.13
9.26
8.80
9.45
9.77
10.32
10.60
10.07
10.65
8.87
10.95
11.48
10.12
9.78
11.16
9.73
9.38
9.31
10.12
8.78
10.97
9.40
9.92
9.81
9.28
10.30
10.69
11.18
9.53
10.27
9.73
10.58
9.73
9.99
10.55
10.73
9.03
11.60
9.86
9.39
10.94
10.35
9.86
10.37
8.75
9.87
10.72
10.95
9.41
10.16
9.94
9.46
10.97
9.08
9.67
9.08
8.44
9.17
8.78
10.11
10.63
9.82
10.18
10.60
9.93
9.81
9.37
10.33
10.10
8.81
9.52
8.96
9.39
10.68
10.98
10.64
9.60
10.09
9.13
8.62
9.68
10.23
10.75
9.15
9.69
10.84
10.29
9.77
9.28
9.00
9.59
8.81
10.10
10.67
8.79
9.77
10.30
9.33
9.77
10.28
9.95
9.34
9.78
10.29
11.10
9.99
9.59
8.86
9.69
10.15
9.95
9.41
10.43
9.12
9.72
8.30
9.70
10.13
11.05
10.56
9.47
9.90
10.47
10.86
11.42
11.62
10.19
10.36
10.78
9.93
8.52
9.04
8.83
9.57
10.13
9.44
10.00
10.77
10.39
8.52
10.25
9.63
10.11
10.15
10.59
8.95
9.52
8.68
9.78
10.21
11.31
10.14
10.60
9.51
9.57
10.06
11.17
10.38
10.57
8.97
9.64
9.08
10.21
10.95
11.39
10.96
9.81
10.38
10.93
9.83
10.40
10.16
9.89
10.24
9.06
10.65
9.91
11.51
10.92
9.45
9.90
9.41
10.33
9.00
9.47
9.84
10.41
8.80
10.79
11.03
9.95
9.40
9.74
10.29
9.52
9.69
11.02
8.69
9.43
9.79
10.07
10.58
10.68
11.05
11.46
10.27
10.74
9.50
9.38
10.21
10.84
11.41
9.73
10.01
10.59
8.87
10.82
11.66
10.45
9.85
10.19
9.38
9.17
10.95
8.48
9.52
9.96
10.37
11.01
9.97
8.97
9.56
8.69
9.20
9.07
9.66
8.73
10.13
10.60
9.96
9.52
9.80
10.27
10.62
10.92
10.31
9.86
11.00
9.40
10.88
9.76
9.24
10.30
9.03
8.66
8.91
8.33
9.40
8.73
8.32
9.84
10.21
9.40
9.18
8.35
9.60
10.73
10.15
9.32
10.08
9.87
9.53
10.10
10.65
10.12
9.44
9.54
10.62
11.89
9.18
10.46
10.54
8.49
10.12
9.90
9.64
9.29
10.31
10.63
8.66
10.20
9.68
10.79
9.25
10.20
10.80
8.90
9.27
9.85
10.28
10.87
9.41
9.25
9.73
10.30
8.93
8.51
9.44
10.01
10.60
11.03
9.30
9.78
8.93
8.52
9.46
10.02
8.75
8.75
10.93
9.96
9.39
9.67
9.13
8.54
8.97
9.36
8.86
10.59
9.96
9.64
8.59
9.00
8.97
9.59
11.32
9.94
9.12
9.66
10.23
10.22
10.16
10.60
11.37
10.60
10.48
10.89
9.84
10.42
10.97
9.86
10.02
10.54
9.34
9.21
9.86
11.64
9.89
10.06
9.40
9.23
8.80
8.54
11.04
8.84
9.41
9.42
9.93
8.94
8.60
9.51
10.10
9.96
9.41
9.59
9.91
10.05
10.63
10.69
11.55
8.60
10.28
10.87
9.17
11.01
10.81
11.26
11.50
11.99
9.96
10.40
10.87
8.90
9.48
9.77
11.28
11.50
8.65
10.08
10.74
10.40
10.60
10.50
11.22
11.06
11.63
11.38
9.62
9.53
10.09
9.11
8.85
10.10
9.59
10.49
9.56
10.03
9.14
8.85
10.12
9.61
10.50
9.64
10.02
10.59
10.60
11.04
11.53
11.95
8.83
10.92
10.05
10.34
9.68
9.34
9.38
8.99
9.91
8.28
10.74
9.84
10.06
10.58
8.71
9.93
11.21
9.87
9.06
9.35
9.68
9.40
9.36
9.85
10.26
9.07
8.72
9.52
10.07
10.00
10.59
10.80
10.04
10.60
8.76
9.74
9.38
9.39
8.60
9.19
9.76
10.31
10.56
9.71
10.28
9.15
9.69
10.27
10.68
11.24
10.24
10.80
10.60
9.84
9.28
9.30
10.07
10.58
9.93
9.00
8.64
8.78
9.48
11.35
9.67
9.97
10.47
9.42
10.56
10.25
9.24
8.67
9.83
11.11
9.63
9.98
10.70
9.39
8.83
8.94
9.98
9.66
10.14
10.73
11.10
10.50
10.09
9.95
9.38
10.56
9.21
9.78
10.34
10.69
9.70
8.54
9.35
10.03
9.85
9.23
9.80
8.87
10.36
10.89
9.55
8.96
10.64
10.12
10.18
10.74
9.93
9.34
10.51
10.26
9.74
10.34
9.51
9.31
9.00
10.07
10.61
10.80
11.11
9.75
10.34
9.54
9.38
9.01
10.10
10.65
10.80
11.11
9.71
10.28
10.83
8.88
9.66
9.04
9.40
9.58
10.12
10.13
9.09
9.46
10.03
10.63
11.22
11.40
11.22
10.80
8.62
9.73
10.09
10.58
8.97
10.15
9.72
9.65
10.16
10.50
10.74
9.15
9.20
9.40
9.79
11.45
9.02
9.24
9.56
9.92
11.02
10.45
9.94
9.88
9.01
9.30
9.62
10.19
9.88
9.88
9.42
10.52
9.22
9.56
8.33
9.08
8.78
8.65
9.67
10.22
11.01
10.43
10.19
9.81
9.40
9.83
10.30
10.39
9.58
9.22
8.97
9.48
10.07
11.24
10.11
9.25
10.11
10.59
8.39
9.61
11.55
8.93
11.02
9.43
9.99
9.84
10.41
10.05
10.67
10.55
10.42
10.28
9.82
10.44
11.16
9.74
10.18
10.60
10.81
9.87
10.34
11.20
10.13
11.99
9.22
11.37
9.40
9.78
10.25
9.56
9.50
9.97
8.78
9.80
10.26
10.60
10.70
9.88
10.07
9.45
9.38
10.89
11.41
11.29
11.70
10.30
9.76
9.49
9.92
9.69
9.36
10.27
10.48
10.74
11.00
10.60
9.40
10.12
10.70
10.17
9.44
9.78
10.66
9.06
10.43
10.66
10.97
9.94
9.39
10.05
8.80
10.60
9.42
9.91
8.94
9.53
10.09
11.13
10.59
9.74
10.22
10.82
10.07
11.99
9.59
10.40
10.97
11.39
10.45
9.99
9.45
11.06
9.94
10.47
10.29
10.77
11.59
10.76
9.76
10.12
11.11
11.63
10.03
10.36
9.70
9.40
9.23
8.68
10.80
11.12
10.25
9.83
9.40
9.88
9.07
9.57
10.38
9.39
8.88
8.44
9.97
10.56
11.14
11.05
10.14
9.25
9.81
11.05
8.38
9.98
9.69
9.18
10.60
9.85
10.42
10.37
10.96
10.80
11.16
11.58
11.34
9.70
8.51
10.21
10.60
9.69
10.02
10.38
10.63
9.51
10.00
8.65
9.32
9.35
11.35
10.85
8.22
9.79
10.17
8.79
9.44
10.03
9.40
10.03
10.59
9.67
10.24
10.60
9.52
10.06
10.62
10.82
11.28
8.86
9.15
10.55
9.46
10.04
10.54
10.45
9.64
11.03
9.40
9.72
10.31
8.63
9.84
9.13
10.16
10.60
9.40
9.74
10.16
10.60
8.74
10.64
11.19
11.46
11.15
9.51
10.07
10.54
9.02
8.54
8.79
9.80
9.53
10.38
9.40
9.58
10.12
9.71
10.28
11.27
8.73
9.59
9.89
10.23
9.40
11.05
8.49
9.57
10.09
10.11
10.69
10.89
11.28
9.84
10.37
8.78
8.45
8.71
9.91
10.26
10.74
9.29
9.74
9.99
10.54
10.94
11.34
11.11
9.95
9.76
10.51
9.34
9.35
9.40
11.31
9.12
10.97
8.37
9.56
9.95
10.39
9.70
10.14
11.17
9.28
9.47
9.14
9.69
10.16
8.58
9.71
10.15
9.23
10.88
8.93
10.58
10.15
9.52
10.00
10.37
8.91
10.01
10.49
11.03
10.43
10.07
9.80
9.39
9.39
9.74
9.16
10.21
10.81
9.58
9.24
10.39
10.88
10.05
8.76
11.24
10.06
8.99
8.57
9.56
10.55
10.75
10.87
10.41
9.92
10.42
9.44
8.78
10.13
9.67
9.40
9.61
9.16
10.62
9.22
8.17
8.93
9.25
9.79
10.15
8.94
8.66
9.38
9.87
10.43
10.98
11.05
9.91
8.94
9.53
9.20
8.70
9.05
9.60
10.11
10.04
10.60
9.06
9.66
9.71
8.88
9.35
9.76
10.33
9.13
9.66
10.12
10.68
9.52
9.84
10.37
8.70
8.91
9.28
9.54
10.08
10.62
10.96
11.44
10.33
10.61
9.65
9.93
11.41
8.74
9.24
11.04
9.40
10.47
10.06
9.27
9.85
8.46
8.90
9.93
9.44
10.21
9.31
9.89
10.16
10.39
8.49
10.03
9.58
11.19
9.78
9.42
9.06
10.02
10.46
10.25
10.01
9.65
11.03
10.39
10.60
9.58
9.21
8.84
9.14
9.83
9.65
10.37
11.61
8.88
9.99
9.68
9.29
10.26
10.81
9.78
10.16
9.88
10.47
9.02
9.57
9.20
9.92
9.60
10.48
9.75
10.12
9.27
8.76
9.03
9.79
10.37
10.94
11.46
9.82
10.36
9.84
10.34
9.97
9.40
9.31
8.61
9.41
8.88
10.15
9.43
9.93
8.68
8.95
8.91
9.38
10.86
9.52
9.51
10.02
8.69
9.18
8.96
9.75
10.60
9.63
10.17
10.68
11.29
9.76
10.27
9.87
10.39
9.19
9.21
9.33
8.60
10.59
9.54
9.99
8.99
10.57
9.58
10.04
9.61
10.05
10.61
9.60
9.73
10.28
10.59
9.70
10.30
9.17
9.76
9.17
10.72
11.17
10.31
10.95
9.78
10.35
9.36
9.24
9.39
9.95
10.43
8.79
10.68
9.11
9.41
8.17
9.41
10.80
9.89
10.27
9.56
10.06
10.45
9.62
9.97
10.55
11.00
10.83
10.54
10.59
11.84
9.34
9.92
10.25
10.79
9.43
10.02
9.42
10.38
9.93
9.76
10.29
10.77
9.91
9.38
10.50
9.97
9.61
9.31
10.20
10.62
9.23
9.77
10.37
10.85
9.36
9.47
9.89
10.56
8.55
10.23
10.76
10.79
10.60
9.74
9.25
8.89
9.67
10.04
9.24
8.92
9.74
10.08
10.65
11.05
11.43
10.59
9.74
10.25
10.73
9.25
8.91
9.75
10.09
9.68
10.64
11.04
11.41
9.78
10.29
10.73
10.10
10.63
11.02
11.40
10.25
10.67
10.07
10.62
11.01
11.39
9.42
10.21
10.53
9.52
9.10
10.04
8.80
9.21
8.35
8.61
9.55
10.06
10.59
11.39
9.74
9.26
10.32
8.33
9.55
10.57
9.23
9.81
10.12
8.91
8.41
8.69
9.13
9.59
9.99
10.54
9.34
8.91
8.41
8.70
10.01
8.92
9.16
9.60
9.40
9.59
8.42
9.04
9.88
10.45
8.78
8.53
9.25
9.73
10.17
8.99
8.65
9.83
9.49
10.25
10.80
10.88
10.10
9.77
10.22
10.14
9.71
10.70
10.76
10.59
11.25
9.37
9.41
9.41
8.98
8.58
8.29
8.99
9.10
9.52
9.97
10.43
10.37
10.68
8.37
11.05
9.56
10.09
11.06
9.62
9.80
9.67
10.18
9.57
9.93
10.38
8.95
9.11
9.93
10.30
10.81
10.60
10.43
9.92
10.20
11.22
9.37
9.96
10.48
10.34
9.93
10.49
10.91
10.99
10.86
10.26
9.01
9.58
10.13
9.22
8.89
9.72
9.08
9.62
10.20
8.80
10.40
9.75
10.26
10.80
10.96
11.24
9.10
9.63
10.21
9.66
9.99
10.55
10.60
10.80
11.41
9.40
10.43
10.46
8.76
9.83
9.39
10.45
10.85
11.19
9.79
10.25
8.85
10.20
10.60
9.79
10.19
9.06
9.88
10.38
10.72
10.97
10.37
10.95
9.93
9.40
11.29
11.61
10.86
8.77
10.93
9.86
10.42
9.29
9.85
10.15
11.07
9.26
8.75
10.00
10.42
9.79
8.85
9.20
10.10
10.69
9.37
9.96
10.53
11.02
10.18
10.73
11.14
11.49
10.07
9.77
8.88
10.87
11.12
10.54
10.93
10.82
11.86
11.31
9.89
9.13
9.68
9.89
10.23
9.92
9.62
10.51
10.84
11.24
11.32
11.69
9.87
10.18
8.76
9.65
8.81
8.95
9.51
10.08
9.85
8.81
8.93
9.40
9.45
8.42
9.91
10.20
10.64
9.62
9.47
9.14
9.00
10.02
9.68
9.48
9.15
9.00
10.03
10.07
11.33
10.16
10.14
9.68
9.93
8.82
10.99
9.64
10.37
10.60
9.68
10.21
10.77
9.13
9.31
8.94
9.88
10.45
10.71
11.22
11.62
11.30
9.16
9.65
10.21
9.72
10.22
10.60
9.75
9.45
9.87
10.40
10.85
8.81
9.34
8.92
9.73
10.32
11.58
9.88
9.40
9.88
8.61
9.57
10.12
10.23
10.74
10.06
10.65
11.48
10.97
9.78
10.27
10.67
9.68
9.47
8.97
10.06
9.68
10.87
10.85
9.41
10.47
9.88
9.34
10.28
9.29
9.79
9.55
11.21
8.77
10.60
11.70
9.68
8.99
11.13
9.54
10.05
10.58
8.82
9.32
9.84
10.40
9.05
9.64
10.20
11.21
10.96
10.38
11.22
9.67
10.23
10.14
9.01
9.55
10.63
9.72
10.28
8.93
9.40
10.01
9.50
10.25
10.40
11.10
8.66
10.53
10.05
10.62
10.38
9.85
9.94
10.52
10.84
9.65
9.35
11.51
10.07
10.65
9.65
9.22
10.24
10.82
11.34
9.47
9.60
9.36
9.17
8.95
9.74
8.77
10.02
10.44
9.97
10.48
9.10
8.83
10.60
10.61
10.08
8.50
10.46
11.41
9.11
9.70
10.18
10.55
11.02
10.31
9.74
10.65
11.58
9.91
9.37
9.08
8.77
9.53
10.11
10.70
9.36
10.47
9.94
10.05
9.79
8.63
8.40
10.34
10.90
10.64
9.77
9.35
10.36
10.92
10.49
10.66
10.23
9.66
9.71
10.16
10.56
9.70
9.32
10.26
10.79
10.40
10.70
11.26
11.22
10.28
9.56
11.29
11.23
10.60
11.37
10.87
11.22
9.87
10.42
9.52
9.42
11.15
9.15
10.06
10.56
11.14
9.17
8.66
10.13
9.69
10.59
9.79
10.35
10.75
8.65
10.36
10.93
11.08
11.37
9.25
9.25
10.56
9.86
10.42
10.98
11.29
10.49
9.88
10.45
11.01
11.30
11.07
9.86
10.44
11.01
11.31
11.07
10.48
9.93
9.89
10.02
9.41
9.48
9.21
9.12
8.85
8.52
9.60
9.33
11.29
10.09
9.14
8.91
8.48
9.44
9.82
10.37
8.53
9.52
9.05
11.26
10.20
8.34
9.33
9.11
10.88
9.92
10.33
9.63
9.17
9.89
10.28
10.01
9.61
9.53
9.90
11.01
8.95
9.55
8.99
10.11
9.12
10.22
9.68
9.02
9.49
8.98
9.96
10.51
10.96
9.61
10.17
9.86
10.43
9.10
9.55
9.01
10.04
10.49
10.93
11.07
9.82
9.71
10.09
10.29
10.83
10.59
9.48
9.40
10.06
10.57
10.97
11.40
11.19
9.54
10.05
8.53
9.64
10.22
10.60
10.01
11.18
8.83
9.40
9.96
10.38
10.60
8.87
11.07
9.98
10.48
9.61
11.02
8.79
9.11
9.49
10.03
10.44
9.61
8.82
9.14
11.19
10.34
9.82
10.19
9.40
9.10
8.83
11.02
9.94
9.40
10.14
9.88
9.29
10.98
8.61
9.14
8.96
9.57
10.09
10.60
8.95
10.03
9.53
11.28
9.05
9.55
10.03
10.60
8.99
10.96
9.91
11.12
9.35
9.92
8.98
8.83
8.58
8.23
10.05
9.87
10.62
10.33
10.90
9.41
9.41
9.96
11.06
11.55
11.36
8.98
9.58
10.13
10.68
10.44
9.99
9.41
9.35
10.46
10.91
10.10
9.77
9.20
10.68
10.04
10.43
9.82
10.35
9.89
9.34
9.72
8.81
9.53
10.07
10.65
9.87
9.28
10.42
10.95
11.11
11.62
9.74
8.97
9.93
10.50
11.42
11.59
10.48
10.84
9.86
10.28
9.05
9.46
10.03
10.51
10.99
9.17
9.41
9.34
9.44
10.01
8.55
9.65
9.21
9.43
9.88
10.33
9.35
9.81
8.48
10.08
10.59
9.55
11.56
9.09
8.68
10.00
10.94
10.35
10.77
11.18
9.64
9.94
10.42
11.14
9.10
8.70
8.76
9.74
10.21
10.15
10.60
9.64
10.21
9.40
11.20
10.08
10.60
8.62
9.50
10.09
11.12
10.53
10.45
9.89
10.13
9.60
9.13
9.42
11.29
8.91
8.51
9.27
9.80
9.91
9.33
9.17
8.53
9.94
9.67
9.93
10.25
10.93
10.58
9.32
10.92
11.24
11.33
11.62
9.91
9.36
9.42
9.15
8.75
8.42
9.22
10.12
10.60
9.89
11.14
10.05
10.55
10.70
11.05
11.32
9.86
9.40
9.93
10.51
10.86
11.22
10.41
9.15
9.68
8.46
9.72
10.23
11.17
9.27
8.93
8.79
8.13
8.64
9.70
10.25
10.18
9.95
9.40
10.03
10.60
8.84
8.84
9.44
9.77
10.20
10.78
9.45
9.83
10.38
10.93
8.99
9.97
10.56
9.87
9.33
10.89
9.30
9.87
10.15
9.48
8.72
10.29
10.83
10.65
10.17
9.60
8.90
11.07
9.93
10.49
9.51
9.10
9.99
9.58
9.36
10.13
10.67
10.15
10.78
9.28
9.84
10.43
10.99
9.20
11.19
9.74
10.32
10.60
9.36
8.37
9.75
10.31
11.16
9.97
9.40
9.62
8.80
9.27
10.20
10.24
10.77
11.14
10.03
10.55
10.04
8.60
9.61
9.77
8.99
9.27
9.27
9.07
9.65
10.24
10.75
11.06
10.47
10.59
10.96
11.74
9.19
10.26
9.76
9.18
9.77
10.10
9.14
8.58
8.35
8.83
9.68
10.19
10.60
11.13
9.98
9.44
9.85
10.29
10.58
11.01
9.93
10.44
9.56
9.39
10.01
11.02
11.55
9.48
9.67
8.68
10.49
11.04
9.11
9.66
10.18
9.77
9.18
8.88
10.24
10.77
9.70
9.81
8.90
10.21
10.60
10.10
9.63
9.91
10.43
10.62
9.41
9.07
9.39
9.49
9.60
10.04
10.56
8.38
9.89
9.41
11.42
9.54
10.22
10.91
10.57
9.42
9.96
9.15
8.63
8.92
9.64
10.22
9.52
10.08
10.38
8.63
10.29
10.81
11.21
8.97
9.56
9.81
10.36
8.81
10.34
10.60
9.99
10.47
10.92
9.09
9.69
10.03
9.91
10.22
10.80
9.91
10.49
11.07
11.60
11.38
10.22
10.79
9.69
11.09
11.38
11.66
9.90
10.50
10.91
10.60
9.68
8.90
10.18
10.74
10.89
9.98
9.88
10.45
10.97
9.53
9.14
10.00
10.77
10.41
11.37
11.83
9.82
10.38
10.47
9.40
9.69
9.15
10.26
9.08
8.59
9.66
10.22
10.71
11.15
10.94
9.83
10.39
9.23
8.77
9.56
10.11
10.70
11.09
10.98
9.87
10.43
9.95
9.40
10.93
9.80
10.31
9.33
9.78
10.11
10.96
10.15
9.72
10.06
10.75
10.57
9.88
10.46
9.39
10.56
9.89
9.46
11.00
9.13
9.60
8.44
10.16
10.02
10.60
9.83
8.99
11.13
10.07
10.53
9.40
9.82
10.37
10.86
11.02
9.86
10.38
10.91
9.37
10.42
9.93
9.78
9.21
10.79
10.34
9.39
9.85
10.31
9.40
9.29
9.80
10.25
8.68
9.55
9.18
10.10
10.62
11.20
10.99
8.96
9.55
9.81
10.25
9.60
10.14
10.59
11.02
9.75
10.19
9.59
10.13
10.58
11.02
8.65
9.70
10.16
11.06
10.60
10.37
10.94
11.78
10.08
9.56
10.62
8.81
9.04
9.85
9.27
10.34
10.83
11.28
10.19
9.62
10.72
8.81
9.34
9.82
10.54
9.68
10.15
8.88
10.54
9.72
10.29
9.67
10.52
8.90
11.08
11.00
10.39
10.14
9.72
9.41
8.61
9.05
11.07
9.40
9.06
9.65
10.33
8.65
8.41
10.39
10.95
11.33
11.66
11.36
9.11
9.93
10.18
8.71
8.47
10.01
9.58
10.00
10.35
10.74
9.02
9.57
10.11
8.56
9.01
8.56
9.60
10.04
8.61
9.50
9.04
9.85
10.37
10.54
9.67
10.17
9.54
9.07
9.87
10.38
10.53
10.59
10.81
11.20
9.79
10.30
9.16
10.06
10.60
9.93
10.39
10.47
9.42
8.84
11.22
9.86
9.63
10.19
9.70
9.30
8.56
8.87
9.10
10.04
10.43
10.61
9.93
9.35
10.29
9.13
9.72
10.77
11.17
10.24
9.89
10.29
10.67
11.02
8.44
10.21
9.62
10.19
9.90
10.59
9.55
9.58
8.70
9.12
10.28
11.35
10.10
9.81
9.25
10.32
10.84
10.58
11.44
10.59
9.94
10.16
9.40
9.47
9.82
10.40
10.54
9.77
9.39
9.42
9.67
10.17
9.75
9.29
10.03
10.57
9.53
8.77
9.82
10.59
9.79
10.28
10.70
9.37
10.51
11.23
8.53
9.03
9.39
10.94
9.01
9.59
10.00
10.35
10.15
9.67
9.90
9.00
9.80
10.39
10.63
9.59
9.38
10.09
10.67
8.97
9.93
9.41
11.03
10.50
11.28
9.30
9.85
10.30
10.60
9.87
9.30
10.37
10.82
9.70
10.15
9.37
9.36
9.78
10.18
10.58
9.50
11.20
9.25
9.53
10.04
10.10
10.60
8.37
11.18
11.50
11.16
9.64
10.19
10.62
10.58
11.44
9.50
9.21
8.34
10.78
8.92
9.51
10.06
10.29
9.52
10.05
8.74
8.99
9.63
9.22
10.16
10.73
10.81
9.63
10.19
8.74
10.67
10.59
10.22
11.22
10.60
11.10
11.58
9.12
11.23
10.14
9.64
9.22
9.81
10.31
10.79
9.83
10.39
9.23
9.82
10.32
10.79
10.99
11.26
11.55
10.60
9.84
10.38
10.94
10.09
10.55
11.01
11.54
11.28
10.28
9.81
8.76
8.96
9.40
10.98
9.83
10.36
10.67
11.00
11.21
8.82
8.93
10.40
9.98
9.42
10.51
11.40
9.87
8.97
9.34
9.18
8.40
8.46
10.24
9.64
10.18
10.70
10.87
10.06
10.61
9.77
10.24
10.76
9.90
10.33
9.77
9.21
9.39
9.75
11.33
10.04
10.06
8.67
9.88
10.42
10.49
9.57
8.76
10.93
9.77
10.34
11.39
9.47
9.99
9.28
8.84
9.67
10.23
10.83
10.92
9.12
9.12
9.70
10.24
10.08
9.71
9.97
9.54
9.00
10.17
10.36
10.79
10.63
9.74
9.41
9.47
8.45
10.06
9.56
10.14
10.20
9.27
9.75
9.29
8.86
8.32
8.65
8.70
9.22
10.18
10.05
10.83
10.59
11.10
10.69
11.25
11.41
11.80
9.35
9.94
8.74
9.07
9.50
10.08
10.67
9.78
9.08
9.50
10.34
10.44
8.69
9.80
10.32
9.40
9.57
9.08
8.70
10.12
10.70
9.65
10.40
10.05
10.62
9.68
9.22
9.89
10.46
10.71
11.23
9.81
9.27
9.04
10.38
9.66
10.21
10.71
9.78
9.18
10.31
10.84
11.18
9.67
9.39
10.19
10.63
8.70
10.99
11.32
9.94
10.47
9.95
10.50
10.93
9.65
9.39
10.23
9.64
10.80
11.16
11.59
9.64
11.28
9.24
9.91
10.16
9.48
9.40
9.99
10.59
10.41
10.94
11.68
10.89
9.09
9.93
9.54
10.46
11.23
10.58
11.53
8.69
9.50
8.93
8.64
10.21
9.44
10.03
9.00
8.68
9.32
9.82
10.36
9.49
10.07
9.82
11.09
10.20
10.37
10.51
10.87
11.34
11.02
10.19
10.34
8.80
9.95
10.51
10.80
11.31
10.95
10.18
10.15
9.41
9.38
8.35
10.02
10.57
10.78
11.31
10.89
8.69
9.13
10.11
9.10
9.69
10.01
8.74
9.86
10.60
10.38
10.87
10.37
9.86
10.30
10.94
11.20
11.43
9.83
10.38
8.74
9.40
9.82
9.52
8.57
9.40
10.07
10.28
10.42
9.41
9.70
9.12
9.39
9.34
9.08
9.50
9.77
10.22
9.08
9.60
10.16
10.73
10.95
11.50
11.23
8.94
8.51
9.63
9.87
10.60
10.37
10.55
10.79
10.12
11.58
10.46
10.97
11.82
9.25
9.40
10.84
10.07
11.15
11.55
9.64
10.03
8.88
8.97
9.36
10.60
10.45
9.88
9.77
10.31
10.71
10.91
9.64
9.94
9.41
8.98
9.33
10.35
10.85
11.53
9.61
9.03
8.50
8.70
10.16
9.66
10.25
9.44
9.01
9.99
10.26
10.82
9.98
10.55
9.41
11.01
10.74
8.73
9.45
10.88
11.46
11.74
10.06
9.49
10.52
10.72
10.10
9.61
9.07
9.36
10.41
10.61
9.52
9.04
9.88
10.29
10.73
9.58
9.15
11.87
9.55
10.46
9.91
9.11
9.48
9.73
10.25
10.73
9.83
9.24
10.78
10.39
8.95
9.54
10.08
10.62
9.72
10.30
9.88
9.88
10.36
9.47
10.06
10.51
11.01
9.16
9.78
10.19
9.50
9.12
9.83
11.04
9.43
8.68
10.22
10.67
11.14
9.18
9.14
9.69
10.25
9.60
10.16
8.92
9.88
9.29
10.43
10.67
10.11
10.01
9.75
9.69
9.51
10.19
10.37
10.53
10.57
9.40
11.63
8.73
9.49
9.40
11.13
11.08
9.48
9.91
10.51
9.90
10.46
11.00
11.07
9.26
9.76
10.30
10.59
8.80
8.50
9.30
11.59
9.26
9.79
10.30
8.83
8.44
11.03
10.09
9.59
9.36
10.22
10.24
8.73
9.92
9.75
9.33
10.24
11.14
9.43
9.76
8.95
9.54
9.73
10.30
9.56
10.58
9.40
9.12
9.70
10.20
10.77
9.70
10.26
9.22
9.40
10.29
11.33
9.88
9.75
9.30
8.77
9.90
9.65
9.44
8.94
10.09
10.59
11.10
9.67
10.25
10.83
10.31
8.76
9.75
10.21
10.29
10.83
10.60
9.16
10.22
9.69
10.82
11.28
9.78
9.08
10.10
10.60
9.79
10.33
10.56
9.60
10.20
9.38
8.89
9.97
10.55
9.66
10.23
9.17
9.42
11.25
10.94
10.35
11.27
9.37
9.01
10.35
9.96
9.62
9.27
8.23
10.48
11.06
8.84
10.10
10.59
10.73
10.56
11.11
11.43
9.76
9.00
10.07
11.19
9.97
9.63
10.48
10.59
9.54
11.31
9.40
9.10
8.73
9.57
10.11
8.76
11.03
10.45
10.86
11.31
11.01
9.92
10.49
9.62
9.24
10.10
9.92
10.01
10.45
9.67
9.25
10.21
10.74
11.26
11.12
9.99
9.40
10.90
9.85
9.31
10.36
9.63
10.10
9.03
10.10
10.59
10.66
9.38
9.95
10.19
10.75
9.92
9.62
10.88
10.27
10.61
9.96
10.54
9.91
9.62
9.18
9.40
10.11
10.66
9.57
10.09
10.65
11.26
10.60
10.31
11.11
9.36
10.53
9.95
10.36
10.81
10.28
9.77
9.18
10.82
8.94
9.86
9.28
10.38
10.92
9.55
10.11
10.58
9.72
9.55
10.29
10.45
10.37
8.77
11.11
9.39
10.54
10.25
10.65
11.83
8.72
10.80
10.95
9.89
10.16
10.69
9.03
9.94
9.41
10.32
9.92
10.45
10.82
8.73
11.71
10.58
11.09
9.83
10.24
11.12
11.51
11.80
9.30
9.89
10.44
9.44
8.91
8.82
10.75
10.79
10.37
9.65
9.58
8.88
9.05
9.63
9.13
9.71
9.30
9.00
9.87
10.24
9.46
9.93
10.52
9.86
11.02
11.29
9.00
9.54
9.16
10.30
10.34
9.37
10.15
9.96
11.17
9.32
10.11
9.84
10.59
10.60
10.66
11.14
11.70
11.49
10.30
8.80
10.20
9.81
10.35
10.68
11.13
9.42
9.54
10.11
9.42
9.87
10.10
8.80
9.58
10.17
10.60
9.07
11.26
9.60
10.15
9.09
9.66
9.81
10.17
9.70
10.23
10.80
10.88
11.12
9.79
10.14
8.85
10.79
10.62
10.85
11.05
9.81
10.33
10.69
11.34
11.20
9.10
10.51
10.47
9.96
9.27
9.24
9.40
11.56
9.00
10.94
9.51
9.79
10.36
9.52
8.23
9.12
9.96
10.51
9.69
9.40
8.97
10.47
10.86
10.26
10.04
9.65
8.65
9.82
9.70
9.11
9.28
10.21
10.66
9.88
10.28
9.33
9.27
10.77
10.25
9.72
9.73
10.15
10.65
10.18
9.59
9.40
11.08
10.60
9.74
10.29
10.85
10.27
10.84
10.39
9.87
9.41
11.38
9.25
9.72
10.29
10.60
9.37
9.52
10.42
10.10
9.67
10.26
10.73
9.10
9.69
10.23
10.74
10.07
10.60
9.88
11.35
9.73
10.27
9.84
9.31
8.97
10.33
10.73
11.10
9.81
10.29
10.32
10.71
11.12
10.25
9.95
9.44
11.08
11.07
8.59
10.61
9.14
9.55
8.52
8.11
10.02
10.39
11.44
9.06
9.56
9.58
10.14
10.48
10.27
10.49
10.60
10.98
9.61
9.53
9.46
10.06
10.59
10.60
11.09
9.83
10.28
11.67
9.31
9.40
8.78
9.35
9.84
11.23
8.62
9.13
8.86
8.96
9.68
10.11
10.59
9.61
10.10
10.64
9.63
10.06
10.17
10.46
9.88
9.59
8.81
9.24
9.85
9.29
11.18
8.42
9.11
9.11
10.20
10.16
9.76
8.81
10.13
10.60
10.06
10.38
10.83
9.81
10.32
10.85
11.04
11.52
11.26
10.06
10.59
9.83
10.10
10.53
10.74
11.09
9.95
9.85
9.69
9.17
10.44
10.86
11.09
11.28
9.95
9.85
9.69
9.14
10.42
10.85
11.09
11.29
9.94
10.52
9.73
9.82
9.35
9.40
8.95
10.42
10.81
11.07
11.28
9.93
8.81
10.47
9.82
9.40
10.18
11.12
8.73
9.61
9.61
8.87
9.04
9.38
9.89
9.64
9.38
9.85
10.20
9.92
9.37
10.04
10.62
9.40
11.08
10.49
10.06
10.60
10.23
9.81
9.22
10.76
9.59
9.92
10.41
10.84
10.62
11.60
9.73
9.96
10.51
11.06
9.87
9.29
9.40
10.46
9.39
9.98
9.10
9.61
9.23
8.39
10.15
10.73
9.72
10.24
9.14
9.38
10.08
9.77
10.33
10.75
9.91
9.31
10.45
10.93
9.29
8.83
8.60
8.77
9.32
9.82
10.35
10.92
11.30
11.10
9.94
9.83
10.31
10.50
9.31
8.59
8.79
8.89
9.39
9.90
9.29
9.39
9.83
11.33
8.92
8.49
9.88
9.95
10.49
9.02
11.40
9.62
10.07
10.37
10.03
10.22
10.62
11.12
9.77
10.06
10.31
10.58
9.39
10.06
8.52
9.44
8.51
9.04
11.05
8.92
10.53
10.58
9.98
10.30
9.90
9.25
9.52
10.57
10.02
10.76
11.19
11.00
9.91
10.45
9.27
9.62
10.79
10.21
11.14
9.63
9.98
10.54
10.82
11.19
11.01
10.41
9.44
9.75
10.31
9.48
8.72
9.46
9.96
10.41
11.13
9.07
9.64
10.22
10.18
9.65
9.97
10.39
8.90
10.86
11.25
9.83
10.60
10.19
11.30
9.79
9.82
9.05
9.41
10.18
9.73
9.82
9.06
9.42
10.18
9.73
9.83
9.05
9.44
10.18
9.73
9.86
10.31
10.60
9.06
10.22
10.64
9.95
9.36
10.27
10.82
10.39
9.23
9.80
9.99
10.56
9.16
9.61
9.46
11.17
8.66
10.60
11.58
10.00
10.52
9.75
10.14
9.29
9.95
9.52
9.34
10.49
10.58
10.87
11.05
8.91
9.78
10.21
11.07
11.13
10.87
10.28
9.98
9.41
10.41
10.81
11.05
11.47
10.68
9.01
9.61
10.06
10.56
11.08
11.49
11.22
9.77
10.35
9.94
9.81
9.77
9.43
9.40
10.33
10.78
9.11
9.69
9.58
10.07
10.58
9.15
9.29
8.87
8.53
9.23
10.06
10.32
9.66
10.18
10.60
9.48
10.07
9.22
10.53
10.93
11.03
9.40
9.97
10.47
9.13
9.72
9.91
10.48
10.89
8.59
9.46
10.05
10.41
9.73
9.33
10.29
10.80
9.79
10.31
9.77
10.11
9.45
9.10
8.96
9.97
10.60
10.29
9.93
9.88
10.44
10.66
8.91
9.40
10.82
11.51
8.50
11.03
9.05
11.09
9.59
8.58
9.13
8.95
9.72
10.11
9.50
9.98
10.55
9.14
9.24
9.25
9.67
11.09
9.79
10.07
10.52
9.25
9.08
9.63
10.19
9.91
9.74
9.06
10.17
10.70
9.65
10.20
10.77
11.16
11.48
9.98
10.54
10.81
11.11
11.50
10.46
11.48
10.33
10.01
9.87
10.55
10.74
11.01
10.17
9.71
9.44
8.51
8.89
8.95
9.42
10.00
10.54
10.95
9.64
10.08
8.50
8.89
9.00
9.41
9.69
10.59
9.00
9.36
10.21
11.30
9.94
9.40
10.02
8.62
9.21
9.80
9.51
9.32
9.80
10.07
10.60
11.14
10.13
10.75
10.54
9.51
9.91
10.45
10.76
11.57
8.79
9.39
9.57
10.17
11.08
11.11
10.28
8.86
9.44
9.84
8.65
9.73
10.16
11.05
9.50
10.08
10.60
10.03
10.38
10.70
9.71
10.24
10.78
10.89
11.44
9.40
9.76
10.33
9.58
9.72
10.44
10.28
11.18
9.53
9.40
9.90
9.59
9.10
10.09
9.54
10.27
8.82
9.40
9.99
9.46
8.73
9.05
9.79
9.60
10.27
10.02
9.61
10.09
10.66
10.60
8.90
9.89
10.93
11.42
10.96
10.37
9.86
10.01
10.60
9.54
9.09
9.36
9.80
10.31
11.27
9.37
9.58
10.13
10.37
9.07
9.65
9.85
9.28
8.72
10.16
10.72
11.17
10.13
10.40
9.73
9.24
10.68
10.27
11.14
9.70
9.12
9.87
8.49
10.07
10.60
9.87
9.36
8.66
9.80
10.34
9.40
9.83
10.41
10.70
9.48
10.07
11.35
9.08
9.67
9.57
9.17
10.08
10.64
8.69
11.11
9.98
10.54
9.81
9.14
8.67
8.40
8.66
9.64
9.17
9.89
8.69
8.40
8.68
9.19
9.52
9.99
10.46
9.73
10.26
11.02
9.61
9.18
9.41
8.88
8.70
8.40
8.07
11.07
10.08
10.54
9.66
9.04
8.66
9.58
11.48
9.12
9.09
9.63
10.05
9.61
10.61
10.71
11.03
11.28
10.67
11.79
9.50
10.05
10.15
10.71
11.24
8.78
9.95
10.40
9.31
9.39
9.19
11.09
9.08
10.84
8.60
8.92
8.28
9.83
10.31
8.66
8.96
10.95
9.63
8.72
9.12
9.53
10.03
10.14
9.75
10.24
10.73
10.59
9.60
10.05
9.98
10.52
9.47
9.40
9.58
10.14
11.33
8.81
9.80
10.36
10.33
11.28
9.72
9.24
9.15
9.60
9.11
8.69
8.39
9.71
8.77
10.13
10.00
9.46
10.60
11.17
9.40
9.75
10.61
11.19
10.94
10.17
10.60
8.80
10.66
11.08
11.25
11.50
11.83
9.40
10.79
10.30
9.72
10.30
8.86
9.47
9.56
10.14
10.58
11.07
8.62
9.50
9.92
10.22
9.91
9.61
9.55
9.07
8.86
9.38
9.89
10.00
9.83
9.32
10.16
10.04
9.67
9.11
9.75
10.97
9.45
8.47
9.02
9.95
10.15
10.60
10.87
9.76
10.31
10.04
9.38
9.92
8.87
10.43
9.69
10.27
10.28
11.11
9.69
8.85
9.34
9.87
9.33
10.11
10.57
10.01
10.89
10.01
10.58
9.10
9.69
10.20
8.43
8.62
9.29
9.09
9.40
10.31
9.85
10.69
10.23
9.65
9.33
10.73
11.05
10.85
9.32
9.13
9.37
10.61
9.22
8.22
9.76
10.34
10.80
9.63
10.52
9.93
10.75
9.38
9.80
10.30
8.77
9.34
9.93
10.44
9.91
9.75
9.18
