10.63
9.16
9.67
9.89
10.20
9.40
10.03
10.08
9.75
10.23
10.66
10.93
8.85
10.08
10.55
9.68
11.25
9.43
9.71
8.71
10.09
9.83
9.34
9.91
10.40
9.95
10.34
10.36
10.88
9.11
9.85
9.66
10.10
9.83
10.25
10.59
10.55
11.28
11.43
10.40
10.81
10.89
9.74
10.31
9.40
8.79
9.93
10.07
10.53
9.69
9.49
10.03
10.15
10.57
8.75
9.52
10.07
10.59
9.84
9.55
10.06
11.03
9.89
10.43
9.62
11.32
10.17
9.87
10.35
9.76
9.96
9.44
8.55
9.21
9.71
10.77
9.97
10.23
9.62
9.41
9.05
8.43
8.75
8.71
9.50
10.25
9.30
8.85
9.46
8.49
8.77
8.99
9.25
10.09
9.56
10.47
10.57
9.10
9.70
11.18
9.01
10.47
10.58
9.95
9.55
9.00
9.74
9.27
10.33
10.82
11.44
10.51
10.40
10.93
11.09
10.39
9.19
10.39
10.85
11.03
10.36
9.76
9.68
8.97
9.40
10.29
10.12
10.57
8.75
10.25
9.75
8.52
8.75
9.00
11.07
10.48
11.02
11.23
9.41
10.13
10.65
11.24
9.88
10.16
10.55
11.01
8.89
9.16
10.15
10.58
9.64
9.70
9.28
10.42
11.20
10.23
10.49
10.98
8.76
9.15
10.59
11.56
10.24
9.91
9.43
11.05
11.07
10.20
10.51
10.50
8.91
11.16
9.96
9.50
8.83
9.65
10.89
9.88
10.38
10.49
9.13
9.97
9.74
10.30
10.75
10.60
10.39
11.51
9.18
10.96
9.82
9.40
10.42
10.01
10.44
9.94
10.36
10.83
11.22
10.98
9.43
10.91
9.82
10.31
8.64
9.93
9.74
9.25
9.43
8.48
8.70
8.94
9.38
9.45
8.48
8.71
8.95
10.14
9.63
9.51
10.06
10.48
10.60
11.05
11.51
11.71
11.10
9.18
10.13
9.61
10.86
9.73
10.20
10.58
8.84
10.03
10.73
8.83
10.07
11.26
9.75
10.73
9.84
9.18
10.14
9.85
9.41
10.06
9.84
10.41
10.84
9.41
8.57
8.94
10.59
9.41
9.89
10.39
8.55
9.76
8.33
9.30
8.75
10.29
10.74
9.92
10.45
10.94
9.77
10.29
10.77
11.28
11.71
10.93
11.43
9.84
10.40
11.41
9.08
9.68
9.79
10.04
9.60
9.32
9.81
10.32
10.60
9.33
9.74
8.92
8.73
10.12
9.59
9.18
10.51
10.54
9.58
9.94
10.39
8.41
11.18
10.18
10.49
9.05
9.60
10.06
11.14
8.99
8.71
9.66
10.07
9.04
9.31
9.79
10.54
11.27
9.56
10.10
10.58
8.99
9.37
9.86
10.42
11.24
10.88
11.40
11.02
10.42
9.83
10.27
9.03
9.42
11.17
10.41
8.73
9.29
9.82
10.08
9.68
9.12
9.35
8.92
8.42
8.58
9.81
10.28
10.56
9.86
9.29
10.16
8.37
9.24
8.91
8.76
9.95
10.59
10.27
9.91
9.09
10.10
10.01
9.64
10.61
8.82
10.11
11.08
9.73
10.02
10.49
10.94
11.18
10.14
9.81
10.90
10.45
9.08
9.40
9.70
9.21
10.08
9.82
8.61
10.61
9.09
10.03
9.69
10.21
10.71
9.30
9.70
10.08
10.46
11.44
10.93
9.73
10.18
10.68
9.31
9.71
10.07
10.46
11.44
10.93
11.23
9.78
10.17
10.05
10.61
11.39
11.09
10.48
10.40
9.96
9.43
9.38
9.95
10.46
11.08
9.80
10.93
10.34
10.16
10.31
9.80
9.40
9.78
9.22
8.77
10.86
9.40
9.60
10.11
10.72
10.59
8.84
9.39
8.94
9.52
9.97
10.40
10.78
11.25
11.14
9.14
10.52
9.15
9.69
9.02
9.54
9.77
10.80
10.80
9.90
10.32
10.84
9.99
10.34
11.06
9.67
9.84
9.41
8.92
10.11
9.84
9.51
8.73
10.12
10.05
10.53
10.57
10.12
9.74
11.16
9.99
10.54
10.68
9.85
9.92
9.43
9.83
10.29
11.01
9.34
9.77
10.28
10.45
9.35
9.77
9.27
11.29
10.08
10.60
10.79
10.95
9.85
10.35
9.31
8.99
9.76
9.61
10.28
10.48
9.91
9.51
10.06
8.95
9.38
9.88
9.59
10.14
10.43
10.54
8.95
9.36
9.87
10.45
11.49
10.72
11.10
9.42
8.60
8.99
8.79
10.81
9.80
10.31
9.07
9.40
9.65
10.05
10.61
9.14
10.23
8.97
10.60
9.51
9.72
10.16
9.21
9.74
10.27
10.80
8.71
9.22
9.01
11.37
9.59
10.08
10.22
10.16
10.74
11.05
10.60
10.01
10.32
9.68
9.16
9.72
9.77
9.09
11.13
9.40
9.92
10.23
10.55
11.35
9.63
10.15
9.05
8.48
8.58
9.95
9.57
9.09
9.63
9.10
9.63
10.14
9.14
10.99
10.42
11.25
9.92
10.27
10.73
9.45
8.90
9.47
9.82
9.41
10.03
8.60
9.03
8.95
9.43
9.16
9.68
10.21
10.01
9.72
8.99
9.17
9.66
10.17
9.73
9.02
10.25
10.50
10.93
10.08
10.58
9.84
9.11
9.40
9.93
9.89
10.80
11.23
9.41
10.22
9.94
10.35
10.64
10.42
11.26
10.91
11.40
11.20
10.88
10.59
10.31
10.85
8.78
11.69
10.87
11.22
10.32
9.94
9.41
11.25
9.90
9.34
9.10
8.70
9.56
9.13
10.12
9.68
10.59
10.22
11.14
11.39
10.57
9.25
11.00
9.81
9.69
9.95
10.39
10.66
10.63
11.02
9.88
9.41
9.04
8.71
8.19
10.14
9.59
8.45
11.49
10.97
9.00
9.98
10.16
9.60
9.54
10.43
9.65
11.07
8.84
10.27
9.40
10.85
8.55
9.86
9.56
9.30
8.81
8.34
9.82
8.56
10.29
9.70
10.24
9.36
8.86
8.35
9.89
8.59
10.99
10.68
10.30
9.80
10.33
8.89
10.25
10.98
10.57
9.66
9.40
10.19
9.38
9.74
10.99
10.50
10.08
9.12
8.77
10.13
9.59
8.78
10.58
10.37
9.88
8.92
9.71
9.31
10.21
10.49
11.05
9.36
10.86
11.26
10.42
9.91
11.22
9.42
8.85
10.19
9.96
9.45
8.66
10.79
10.07
8.92
10.59
9.94
9.39
9.84
8.87
8.94
9.51
9.97
10.31
10.75
10.90
11.32
10.41
8.90
11.10
9.78
10.00
10.41
11.24
11.24
9.01
9.00
9.62
9.95
9.80
10.89
8.98
10.30
10.07
10.31
9.80
9.41
9.17
10.93
9.62
10.13
9.52
10.84
10.01
10.37
9.53
10.06
9.09
8.61
9.55
10.83
10.04
10.36
8.92
10.04
9.12
8.61
8.93
9.59
10.81
10.06
10.35
10.56
10.03
9.50
10.62
9.56
10.11
10.43
9.19
9.54
8.73
10.01
9.99
9.40
11.29
9.50
8.65
9.10
9.41
9.10
9.11
8.58
8.29
9.78
10.26
8.72
9.87
9.68
9.36
8.87
8.43
8.78
11.02
9.43
9.45
8.47
10.34
10.58
9.80
10.71
10.33
11.29
10.00
10.92
11.41
10.57
9.22
8.95
9.64
10.01
10.02
9.44
10.59
9.06
8.78
10.65
10.47
9.90
9.62
9.66
9.49
11.32
10.21
9.69
8.71
9.43
10.10
9.80
9.37
8.79
10.68
10.03
10.50
10.92
11.32
10.90
9.17
10.00
10.25
10.40
9.66
9.52
10.59
10.00
10.26
9.59
9.85
10.31
10.78
9.21
11.16
9.71
10.20
9.75
10.57
11.15
9.77
10.27
8.99
10.35
9.98
11.05
9.44
10.27
10.42
9.67
9.41
9.99
9.76
10.34
10.67
10.98
10.98
8.53
8.75
9.50
10.03
10.43
8.93
9.18
9.62
9.75
10.28
8.83
10.18
9.43
9.77
8.66
9.20
10.84
10.16
10.68
10.59
9.13
11.19
9.71
8.82
9.24
9.74
10.10
10.59
10.30
9.41
10.50
10.05
8.39
10.45
9.94
10.53
10.01
9.66
10.40
9.91
10.45
8.94
11.05
10.00
10.44
9.93
10.89
11.32
11.04
9.75
9.48
10.33
11.32
11.03
10.43
10.87
9.86
10.41
10.86
10.86
11.34
11.67
10.52
10.42
11.29
9.52
9.94
10.15
9.65
9.10
9.70
9.09
8.90
10.59
9.53
10.00
9.13
8.89
10.10
9.62
10.58
11.53
11.03
9.99
10.47
9.16
10.96
9.78
9.19
8.83
10.93
10.34
10.48
10.79
10.31
9.86
10.30
9.42
8.58
9.09
10.36
9.69
10.16
9.27
9.40
8.58
9.60
9.82
8.83
10.15
10.10
11.06
10.60
11.43
9.92
9.42
9.92
10.42
10.15
10.66
11.12
9.80
10.35
11.11
8.89
10.66
9.81
10.22
9.15
9.40
9.29
9.79
8.70
9.62
9.13
8.93
9.53
9.82
10.12
10.62
8.70
9.76
10.62
10.18
10.56
11.23
9.80
10.00
10.46
10.20
10.66
11.02
11.46
11.21
9.91
10.41
9.69
10.19
9.27
10.65
11.00
11.46
11.20
9.85
10.34
10.58
11.43
9.63
8.71
9.40
8.59
9.43
9.92
10.95
10.11
10.44
11.24
10.49
9.88
9.41
10.03
9.97
10.45
9.68
10.07
9.17
9.37
9.04
8.66
8.64
9.23
8.64
9.45
9.04
8.70
10.19
10.96
8.88
9.89
9.49
9.42
10.24
9.99
9.82
9.28
10.34
10.96
10.85
11.24
9.36
10.13
9.90
9.83
8.65
9.29
8.94
10.34
10.84
11.22
10.60
9.44
9.98
9.89
8.63
9.38
9.00
8.97
10.07
9.54
8.60
11.23
9.70
10.14
10.67
11.54
9.06
11.00
11.11
10.02
9.59
10.51
10.56
10.26
9.91
9.83
9.34
8.99
10.30
9.44
9.91
9.36
9.81
9.32
8.97
8.60
10.29
9.87
9.34
9.82
9.34
8.99
8.60
10.28
8.93
10.30
11.03
10.01
9.47
10.49
11.34
9.07
9.67
9.87
9.48
10.13
10.13
9.55
9.19
8.64
9.91
9.52
10.12
9.56
9.20
8.65
8.91
9.90
9.56
10.13
9.58
9.23
8.65
8.94
10.39
9.91
9.79
10.58
10.16
10.21
11.30
11.77
11.46
10.33
10.71
9.07
10.62
11.22
11.74
11.42
9.73
9.42
10.14
9.57
9.20
9.78
9.25
10.32
10.71
9.70
9.17
10.08
9.53
9.77
9.26
10.33
10.72
9.49
9.79
8.53
9.33
9.72
10.03
10.58
9.76
11.22
10.06
10.63
10.04
10.50
10.90
11.47
10.52
10.07
9.89
9.64
9.42
10.87
11.11
10.43
9.19
10.20
9.71
9.59
9.00
9.78
9.02
10.65
9.67
10.07
10.59
9.41
11.47
9.78
10.92
10.31
9.81
10.97
8.78
10.07
9.55
9.74
8.64
9.58
10.12
9.19
8.90
9.56
10.13
10.59
10.04
9.01
9.96
9.57
8.87
11.18
10.26
10.57
9.08
11.25
9.69
9.87
10.48
10.07
9.87
10.67
11.15
10.42
10.97
10.36
9.93
11.08
9.04
10.13
10.20
9.86
9.40
10.94
10.09
10.62
8.87
9.76
10.26
9.45
9.83
10.90
10.38
8.62
8.32
9.21
8.95
10.12
8.69
9.80
9.28
8.96
10.87
10.35
9.54
10.13
10.92
8.96
9.55
9.25
8.76
9.05
10.10
8.78
9.61
10.59
10.12
9.44
9.95
9.05
10.93
11.26
11.11
10.42
9.27
9.85
10.57
10.28
9.15
10.09
9.54
10.83
9.73
9.88
10.32
10.43
10.02
10.77
9.87
9.02
9.41
10.78
10.00
10.26
9.65
10.17
11.04
8.68
10.53
9.73
10.19
9.06
9.40
10.00
8.80
9.12
9.57
9.97
10.18
10.28
10.55
10.95
9.92
10.15
10.96
8.86
10.60
9.47
8.93
8.61
10.26
10.26
11.26
10.16
8.93
9.49
9.97
10.09
9.25
9.00
9.56
10.11
10.41
10.84
9.49
10.04
10.57
8.76
9.42
9.10
8.75
9.49
9.10
8.75
9.63
11.12
8.75
10.08
10.09
10.58
10.97
11.39
11.12
9.98
10.52
11.40
9.22
10.54
9.88
10.37
9.37
9.74
10.17
10.53
10.90
10.93
9.88
10.33
10.16
9.41
8.50
9.03
9.64
9.29
10.71
9.15
9.70
10.24
9.58
10.01
9.01
9.48
9.98
10.50
9.74
10.09
10.96
10.60
11.28
10.90
9.91
10.73
10.35
11.05
11.23
9.86
9.08
9.49
10.57
9.92
10.31
9.13
9.54
9.99
10.58
11.13
10.90
10.37
9.94
10.37
9.12
9.39
10.58
8.81
9.83
10.16
9.43
10.31
11.01
9.09
8.95
9.94
10.46
10.41
10.33
10.75
9.52
10.36
10.30
10.28
10.68
11.08
9.14
10.19
10.60
10.07
9.30
8.80
9.15
9.63
10.14
9.68
10.08
11.46
9.59
10.89
9.95
10.29
11.05
9.77
10.28
9.41
9.01
8.75
8.25
8.53
9.27
9.78
9.72
10.10
10.90
9.36
9.82
10.21
10.58
11.19
10.24
10.58
11.09
11.48
11.11
10.03
10.51
10.87
11.01
9.94
10.48
9.62
10.15
9.20
8.78
9.71
10.22
10.51
9.64
10.17
9.09
9.20
8.79
9.70
10.21
10.49
9.70
10.19
9.40
9.20
8.50
10.22
10.95
10.39
10.24
10.32
9.96
9.43
9.96
11.17
9.15
9.40
10.67
9.21
8.79
10.21
9.69
9.28
8.58
9.04
9.38
8.61
9.63
9.11
9.95
8.91
8.45
8.62
8.64
10.59
10.19
10.98
11.36
9.61
10.15
10.06
9.80
9.69
10.31
10.84
10.68
10.24
9.79
9.70
10.30
10.58
10.67
10.27
9.76
9.70
10.27
10.65
9.77
10.26
11.19
9.69
10.15
10.56
10.45
9.53
9.08
9.43
10.52
10.08
8.76
11.23
9.59
9.42
10.11
9.56
8.52
8.85
9.41
9.89
8.99
9.60
9.09
8.72
10.18
9.87
10.34
9.61
10.17
9.18
8.75
9.43
9.87
10.34
10.56
10.98
9.12
9.64
10.18
9.87
9.91
10.59
10.21
10.22
10.85
10.70
9.96
10.36
10.53
10.98
11.42
11.21
10.15
10.60
9.72
9.96
10.46
10.92
11.40
11.18
10.08
10.39
11.37
9.92
9.81
9.09
11.04
9.67
10.20
10.47
9.33
9.05
9.89
10.42
11.28
10.75
10.98
10.33
9.91
9.43
10.39
9.63
9.34
9.94
9.00
8.54
9.37
9.91
9.70
9.35
9.01
8.55
9.37
8.80
9.91
9.75
9.40
10.87
8.58
10.13
10.25
10.40
10.11
10.58
9.44
9.64
8.74
9.27
8.99
9.56
9.74
8.76
9.80
9.28
9.01
9.09
9.74
11.35
9.69
8.77
9.77
9.25
9.09
10.18
9.64
10.19
10.18
8.76
9.78
9.27
9.13
10.17
10.61
10.94
9.65
10.19
10.15
8.77
9.81
9.29
9.17
10.17
10.61
10.94
9.81
10.08
10.60
9.36
9.35
9.92
10.32
9.41
8.42
8.43
8.98
11.20
10.07
8.96
8.99
10.05
9.56
10.45
9.56
10.11
9.82
10.28
10.41
10.86
10.58
10.94
9.36
9.95
10.45
11.40
9.82
9.31
8.92
10.36
10.96
10.80
11.12
10.26
9.72
10.36
9.34
9.41
11.09
9.92
8.60
9.54
9.20
9.13
9.71
10.14
10.59
10.11
11.18
10.21
10.58
10.76
11.29
10.87
10.52
10.46
9.95
9.41
10.06
9.59
9.40
11.26
9.24
9.40
9.02
8.64
9.31
9.79
9.48
8.98
8.55
9.00
10.72
10.20
9.94
8.98
9.56
9.96
9.01
10.75
9.57
10.76
9.86
10.27
10.33
9.09
10.75
9.64
9.77
10.22
9.33
10.90
10.06
10.59
10.67
10.29
10.77
11.23
11.22
11.64
10.58
10.06
9.48
9.88
9.40
9.72
10.15
10.63
11.40
9.93
10.42
10.90
9.78
10.21
10.67
9.11
8.88
9.49
9.94
10.40
10.90
9.53
10.00
10.55
8.90
10.44
10.92
10.93
10.91
9.96
10.38
9.41
10.38
10.46
10.88
9.71
9.13
9.61
9.94
10.25
9.13
9.66
10.59
8.80
9.14
9.41
8.37
10.82
9.03
8.88
9.87
9.72
10.29
10.35
9.14
9.09
8.88
9.60
10.12
10.61
10.91
9.48
9.75
10.28
10.36
9.16
9.61
10.12
10.60
10.92
9.71
10.23
9.16
9.62
10.12
10.60
10.92
9.73
10.27
9.16
9.62
10.11
10.60
10.92
9.75
10.24
9.13
8.99
9.59
10.58
10.97
9.22
9.10
10.11
9.33
9.68
9.80
10.25
10.59
9.33
9.46
9.99
10.52
10.73
11.18
10.20
10.71
10.00
10.22
11.47
9.57
10.50
9.72
9.83
9.18
8.96
9.55
9.97
10.83
9.84
8.91
8.91
9.41
9.85
10.13
10.00
8.54
10.57
11.09
11.50
9.10
11.09
9.70
8.93
9.23
10.08
10.53
9.79
8.92
9.31
10.16
10.76
11.07
10.46
11.24
9.41
9.95
10.17
10.33
10.82
8.71
9.82
9.01
9.48
10.84
9.85
10.31
11.13
10.64
9.40
10.75
9.26
9.41
8.95
8.63
9.82
9.80
10.26
10.26
8.96
9.51
9.87
8.69
10.14
10.71
10.87
10.59
10.85
11.22
9.88
10.37
11.19
9.13
10.57
9.69
9.95
10.42
8.91
11.37
9.83
10.63
10.29
10.45
9.89
9.97
9.96
10.41
9.90
9.50
9.18
9.94
10.37
10.83
9.90
9.95
9.40
10.83
10.28
10.72
11.12
10.78
9.79
9.35
10.29
9.15
8.65
9.59
9.89
10.31
10.52
11.08
8.86
9.90
10.22
9.16
9.61
9.90
10.30
9.98
9.47
8.69
9.91
10.27
10.11
10.92
8.99
10.40
9.54
9.99
10.35
8.82
8.82
10.84
11.25
9.94
10.29
9.41
9.70
10.01
11.24
10.04
9.70
9.63
8.88
9.30
10.09
9.42
10.56
9.89
10.29
10.28
10.98
10.72
8.57
9.86
9.07
10.08
10.54
9.65
9.96
10.38
11.36
10.27
10.70
10.28
9.02
10.21
9.62
10.08
10.18
9.73
9.39
8.88
9.03
10.58
9.90
9.40
9.94
10.00
10.52
9.86
10.32
8.85
11.05
9.95
9.46
8.67
9.50
9.80
10.59
10.17
11.26
9.06
9.13
9.66
8.90
10.46
9.52
10.00
10.38
9.26
8.91
11.51
10.10
9.80
10.08
9.63
9.15
9.42
10.92
9.40
9.87
8.80
8.40
9.23
9.72
10.14
10.66
10.92
11.22
9.29
9.79
10.34
8.41
9.94
10.50
11.18
10.44
9.03
10.34
10.76
11.15
9.11
10.13
10.60
9.49
9.10
9.84
9.10
10.20
9.69
10.17
9.50
9.10
9.86
9.10
10.24
9.70
10.22
10.13
10.55
10.98
9.85
10.34
11.50
10.73
11.19
11.68
10.88
9.91
10.29
10.37
11.17
9.13
9.43
9.72
10.16
9.17
8.59
9.30
9.25
9.82
10.59
8.51
11.20
10.24
9.68
10.59
11.39
9.60
8.72
9.93
9.24
8.78
11.06
10.46
9.91
10.39
9.37
9.87
10.34
10.76
11.23
9.92
10.40
9.41
11.21
8.43
10.27
11.20
9.03
10.17
9.44
8.93
9.04
9.81
10.22
10.62
9.65
10.24
9.72
8.95
10.04
10.11
10.60
10.60
9.91
10.25
9.40
8.99
8.61
9.26
10.37
9.81
10.68
9.01
9.52
8.63
10.62
10.07
10.94
11.37
11.17
9.40
9.96
10.31
10.56
10.59
8.66
11.30
9.24
9.03
9.62
10.20
10.43
9.70
9.75
10.06
10.47
10.12
10.68
11.13
11.01
9.91
10.33
9.01
10.63
10.76
10.24
10.05
9.62
9.40
11.28
10.74
11.19
11.52
10.79
9.85
10.30
9.16
9.66
10.11
10.46
9.20
10.74
9.93
9.74
8.96
9.85
10.20
9.41
9.61
9.22
9.69
9.65
9.95
10.23
10.60
10.95
10.05
9.87
10.37
10.58
11.05
10.93
8.80
10.12
11.10
9.41
8.85
10.17
10.52
10.06
10.55
11.04
11.51
11.36
10.10
10.63
10.08
10.55
11.04
11.51
11.35
10.14
10.63
10.59
11.06
11.53
11.32
10.57
10.58
11.06
11.54
11.32
8.92
10.13
9.54
9.94
9.77
10.25
10.58
10.95
10.37
9.02
9.99
9.72
10.24
10.07
9.08
9.69
10.80
10.20
11.14
9.19
10.74
10.56
9.79
10.19
11.58
9.24
9.44
9.95
10.46
9.74
10.12
9.23
9.43
9.93
10.45
9.81
10.20
10.94
9.34
9.43
8.48
10.47
11.05
9.60
9.98
9.10
10.21
10.65
10.98
10.07
10.58
9.35
9.80
11.11
10.03
9.78
10.12
10.54
11.09
10.96
9.96
10.48
10.14
9.54
9.42
9.93
8.84
9.82
9.31
10.19
8.91
9.45
9.02
9.61
9.42
9.77
8.81
9.74
9.27
9.46
8.80
8.88
9.74
9.26
10.15
9.53
9.98
8.82
8.91
9.78
9.30
10.28
10.54
10.59
9.24
10.40
9.85
9.40
10.25
9.76
9.86
10.37
9.84
10.25
10.46
9.85
10.41
10.24
8.97
9.41
10.22
9.06
8.65
9.99
9.66
9.02
11.01
10.19
10.38
11.25
10.18
9.41
9.71
9.99
9.20
9.78
9.46
8.56
8.67
10.36
10.01
10.09
10.02
9.34
9.87
10.29
10.59
9.15
9.39
9.98
9.65
10.32
10.66
9.86
10.28
9.16
9.41
9.98
9.64
10.31
10.65
9.88
10.20
9.95
9.19
9.99
9.68
10.28
11.30
11.30
9.54
9.43
10.04
8.80
9.25
9.75
10.28
10.54
9.53
10.07
10.43
10.60
8.79
10.73
9.39
9.74
10.23
9.52
11.08
10.50
11.06
11.38
9.22
9.74
10.27
9.14
9.02
10.16
9.68
10.60
11.01
10.96
10.36
10.48
10.84
9.88
10.34
9.27
9.17
9.47
9.91
10.31
10.78
9.77
10.24
9.29
9.19
9.48
9.89
9.43
9.87
10.74
10.79
10.30
9.45
9.26
9.78
10.07
8.54
8.97
9.94
9.50
9.34
9.90
8.55
9.00
8.76
9.95
9.52
10.26
10.78
10.59
10.70
11.59
11.26
11.77
9.87
10.92
10.33
9.64
9.12
9.68
10.13
10.05
9.24
8.93
10.44
9.58
10.88
9.79
9.31
8.89
10.19
9.41
9.89
10.37
11.07
8.56
9.68
9.09
10.53
9.63
10.09
8.98
10.03
9.69
9.27
10.43
10.04
9.62
9.00
9.70
9.30
10.60
9.73
9.01
9.70
9.31
9.96
9.71
10.35
9.03
9.74
9.34
10.26
10.56
11.11
11.28
10.82
9.76
10.29
10.78
11.49
9.04
9.85
9.42
10.35
11.26
11.20
10.95
10.79
9.89
9.07
10.21
10.59
11.67
10.18
9.71
9.41
10.68
8.98
9.52
10.01
10.36
10.82
10.20
9.68
10.73
8.75
8.97
9.53
10.03
10.35
11.18
11.31
10.80
10.21
9.74
10.72
9.79
8.91
9.08
9.43
10.26
11.13
11.30
10.71
9.36
9.71
10.22
10.62
9.76
8.89
9.42
10.22
11.10
11.28
10.67
8.62
9.22
9.73
10.03
10.49
9.66
8.94
8.42
8.64
9.48
10.09
11.01
11.23
10.55
10.89
8.94
9.92
10.35
9.36
9.43
9.45
8.98
8.72
9.37
9.49
9.01
8.74
9.41
9.50
9.01
8.74
10.84
8.97
9.92
10.24
9.55
9.18
8.74
10.71
10.60
10.17
8.81
9.20
9.63
9.29
10.18
10.72
11.64
9.18
9.70
10.19
10.73
11.04
9.72
10.43
10.07
10.58
11.49
9.92
10.20
9.92
9.06
9.40
9.93
9.60
9.08
10.42
9.77
9.39
10.28
8.91
8.48
10.83
10.92
10.98
10.97
10.60
9.71
9.17
9.45
8.97
8.52
9.81
9.26
9.46
8.99
8.53
8.73
10.34
9.82
9.39
9.78
11.30
8.55
9.86
9.38
10.59
11.07
11.50
10.08
10.63
11.49
10.74
8.70
10.56
11.46
9.84
9.36
9.15
8.63
9.58
8.75
10.17
10.62
10.94
10.41
11.27
9.77
10.92
9.42
8.91
10.33
9.83
8.93
11.20
9.78
9.40
10.56
10.08
9.56
9.89
9.03
11.37
11.12
9.81
9.45
8.95
8.48
10.28
10.80
9.14
8.71
9.71
9.16
8.53
9.20
9.80
10.37
8.60
10.60
9.77
11.39
10.01
10.50
11.39
10.61
11.07
11.55
10.33
10.12
11.36
10.63
11.05
11.54
8.92
9.50
9.67
10.08
9.72
9.64
10.08
9.71
10.26
11.31
10.59
10.96
11.54
9.58
10.01
10.16
9.40
9.70
9.64
9.22
8.74
8.88
10.08
10.60
9.13
9.73
9.75
10.22
10.64
10.80
11.31
10.43
11.15
10.12
10.54
9.63
10.68
9.46
10.04
11.45
10.52
9.56
9.20
10.95
10.13
11.08
10.66
9.79
10.33
10.34
9.43
8.85
11.14
9.45
9.64
8.80
10.10
10.65
10.75
10.96
10.19
9.01
9.60
9.67
9.29
8.97
9.03
10.66
10.19
9.92
10.89
9.32
9.31
9.86
10.38
10.89
9.22
10.53
9.57
10.02
10.75
10.95
9.27
9.78
10.34
9.45
10.86
10.27
9.42
9.40
10.93
11.13
9.66
9.12
8.52
8.88
9.53
8.99
9.51
9.89
9.63
9.89
10.11
10.57
9.62
9.03
9.55
9.59
9.13
10.05
9.80
9.62
9.14
10.06
9.83
10.10
9.19
9.73
9.08
11.02
9.55
9.78
10.06
9.61
10.10
10.57
10.92
11.06
8.76
9.78
10.10
8.76
10.59
10.55
9.97
9.63
10.08
9.95
10.08
9.68
10.16
9.76
10.33
9.04
10.98
11.20
10.59
10.99
11.52
9.89
9.88
10.94
9.46
9.09
9.44
9.95
10.42
8.76
11.02
9.91
9.40
10.80
9.91
10.30
11.05
10.37
9.80
9.52
9.10
8.93
9.50
9.79
10.01
10.32
8.71
9.63
9.22
9.04
10.13
9.60
10.78
10.12
10.59
10.73
11.50
10.08
9.29
9.72
11.05
9.15
9.67
10.04
8.91
10.37
10.08
10.60
10.46
9.80
10.23
9.44
9.10
9.93
9.87
9.44
9.10
9.92
9.91
9.42
11.13
11.13
9.55
9.28
9.98
10.28
10.52
9.01
8.61
8.81
9.43
9.69
10.07
8.80
11.35
10.53
9.69
9.42
10.19
8.68
8.68
9.65
10.11
10.56
9.21
8.94
9.60
10.16
10.96
10.35
10.90
10.09
10.48
10.30
10.10
10.95
11.11
9.06
9.60
10.09
8.93
9.66
10.17
11.06
10.63
9.79
10.02
10.57
9.14
10.05
11.32
10.19
10.65
9.41
9.94
10.23
10.56
10.59
8.87
9.45
9.87
11.18
8.87
9.16
8.67
9.63
9.07
10.07
9.74
10.31
10.85
10.05
10.58
9.36
9.74
10.17
9.65
9.72
10.26
10.72
11.34
10.66
10.23
11.27
9.18
9.94
9.94
9.32
9.44
9.42
10.10
10.27
10.60
10.09
10.40
8.80
10.12
10.54
11.15
11.67
11.50
10.80
9.92
10.85
10.26
9.78
10.09
11.04
9.02
10.60
10.41
11.32
10.90
10.49
9.86
9.40
9.93
10.45
11.52
11.14
10.51
10.57
10.55
11.49
10.38
8.62
9.76
10.19
10.13
10.42
9.13
9.69
10.12
8.85
8.65
9.20
9.00
9.40
9.01
8.62
9.55
8.64
9.79
10.16
10.58
11.56
9.72
11.00
9.98
10.43
10.50
10.90
11.32
10.63
11.01
9.40
9.86
10.47
10.95
10.13
10.67
8.89
9.48
9.66
10.22
9.49
9.99
10.51
10.95
9.16
8.67
8.99
10.07
9.51
9.57
10.59
9.31
9.03
9.69
10.25
11.24
10.60
10.45
11.47
9.10
10.62
9.70
9.67
10.22
9.24
8.98
10.23
9.75
10.57
9.61
10.21
9.25
8.99
10.22
9.75
10.56
9.67
10.23
10.19
10.94
9.39
10.34
8.68
9.88
10.43
9.32
9.84
11.17
10.72
10.93
10.32
11.18
10.69
10.84
10.32
9.82
9.09
9.55
9.90
9.41
9.97
10.12
8.80
10.82
10.34
9.82
10.16
9.42
9.28
9.79
9.17
8.72
9.61
10.09
9.39
9.98
10.99
9.52
10.25
10.57
9.89
8.79
10.85
9.53
10.05
11.25
10.97
11.44
9.87
10.31
10.60
10.15
10.08
10.91
9.93
10.58
11.07
11.60
11.17
9.77
10.35
9.69
10.26
9.49
9.93
8.94
9.15
10.37
10.88
11.06
9.80
10.37
9.49
9.93
8.94
9.41
10.36
10.87
11.06
9.82
10.33
10.24
10.79
11.06
8.86
9.47
9.62
10.16
9.60
10.08
10.66
11.05
9.55
10.14
8.64
9.60
9.20
8.94
10.06
10.63
11.04
9.51
10.09
10.06
10.57
11.17
10.68
10.56
11.17
10.69
11.05
10.60
10.23
9.02
11.42
10.91
9.88
9.55
9.94
10.43
8.88
9.88
10.37
10.84
10.24
9.11
10.14
9.71
8.94
9.05
9.16
9.44
10.90
10.73
9.90
10.40
9.17
10.10
10.31
9.70
9.30
9.76
10.24
10.84
9.31
10.14
10.83
9.40
9.91
9.45
9.37
9.83
10.26
10.58
8.80
9.26
9.76
10.20
10.65
9.46
9.92
10.27
8.78
9.24
9.57
11.15
8.78
10.53
11.00
11.05
9.93
10.44
9.44
9.12
10.20
9.13
8.78
9.17
9.68
10.15
9.15
9.15
9.16
9.66
10.13
9.74
9.72
9.15
9.65
10.12
9.72
9.15
9.65
10.11
9.71
9.16
8.78
9.14
9.64
10.11
9.78
10.28
10.98
10.30
10.94
9.36
9.74
9.43
9.51
9.25
10.04
8.68
8.66
9.11
9.62
10.15
10.37
10.80
10.93
10.01
9.81
10.34
10.78
10.94
9.99
10.44
9.40
8.67
8.66
9.09
9.58
8.93
9.53
8.69
9.00
9.24
9.65
10.10
10.54
10.94
9.55
9.94
9.08
10.08
10.57
10.33
10.73
11.11
10.00
10.33
8.86
8.84
9.07
9.30
9.84
9.59
9.99
8.87
8.85
9.32
9.85
9.52
10.02
11.00
8.80
10.05
10.45
8.91
9.28
11.12
9.46
9.85
9.44
9.96
8.53
9.45
9.92
8.92
8.43
8.31
8.88
8.54
8.96
8.45
8.32
8.89
8.55
9.39
9.89
9.17
9.72
10.84
9.89
8.94
9.43
9.77
10.29
11.04
10.05
9.80
10.30
9.82
9.36
9.10
9.85
10.36
9.60
9.84
10.24
10.59
10.77
11.07
8.80
11.22
9.42
9.38
9.88
9.15
9.68
10.18
10.69
10.98
8.45
8.90
9.41
9.94
10.28
10.59
9.21
9.03
9.02
9.60
9.98
10.30
10.58
10.25
10.71
11.06
11.32
9.64
11.02
10.18
10.40
10.27
11.22
10.58
10.68
11.62
9.39
11.02
10.07
9.88
10.01
10.39
11.12
9.67
9.41
8.60
8.38
9.59
10.83
10.23
9.77
10.26
10.60
9.18
10.29
11.38
9.73
10.01
8.92
9.95
9.49
10.21
9.94
9.90
9.45
10.07
10.15
10.60
10.95
10.27
9.87
10.36
9.09
9.41
11.14
9.78
9.32
8.48
9.81
10.34
10.56
10.50
11.30
9.03
8.97
9.56
9.75
10.25
9.80
9.54
10.20
10.61
10.79
9.20
9.03
9.67
10.22
10.93
9.71
9.96
10.37
9.12
11.15
10.13
9.71
9.59
9.07
8.67
8.90
10.06
10.59
10.97
9.62
10.19
9.60
9.08
8.67
8.90
10.05
10.58
10.96
9.64
10.19
9.60
9.08
8.66
8.91
10.05
10.58
10.96
10.13
10.57
10.98
9.77
9.59
10.09
10.56
11.29
9.82
10.22
11.48
11.26
9.42
9.22
9.65
10.17
10.48
10.91
9.70
10.12
9.24
9.67
10.18
10.46
10.91
9.78
10.08
9.35
10.61
8.40
10.26
8.89
10.15
10.71
10.71
11.08
11.44
8.90
11.13
10.51
9.51
9.89
10.37
11.44
10.55
10.29
11.43
9.72
10.17
9.64
9.22
10.08
10.51
10.85
9.70
10.21
10.59
9.99
11.10
10.50
10.34
10.44
9.94
9.87
9.35
9.16
9.58
10.02
10.40
10.70
11.20
11.03
9.87
9.36
9.16
9.57
10.01
10.39
10.68
11.18
11.02
9.87
9.38
9.17
9.59
10.02
10.36
10.64
11.17
11.01
9.88
10.43
9.17
9.62
10.05
10.30
11.13
10.00
9.19
9.67
9.68
9.43
8.23
8.73
8.46
10.84
10.22
10.23
11.23
10.16
10.85
10.58
9.65
11.24
11.56
9.37
9.02
9.70
10.17
10.70
9.67
10.21
9.36
9.03
9.69
9.41
9.79
11.20
9.72
10.59
11.06
11.50
8.74
11.12
9.98
10.53
9.93
9.43
9.44
10.91
10.81
9.76
10.32
8.90
9.74
10.21
9.67
9.22
8.74
8.91
9.96
10.51
10.77
9.82
9.52
8.80
9.65
9.05
10.05
9.56
10.65
9.93
10.27
10.58
10.81
10.22
9.11
11.46
9.84
10.39
9.14
9.57
10.02
10.52
9.89
10.44
9.15
9.57
10.01
10.50
10.94
11.01
9.97
10.49
9.93
9.11
9.41
10.68
10.99
9.26
9.74
10.32
8.61
9.34
8.64
9.13
8.84
9.63
9.90
10.83
10.32
9.47
10.04
10.48
8.69
11.23
9.48
10.05
9.26
8.77
8.96
9.73
10.73
10.19
10.23
9.54
8.75
10.02
10.48
10.78
11.30
11.07
10.25
10.40
10.60
10.26
11.74
9.75
10.28
8.96
9.73
10.66
10.49
11.04
11.26
10.34
10.42
10.06
10.76
11.37
9.99
10.08
9.39
9.29
10.27
10.06
9.53
8.97
9.03
10.62
10.42
10.84
10.16
9.14
9.14
9.54
10.81
10.01
10.28
10.27
10.88
9.83
10.31
10.44
10.95
10.88
10.27
10.95
9.43
10.60
9.24
10.49
9.77
10.21
11.27
9.96
9.97
9.44
9.42
8.83
9.78
10.28
10.21
9.92
10.32
10.58
10.94
10.16
10.98
9.87
9.43
9.50
10.59
8.92
10.87
11.26
9.89
10.40
11.18
9.83
10.24
10.60
10.11
9.84
10.25
10.58
11.20
9.59
9.44
10.08
9.42
9.84
10.29
10.55
9.60
10.12
9.49
8.74
10.44
10.54
10.15
10.67
10.75
11.30
11.22
10.31
9.16
9.77
9.13
8.91
10.36
9.91
10.46
10.95
10.20
10.98
9.87
9.37
9.41
9.90
9.65
10.20
8.51
9.92
9.09
9.66
10.16
9.68
9.24
8.91
10.13
10.04
9.62
10.15
10.60
9.33
8.96
9.49
9.94
10.34
10.55
11.19
9.72
10.23
8.92
9.45
9.88
10.18
10.58
10.80
10.74
11.26
11.38
9.79
11.07
10.57
10.22
10.65
9.27
9.79
10.17
10.64
11.07
10.14
10.60
9.78
10.20
10.63
11.06
11.19
10.66
11.02
9.77
10.21
10.32
10.64
10.19
10.63
11.06
11.21
10.11
10.57
9.39
9.06
9.71
10.18
10.61
11.05
11.19
9.78
10.06
10.50
9.72
10.18
10.57
11.02
11.16
10.93
9.92
10.31
9.41
10.39
8.79
10.95
11.09
9.87
10.33
9.97
9.42
8.55
9.82
10.36
10.61
10.39
10.80
11.49
9.37
9.37
10.10
10.35
10.66
10.05
8.91
10.17
9.44
9.89
8.69
9.56
8.99
10.41
10.08
9.16
9.29
8.85
9.01
9.76
10.21
9.60
9.77
9.27
9.67
10.24
10.59
10.05
8.88
9.94
10.40
11.08
10.40
10.48
9.91
9.29
9.84
10.33
10.81
11.16
10.98
10.36
9.41
10.06
9.53
8.98
9.59
8.78
8.37
10.34
9.13
10.38
8.80
8.37
8.61
11.17
10.67
9.42
10.16
9.42
9.97
9.98
9.18
10.13
8.81
10.24
10.57
10.97
9.84
10.19
10.60
9.41
9.21
9.75
8.82
8.63
9.76
9.33
10.07
11.24
9.73
9.41
9.92
10.14
8.88
10.27
8.95
8.64
8.90
9.82
9.46
10.90
10.41
9.49
10.06
9.83
9.46
10.28
9.82
9.36
8.99
8.65
9.80
9.43
10.25
9.82
9.38
9.03
8.66
9.81
9.44
10.27
9.84
9.40
9.05
8.67
10.89
8.98
10.59
10.28
9.87
9.46
9.79
9.55
10.30
10.82
11.41
11.14
9.99
9.60
10.34
10.70
10.80
11.06
9.74
10.30
10.72
10.01
10.33
10.67
11.03
11.38
11.04
9.96
10.07
9.69
10.59
11.03
10.91
11.33
9.89
10.08
9.71
10.60
11.02
10.90
11.33
9.85
10.42
11.33
9.16
10.19
10.71
10.11
9.74
10.73
8.92
9.65
10.06
9.93
9.42
10.03
10.09
10.57
9.74
9.25
9.47
8.49
8.95
9.81
10.00
9.27
9.75
9.49
8.49
8.94
8.76
10.28
9.95
9.66
10.45
10.88
10.77
11.17
11.56
8.50
8.50
9.60
11.25
10.07
10.65
11.52
10.14
9.00
9.80
9.61
9.70
10.24
10.97
8.94
8.74
10.02
10.39
9.29
8.84
8.96
9.80
10.27
10.97
10.81
9.71
10.93
10.34
11.31
9.98
10.85
9.82
9.34
9.45
10.35
9.47
8.95
8.58
9.95
10.51
10.86
9.81
9.32
9.50
9.01
8.61
9.98
10.08
9.51
9.66
9.14
8.69
8.99
10.06
10.26
10.76
10.17
9.57
8.69
10.70
9.28
10.16
9.77
9.42
9.71
9.17
8.65
8.84
9.40
9.99
9.81
9.22
10.33
10.79
10.46
9.04
8.55
10.13
9.67
9.11
8.79
8.30
8.56
9.30
9.78
10.24
10.94
10.06
10.59
9.40
9.42
9.98
8.46
11.13
10.17
10.54
11.33
9.67
10.15
9.05
10.02
9.08
10.89
10.32
10.88
9.92
9.68
10.48
11.41
10.47
11.08
9.95
10.81
8.86
9.56
10.20
11.05
10.62
10.16
9.72
9.01
9.01
11.03
10.59
10.00
10.86
11.38
10.32
9.77
10.01
10.97
9.08
9.40
10.03
9.26
9.70
9.81
10.07
10.60
9.08
9.60
9.44
8.90
8.43
8.61
11.14
10.00
10.55
11.29
9.87
11.01
9.74
9.94
10.43
10.54
10.86
11.32
10.61
11.06
9.80
10.22
9.67
9.50
8.93
9.05
10.57
10.02
11.05
10.15
11.05
9.86
9.40
10.60
10.38
9.81
11.34
9.55
10.00
10.46
10.93
11.04
10.34
9.75
11.28
10.10
8.85
9.44
9.60
9.64
9.26
8.69
8.92
10.08
10.15
10.67
9.87
9.18
9.19
10.33
9.94
9.72
10.20
9.96
9.55
10.02
10.32
10.59
9.53
9.60
8.98
9.00
9.35
11.14
9.47
9.93
10.44
11.31
9.97
9.44
10.55
10.09
10.12
8.91
9.50
10.05
8.66
10.12
10.66
11.00
9.27
9.15
9.16
10.05
10.38
9.34
9.15
9.47
10.36
9.62
9.98
9.50
11.24
9.89
10.81
9.04
10.22
10.90
9.66
8.83
9.33
9.79
10.12
10.60
9.61
10.56
11.13
9.21
10.13
10.37
9.80
8.96
9.99
10.54
10.55
10.25
10.71
10.94
11.33
10.52
10.33
9.35
11.28
10.20
9.44
10.05
9.87
10.93
8.42
9.02
8.87
9.52
9.91
10.18
10.58
10.74
9.13
9.50
10.08
10.39
8.45
9.04
8.90
9.54
9.91
10.17
10.56
8.72
10.10
9.72
9.41
9.12
10.81
8.61
10.24
11.08
8.67
9.16
9.14
9.70
10.05
10.34
10.24
10.60
11.41
10.49
11.39
9.88
10.03
10.59
9.09
11.24
9.98
9.99
10.08
10.60
9.42
8.83
9.18
9.68
9.97
10.31
10.50
8.91
11.25
9.53
9.88
10.08
8.72
10.10
9.68
9.61
10.18
10.47
9.17
9.65
10.16
10.14
10.59
9.96
10.75
9.98
11.02
11.41
10.11
11.12
9.41
9.65
9.96
10.30
10.50
8.60
10.48
10.38
10.71
10.30
10.85
11.28
11.09
11.52
10.31
10.66
10.30
10.82
11.26
11.06
11.50
9.91
9.44
10.90
10.32
11.12
10.76
9.56
9.92
10.52
10.77
10.87
10.28
11.19
10.74
10.23
9.88
8.93
9.55
8.97
10.38
10.60
10.02
9.56
9.43
9.01
9.88
10.32
9.10
11.49
11.02
10.05
9.55
10.28
10.55
9.01
10.32
11.10
9.16
9.76
9.97
9.82
9.41
10.10
10.60
9.62
9.19
10.17
9.32
8.65
8.78
9.13
9.72
10.24
10.61
8.83
10.60
11.09
11.09
11.50
9.94
9.25
9.79
10.20
10.54
11.08
11.06
11.50
9.92
10.47
9.24
10.15
9.83
9.40
9.25
9.83
10.14
9.63
9.94
10.41
9.46
8.75
8.93
9.90
10.31
10.59
11.11
10.91
10.96
9.88
10.29
9.93
10.53
10.94
11.06
10.79
10.01
10.34
9.51
9.51
9.92
9.83
10.23
9.70
9.88
10.05
10.58
10.51
11.58
8.96
10.30
9.93
9.61
9.41
9.09
11.17
9.62
9.52
8.97
10.08
10.37
10.59
11.04
10.48
10.85
9.28
8.83
8.59
9.74
8.95
10.12
10.65
10.96
11.34
11.50
10.10
9.31
8.85
8.59
9.78
8.96
10.15
10.64
10.94
9.52
10.12
10.60
8.63
9.03
11.23
10.66
9.78
10.14
10.57
9.13
9.25
9.66
10.01
10.51
9.12
10.49
10.99
11.31
10.25
9.70
10.21
9.84
9.41
10.90
11.26
10.23
8.86
10.22
9.95
9.46
10.36
8.77
9.65
10.56
9.04
9.57
10.09
10.58
9.80
10.22
10.32
10.80
10.58
10.25
9.10
9.93
9.98
9.42
10.44
11.06
11.40
9.99
9.56
8.62
8.99
10.35
10.80
9.35
9.93
10.48
10.25
10.79
10.04
10.50
11.48
10.90
11.39
10.18
10.76
10.04
10.50
11.47
10.90
11.37
9.59
10.10
9.90
10.42
10.82
8.67
9.87
10.41
10.37
11.21
10.31
9.14
10.61
10.21
9.69
11.08
9.15
8.83
9.43
9.11
9.40
9.71
10.10
9.49
10.00
10.29
10.83
9.65
10.11
9.51
10.00
10.28
10.84
9.66
10.10
10.09
10.80
10.18
10.60
8.86
10.57
9.46
10.92
11.13
11.30
9.79
9.98
9.33
9.29
8.79
8.77
9.86
10.27
10.80
11.11
11.30
8.92
9.98
9.48
10.31
9.42
9.71
10.20
10.72
11.27
9.93
10.50
10.01
9.54
9.07
9.12
10.91
10.56
11.11
11.13
9.77
10.32
9.92
9.23
10.88
9.79
9.93
9.64
10.19
9.86
9.66
9.33
10.20
9.88
9.69
9.35
10.21
9.89
9.46
9.43
10.33
9.64
10.06
9.44
9.04
8.92
9.53
10.18
9.85
10.24
10.58
10.64
10.98
11.25
9.13
9.68
9.89
9.51
10.03
9.79
10.08
10.59
9.87
9.52
9.25
9.79
10.19
11.19
9.89
9.40
10.26
10.21
10.07
10.67
10.89
9.79
9.27
10.27
10.58
8.94
9.45
8.60
9.97
10.36
10.64
9.83
9.33
10.36
8.96
9.49
8.61
10.00
10.37
10.65
10.86
11.12
9.85
10.37
8.92
9.52
8.62
10.53
11.08
9.12
9.06
10.08
9.24
10.48
10.57
9.58
10.55
10.86
11.21
11.02
10.40
10.83
11.24
10.88
9.73
10.29
9.47
10.41
9.15
9.72
10.12
10.29
10.19
10.55
10.55
9.66
9.44
9.98
10.18
10.69
10.81
11.31
10.17
9.27
10.19
10.71
10.83
11.30
11.05
10.09
10.47
10.64
11.25
11.21
11.47
9.17
8.93
9.44
8.48
9.79
9.69
10.18
10.91
10.06
10.30
11.09
9.14
9.74
9.74
9.24
8.88
9.68
9.93
10.38
10.59
9.66
9.37
9.11
9.92
10.28
10.77
10.91
11.38
9.40
9.92
9.71
10.25
10.96
10.73
9.92
10.38
8.98
8.55
9.56
8.57
9.18
9.16
9.69
10.10
10.40
10.85
9.55
9.30
9.74
10.24
10.54
11.03
10.24
9.96
10.41
10.58
10.88
10.02
11.57
9.42
9.91
9.42
10.42
9.21
8.85
9.96
9.57
10.43
11.12
10.70
9.93
9.35
10.48
9.25
8.85
9.96
9.61
10.39
11.07
10.65
8.87
10.93
9.94
9.92
9.70
10.27
10.98
10.92
10.49
9.46
9.87
10.97
10.91
9.97
9.73
10.28
10.98
10.92
10.48
9.88
9.74
10.27
10.97
10.91
10.46
9.90
10.36
10.92
10.34
8.93
9.49
9.79
10.33
8.78
9.50
9.28
8.96
9.94
10.41
10.75
11.19
9.05
9.66
9.81
10.81
10.18
10.60
9.18
10.75
9.69
10.59
11.46
9.93
10.30
10.55
11.04
9.20
9.41
9.74
10.42
9.03
9.60
9.98
10.48
9.78
9.92
10.48
9.32
8.59
9.58
10.02
9.32
10.27
10.03
10.56
11.57
9.28
9.76
10.29
9.99
10.94
9.71
10.04
10.35
11.04
10.27
9.85
9.33
8.90
10.15
10.83
10.58
9.94
9.54
9.96
9.03
9.89
10.25
10.30
10.68
11.20
9.03
9.56
9.96
9.91
10.24
10.29
10.59
9.42
9.14
8.71
11.48
9.68
10.06
11.00
9.64
9.11
10.97
10.36
9.82
10.22
9.40
8.39
8.96
9.32
8.99
8.73
9.96
10.20
9.53
8.78
9.58
9.06
8.83
9.37
9.88
9.40
9.72
8.35
10.57
10.09
10.59
11.09
11.79
11.61
9.46
9.94
10.42
10.79
11.24
9.86
10.45
11.77
11.59
9.49
9.98
10.43
10.78
11.25
9.84
10.42
10.52
11.22
9.06
9.65
9.13
8.86
10.56
9.14
10.20
9.70
8.91
9.41
9.84
10.22
10.50
10.91
10.16
10.60
11.17
10.57
10.98
11.38
9.95
10.05
10.60
9.56
9.22
10.55
10.93
11.36
10.04
9.91
10.49
9.57
9.22
10.54
10.91
11.36
10.04
9.40
9.93
10.57
11.36
8.85
10.60
9.86
9.50
10.29
8.69
10.12
10.63
9.80
9.37
10.28
9.18
9.57
8.74
9.88
9.43
9.22
9.58
8.77
9.96
9.49
9.42
8.82
10.48
10.59
11.06
11.76
10.93
11.23
11.36
9.82
10.25
10.78
10.31
10.65
11.30
10.87
9.87
10.30
9.18
11.30
9.82
9.40
9.44
8.92
8.63
9.75
10.15
10.58
9.12
9.70
11.11
9.68
10.17
10.54
11.23
9.63
9.17
8.74
9.60
10.07
9.67
9.18
8.73
9.79
11.02
10.00
10.41
10.52
10.91
11.33
10.56
9.41
10.96
9.81
10.12
11.05
10.60
9.28
9.84
9.51
9.11
10.85
11.33
9.85
10.34
11.33
9.40
10.12
8.72
10.21
9.82
9.15
8.60
8.74
10.09
9.82
9.42
9.22
8.62
8.69
10.61
9.98
8.93
10.46
9.59
10.10
11.05
10.62
9.77
10.21
10.59
9.10
9.10
10.82
10.12
10.26
11.05
10.61
9.85
9.16
10.13
9.41
9.78
9.40
8.65
8.87
9.44
8.64
9.80
10.28
10.58
9.23
9.68
8.75
8.65
9.26
9.79
11.31
10.83
9.88
9.42
9.94
9.15
9.66
10.00
10.15
9.59
10.09
10.57
10.83
10.00
10.59
9.57
11.14
10.53
9.88
11.44
11.07
9.05
8.88
9.63
9.97
10.48
9.42
9.65
10.08
10.03
10.49
9.88
10.39
10.13
9.97
10.44
9.15
9.73
9.99
8.90
9.89
10.41
9.96
10.59
10.47
10.89
10.88
10.07
10.32
9.77
10.15
9.11
9.69
9.55
10.13
10.62
9.85
10.16
9.40
10.51
10.01
9.38
9.89
10.80
8.62
9.83
10.24
9.74
10.06
10.30
10.55
11.38
9.77
9.36
10.11
10.14
10.67
11.06
9.94
9.44
8.48
10.12
10.24
10.65
9.05
10.13
9.61
8.72
9.11
10.51
9.11
10.12
9.69
8.83
9.31
9.22
10.14
10.44
9.40
9.62
9.68
10.09
9.20
9.40
9.62
9.69
10.09
9.58
11.23
9.86
10.59
9.46
9.90
10.35
9.48
9.05
8.67
9.05
9.90
9.43
10.37
10.81
11.10
9.87
10.38
9.41
11.06
10.50
9.97
8.79
11.15
9.72
10.23
9.01
10.58
11.27
9.81
9.40
9.88
11.06
9.75
9.39
10.16
10.49
8.55
9.38
8.93
9.76
8.88
11.17
9.86
9.49
8.58
9.89
10.93
9.11
10.43
11.07
10.14
9.16
9.76
9.56
10.81
9.35
9.83
10.30
9.64
9.39
9.89
10.08
10.57
9.79
10.15
10.54
10.96
10.89
11.34
9.63
9.40
9.38
9.13
8.23
9.68
9.95
8.75
8.48
9.07
9.30
9.61
10.17
9.98
9.42
9.16
8.81
8.54
10.17
10.59
10.59
9.84
10.36
10.76
11.16
11.60
9.64
9.16
8.85
10.24
10.67
9.72
9.86
10.34
10.73
11.14
11.59
10.21
10.61
9.74
9.85
10.37
10.75
11.13
11.14
9.74
10.24
10.55
9.29
9.23
8.94
9.67
10.14
9.29
9.21
8.94
9.69
10.18
9.29
9.81
8.93
10.18
9.80
10.46
9.40
9.63
10.22
10.55
11.03
8.74
10.66
9.74
10.25
9.54
9.41
10.30
9.97
10.80
8.85
10.60
10.25
10.59
10.51
9.95
10.14
10.59
9.44
11.38
10.60
8.93
11.33
10.64
10.91
9.50
9.97
10.34
10.35
10.12
10.56
10.89
8.85
10.10
10.58
11.67
9.12
11.06
9.69
9.95
10.36
10.44
9.69
10.12
9.64
8.95
11.07
9.40
9.81
8.78
9.43
9.48
9.61
8.66
9.18
10.11
9.67
10.29
10.18
10.88
10.68
11.07
10.23
10.60
9.81
10.32
10.04
9.58
9.05
10.63
9.95
10.49
11.36
10.04
9.84
9.93
9.36
8.98
9.41
9.43
8.29
8.89
9.50
9.03
8.83
10.13
9.42
9.54
9.80
10.20
10.59
10.35
10.77
9.29
10.81
11.48
9.08
10.20
10.39
10.04
9.05
9.67
8.57
8.73
9.60
10.43
10.91
10.19
9.96
10.03
9.09
10.57
11.29
9.77
10.77
10.94
9.84
10.36
10.02
9.56
9.40
8.31
10.87
9.79
9.92
10.29
9.91
9.51
8.93
11.11
8.47
8.96
9.45
9.99
10.13
10.60
10.01
9.20
8.99
11.23
9.55
10.16
9.86
10.59
11.33
9.75
9.00
10.59
10.09
10.85
11.30
10.54
9.80
9.56
11.12
10.28
10.84
11.30
9.78
10.28
10.61
10.39
10.59
10.75
11.20
11.23
9.34
9.75
9.39
10.31
9.40
9.23
11.25
9.75
10.11
9.70
9.17
9.40
10.09
8.85
9.21
10.20
9.68
8.89
10.58
9.56
9.49
10.83
11.29
9.67
10.12
9.94
10.50
10.60
10.22
10.34
10.77
8.86
9.89
9.00
9.42
9.44
11.02
9.56
10.07
9.02
8.66
8.50
9.49
9.74
10.17
10.65
11.04
11.01
10.41
9.81
9.14
9.15
11.05
9.77
10.09
9.95
9.30
9.59
10.12
10.52
10.58
10.02
10.20
10.72
11.54
9.87
10.10
9.06
9.69
10.19
10.03
9.68
9.42
10.97
11.09
9.71
10.20
10.48
8.77
9.55
9.24
11.05
8.35
10.54
9.39
9.51
8.86
10.98
9.44
9.83
10.25
10.44
8.51
8.87
8.92
9.40
9.88
10.35
10.24
10.37
10.76
10.93
10.30
9.07
10.08
9.67
8.97
9.67
9.42
9.02
10.77
9.41
10.76
9.54
9.97
10.26
10.00
8.64
9.14
9.59
9.77
9.40
9.19
9.57
9.95
10.44
10.56
8.66
8.30
9.54
9.05
9.84
10.32
10.84
11.25
11.24
9.14
9.55
9.93
10.46
8.69
8.30
9.54
9.07
9.82
10.29
10.83
11.28
11.27
11.46
11.46
9.83
10.35
10.37
11.22
8.83
10.73
9.92
10.14
9.43
10.32
9.93
9.50
9.42
9.01
8.92
9.88
10.29
10.00
9.52
10.36
10.60
9.82
10.59
11.14
9.14
10.09
10.19
10.31
10.52
11.46
9.75
9.48
9.03
9.19
9.92
9.71
9.71
9.47
9.02
9.92
9.25
10.14
9.79
9.57
9.06
9.27
10.02
10.51
10.62
10.12
9.88
10.51
9.42
9.41
9.45
9.74
9.20
9.65
9.18
8.70
9.98
10.38
9.78
9.22
9.64
8.65
9.18
8.70
9.96
10.38
8.98
10.16
9.68
9.89
10.33
9.71
9.26
10.18
10.50
10.87
11.21
10.03
10.56
9.01
9.57
10.10
11.15
10.38
11.14
9.83
9.99
10.55
9.02
11.32
9.00
9.93
9.55
10.25
8.82
10.00
10.54
9.80
10.26
10.80
11.21
9.92
10.50
9.15
11.29
10.35
10.86
9.68
10.15
8.96
10.75
9.88
10.07
10.60
11.48
10.53
10.39
10.08
10.55
11.01
10.88
11.62
9.83
10.16
9.16
10.38
9.74
9.40
10.18
9.40
10.77
9.26
9.81
11.47
8.47
9.42
8.93
8.85
10.15
9.66
8.94
8.85
9.68
8.96
11.08
8.87
10.48
9.43
9.85
10.23
10.78
9.03
8.87
9.48
10.00
10.42
11.51
11.36
10.99
10.17
10.71
11.50
11.35
10.96
10.69
11.50
11.33
10.99
10.66
11.51
11.34
10.96
10.49
10.94
10.34
11.23
11.06
10.64
10.25
9.92
9.42
10.32
8.57
10.93
9.92
9.38
9.87
9.63
10.16
10.37
10.39
8.93
11.16
10.37
10.60
10.10
9.79
9.41
9.81
8.86
9.45
8.98
8.59
8.90
9.91
9.41
10.76
8.75
9.83
10.20
9.28
9.59
9.89
9.93
10.87
9.49
9.23
8.75
9.70
10.06
10.59
9.35
8.80
9.80
9.75
10.16
10.82
10.28
10.61
10.06
11.30
10.20
9.44
9.90
10.38
10.76
9.83
9.41
10.22
10.66
10.79
10.02
10.40
9.85
8.79
9.42
9.57
9.29
8.64
10.02
10.60
10.41
9.00
11.41
9.55
10.09
8.79
9.58
9.97
10.53
9.57
11.42
10.06
10.51
11.02
11.56
10.86
8.96
9.96
10.35
9.51
10.00
9.98
9.52
10.01
9.55
10.10
9.96
10.35
10.69
10.59
10.19
9.60
9.38
8.93
9.80
9.29
8.93
9.38
9.40
11.23
10.08
9.64
9.42
10.36
10.22
9.89
9.35
11.18
9.55
9.37
8.83
10.58
9.69
9.14
9.25
10.77
11.23
10.26
9.17
9.85
9.64
9.78
10.13
10.09
10.55
10.71
10.29
10.55
9.15
9.68
10.54
11.40
10.12
10.65
11.13
10.21
10.05
9.27
9.72
9.86
9.42
9.74
9.27
10.02
10.54
9.85
8.95
8.78
8.77
9.47
10.02
10.55
9.82
10.14
10.58
11.18
10.58
10.99
11.10
10.19
10.45
9.39
8.96
9.73
10.20
10.69
10.81
11.08
9.82
10.35
10.65
9.76
11.04
10.03
10.53
10.07
9.90
10.29
9.42
11.26
9.54
10.41
10.90
11.27
10.34
11.26
8.83
9.91
9.43
10.87
10.59
9.56
9.25
8.87
9.69
10.18
10.62
8.88
11.41
9.96
9.87
9.42
10.04
8.71
9.98
9.96
11.07
9.50
9.84
10.30
10.82
10.87
9.91
10.35
10.69
9.81
9.05
9.66
8.89
10.91
9.99
10.34
10.08
9.74
10.61
11.09
11.20
10.09
10.51
10.10
10.60
11.05
11.19
9.16
9.85
9.76
9.29
8.93
10.15
9.87
8.94
10.87
11.15
10.60
11.59
9.40
10.82
11.06
8.57
10.08
10.49
9.09
9.70
9.60
8.94
9.47
9.15
9.89
10.96
9.21
10.42
9.77
9.89
10.19
9.42
9.62
10.13
10.33
10.19
8.82
9.94
9.45
9.68
9.30
9.81
10.12
9.17
8.92
9.53
10.11
10.57
10.33
9.34
9.05
9.64
11.18
8.79
9.30
9.18
9.67
10.11
10.19
9.77
10.13
10.61
10.76
10.06
10.58
11.07
9.15
10.47
10.19
11.16
9.73
10.03
10.19
10.58
10.03
10.54
10.99
11.16
8.93
10.93
9.66
10.09
10.31
9.94
9.68
9.77
9.41
9.11
9.28
9.47
8.45
10.14
10.51
10.52
11.36
9.13
8.84
9.61
9.48
9.73
9.89
10.12
10.23
8.86
9.46
9.67
9.96
11.06
8.59
10.39
10.59
10.32
10.91
9.23
11.21
11.29
10.69
11.62
9.80
10.23
10.47
10.53
10.74
11.05
10.61
11.09
11.39
11.55
9.87
9.99
10.38
10.79
9.40
10.93
10.61
8.44
9.03
10.02
9.63
9.85
9.49
8.85
9.89
10.09
9.49
9.99
10.41
11.36
10.22
9.97
9.40
9.94
9.68
9.40
10.21
10.48
10.96
9.43
9.97
9.66
10.76
10.18
10.60
9.36
9.64
10.19
8.99
8.58
9.33
10.32
9.43
9.74
8.60
11.29
10.24
9.91
9.46
9.96
9.57
10.03
9.21
10.19
10.94
10.52
9.79
10.16
10.60
9.16
10.00
11.21
9.74
9.80
10.22
9.95
9.46
10.29
10.76
9.79
10.22
9.95
9.47
10.27
10.75
9.21
9.77
10.14
10.11
10.65
10.60
9.40
8.86
10.52
10.27
9.83
9.53
9.34
9.81
11.26
8.63
9.36
9.40
9.71
9.98
10.12
8.57
10.57
10.26
9.76
11.26
9.38
9.02
10.12
9.45
9.93
11.24
10.51
10.84
11.39
10.60
9.83
10.31
11.41
11.41
9.51
9.05
10.00
10.55
11.13
10.84
9.87
10.39
9.04
10.58
11.04
10.45
10.70
11.20
9.89
9.41
10.42
11.22
10.47
11.23
8.89
10.01
9.49
10.34
8.75
9.64
9.80
10.32
10.21
9.08
11.07
10.05
9.68
11.06
9.08
8.77
9.08
9.37
10.59
10.34
9.86
10.14
10.59
9.10
10.21
9.65
9.40
11.19
10.97
9.57
8.57
9.83
9.04
8.86
10.38
11.19
9.20
10.04
10.56
11.28
11.15
9.77
10.24
9.93
10.05
10.37
10.03
10.53
10.56
9.32
9.03
10.37
10.41
10.87
9.90
9.40
9.91
10.57
8.76
10.13
11.26
9.54
10.86
10.04
10.82
9.80
10.26
10.09
9.33
9.80
9.75
9.41
9.77
9.37
9.86
10.08
9.37
9.82
10.31
9.94
10.45
10.58
10.78
11.04
11.52
8.96
9.36
9.81
10.30
11.50
10.96
9.48
10.00
10.77
10.98
10.97
10.38
10.95
9.05
10.06
9.63
8.74
10.85
10.25
9.23
9.75
10.24
9.26
9.58
9.89
10.33
9.79
10.28
9.28
9.60
9.88
10.32
10.68
10.94
9.88
10.24
9.48
9.40
9.80
10.25
10.64
10.95
10.59
8.13
9.41
8.95
8.53
8.70
8.41
9.84
10.36
10.85
11.23
11.48
9.60
9.89
8.53
9.43
8.97
9.26
8.75
9.84
9.04
9.63
9.89
11.28
8.80
9.62
10.76
9.90
10.15
10.59
9.60
9.89
10.48
10.77
9.41
9.16
9.05
9.82
10.34
11.07
11.39
10.88
9.41
9.71
9.92
10.41
10.63
11.00
11.34
10.86
10.45
10.67
9.44
9.84
10.30
11.00
11.34
10.85
9.74
10.33
10.56
9.44
9.84
10.30
10.96
11.32
10.83
11.09
9.26
9.78
10.32
10.47
8.83
10.76
10.27
10.44
11.28
9.56
9.46
9.47
8.52
10.02
10.51
10.58
11.52
10.15
10.33
10.90
10.53
11.85
10.04
9.21
10.16
11.20
11.24
10.51
10.60
10.73
11.27
9.94
9.41
9.40
9.41
9.24
8.90
8.53
9.75
10.93
8.94
9.91
10.41
9.78
10.13
10.59
10.86
11.08
9.82
9.39
9.04
8.92
9.79
10.24
9.85
9.50
9.97
10.44
10.81
11.06
10.37
10.80
11.05
10.22
10.30
10.14
10.55
10.59
10.13
9.12
10.21
9.67
11.34
9.56
9.18
10.22
10.85
9.91
9.40
8.37
10.16
10.19
10.73
10.78
10.04
10.57
8.95
9.97
9.49
8.87
11.13
10.08
10.55
10.66
9.13
11.23
11.04
9.72
10.26
8.99
10.84
10.25
10.18
9.38
9.88
10.34
10.75
10.14
9.82
9.41
9.87
10.59
8.85
11.52
10.99
9.52
9.92
10.44
11.06
9.43
9.62
10.07
10.43
9.61
10.06
10.59
10.89
10.44
11.01
9.66
10.09
10.43
8.62
9.57
10.06
10.57
10.89
10.42
10.99
9.61
10.85
9.91
10.23
10.10
10.88
10.59
9.06
10.28
10.72
9.57
9.88
10.61
8.87
10.15
8.87
11.48
10.16
9.82
10.77
10.86
9.79
10.32
9.41
10.15
9.79
9.08
10.58
10.97
9.88
9.40
9.93
10.39
10.59
11.04
11.43
11.58
11.89
8.78
9.95
10.02
9.40
10.13
8.91
10.85
9.86
9.49
9.39
9.02
8.60
9.51
8.83
10.07
9.88
9.42
9.45
9.62
10.00
10.26
10.60
8.99
8.59
9.87
9.38
8.89
10.41
10.69
11.34
10.07
9.75
9.71
10.25
10.36
10.60
10.14
10.51
10.70
9.43
11.46
11.09
11.30
8.78
10.82
9.90
10.87
10.25
9.87
9.41
9.41
9.52
10.02
10.69
9.88
9.32
10.59
10.12
8.35
9.37
8.36
11.46
10.12
10.56
10.39
11.20
11.46
11.72
10.87
10.48
10.38
11.19
11.45
11.73
10.86
9.80
9.77
10.32
9.91
10.39
9.37
9.75
10.28
11.11
10.78
9.01
9.61
9.74
10.17
9.58
8.91
10.96
10.60
10.75
10.19
10.22
11.43
9.56
10.03
9.95
9.40
10.23
8.84
9.96
9.43
8.71
10.89
9.61
9.82
10.31
11.04
10.30
9.05
9.65
9.29
8.81
9.15
10.18
9.40
8.86
9.89
10.85
10.47
9.74
10.23
8.89
10.57
10.52
11.21
9.71
10.19
9.49
8.95
9.11
9.97
10.46
10.13
9.75
9.54
8.98
10.59
10.30
9.82
9.01
9.32
9.39
8.67
9.48
8.95
8.82
10.47
11.00
9.94
10.99
9.73
10.21
10.61
11.10
10.58
11.49
9.23
9.69
9.56
9.12
9.75
10.20
11.09
9.11
10.65
10.48
9.67
10.15
10.68
9.12
9.12
9.66
10.19
10.72
11.17
11.26
10.25
9.70
9.89
9.42
10.93
10.31
9.19
8.86
10.94
9.46
9.56
10.02
10.41
9.04
8.63
10.48
10.88
9.69
9.88
10.33
10.24
10.67
10.96
11.15
10.80
9.17
10.05
10.25
9.77
10.13
9.08
10.90
11.10
10.32
10.59
10.12
10.63
10.31
10.10
10.59
11.33
9.92
9.41
10.05
10.33
9.59
8.88
9.50
9.14
9.67
8.36
8.79
9.15
10.53
8.64
9.47
10.06
10.92
10.58
9.03
10.00
10.33
9.57
9.56
9.99
8.77
9.09
9.81
9.44
10.30
9.07
11.00
9.66
9.89
10.40
10.37
11.30
10.81
9.88
9.37
9.92
9.41
10.57
8.41
8.42
8.99
11.09
9.75
9.56
9.74
10.09
11.01
11.32
11.09
9.97
10.47
10.54
9.76
10.12
9.46
9.97
10.47
10.53
9.75
10.11
9.47
9.98
10.48
10.52
9.72
10.05
10.54
10.13
10.97
11.33
9.12
10.60
11.61
9.79
9.66
10.30
8.85
10.54
10.98
9.95
10.36
10.42
11.23
10.74
9.39
10.80
11.22
11.47
8.58
9.08
9.65
10.00
10.59
8.85
11.09
11.37
10.05
10.60
11.47
11.75
10.09
9.36
11.27
9.85
10.20
10.40
9.42
9.69
10.16
10.71
8.83
9.36
9.84
10.22
10.44
9.62
10.20
8.82
9.38
9.85
10.43
10.72
9.15
8.70
8.71
9.73
10.13
10.59
11.06
10.46
10.46
10.36
10.87
11.15
10.15
10.92
10.41
9.89
10.21
9.68
9.19
9.83
10.31
9.85
10.21
9.69
9.19
9.81
10.29
9.87
10.21
9.69
9.19
9.80
10.28
9.85
10.21
9.79
9.43
9.82
9.30
8.99
9.78
9.88
11.12
9.31
11.11
9.27
8.67
9.09
9.58
9.81
9.21
10.10
10.98
9.88
9.41
10.59
9.83
8.36
8.91
9.82
9.63
9.42
8.93
11.26
9.89
10.26
9.47
10.92
8.85
9.06
9.75
10.11
10.48
9.61
10.05
8.92
9.06
9.60
9.57
10.04
10.62
11.28
10.11
10.96
11.04
10.04
10.43
10.39
11.24
10.03
9.47
9.02
9.42
9.64
8.46
9.87
9.81
10.33
9.80
9.86
10.29
10.11
10.59
10.89
9.20
9.10
9.84
10.33
10.74
11.24
9.57
11.63
10.26
10.75
9.85
10.30
10.72
11.20
11.60
11.30
9.25
9.16
9.68
10.19
10.99
9.89
9.51
9.57
9.09
8.84
10.20
10.48
10.73
10.00
10.50
11.03
11.41
10.06
10.60
10.61
11.10
11.47
10.89
9.84
10.37
10.93
11.36
9.38
10.84
9.41
9.87
9.30
9.81
10.12
10.84
10.50
11.03
11.48
11.28
8.50
9.83
10.33
9.34
9.86
10.43
10.97
9.10
10.59
10.23
9.69
8.92
10.64
9.75
10.04
9.75
10.58
8.89
9.23
9.19
9.67
11.02
10.18
10.43
9.83
10.17
11.17
9.40
10.20
8.90
10.07
9.51
8.67
10.16
9.96
10.41
10.90
10.57
10.66
11.07
10.17
11.48
10.09
10.65
10.77
11.40
9.75
10.31
9.44
9.90
9.00
10.87
10.39
10.93
9.86
10.39
8.96
10.13
9.40
10.36
10.79
9.75
9.19
9.71
10.23
8.53
11.11
9.75
9.26
9.01
8.65
9.54
8.99
9.56
9.81
10.11
10.50
9.71
9.62
10.22
8.77
10.12
10.59
11.23
9.84
9.91
10.04
10.59
10.46
9.15
11.10
9.67
10.08
10.54
9.04
10.06
9.82
11.03
10.23
10.74
11.16
9.81
10.41
9.01
9.57
11.10
9.40
10.89
9.34
9.84
8.77
9.54
9.31
10.04
11.03
10.48
8.84
9.88
10.29
8.78
9.53
9.33
8.85
10.02
9.48
9.99
11.02
9.79
10.31
10.90
8.97
9.56
9.35
8.77
8.99
9.87
9.15
9.73
9.33
9.03
9.85
10.26
10.59
10.05
11.12
10.54
9.77
10.22
9.69
9.68
9.11
10.16
9.26
10.65
11.07
11.25
10.10
9.35
9.19
9.87
10.32
10.90
11.34
11.17
9.19
10.12
9.81
9.82
9.50
9.18
9.85
10.26
9.79
10.32
10.58
9.49
9.18
9.87
9.82
10.39
10.62
10.88
10.25
10.76
11.29
10.83
11.31
9.81
10.32
9.58
9.11
9.95
10.52
9.82
10.18
9.10
9.41
9.67
9.43
9.08
9.94
9.79
9.98
9.36
8.59
8.87
9.42
8.60
10.21
10.07
10.60
11.21
10.60
10.47
11.19
9.79
9.70
9.33
11.13
9.71
10.09
10.55
10.20
10.63
11.02
10.26
9.75
9.80
11.05
10.00
10.49
9.82
10.75
9.88
10.28
9.51
9.36
9.19
9.93
10.40
10.72
9.83
10.21
9.41
9.46
8.53
8.92
9.09
9.72
10.20
10.19
9.69
10.68
11.05
9.19
9.77
10.13
9.40
9.83
9.82
8.93
9.52
8.55
8.96
9.01
9.54
10.50
9.70
10.02
10.11
8.97
9.17
8.98
10.76
9.67
9.73
10.17
10.10
9.52
10.06
9.19
9.75
10.19
10.54
11.06
11.47
10.16
10.67
9.58
10.13
9.22
9.05
9.78
10.22
10.58
11.08
11.47
11.21
9.54
10.05
9.23
9.07
9.74
10.16
10.49
11.03
11.46
11.20
9.54
9.23
9.07
9.75
10.16
10.48
9.03
9.57
9.74
10.08
9.28
9.64
10.09
10.38
9.75
10.10
9.29
9.65
10.09
10.37
9.77
10.11
9.29
9.65
10.08
9.78
9.29
9.66
10.08
10.58
9.06
9.29
9.69
10.24
10.75
11.11
11.37
9.51
11.00
10.36
10.39
10.60
11.09
8.93
9.43
10.35
9.88
10.89
11.25
10.95
9.78
10.35
11.28
10.40
10.90
10.06
10.26
10.10
9.68
10.62
10.84
10.19
10.59
11.13
10.33
9.90
9.00
9.21
9.41
10.13
9.71
10.61
10.59
10.77
11.14
11.35
10.18
8.63
10.27
10.68
11.05
9.68
8.63
10.05
10.45
10.76
11.11
11.32
10.54
10.74
11.08
11.26
10.65
10.20
9.76
9.09
10.59
11.55
11.01
10.41
9.88
9.41
10.35
11.17
10.43
10.30
10.66
11.17
10.95
10.32
9.97
11.12
8.90
9.61
9.51
8.65
9.25
10.79
9.93
10.24
11.02
10.26
10.60
10.91
11.35
9.89
10.38
10.77
9.32
9.84
10.63
10.28
11.09
11.32
11.57
10.19
9.81
8.93
9.41
10.23
9.87
10.40
9.55
9.86
10.41
9.85
10.20
9.55
9.86
10.40
9.84
10.18
11.05
10.45
10.41
9.83
9.40
9.97
10.52
10.83
11.00
11.31
10.13
10.39
11.28
9.61
9.42
9.97
10.07
8.73
9.31
9.76
9.04
8.81
8.85
9.53
9.92
9.56
9.04
8.84
8.88
9.53
9.92
10.81
9.49
9.05
8.89
8.92
9.55
9.48
9.06
8.90
8.92
9.56
10.04
10.22
9.49
9.45
9.10
8.96
9.61
9.54
9.01
9.98
10.35
9.12
8.47
8.98
8.46
9.64
10.08
10.44
9.61
10.02
9.18
8.51
9.05
8.48
9.70
10.10
10.43
9.09
11.06
9.69
10.03
9.34
10.43
10.58
10.89
10.76
10.00
10.52
11.53
9.48
9.94
10.39
9.92
9.84
9.43
9.49
9.05
9.95
10.39
11.17
8.86
9.95
9.43
8.67
10.60
10.04
8.94
9.94
9.24
8.75
8.93
9.54
11.18
8.73
9.71
10.08
10.59
11.43
10.60
10.14
9.77
10.92
11.10
9.01
9.97
9.95
9.40
9.38
8.87
10.07
10.94
9.96
9.48
10.94
10.09
10.60
9.14
9.46
9.85
10.23
11.23
9.03
8.68
10.60
11.41
9.94
10.23
10.66
11.02
11.39
10.61
9.81
10.06
10.95
10.39
9.35
10.74
10.76
11.23
11.61
9.03
10.16
10.09
9.59
9.03
10.61
9.04
10.24
9.66
10.55
9.04
9.16
9.77
9.92
9.74
10.71
10.23
10.63
9.13
9.40
9.76
9.54
9.96
10.50
9.57
8.86
11.13
9.98
10.53
11.10
11.02
8.87
9.98
10.55
9.61
9.43
11.04
8.78
10.38
10.86
9.40
9.95
10.32
10.10
9.16
10.33
8.99
10.64
9.85
9.57
9.08
10.49
10.03
9.85
10.25
9.99
9.96
9.41
9.13
9.46
8.75
8.88
10.78
10.29
9.67
9.81
9.90
10.17
9.57
9.66
10.23
10.75
10.87
9.90
8.90
10.85
9.45
9.73
10.31
10.17
9.53
10.82
10.30
10.77
10.36
9.67
10.04
10.05
10.17
9.50
9.95
10.49
10.69
8.99
10.05
10.57
9.48
8.99
8.64
11.03
10.47
9.03
10.45
11.01
9.57
10.10
10.99
9.80
10.25
10.38
9.69
9.63
10.35
10.54
9.86
9.25
8.90
10.69
10.93
9.95
9.45
8.82
8.67
9.38
9.84
10.40
10.70
9.95
9.12
10.17
9.64
9.99
10.39
10.58
9.59
9.62
10.08
9.09
8.89
9.30
9.74
9.56
10.14
10.58
11.02
10.33
9.65
10.78
10.60
11.48
11.33
11.02
9.88
9.22
8.95
9.41
9.27
8.62
9.11
10.09
9.47
9.70
10.58
10.28
9.99
11.08
10.22
10.46
10.77
9.60
10.11
10.60
11.12
11.34
11.49
10.16
10.65
10.64
11.14
11.32
11.54
10.61
10.64
11.14
11.31
11.55
9.67
10.15
10.91
9.90
10.34
11.05
11.20
9.42
9.49
9.22
9.93
9.62
10.11
10.93
11.04
9.52
10.35
9.43
8.90
10.78
9.85
10.35
9.45
9.55
10.07
8.79
10.18
9.31
9.18
9.69
10.07
10.22
9.78
10.26
10.60
11.00
10.08
10.23
10.99
10.58
10.26
9.86
9.84
11.28
8.97
9.36
10.18
11.54
11.26
10.67
11.05
11.54
11.25
10.60
9.89
10.27
9.00
9.83
9.50
10.30
9.92
10.37
9.01
9.86
9.52
10.31
9.92
10.35
9.42
9.24
9.81
10.24
8.42
9.83
9.89
9.46
10.03
9.60
9.01
8.67
9.43
9.87
10.02
9.60
11.05
9.98
9.96
10.50
10.39
11.32
10.02
9.08
9.66
9.94
10.11
10.00
9.83
10.38
10.86
9.40
10.60
9.99
10.56
11.04
11.34
11.80
10.60
9.83
10.33
10.82
11.35
11.58
10.99
9.88
10.40
11.30
11.55
11.81
8.81
9.88
10.74
10.89
9.86
10.33
9.42
9.85
8.94
9.53
9.42
9.99
10.27
9.37
9.05
8.84
9.77
10.34
10.56
11.04
9.39
9.93
10.21
9.39
9.07
8.83
9.95
11.02
9.08
10.29
9.67
9.80
9.70
10.22
10.24
10.59
10.85
10.70
10.51
9.67
8.91
11.50
10.29
9.64
9.41
9.71
9.12
10.21
9.27
8.78
9.69
8.35
8.62
10.16
10.62
11.13
9.86
9.78
9.49
9.97
9.40
10.51
9.90
9.64
9.38
10.07
10.58
8.89
9.29
9.86
8.87
8.56
9.41
9.44
9.59
10.03
9.86
9.44
9.59
10.04
9.88
8.91
9.51
11.10
9.95
9.01
8.60
9.92
10.48
9.53
10.04
9.09
8.63
9.54
9.96
9.56
10.09
8.65
11.24
9.95
10.90
9.17
10.31
11.06
10.63
10.81
10.81
10.81
10.81
9.54
10.82
9.98
10.36
11.00
9.41
9.27
9.76
8.80
8.99
10.79
9.56
9.84
10.20
9.81
10.39
10.91
10.79
10.80
8.82
9.72
10.22
9.66
10.87
10.17
10.60
9.55
9.37
8.97
10.69
11.06
11.40
9.77
10.17
11.04
10.62
9.10
10.87
10.11
10.82
11.28
10.46
10.28
11.27
10.49
10.79
9.96
10.20
9.42
9.93
10.76
10.42
9.72
10.17
9.20
9.39
9.01
8.62
9.89
10.74
10.38
10.08
10.01
9.46
9.33
9.16
8.71
8.93
9.76
10.66
10.25
10.04
10.59
9.31
9.19
8.71
8.92
9.71
11.60
10.11
9.55
8.69
11.04
10.48
10.06
9.66
9.25
9.71
11.07
9.77
10.03
10.38
9.59
10.66
10.59
9.83
11.22
10.43
11.02
11.39
9.63
10.07
10.34
10.26
9.45
8.90
9.00
10.59
10.21
9.82
11.30
9.85
9.38
9.00
9.12
9.90
9.84
9.36
8.99
9.12
9.87
10.20
9.95
9.42
10.09
10.00
9.67
10.15
10.54
9.84
10.39
9.39
8.59
9.04
8.80
11.03
11.33
11.18
10.81
9.91
10.45
8.60
8.81
8.59
8.81
9.87
10.44
9.60
9.19
11.31
11.05
10.75
10.91
9.89
10.34
10.07
9.78
9.27
10.62
10.96
9.41
9.92
10.38
9.36
9.42
10.03
9.54
8.98
8.55
8.77
11.02
10.57
8.90
10.87
9.86
9.47
9.46
8.94
8.53
9.40
9.91
9.42
8.96
8.53
8.82
10.88
11.00
10.45
9.84
10.33
10.83
10.83
8.99
10.24
10.03
9.59
8.92
10.88
9.86
9.74
10.11
9.30
9.01
10.60
11.25
10.29
9.81
9.61
9.09
9.81
9.56
9.05
10.95
9.86
10.40
11.19
10.10
9.97
9.41
9.35
9.63
9.10
8.72
10.89
9.87
10.36
9.34
8.86
9.35
10.82
9.77
10.27
9.44
9.88
9.98
10.13
10.48
10.36
11.26
9.89
9.42
9.60
10.16
9.49
9.02
9.99
10.51
10.75
8.93
9.48
10.01
10.30
10.11
10.63
10.91
9.04
9.28
9.63
10.06
9.64
10.60
10.06
9.94
10.45
9.13
9.73
11.13
8.83
9.21
9.68
10.18
10.59
9.39
9.22
9.78
9.42
9.30
10.75
11.08
9.89
10.38
9.45
11.05
8.94
10.25
10.55
8.92
10.00
10.51
10.78
11.01
10.30
9.95
9.52
9.63
10.01
9.67
9.80
10.22
10.46
8.91
10.01
10.15
10.89
9.15
9.70
10.26
9.74
10.31
9.31
9.11
9.76
10.18
10.73
11.12
10.20
9.89
10.04
10.55
10.58
11.56
11.59
11.55
10.29
9.42
11.08
8.78
10.63
10.82
9.78
10.30
9.09
10.15
10.81
10.23
9.52
9.83
10.24
10.40
10.23
8.93
11.05
10.39
9.54
10.55
9.50
10.02
9.05
8.68
9.51
9.94
10.28
11.49
9.01
10.99
10.03
9.61
10.16
10.46
9.93
9.47
10.50
10.84
10.27
11.12
9.94
9.18
9.41
10.67
9.76
10.21
9.01
9.45
10.30
9.02
9.54
9.91
10.82
10.23
10.81
10.98
9.13
9.70
8.98
9.46
9.84
9.01
10.09
10.03
10.55
10.94
10.05
10.58
11.29
10.03
9.89
10.78
9.41
10.76
9.92
10.22
8.87
10.90
10.59
9.85
8.66
9.14
8.89
9.47
10.00
9.48
9.86
9.96
10.39
10.89
11.49
9.79
10.29
10.74
11.22
8.67
8.66
9.84
10.22
9.73
11.13
10.52
11.43
10.94
11.00
10.40
10.24
9.82
10.26
10.61
10.26
9.10
9.71
9.85
9.82
9.33
9.65
9.95
9.00
9.40
10.14
10.66
8.61
9.13
9.67
10.06
10.41
10.56
9.55
10.09
8.96
9.09
10.04
9.65
10.38
10.06
9.70
11.03
10.42
9.88
10.33
9.09
9.32
9.70
9.17
10.20
10.35
10.48
11.12
9.95
9.41
10.78
10.36
8.79
9.45
10.84
9.84
10.35
10.99
9.43
10.76
8.54
9.03
8.90
9.92
10.21
8.59
9.93
9.48
10.71
10.83
8.95
9.54
9.66
8.75
9.28
10.00
9.53
9.05
9.66
10.16
10.59
8.76
11.21
10.35
9.56
11.17
10.38
10.00
10.56
10.56
11.38
9.16
10.14
9.75
9.67
9.71
9.23
10.23
10.09
9.61
9.04
9.72
9.24
10.23
10.15
9.64
9.04
9.72
9.25
10.21
10.57
10.20
9.78
10.53
9.03
9.40
10.93
10.43
9.10
10.05
9.58
8.42
8.87
9.75
9.41
10.06
11.10
10.03
10.52
9.76
9.42
10.05
10.43
11.09
10.84
9.14
10.14
9.66
10.54
8.43
8.92
9.80
9.46
10.39
11.10
10.81
8.66
9.28
9.82
8.46
8.96
8.70
9.40
8.46
10.89
9.97
10.38
9.00
8.81
9.64
9.32
8.82
9.03
8.81
9.79
9.67
9.95
9.40
9.10
11.06
8.53
8.87
9.35
9.85
8.56
9.89
10.27
9.03
10.97
10.01
9.93
9.58
8.67
9.01
9.50
10.59
9.66
10.16
8.68
9.03
9.63
8.71
11.12
10.06
10.07
10.53
10.62
9.24
11.30
9.41
9.93
8.92
8.29
8.45
9.18
8.29
9.88
8.49
10.61
10.09
11.10
10.11
10.20
11.03
10.70
9.55
9.94
8.89
9.47
9.55
10.04
9.73
10.28
11.00
9.54
10.59
10.05
9.63
10.17
10.98
9.51
10.55
10.01
9.56
10.12
9.21
8.69
8.95
10.98
9.50
10.52
9.96
10.11
9.52
9.51
10.98
10.60
10.37
9.92
9.07
9.67
9.63
10.68
10.15
9.24
10.31
9.76
10.87
9.55
10.66
10.10
9.24
10.31
9.76
11.18
11.55
10.86
8.98
9.10
10.62
10.17
9.64
10.51
11.46
8.94
10.26
10.78
10.42
11.53
11.39
10.97
9.88
10.93
9.95
10.36
9.41
11.18
11.21
8.84
9.80
9.43
10.41
10.67
11.04
9.94
9.40
9.95
10.30
10.51
10.97
9.63
10.15
8.75
9.90
10.25
10.37
11.07
10.10
10.65
10.88
9.05
9.83
9.65
10.18
9.75
9.40
8.99
9.89
9.12
10.69
10.76
10.28
10.11
9.15
9.64
9.99
10.14
10.01
10.46
10.59
11.39
11.03
9.88
10.03
9.57
9.41
9.88
10.11
10.63
9.65
10.26
9.33
8.89
9.20
9.65
10.17
8.90
10.99
10.16
10.57
10.57
9.71
9.48
9.70
10.17
8.75
11.29
9.87
10.20
10.36
10.59
10.16
9.66
9.99
10.40
10.80
9.23
9.83
11.06
9.29
8.91
10.48
9.79
10.23
9.33
9.79
9.98
10.39
11.30
10.80
10.98
9.91
10.38
9.46
9.50
9.97
9.25
8.82
9.47
9.92
9.02
10.12
9.62
8.79
10.06
9.27
9.82
9.29
9.32
9.80
10.14
9.89
9.25
9.75
10.07
10.60
10.03
10.40
10.21
10.75
11.17
9.83
9.24
10.23
10.06
10.51
9.80
9.97
10.50
10.48
11.38
9.55
8.98
10.86
9.42
10.86
10.05
10.35
9.87
9.06
8.61
9.62
10.19
10.19
9.11
9.61
9.65
9.17
8.76
8.30
9.38
8.62
9.87
9.21
10.87
9.74
9.99
10.32
11.04
10.41
10.02
10.27
9.76
10.12
9.11
9.75
9.41
9.98
10.47
10.86
10.56
9.78
10.31
11.15
10.82
11.50
8.80
9.65
9.28
11.17
8.51
8.92
9.40
8.94
9.63
9.67
10.09
9.96
10.53
9.58
10.11
8.81
9.23
9.67
10.17
9.04
9.59
10.14
9.29
8.85
8.39
8.69
9.53
8.89
8.81
9.33
9.66
9.99
10.99
10.44
10.21
9.70
9.41
11.27
10.04
9.95
10.33
9.60
10.11
8.78
10.79
10.19
11.06
10.75
9.31
9.40
9.89
9.51
9.90
10.29
10.74
8.46
9.81
10.26
8.94
11.08
9.57
8.93
10.58
9.51
10.01
10.48
8.95
9.25
9.53
9.92
10.22
10.66
11.16
9.06
10.04
10.41
8.97
9.36
9.05
9.60
10.13
10.56
11.09
11.37
10.88
9.62
9.86
10.29
9.61
10.10
10.51
11.05
9.79
10.24
11.02
9.61
8.99
10.08
10.60
10.53
11.16
9.78
10.15
9.11
9.54
10.06
9.94
9.44
10.34
10.58
9.58
10.05
8.88
9.26
9.76
10.21
11.32
10.56
8.83
10.80
11.02
9.93
10.45
9.42
10.51
10.97
9.31
9.69
9.95
9.30
8.95
9.80
8.65
10.28
10.46
9.35
9.82
10.38
9.36
9.02
9.86
8.68
9.01
9.61
10.10
8.74
10.35
10.24
10.68
10.59
10.74
11.32
11.68
10.44
9.20
10.26
9.73
8.89
11.22
10.21
9.40
10.59
10.19
9.15
8.70
9.73
9.65
10.09
9.30
9.06
11.05
8.70
9.55
9.94
10.47
8.71
9.51
8.71
9.56
8.74
9.92
10.49
10.90
11.29
9.96
10.60
10.27
11.42
11.86
11.05
10.67
11.01
9.57
11.83
9.84
9.06
8.85
10.09
10.58
9.85
9.43
11.35
8.43
10.58
10.95
11.44
10.68
8.93
9.95
10.43
8.89
8.93
9.47
8.88
10.86
9.81
10.33
10.95
9.03
9.60
9.38
8.88
9.10
10.22
9.69
8.94
9.95
9.55
9.72
9.42
8.87
8.97
10.16
10.58
10.80
11.41
10.56
11.10
10.76
11.39
10.56
11.10
10.16
9.79
10.04
10.53
10.09
11.18
9.11
10.55
10.47
9.76
10.11
9.60
9.03
9.14
10.01
9.78
10.16
9.63
9.05
9.17
9.99
10.41
9.96
9.40
10.34
9.19
8.71
11.25
9.64
10.19
10.74
11.00
8.84
9.92
10.42
8.69
8.85
9.24
9.67
11.23
9.97
9.44
10.08
10.63
11.21
10.78
11.38
10.21
10.10
8.93
10.24
9.49
9.92
9.45
9.25
9.66
8.80
8.89
10.13
9.45
9.90
9.23
9.57
8.78
8.91
10.87
9.08
10.27
9.69
10.10
9.07
9.67
9.43
9.88
8.91
9.11
10.88
10.59
10.83
11.22
9.84
10.33
11.14
9.93
10.55
10.12
9.79
10.35
9.33
11.06
10.87
11.17
9.95
9.42
11.06
10.87
11.17
10.49
9.94
10.51
9.44
8.78
9.75
10.31
9.27
8.89
10.81
11.18
9.94
10.50
9.50
8.78
10.25
9.07
10.68
11.19
10.21
9.67
9.66
9.97
9.13
10.74
10.49
10.78
10.21
10.98
9.20
9.74
9.90
8.97
10.38
9.40
10.07
8.75
8.98
9.92
10.42
10.57
9.14
9.61
9.00
10.11
10.57
10.94
9.88
10.45
9.16
9.04
9.67
10.14
10.57
10.92
9.84
10.40
9.17
9.65
9.04
10.13
10.59
10.93
11.39
10.94
9.57
9.93
8.82
10.35
9.67
10.66
10.96
9.40
8.87
9.90
9.54
10.38
11.05
9.69
9.20
10.18
10.60
8.90
8.57
10.88
9.78
10.32
9.01
9.62
9.34
9.67
9.75
9.93
10.06
10.56
9.67
10.31
10.81
11.26
11.63
11.26
11.46
10.89
10.63
10.81
11.26
11.63
10.87
10.79
11.25
11.63
9.43
9.10
8.59
11.43
8.93
9.52
9.89
8.72
9.50
10.82
11.08
9.84
10.31
9.02
9.63
9.10
8.80
10.44
11.01
10.00
10.48
9.07
10.36
10.05
10.55
10.88
10.93
9.64
9.89
10.34
8.83
9.44
10.60
9.20
9.18
9.68
10.05
10.42
10.77
11.23
11.29
10.39
10.82
9.00
9.86
10.03
10.59
10.46
10.72
11.19
9.97
9.43
9.36
8.78
9.77
10.30
11.05
10.48
10.44
10.02
10.44
9.93
9.41
9.45
10.82
9.87
10.87
8.95
10.21
10.59
9.11
9.63
11.21
10.37
9.60
9.52
10.08
10.58
10.77
11.14
11.45
10.24
10.79
10.04
9.16
8.83
9.67
10.20
8.99
11.16
10.49
9.56
10.06
9.79
10.06
10.39
10.55
8.81
11.37
10.21
9.28
9.76
9.89
9.41
8.56
10.96
10.27
10.41
10.35
11.17
10.07
9.20
9.71
9.91
9.40
9.94
10.41
10.58
10.94
8.71
11.64
10.01
10.16
10.58
10.08
10.60
9.38
9.80
9.40
10.92
10.54
11.41
10.08
10.08
10.86
10.90
9.41
9.88
10.39
8.65
9.40
9.14
8.64
8.92
9.52
8.68
9.20
9.74
10.12
8.45
10.34
8.89
8.92
9.38
10.10
9.40
10.89
8.50
9.90
9.89
9.11
10.19
10.50
10.39
10.75
9.43
9.91
10.25
10.72
11.01
11.39
9.80
10.33
9.68
10.23
10.71
10.23
10.67
10.95
11.35
10.30
10.62
10.23
10.66
10.93
11.33
10.28
10.64
10.22
10.63
10.91
11.33
10.17
10.51
11.24
10.67
9.62
10.15
9.92
10.86
9.41
10.69
10.86
11.09
10.27
9.75
10.26
8.87
11.11
9.47
10.41
8.55
9.05
8.97
10.56
9.55
10.07
9.87
10.37
10.58
10.87
10.00
10.48
9.25
9.38
9.85
11.58
10.17
9.81
10.24
9.87
9.85
9.85
10.30
9.40
9.87
10.96
8.76
10.42
10.11
11.14
10.45
10.05
9.95
9.42
10.84
9.54
9.86
10.29
10.93
8.92
10.16
9.75
9.54
9.69
9.28
8.82
8.99
10.10
9.69
10.10
10.19
10.84
10.21
10.64
10.05
10.12
8.89
10.60
10.74
10.14
9.17
11.06
11.52
10.07
9.69
10.98
10.13
11.17
10.61
9.71
9.01
11.02
10.13
10.43
9.63
10.02
10.49
10.74
10.97
9.82
10.39
9.88
9.12
10.97
10.37
9.60
9.90
10.39
9.33
9.76
8.65
9.05
9.49
9.99
8.90
11.20
9.50
9.91
10.33
8.70
9.99
10.49
11.47
10.75
11.30
11.06
11.69
10.25
9.08
9.66
9.73
10.60
10.28
11.30
11.13
11.54
8.81
9.59
9.28
10.05
10.60
10.89
9.75
10.33
9.61
11.28
8.83
9.87
10.40
10.66
10.60
11.45
11.47
9.40
10.90
9.04
8.57
9.88
9.64
8.58
9.27
9.85
10.96
9.99
10.44
9.08
9.54
9.04
8.50
9.57
8.62
9.16
10.95
9.75
10.00
10.35
11.03
9.10
10.08
10.77
9.66
10.80
10.81
9.75
10.27
8.91
9.89
10.20
9.50
9.41
8.73
8.86
8.97
10.74
10.30
10.85
9.29
9.80
11.10
11.42
10.03
9.38
9.97
10.56
10.96
9.05
9.04
10.08
9.58
10.60
10.98
10.49
11.05
11.53
10.88
11.32
9.45
9.90
8.72
9.54
9.09
9.04
10.30
9.62
10.08
10.03
10.54
10.09
10.55
10.03
9.30
9.78
10.05
10.58
11.23
9.37
9.44
8.80
9.20
9.81
8.89
10.15
9.51
10.68
10.96
8.76
9.03
9.30
9.65
10.06
10.57
9.59
11.24
9.09
9.58
10.05
10.19
9.69
10.07
10.03
9.56
8.92
9.88
10.09
9.55
10.07
10.58
10.57
9.96
9.57
10.08
10.60
9.41
9.41
9.93
9.58
10.06
8.63
9.17
11.06
9.64
10.08
10.55
11.13
10.65
10.93
9.82
10.36
10.35
10.87
9.52
9.90
10.38
10.14
11.07
9.80
9.41
10.13
9.45
9.84
10.13
9.29
9.66
10.18
9.04
8.64
9.45
9.80
10.05
10.51
10.83
8.91
9.83
9.53
10.12
8.70
10.56
9.46
11.20
10.08
10.59
9.12
11.30
10.16
9.70
8.99
9.81
11.04
10.49
10.15
9.79
10.28
10.93
10.56
11.11
9.88
10.29
10.92
10.52
11.11
9.78
10.32
9.63
9.18
9.18
10.01
10.49
10.83
11.10
11.09
9.85
9.91
10.45
9.66
9.21
10.03
10.49
10.83
11.09
11.06
10.84
9.24
9.85
10.21
9.79
9.24
9.28
10.12
10.47
10.74
11.06
9.87
10.38
9.29
9.41
8.35
10.48
10.14
10.73
11.08
9.43
10.95
9.75
10.16
10.59
9.55
8.70
9.23
9.00
9.75
8.99
10.53
11.17
9.16
10.15
9.73
9.45
9.06
9.70
10.19
10.50
9.46
9.05
9.71
10.19
10.10
10.58
11.10
11.33
10.70
11.06
9.79
10.37
9.08
11.02
9.63
9.95
9.40
9.69
10.41
10.32
10.82
10.29
10.77
11.21
11.57
10.31
10.45
9.54
9.39
10.03
8.77
8.97
8.56
8.86
9.31
9.61
9.44
11.20
8.62
9.25
9.74
9.92
10.36
9.11
9.86
9.68
9.75
10.11
10.36
10.75
10.97
8.94
10.20
10.59
10.32
11.30
9.41
9.13
9.67
9.59
10.15
9.13
10.00
9.68
10.34
10.63
9.12
8.65
9.68
10.18
9.34
9.85
8.46
9.41
8.96
8.81
8.74
9.52
9.40
9.70
9.95
10.48
10.60
9.76
9.51
9.10
9.98
10.18
9.78
10.98
9.93
9.77
10.32
10.96
10.80
11.29
9.87
10.38
11.29
10.45
10.84
10.05
10.59
9.67
9.34
9.04
9.89
11.13
9.74
9.39
9.03
9.77
10.05
10.53
11.19
9.44
10.10
10.60
9.90
10.33
10.72
11.29
11.15
11.04
10.06
10.51
8.75
10.02
9.57
9.90
9.50
9.05
10.39
8.74
11.15
9.90
10.04
9.40
9.77
9.24
8.66
9.30
9.09
9.91
10.41
9.44
8.70
8.92
10.03
9.51
10.40
8.78
10.16
10.88
9.90
10.30
11.18
10.81
10.58
9.13
9.71
11.08
11.46
9.16
10.23
9.88
9.35
8.93
10.51
10.26
10.28
9.73
10.24
10.74
11.02
11.35
9.40
8.93
10.81
9.78
10.31
9.03
9.92
9.41
9.23
9.38
9.82
10.60
10.02
11.03
10.05
10.44
8.64
8.63
9.70
11.04
9.62
10.87
9.33
10.30
9.80
10.36
10.79
11.16
10.60
10.78
10.81
10.30
9.73
9.40
10.58
10.60
8.66
10.21
9.67
9.27
10.42
11.35
8.54
9.92
8.81
10.77
9.87
10.84
9.93
10.25
9.42
10.63
9.44
8.87
9.80
10.25
10.86
11.01
9.14
9.74
10.60
9.84
10.41
11.30
10.45
9.68
8.91
11.24
9.39
10.59
9.63
9.92
8.67
10.67
10.51
9.60
9.13
11.09
10.61
10.87
11.34
10.13
9.93
10.47
10.58
9.40
11.32
9.78
10.95
10.77
9.93
9.38
10.33
10.37
8.79
9.50
10.85
9.06
10.26
9.68
10.11
9.03
9.12
9.60
10.77
11.00
10.02
10.47
9.15
9.16
9.70
10.10
9.56
9.22
9.74
9.99
9.98
10.29
9.77
10.00
10.45
9.99
10.57
10.94
11.22
9.07
9.98
10.01
10.01
9.75
9.56
10.27
9.71
9.48
10.25
10.55
10.84
8.84
9.21
9.64
10.05
10.55
8.86
10.05
9.64
9.48
8.63
11.06
9.27
10.20
10.11
10.45
10.76
11.03
9.96
10.40
9.63
10.54
9.10
9.68
9.70
9.21
9.18
8.93
9.71
9.73
10.99
10.60
10.01
9.79
9.23
9.63
10.13
11.29
10.32
10.10
10.69
8.94
9.38
11.52
10.82
8.60
10.98
11.17
10.05
9.11
9.65
10.53
8.84
9.67
9.44
9.82
10.18
8.93
8.86
9.36
9.85
10.33
11.06
10.53
10.46
10.43
10.95
11.31
11.46
10.95
10.03
9.84
9.95
10.34
11.27
9.41
9.90
10.73
8.76
9.71
10.22
9.78
10.21
10.55
9.19
9.46
9.89
10.03
10.56
11.08
9.77
10.06
10.47
10.99
11.49
11.69
11.57
9.45
11.08
9.57
8.85
9.91
10.39
9.45
9.69
9.96
9.74
10.24
10.93
9.90
11.01
8.83
10.16
10.59
9.09
9.70
11.20
10.59
9.12
11.18
11.50
9.70
9.21
8.95
9.71
10.01
10.49
9.74
9.20
8.88
11.08
9.96
9.41
9.80
8.60
10.55
9.12
10.14
9.72
8.93
9.38
9.86
10.20
10.60
11.13
10.54
11.10
11.45
10.69
11.01
9.89
10.42
10.60
9.42
10.54
10.96
11.33
8.86
9.89
8.59
9.46
10.23
9.91
9.79
9.27
8.46
8.68
8.95
9.42
9.39
8.45
8.69
8.97
9.44
10.74
10.59
9.44
9.82
10.18
8.73
8.94
9.41
9.88
10.60
11.64
11.81
11.34
9.13
9.71
10.18
9.66
8.82
9.20
9.46
9.93
10.73
9.84
10.14
10.00
9.57
9.77
10.20
10.71
9.40
8.52
9.02
10.47
10.12
9.60
9.70
10.15
10.58
10.01
9.44
8.95
9.72
10.14
10.64
10.02
9.79
9.74
10.17
10.67
8.95
11.27
9.47
9.92
10.28
10.18
10.59
11.24
10.99
11.50
10.22
10.19
10.58
11.23
10.97
11.49
10.18
11.49
9.88
10.19
10.56
11.21
10.95
10.60
10.11
10.18
9.64
9.40
9.94
9.78
10.28
9.21
9.73
9.61
8.52
10.06
11.06
9.55
10.01
10.51
8.83
9.05
9.66
9.24
10.00
10.48
11.22
9.47
10.05
9.88
9.08
9.59
9.97
10.46
8.96
9.57
10.11
10.04
10.50
10.90
9.95
10.33
9.02
11.06
9.55
9.80
9.11
8.81
9.57
10.09
9.95
9.40
8.34
10.16
10.60
10.92
10.78
8.88
9.82
9.31
8.81
8.88
10.28
10.39
10.92
10.19
10.91
9.53
9.89
10.42
8.94
9.81
9.57
10.58
10.13
8.77
9.30
8.98
10.04
9.08
9.74
9.67
10.27
10.63
10.85
10.48
11.32
11.15
9.37
9.05
9.91
9.13
10.18
10.54
9.66
11.28
10.01
9.59
10.49
10.27
10.50
10.83
11.37
11.14
8.97
9.47
9.13
9.99
10.23
10.88
10.30
9.86
10.36
9.61
9.21
10.11
10.51
9.91
10.41
9.62
9.22
10.12
10.71
11.03
9.94
9.42
10.45
8.88
9.88
9.46
10.23
10.05
10.60
8.75
9.34
9.76
10.28
9.48
9.11
8.59
8.75
10.04
10.59
10.70
11.05
10.59
9.37
9.71
10.17
9.45
9.11
8.58
8.78
9.98
10.50
11.32
9.01
9.60
9.84
9.62
10.19
9.29
8.89
9.82
10.37
10.88
9.08
10.15
9.66
8.82
9.31
9.75
10.06
10.59
9.61
10.53
11.14
10.16
10.52
9.54
10.09
10.53
10.11
10.63
9.54
10.09
10.51
10.97
11.32
9.18
11.05
10.67
9.77
10.34
9.05
11.02
10.14
10.47
11.23
9.44
9.85
10.17
10.12
9.45
9.86
10.16
10.16
10.15
10.93
9.91
10.41
10.10
9.44
10.32
9.44
9.91
9.62
9.28
8.78
10.10
8.95
11.04
9.56
10.07
11.04
11.05
9.44
9.07
8.69
9.34
8.91
9.69
10.11
10.88
10.88
8.92
10.59
10.19
8.91
10.68
10.11
10.59
9.47
9.62
9.41
10.05
10.53
10.98
11.38
11.02
10.00
9.55
9.01
10.42
9.15
8.71
9.89
9.50
9.95
10.33
9.20
9.59
8.72
10.16
11.19
10.73
9.08
9.68
10.11
11.00
10.32
10.60
10.86
10.29
11.06
11.47
10.80
9.80
10.08
9.21
10.58
11.20
11.07
11.44
9.90
10.46
11.44
10.00
9.30
10.04
9.79
10.59
10.40
11.38
9.99
9.34
10.78
9.85
10.33
9.76
10.26
9.31
9.75
9.87
10.22
11.00
9.42
10.01
10.27
10.59
9.49
9.20
8.54
9.13
8.86
9.62
10.15
11.31
11.01
8.86
10.54
10.05
9.69
9.46
8.60
10.60
9.47
9.18
10.95
11.18
10.44
9.68
10.21
9.57
9.31
11.00
9.12
10.26
10.45
9.77
9.69
10.37
11.02
9.60
9.44
9.43
9.93
8.94
9.83
9.44
9.12
8.54
8.47
10.27
10.69
9.05
9.65
9.42
9.70
10.12
11.01
9.79
9.68
10.60
9.48
9.22
11.28
9.72
10.25
10.60
10.54
10.94
10.60
9.89
9.56
9.16
9.40
8.86
10.87
11.07
8.84
9.98
10.50
9.41
10.72
11.08
9.39
8.94
8.94
9.45
8.96
8.95
9.95
9.61
10.07
10.51
10.56
9.12
9.06
11.01
9.59
10.02
10.26
10.61
9.81
10.05
9.40
9.24
9.90
10.43
10.81
11.09
11.28
11.02
10.60
10.50
10.81
11.09
11.28
10.52
10.81
11.08
11.27
10.47
10.36
10.81
11.07
11.27
10.94
9.11
10.34
11.06
11.29
10.16
9.68
9.04
9.10
9.41
8.57
8.30
9.02
9.17
8.59
8.30
9.03
9.29
9.99
10.18
9.58
9.31
9.80
9.62
8.40
10.63
9.34
9.82
8.83
11.14
10.03
10.54
11.31
10.01
11.31
9.33
9.85
9.74
10.27
9.81
10.35
10.85
8.99
10.97
9.54
9.86
9.82
10.38
11.21
10.63
10.23
9.95
9.43
9.52
8.86
9.86
10.25
9.72
9.47
10.17
10.37
10.72
10.91
9.44
9.94
10.35
9.73
10.20
9.36
8.90
9.47
8.47
8.77
9.93
9.08
10.12
10.02
9.63
9.03
9.18
9.63
9.57
9.04
9.18
9.63
10.03
10.45
10.89
9.57
10.04
9.05
9.00
9.59
9.99
10.42
10.89
9.59
10.02
10.57
11.18
9.02
9.54
9.08
9.71
10.05
10.56
11.39
9.06
10.17
10.75
11.56
9.44
8.75
9.87
10.35
9.91
9.33
9.39
10.33
10.54
11.25
10.99
9.93
10.44
10.31
9.42
9.45
8.99
8.75
11.19
10.59
11.63
9.66
10.20
9.63
9.40
10.04
10.50
10.83
9.57
10.10
9.63
9.04
8.97
9.42
10.06
10.49
10.80
10.14
9.56
9.66
10.05
10.45
10.76
9.98
10.54
9.67
10.06
10.46
10.76
11.24
9.91
10.46
10.42
10.13
11.14
9.90
9.82
9.29
8.90
10.37
9.94
10.30
11.06
9.93
10.60
10.05
9.83
9.32
10.19
10.03
10.52
9.83
9.34
10.71
11.21
9.40
11.34
10.97
10.34
9.63
9.13
10.15
10.49
9.84
9.33
8.53
8.86
10.37
10.70
11.20
11.33
10.87
10.28
10.83
11.31
10.68
11.15
11.58
10.65
11.30
10.69
11.15
11.58
8.85
9.95
9.41
8.57
10.02
9.16
8.98
10.07
9.58
10.60
9.52
11.14
10.88
9.86
10.42
10.31
10.64
10.80
9.12
10.14
9.70
11.34
10.79
10.26
9.90
10.28
10.81
10.77
9.18
10.21
9.40
9.00
9.81
10.32
10.04
9.77
9.00
9.40
10.58
10.28
9.65
11.30
11.76
9.23
8.95
10.94
11.27
11.49
11.76
9.74
9.76
10.22
9.34
9.07
9.83
11.28
10.32
10.89
9.66
10.17
10.86
8.55
8.72
9.33
10.36
8.58
9.45
9.30
9.32
8.90
8.40
9.68
8.75
9.27
8.94
10.16
9.60
10.90
8.99
10.59
9.56
9.86
9.65
10.13
9.79
10.09
10.27
9.69
8.96
10.03
10.89
10.47
11.11
10.06
9.12
10.52
11.31
10.75
10.24
9.35
8.84
9.09
9.91
10.39
11.41
11.30
10.84
9.71
9.08
11.06
10.06
9.64
10.06
9.81
9.54
9.09
10.27
11.05
11.19
10.66
10.43
9.18
9.78
10.19
11.18
9.18
10.14
10.88
9.88
10.09
10.31
9.40
9.69
9.39
10.30
9.22
9.58
10.12
10.90
10.59
10.62
10.82
11.22
11.16
10.31
10.52
9.94
9.41
9.03
9.44
10.54
8.35
11.18
10.98
9.87
10.41
9.87
9.34
10.18
10.52
10.41
9.43
10.36
10.17
10.00
9.33
11.11
8.60
9.63
9.22
9.23
9.19
10.67
9.80
10.69
10.26
9.08
9.67
9.10
10.84
10.00
10.85
9.62
10.26
9.93
10.34
9.13
9.71
8.80
9.18
9.75
10.22
9.25
9.57
9.81
10.56
9.42
8.41
10.79
9.60
8.97
10.30
9.54
11.04
8.65
8.66
9.71
10.13
9.39
10.38
10.13
10.58
10.82
11.66
11.17
9.45
11.33
9.14
9.65
10.10
9.26
9.41
9.77
10.12
8.74
10.92
10.28
10.60
9.32
10.24
9.42
9.35
9.89
11.19
8.88
9.42
8.85
9.97
11.20
9.99
9.42
8.89
8.84
9.34
9.84
10.10
10.55
8.84
8.90
9.05
9.50
10.04
9.75
10.24
10.56
11.09
9.60
10.49
9.13
11.04
9.68
10.18
9.30
10.91
8.90
10.31
9.41
10.83
10.83
8.54
9.07
10.27
9.66
10.13
8.87
10.60
9.24
9.80
9.63
8.95
9.22
11.17
10.12
10.60
9.86
9.34
9.41
9.82
10.32
10.80
9.77
10.17
10.73
11.04
11.35
10.80
11.14
9.84
10.37
8.54
9.07
11.13
9.67
8.83
9.33
9.20
10.25
10.53
9.90
9.65
10.34
9.18
9.35
9.56
9.69
10.52
10.17
11.22
9.64
11.00
10.01
10.45
10.42
9.84
10.24
9.94
10.09
9.43
8.84
9.46
9.80
9.22
8.90
9.23
9.67
8.39
9.40
8.87
8.64
8.90
10.35
10.67
10.96
10.38
9.89
9.94
9.77
9.52
11.33
9.32
8.80
9.64
9.93
10.19
11.00
10.59
10.33
9.77
10.22
10.74
11.23
10.89
11.26
10.32
10.79
9.75
9.73
10.17
9.36
9.01
9.82
10.31
9.77
10.26
10.56
9.67
10.45
11.01
9.04
9.54
9.36
10.03
11.75
11.29
11.36
9.42
8.88
9.90
10.41
10.63
10.94
9.69
10.17
9.44
8.90
9.92
10.41
10.60
10.91
9.13
8.65
9.67
10.19
10.18
10.25
10.12
9.65
10.22
10.61
10.10
9.81
9.12
10.59
11.53
10.98
9.09
9.41
10.10
10.42
10.33
9.74
9.25
8.82
9.44
9.75
9.67
10.26
9.26
8.73
8.89
10.22
9.69
10.84
8.75
10.32
9.00
9.59
9.77
10.25
10.85
10.35
10.11
10.58
10.69
9.53
10.59
9.84
9.91
11.17
9.95
10.51
11.28
10.42
9.41
8.68
8.80
10.76
11.04
9.96
9.43
9.42
9.83
10.19
10.59
9.29
8.75
9.79
9.40
9.84
9.28
8.74
8.85
9.76
9.44
9.90
9.32
8.77
8.89
9.80
9.95
9.32
8.78
8.91
8.93
10.24
9.78
11.34
9.53
9.99
9.75
9.93
10.11
10.25
8.99
10.58
9.40
9.63
11.13
9.20
9.39
9.83
10.55
10.24
9.33
8.84
11.23
8.53
9.89
11.00
9.12
8.95
10.48
10.06
10.53
10.22
9.48
9.96
8.99
9.16
8.94
11.26
11.11
10.46
10.79
9.53
10.54
10.08
9.60
10.06
9.08
11.28
11.09
10.53
10.81
9.87
10.45
9.62
10.08
9.08
11.27
11.07
10.51
10.79
10.92
9.85
10.39
10.16
10.93
10.69
10.34
9.00
9.97
9.62
10.31
8.65
9.99
8.66
9.96
10.48
9.40
10.58
8.68
9.38
11.20
9.75
10.04
10.60
11.38
10.45
10.26
10.00
9.60
9.86
9.42
10.99
10.20
10.01
10.35
11.24
10.84
10.54
11.02
8.88
9.65
10.47
9.97
10.54
10.21
9.76
9.47
9.49
10.39
8.87
10.30
9.07
11.08
10.58
9.68
10.21
9.51
8.91
9.01
10.03
11.07
10.54
9.62
10.15
9.42
9.05
10.04
9.40
9.76
10.24
10.60
10.89
10.57
10.03
8.86
10.60
10.05
10.58
9.79
9.45
10.41
10.48
8.79
11.33
11.33
10.09
9.42
8.89
9.00
9.87
10.32
10.19
9.63
9.72
8.92
10.91
10.32
10.10
11.04
9.76
9.12
9.60
10.17
9.92
9.39
10.15
10.15
10.83
10.17
10.66
9.17
8.79
10.69
9.69
10.13
11.43
9.20
9.22
10.59
9.73
10.27
9.30
10.09
10.84
9.85
9.94
10.25
9.34
9.41
9.54
8.50
9.63
9.11
8.98
8.86
9.48
8.52
9.85
9.58
9.60
9.00
10.13
10.05
10.60
11.20
10.49
10.59
9.59
11.07
11.11
10.54
10.50
10.94
11.06
9.96
9.18
10.46
9.44
9.80
9.42
8.97
10.80
10.97
10.33
10.76
9.58
10.02
9.57
10.12
9.04
10.52
9.70
8.73
10.23
11.12
11.20
10.57
11.05
9.41
11.10
8.41
8.89
10.58
10.25
9.74
10.23
10.20
9.75
10.23
10.48
10.92
11.07
10.32
9.84
9.20
9.78
10.20
9.50
10.02
10.16
10.25
9.84
10.03
10.53
9.91
10.31
10.55
10.97
11.39
9.98
10.50
9.50
9.92
10.31
10.53
10.96
11.38
10.98
9.01
10.01
10.47
9.37
9.83
9.53
10.11
10.25
9.08
10.29
10.21
9.25
8.82
9.10
9.74
10.25
10.64
10.26
9.67
8.80
9.18
10.58
10.15
10.53
10.03
9.95
9.41
8.92
8.43
9.54
8.95
8.97
8.49
8.10
8.45
9.76
10.16
10.55
9.16
9.76
10.84
10.91
9.87
9.71
10.19
10.70
10.82
10.90
9.80
10.30
10.64
9.06
9.73
9.42
8.75
9.81
9.31
9.12
8.65
8.76
9.67
9.46
9.71
9.93
9.64
9.39
9.96
10.36
8.69
9.29
8.94
9.65
10.18
10.89
9.34
9.01
9.60
8.81
9.26
9.70
10.12
10.59
10.17
10.08
10.64
10.14
10.72
10.46
10.98
11.30
11.39
10.68
10.54
10.51
11.00
11.40
10.28
11.22
10.68
10.26
9.42
9.94
10.80
10.40
9.76
8.66
9.15
10.16
9.76
9.81
9.38
9.09
9.82
10.20
9.76
10.29
10.37
9.07
11.01
9.41
9.68
9.13
8.55
9.49
8.97
9.71
9.15
9.62
10.07
9.90
10.23
10.74
9.62
10.03
8.55
10.24
10.72
10.59
10.32
10.71
11.15
11.54
8.55
10.23
10.72
9.54
9.05
9.02
9.99
10.34
10.68
11.12
11.51
9.64
10.11
10.65
10.34
11.51
9.19
9.15
9.71
10.09
10.36
10.66
11.08
10.59
10.08
9.38
9.90
9.71
9.41
9.35
9.92
10.29
10.68
9.50
8.96
10.07
9.06
10.48
10.91
11.36
9.44
8.88
8.34
8.50
9.98
11.16
9.13
9.67
8.82
8.34
8.51
9.85
10.09
10.51
9.52
9.00
8.82
10.05
9.91
9.61
10.12
9.95
10.49
10.77
11.21
10.43
9.79
10.74
11.19
10.83
9.83
11.12
10.32
9.44
9.62
9.20
9.34
9.01
8.62
9.86
10.26
10.17
8.88
10.71
10.96
9.88
9.45
9.34
9.37
8.97
8.58
8.80
9.02
9.63
9.72
10.05
10.89
10.58
8.84
8.85
9.58
10.12
10.67
10.06
11.40
10.29
10.82
9.73
10.18
10.63
11.55
11.38
11.05
10.28
9.95
9.35
9.79
9.23
9.43
10.31
10.50
10.20
10.62
11.19
10.90
9.87
8.54
10.12
10.23
9.92
9.64
9.12
9.62
11.06
8.45
9.02
8.77
9.84
10.20
10.60
10.89
11.40
10.33
11.14
10.66
9.91
9.40
9.25
9.82
10.16
8.80
9.34
8.65
9.71
10.12
11.05
10.52
9.87
10.29
11.03
11.04
9.71
8.93
9.52
9.47
9.19
8.99
8.80
9.60
10.59
10.27
10.07
10.57
9.68
10.22
10.49
11.01
11.51
11.36
9.06
10.20
9.41
9.15
8.84
9.07
9.93
10.45
9.68
9.65
10.23
10.62
11.51
8.90
10.22
10.70
11.30
11.20
10.80
10.53
11.29
11.18
10.79
9.73
9.61
9.40
10.26
10.44
9.84
9.29
8.94
8.44
8.59
10.42
11.30
11.16
10.80
10.23
11.10
10.68
10.60
11.47
10.98
10.64
9.84
10.41
9.09
10.12
10.23
10.64
9.90
9.42
10.91
8.91
9.47
10.27
9.78
9.87
10.39
10.91
9.27
8.76
8.97
10.16
9.57
8.78
10.87
9.84
9.07
9.57
10.10
10.20
10.41
10.86
10.18
10.68
10.57
9.61
10.59
10.48
9.10
11.25
9.92
10.24
11.20
9.40
9.77
9.31
9.57
8.74
9.23
10.06
9.74
9.83
9.39
8.89
9.28
10.59
10.75
10.19
9.18
9.64
10.94
9.90
10.40
9.88
10.14
9.58
9.41
9.98
9.49
9.90
10.06
9.49
9.90
10.28
10.71
9.18
10.65
9.06
9.62
10.14
10.28
10.52
10.07
9.68
9.30
8.93
9.75
9.40
10.16
8.99
8.53
10.47
9.55
10.04
10.31
10.59
10.86
11.19
9.37
9.81
10.33
11.34
10.81
9.96
9.41
10.32
9.89
9.53
10.01
8.86
10.22
10.17
9.78
9.45
10.25
11.07
10.59
10.75
10.21
10.56
10.60
11.44
8.95
10.14
10.95
9.98
9.47
8.70
10.00
10.45
10.42
10.07
10.60
10.90
11.34
9.93
10.42
10.13
10.61
10.89
11.32
10.88
10.85
9.84
10.30
9.40
9.74
10.56
10.22
9.89
10.19
9.73
9.51
9.80
9.14
8.69
9.42
9.91
9.49
9.77
9.15
8.69
8.93
9.43
9.91
10.21
9.55
9.82
9.18
8.70
8.94
9.44
9.90
10.20
9.85
10.40
9.83
9.36
9.02
9.44
10.17
9.84
10.88
8.74
9.62
10.26
10.59
9.65
10.10
11.21
8.95
8.48
8.75
9.11
9.89
10.44
11.21
10.36
11.20
10.71
9.69
11.52
10.60
11.11
10.94
9.88
10.39
9.15
9.36
9.83
10.35
11.00
9.41
9.89
10.41
9.15
8.81
9.39
9.87
10.39
10.92
9.65
10.01
10.90
10.32
8.87
10.89
9.47
8.97
8.68
8.96
9.82
9.56
10.13
10.58
10.82
9.85
10.20
10.58
11.12
10.47
9.98
10.52
10.32
9.64
11.33
10.21
10.72
10.67
10.25
9.86
9.73
9.41
9.91
10.27
10.60
10.18
10.27
9.42
11.03
9.11
8.63
9.68
10.05
9.61
10.60
8.78
9.23
10.90
11.36
11.35
10.05
10.27
9.73
9.18
9.42
9.40
8.82
8.60
9.65
9.41
8.89
9.93
9.43
9.71
10.22
9.41
9.79
10.03
10.54
10.95
9.17
8.87
9.50
10.08
10.96
9.54
10.59
8.92
10.00
9.47
9.64
10.03
10.30
10.81
11.13
11.50
10.77
11.11
11.49
9.53
10.66
8.74
10.28
10.35
10.86
10.24
9.90
10.67
11.11
11.58
11.40
9.65
9.16
9.74
8.98
9.88
10.30
11.21
9.80
10.72
10.60
11.55
9.82
9.11
10.18
10.14
10.93
10.36
10.24
9.91
10.45
9.12
9.40
11.07
11.06
9.87
9.32
8.59
10.59
9.87
11.32
10.30
10.79
10.37
11.09
10.03
11.25
9.33
9.08
9.67
9.05
9.57
10.07
10.59
10.48
10.25
9.73
8.83
11.09
9.85
10.38
10.53
9.43
9.13
8.66
8.90
9.64
10.03
10.44
10.70
11.15
9.94
10.51
9.13
8.66
8.91
9.67
10.04
10.45
10.71
11.15
9.93
10.47
9.15
8.67
8.93
9.67
10.03
10.43
10.69
11.15
11.02
10.39
9.60
9.42
10.15
10.06
9.10
10.36
8.80
8.31
8.58
11.13
10.36
9.40
10.88
8.93
8.72
9.86
9.41
10.28
9.80
10.36
9.60
10.13
10.67
11.22
10.96
9.83
10.38
9.61
10.13
10.66
11.22
10.95
9.76
10.36
9.71
8.80
10.60
10.63
9.90
10.27
9.14
9.40
9.72
11.24
10.04
10.11
10.55
11.01
9.34
9.82
10.32
10.58
10.25
10.74
10.00
10.50
10.91
11.30
11.44
9.48
8.66
11.06
9.92
10.46
11.23
9.75
10.05
9.85
9.56
10.10
9.21
10.52
10.28
11.11
10.61
9.77
10.14
9.62
9.64
10.15
9.16
8.83
9.02
10.59
10.08
10.60
9.73
9.44
9.09
10.01
10.01
10.86
11.34
9.80
10.34
11.54
11.34
10.76
11.52
10.35
9.17
10.72
9.77
9.40
10.17
9.82
10.36
10.83
9.45
8.92
8.44
8.67
9.93
10.38
10.92
11.36
11.50
9.67
11.06
8.93
9.99
10.52
9.60
10.12
10.66
11.05
9.97
10.44
9.43
10.99
9.08
8.88
9.60
10.14
10.46
11.11
10.24
9.00
9.95
9.59
8.87
9.85
9.12
9.68
10.60
10.03
9.63
9.17
10.12
10.67
11.15
11.25
9.81
10.18
10.59
9.78
10.29
10.10
9.76
10.26
11.29
10.84
9.06
9.92
10.29
9.58
9.11
10.15
9.37
9.12
9.07
9.85
10.33
10.58
10.20
9.66
9.80
9.87
10.02
10.06
10.55
10.43
11.19
9.41
10.00
8.81
9.78
9.08
9.52
10.16
9.89
9.41
10.16
9.78
9.46
9.05
8.61
8.97
9.97
9.49
10.26
10.11
10.81
9.60
10.19
10.58
9.16
9.07
9.67
10.69
10.34
9.82
11.40
9.28
8.89
11.39
10.16
10.87
10.05
10.30
9.86
10.17
9.42
8.95
10.58
9.98
9.09
8.68
9.50
8.94
9.95
10.26
10.11
9.54
11.06
10.02
10.04
10.45
10.52
11.17
9.78
9.16
9.68
10.85
9.79
10.32
10.39
10.55
9.21
10.87
9.80
10.03
10.34
10.59
8.95
10.82
8.94
9.61
10.04
10.56
10.86
11.32
11.65
9.92
10.24
10.75
10.57
11.57
10.45
11.02
11.50
11.75
10.95
10.97
11.33
11.47
11.74
9.73
9.43
9.16
8.90
8.66
10.53
10.77
9.91
10.15
10.58
9.08
9.06
11.17
10.34
9.42
11.15
9.17
8.78
10.55
8.78
9.54
8.95
9.93
10.47
9.82
10.28
10.82
9.91
10.49
9.55
9.84
10.31
10.84
11.00
11.11
9.84
10.43
8.80
9.69
8.80
10.79
9.72
9.44
9.18
9.93
10.32
9.52
10.55
10.02
10.80
8.39
9.40
9.84
10.23
10.94
9.36
10.17
9.63
10.45
10.30
9.65
9.40
10.13
10.64
10.90
11.13
10.20
9.66
10.45
9.16
8.90
9.68
9.47
10.14
10.63
10.88
10.88
11.10
9.75
10.29
9.19
8.90
9.69
9.52
10.14
10.64
10.87
11.09
9.78
10.27
9.22
8.90
9.70
9.56
10.14
10.64
10.34
9.82
9.71
9.26
8.91
9.60
10.14
10.64
10.38
9.86
9.30
8.92
9.65
10.15
10.65
10.86
11.10
9.42
10.37
9.95
10.33
8.48
10.21
10.69
10.84
11.11
10.15
10.21
10.69
10.81
11.10
10.11
10.70
9.05
10.54
11.51
9.59
9.89
8.88
9.71
10.92
9.94
10.36
9.93
9.80
10.19
9.41
10.59
9.40
11.23
10.86
11.33
11.22
11.55
8.68
10.60
9.17
10.89
11.17
9.75
9.96
10.42
10.82
11.28
9.00
9.85
11.06
10.45
10.05
9.41
9.67
9.92
10.37
8.91
10.34
11.19
10.79
10.31
8.90
9.50
9.93
9.66
9.24
9.38
8.86
8.44
8.70
10.10
9.41
9.89
8.89
8.45
8.74
9.46
9.70
10.53
10.15
10.59
11.04
11.75
11.53
11.14
9.08
10.08
10.48
9.46
9.92
9.58
10.13
9.08
8.87
9.56
10.19
10.93
10.41
9.08
10.99
9.63
9.94
10.87
11.29
10.98
9.97
10.40
9.68
8.88
10.75
11.25
9.91
10.26
9.77
9.26
9.40
8.64
9.78
9.21
9.77
8.38
9.78
10.29
10.30
10.73
11.08
10.20
10.30
10.72
11.08
10.11
10.27
10.68
11.07
10.10
9.82
9.49
11.05
8.95
10.60
9.85
11.39
9.52
10.86
8.97
10.31
10.00
9.59
9.06
8.61
8.98
10.00
9.62
10.13
8.63
10.95
9.71
9.31
9.03
9.56
8.55
8.71
10.06
10.58
10.03
9.55
9.42
10.30
10.66
10.94
11.34
10.69
8.16
10.13
11.12
9.23
9.74
10.22
10.57
8.69
9.78
9.27
10.61
9.68
10.12
9.83
9.29
8.71
8.53
11.27
9.77
10.12
10.13
10.51
10.95
9.98
10.37
11.03
9.55
10.12
10.21
10.62
10.91
10.92
9.42
9.92
10.06
10.61
8.84
9.42
9.76
10.12
9.25
10.89
10.38
8.88
9.39
8.44
8.67
9.87
10.21
9.87
10.87
8.96
9.55
9.64
10.57
10.12
11.08
10.50
10.01
8.79
9.65
8.80
11.17
10.57
11.16
10.85
11.38
10.52
10.90
11.41
10.10
10.56
9.28
9.79
10.29
10.80
11.39
10.01
10.50
9.29
9.44
9.80
10.28
10.79
11.37
11.09
10.01
9.82
10.84
9.89
10.23
9.40
10.93
10.93
10.03
8.77
9.91
9.38
9.41
8.60
10.07
10.60
9.75
10.62
10.04
9.33
9.91
11.08
10.40
10.81
11.27
9.91
9.35
9.92
11.07
10.38
10.78
11.27
10.47
9.89
9.54
11.23
8.86
9.60
10.92
9.09
10.33
9.70
10.14
9.59
11.05
8.88
9.77
9.48
9.96
9.08
10.40
10.18
10.85
9.92
9.75
9.23
9.34
10.64
10.26
9.43
9.88
9.45
9.91
10.49
10.42
11.24
9.25
9.77
10.20
10.59
10.36
10.87
11.23
9.43
9.20
9.91
10.41
9.21
11.07
10.05
10.55
11.16
10.69
11.01
10.35
9.88
9.84
9.44
10.93
8.85
10.19
10.36
9.54
9.46
9.99
11.15
9.51
10.33
9.85
9.50
10.04
9.16
10.19
9.69
11.05
10.57
10.42
11.47
10.89
10.11
10.37
11.15
9.90
10.19
10.63
10.65
11.10
11.15
9.42
11.14
9.88
9.34
8.67
9.57
9.11
9.19
10.20
10.30
9.70
10.10
10.54
10.79
11.10
9.26
10.16
9.79
10.58
9.99
9.27
9.82
10.39
11.41
10.92
9.51
9.83
11.66
11.40
10.31
10.82
11.16
9.99
9.96
9.41
10.76
8.66
9.92
10.29
9.47
10.98
9.99
9.88
9.43
9.79
10.13
10.56
8.91
10.01
9.45
9.69
11.17
9.58
10.02
9.66
8.74
9.55
9.20
8.98
9.99
9.58
8.73
9.95
10.07
10.55
11.33
10.04
11.04
9.72
9.13
10.15
10.50
9.69
9.65
8.92
9.26
9.66
11.08
9.80
9.78
10.85
8.95
9.38
9.84
10.32
10.97
9.41
10.77
10.80
10.80
10.80
9.05
8.59
10.29
9.65
10.16
8.90
10.89
9.95
10.13
10.80
10.57
9.87
9.20
9.69
10.29
9.87
9.19
9.70
10.15
10.63
10.25
9.90
10.10
10.58
10.12
9.19
9.44
11.15
11.14
11.03
11.48
10.55
9.28
9.85
8.61
8.98
9.41
11.03
10.90
9.58
9.97
10.44
9.54
10.78
8.61
9.26
9.87
9.27
9.77
10.15
10.53
10.87
9.79
10.30
10.30
10.24
9.98
9.27
9.72
9.69
9.42
8.27
8.73
8.50
9.95
10.13
10.57
11.41
9.97
9.85
9.15
9.07
9.67
10.22
9.93
9.41
9.17
10.16
8.85
10.14
10.58
11.22
9.86
10.18
9.43
9.45
9.43
9.94
10.45
11.05
11.38
11.11
8.98
8.80
9.80
9.52
10.28
10.85
9.38
9.90
10.49
10.55
9.01
8.82
9.78
8.89
9.55
10.25
10.80
11.08
9.97
10.54
9.03
8.82
9.78
8.90
9.57
10.24
10.78
11.07
11.00
9.46
9.95
10.69
11.00
11.04
10.03
9.16
8.86
9.73
10.14
10.63
11.02
11.04
9.46
9.88
10.10
10.43
10.13
9.57
10.71
10.41
9.81
10.40
8.92
10.11
9.86
9.32
10.39
9.59
10.16
8.96
9.85
9.32
10.36
10.72
9.71
10.15
9.41
8.65
10.80
10.58
9.93
10.14
10.64
10.14
9.83
11.36
9.08
9.88
9.41
10.67
9.72
9.26
10.27
8.59
9.89
10.21
10.18
9.75
9.82
10.26
8.96
9.43
9.92
10.37
10.76
11.16
9.80
10.22
8.97
9.46
9.94
10.31
10.70
11.15
10.11
9.48
10.03
9.06
8.72
9.56
9.96
10.29
10.59
9.55
10.10
8.73
9.10
9.60
9.94
10.26
10.04
9.59
9.94
10.23
9.64
10.16
11.51
8.72
10.96
10.12
10.39
9.25
9.84
9.99
10.43
10.19
10.60
11.18
11.01
9.20
9.67
9.43
8.99
9.59
9.78
10.17
8.83
10.84
10.19
10.59
9.21
11.04
11.40
9.74
10.15
9.02
10.52
10.98
10.94
10.33
11.30
10.45
10.82
9.90
9.20
9.41
10.21
10.69
9.81
9.26
10.19
9.33
10.54
9.06
8.64
10.02
9.66
10.59
10.05
10.55
10.57
10.06
11.10
9.22
8.71
9.61
9.13
9.70
11.53
8.72
9.91
10.36
10.43
10.70
11.11
10.49
10.89
9.40
9.62
10.18
10.89
9.34
8.79
8.35
9.88
10.38
8.55
9.08
9.60
10.12
10.94
9.83
9.74
10.18
9.38
9.95
10.36
10.83
9.05
9.65
10.08
10.59
10.27
10.44
10.87
8.99
9.35
9.92
11.17
9.73
9.79
10.06
10.60
9.92
9.51
9.38
11.12
10.04
10.54
9.88
10.43
9.40
9.26
10.50
9.01
8.52
8.72
11.09
10.93
8.92
9.94
10.45
8.99
8.71
9.36
9.25
10.95
9.58
10.70
10.15
11.11
10.83
9.22
10.37
10.26
9.75
10.19
9.20
9.79
10.23
9.89
10.36
10.63
9.87
10.25
9.43
9.83
10.79
8.81
10.20
10.21
9.90
10.32
10.71
10.98
10.19
10.74
11.01
9.93
9.41
10.76
10.27
9.81
10.31
10.74
11.01
9.72
10.13
8.83
10.73
11.08
9.48
9.79
9.49
9.97
10.44
10.72
8.85
9.74
10.14
10.58
11.45
10.27
9.04
10.90
9.52
9.93
9.86
10.24
9.80
10.18
10.35
9.00
11.10
9.14
9.84
9.76
10.03
9.96
10.21
10.52
9.57
9.14
9.19
10.06
11.24
9.40
9.83
9.28
8.74
8.77
9.36
10.15
8.78
9.74
10.24
10.12
10.57
10.83
9.43
9.41
9.92
10.06
10.58
9.13
9.47
9.58
8.63
9.08
8.95
9.57
9.65
8.62
9.09
8.96
9.58
9.76
11.10
9.05
9.09
9.54
10.26
10.51
9.58
10.07
10.55
10.96
11.37
11.02
9.77
10.31
11.37
10.41
9.42
8.68
9.15
10.46
10.94
9.70
10.20
10.90
9.36
9.79
10.11
9.80
10.30
10.79
10.04
10.56
9.84
9.77
10.23
9.12
9.43
9.95
11.09
10.47
11.25
9.90
10.33
10.94
10.34
10.49
9.42
8.80
10.10
9.84
10.33
9.45
9.85
10.87
9.36
10.26
10.76
11.02
8.98
9.54
9.87
9.69
10.21
10.70
8.80
9.71
10.24
10.60
9.57
9.06
11.35
9.61
10.01
9.36
9.01
8.82
9.81
10.30
9.50
10.02
9.36
9.01
8.82
9.80
10.30
9.50
9.97
9.36
9.01
8.82
9.57
9.36
9.02
8.82
9.63
9.39
10.12
9.09
8.87
10.59
10.98
10.60
9.73
10.28
9.41
8.53
10.16
11.14
10.04
10.53
11.40
10.71
9.11
9.95
9.63
10.43
10.26
10.34
9.06
10.49
10.75
9.82
10.25
8.96
9.35
9.84
10.25
10.73
9.16
10.11
9.91
9.63
10.29
9.79
10.77
10.26
8.97
8.62
9.38
9.82
9.93
9.36
8.99
8.64
9.38
9.77
9.94
9.39
10.58
9.38
9.05
8.63
11.03
9.95
9.52
9.88
8.64
10.43
11.10
10.45
9.90
11.29
10.45
10.57
10.19
9.93
9.94
9.25
11.24
9.69
9.42
10.39
8.30
8.78
8.50
10.59
9.85
10.30
9.50
9.19
9.87
11.40
10.27
11.41
9.79
11.39
9.84
9.50
9.21
10.07
10.55
10.55
11.39
9.70
9.86
10.54
10.02
10.82
9.86
9.45
9.02
11.65
9.90
10.33
9.41
9.15
8.75
10.01
9.71
9.20
10.93
9.67
9.13
9.88
10.27
10.34
10.32
9.51
8.51
9.22
10.99
9.40
8.48
9.62
9.16
9.11
9.69
10.58
10.07
9.60
10.06
11.21
9.28
9.78
10.04
10.59
9.67
10.39
11.07
9.99
10.48
9.51
10.46
9.91
9.40
10.46
11.18
10.68
8.87
9.88
10.16
9.90
9.08
9.56
8.59
8.87
10.20
10.03
9.53
9.90
8.63
10.58
10.37
10.95
10.53
10.84
9.09
10.19
10.54
9.67
8.89
11.55
10.01
9.48
8.68
9.65
9.44
9.82
10.36
8.65
10.91
9.55
9.40
8.45
9.84
10.59
10.27
10.57
11.09
11.40
8.97
9.89
9.57
10.84
11.12
9.05
9.41
9.88
8.94
9.07
9.67
9.80
10.17
10.92
8.95
10.22
10.60
10.63
10.96
10.62
11.12
11.40
11.71
10.89
9.88
10.38
10.50
10.75
11.15
9.42
10.39
10.73
11.11
10.89
10.30
9.85
9.29
10.31
9.05
8.56
9.62
10.60
10.11
11.04
9.25
9.76
10.27
9.01
8.55
9.58
10.56
10.06
11.04
9.28
9.70
10.22
