9.93
9.11
10.80
9.58
9.99
10.37
10.36
9.13
10.83
10.03
9.66
10.37
10.31
10.96
8.99
9.85
10.31
10.70
10.88
10.29
10.56
10.17
10.67
9.88
11.23
10.28
9.80
9.87
9.40
9.70
8.82
9.43
9.00
8.95
10.15
10.34
10.78
9.57
10.05
10.56
9.34
11.07
9.24
9.08
9.62
10.10
10.57
9.11
9.84
10.17
9.91
9.64
10.33
10.53
11.01
9.96
10.33
10.36
9.91
10.46
10.21
10.63
11.04
10.94
11.22
10.37
11.19
10.15
9.40
10.56
10.57
8.85
11.01
9.83
10.47
9.12
10.02
9.42
9.68
9.28
9.08
9.69
10.91
10.91
9.30
9.77
8.71
9.15
9.39
9.70
10.05
10.34
8.72
9.35
9.16
9.66
10.04
8.95
9.57
8.76
9.77
9.49
9.99
10.80
9.95
10.28
9.53
10.04
10.05
9.55
9.82
8.93
9.40
10.20
10.84
9.41
9.92
10.34
10.34
10.82
10.84
8.59
9.13
9.87
9.16
10.21
10.59
9.50
9.49
10.00
10.72
9.65
10.21
11.21
10.72
10.15
10.70
10.23
11.21
10.74
10.15
10.71
11.19
11.17
9.26
10.56
9.22
9.75
10.08
11.10
10.57
10.07
9.79
10.59
11.38
10.63
10.85
10.30
10.38
9.93
9.88
9.48
9.18
9.94
10.33
9.41
9.86
10.79
10.24
10.17
8.89
9.67
9.50
10.03
10.10
10.54
9.47
11.24
9.30
9.76
10.23
9.75
10.23
9.38
9.85
10.08
10.57
11.14
10.52
10.97
11.28
9.86
9.14
9.41
11.01
10.02
9.91
10.36
10.86
11.26
11.01
10.01
10.42
9.85
9.80
9.27
11.25
8.64
9.46
9.07
9.82
9.82
9.29
8.65
9.48
9.10
8.88
10.73
10.93
9.83
8.68
9.93
9.54
9.13
8.90
10.32
9.53
9.98
10.89
10.34
8.71
9.96
10.79
10.20
10.61
11.03
10.13
11.00
10.16
9.17
10.57
10.16
10.15
9.92
9.67
9.40
8.94
10.09
9.69
9.74
9.40
8.94
10.08
9.68
10.82
11.30
11.30
9.74
9.72
10.05
10.25
10.67
11.45
10.19
9.84
10.27
10.61
9.88
10.27
11.31
11.03
10.76
11.24
9.88
10.27
11.30
11.01
10.76
11.24
10.39
9.83
11.20
11.23
9.91
10.13
9.40
10.53
8.86
10.03
9.81
10.59
10.44
9.53
9.14
10.01
11.03
11.92
11.40
11.53
9.98
10.45
10.91
10.93
9.89
9.96
10.39
9.44
10.43
9.99
8.95
10.75
10.84
9.45
10.02
10.48
8.83
9.95
10.41
9.66
9.07
10.08
9.66
9.70
9.29
9.05
9.13
9.79
10.12
9.15
9.70
10.23
9.97
10.51
9.35
9.08
9.88
10.33
11.02
10.83
11.28
9.80
10.04
10.56
9.69
10.71
9.45
9.02
9.94
11.54
9.41
9.16
8.72
9.70
10.21
9.46
8.96
10.49
9.77
10.29
10.80
11.01
9.26
10.94
8.52
9.53
9.95
10.37
10.15
9.88
9.58
9.68
9.86
9.12
8.77
10.04
10.59
10.20
10.30
10.81
11.33
11.21
9.18
9.72
9.95
10.94
10.34
10.81
11.08
9.40
9.40
9.91
9.46
8.96
10.38
9.63
10.07
9.13
8.33
8.87
10.35
10.63
11.03
10.01
8.51
9.58
9.10
8.90
10.19
10.03
9.55
9.06
8.92
9.60
10.94
9.55
9.06
8.94
10.04
10.59
10.05
10.30
10.90
10.48
11.21
9.92
9.12
10.58
8.99
9.41
9.12
9.85
9.10
11.34
9.42
9.74
9.16
9.41
11.03
8.62
9.09
9.52
10.49
9.98
11.18
8.98
9.12
9.59
9.60
9.89
10.45
11.16
10.74
9.80
9.97
10.21
11.11
10.08
9.55
9.44
10.46
10.53
10.05
9.71
9.54
10.58
10.07
10.27
9.92
9.37
8.95
8.98
10.81
10.46
9.73
10.41
10.25
9.96
9.41
9.00
9.03
10.88
10.48
11.25
11.25
9.72
9.12
10.03
10.56
11.09
9.87
10.47
10.08
10.13
9.70
9.17
9.37
11.02
11.11
10.56
9.84
9.91
10.34
9.05
10.86
10.45
9.58
9.62
8.86
9.24
10.40
9.15
10.06
10.86
9.69
9.92
10.33
9.58
10.84
9.22
10.40
9.71
10.12
11.04
8.94
9.65
9.22
9.89
9.48
10.80
9.88
10.21
10.75
10.95
9.79
9.42
8.76
9.40
10.20
10.91
10.41
9.02
8.85
10.05
9.49
10.32
10.57
10.29
10.81
11.14
11.50
10.23
9.84
10.28
10.65
9.69
10.15
10.57
10.72
11.05
11.45
11.14
10.07
10.47
11.44
8.93
9.85
9.54
8.66
10.42
9.19
9.12
10.86
10.87
10.33
9.20
10.43
10.72
9.76
10.28
9.41
9.15
9.92
9.44
9.75
10.02
10.08
8.78
10.92
10.58
9.25
9.75
9.06
9.54
10.81
11.21
11.20
9.80
10.27
10.57
10.02
9.41
9.77
11.07
10.39
10.83
10.99
10.82
10.05
10.51
9.19
9.68
10.11
9.81
10.39
8.93
9.51
10.01
8.76
10.94
10.33
11.20
9.84
9.40
9.92
10.27
9.73
9.44
10.21
10.54
10.11
9.73
9.46
10.21
10.53
10.61
9.76
10.19
9.16
9.61
9.04
10.07
9.77
9.17
9.62
9.04
10.07
10.19
10.18
10.64
10.94
9.92
9.43
9.32
8.76
9.21
9.68
10.17
9.90
10.58
10.33
9.75
9.43
10.04
9.77
10.21
9.74
10.03
10.46
10.95
9.41
9.79
10.24
11.19
10.92
10.58
11.38
10.88
11.04
9.23
10.48
9.23
9.22
10.70
10.19
10.14
9.74
9.06
9.76
10.92
10.41
11.02
11.19
10.29
9.90
9.25
10.22
9.83
9.43
9.45
9.90
10.24
10.84
9.81
8.90
10.18
10.32
9.52
8.67
9.15
9.00
9.94
9.59
8.69
9.99
10.23
10.47
10.58
9.90
10.47
11.26
10.79
10.14
10.33
10.92
9.91
10.43
10.75
11.24
11.48
11.73
10.89
10.30
11.22
10.23
9.22
10.59
9.79
9.96
8.95
9.61
10.58
10.41
9.96
10.49
9.56
10.01
10.51
10.94
11.29
10.46
10.88
11.19
10.37
9.41
8.58
9.05
10.12
9.69
9.69
9.53
9.18
8.78
8.60
9.96
11.10
9.78
10.22
10.58
9.90
9.50
9.86
9.37
9.24
9.69
10.10
10.19
10.95
9.95
9.57
10.15
10.18
9.86
9.40
10.26
10.77
10.35
10.82
10.04
10.57
10.83
8.88
10.07
10.59
9.96
9.43
11.12
9.45
9.79
10.56
10.23
8.87
9.62
8.86
9.69
8.85
11.26
9.65
9.46
9.40
8.71
10.91
9.67
9.93
9.33
9.84
9.73
9.35
9.84
9.20
10.19
11.16
10.89
10.72
10.88
9.74
10.31
11.15
10.10
10.62
9.48
11.34
10.98
10.59
11.70
10.16
9.64
9.62
10.13
9.80
10.24
11.08
11.09
10.26
10.50
9.74
10.17
10.61
10.32
9.78
9.75
9.25
9.07
10.18
10.62
10.89
11.04
9.92
10.46
9.22
9.20
9.71
9.44
8.77
11.03
9.34
10.48
9.82
10.30
9.86
9.31
9.34
10.42
10.85
10.97
9.90
10.41
9.43
9.51
8.53
9.01
8.90
9.99
9.47
10.27
10.97
10.37
9.96
10.49
10.99
10.21
9.86
9.43
9.00
10.34
9.15
9.76
9.55
9.18
9.21
10.17
9.70
10.73
10.11
10.39
9.97
10.46
11.30
10.94
9.20
10.13
10.60
10.06
9.98
9.43
9.44
8.33
8.38
11.20
10.37
9.59
11.19
10.36
11.20
8.90
9.72
10.59
11.45
9.90
10.38
10.85
11.66
9.18
9.17
9.90
9.75
9.83
11.25
10.97
10.02
10.46
11.22
10.42
10.93
9.41
10.60
11.39
9.95
9.90
9.34
10.40
10.00
8.68
9.74
10.24
9.75
10.29
10.65
8.87
11.02
9.55
9.44
10.10
9.66
11.02
11.10
10.27
10.55
10.00
9.56
10.55
11.08
9.74
10.28
10.46
9.58
11.17
9.05
10.21
10.63
9.81
10.08
9.57
9.13
9.24
10.63
10.67
10.95
11.34
9.82
10.33
10.32
10.30
10.78
9.13
10.32
10.91
9.57
10.04
10.33
10.19
9.08
10.35
10.85
9.59
10.09
10.57
9.91
9.17
11.16
9.12
10.14
9.64
10.54
9.32
11.06
9.77
10.04
11.06
9.56
9.95
10.42
10.85
11.04
9.95
9.57
9.95
10.41
10.84
11.01
11.04
9.91
10.42
10.87
9.87
9.09
9.04
9.42
8.76
9.87
10.71
9.84
9.25
9.41
9.85
10.15
10.75
9.83
9.36
10.29
10.60
9.83
10.13
9.49
8.88
8.72
10.08
10.58
10.25
9.82
10.28
11.27
9.15
10.13
9.66
10.15
10.78
9.25
10.22
9.81
10.14
10.98
10.60
10.52
10.21
10.76
9.67
10.12
10.60
11.15
11.43
10.10
10.67
9.62
9.42
9.79
8.47
9.86
10.41
9.43
11.10
11.43
9.20
9.14
10.14
9.64
10.88
10.31
9.55
10.92
9.19
9.78
8.99
9.50
9.90
10.28
10.59
9.58
9.93
9.16
10.37
10.60
10.22
11.19
10.57
11.20
10.72
11.13
10.31
9.81
11.13
9.03
9.51
9.96
9.44
10.02
9.65
10.41
10.59
9.70
9.31
8.86
10.13
8.76
10.43
10.14
9.86
11.21
10.16
9.42
9.64
9.34
8.90
10.86
9.75
10.18
10.32
11.01
9.05
9.65
9.17
8.76
10.59
9.17
10.88
11.29
9.72
9.89
10.30
10.91
10.16
10.21
10.51
10.76
10.18
11.35
10.71
11.23
10.14
10.69
10.20
11.33
10.73
11.22
10.12
10.66
11.25
9.40
9.57
8.67
8.23
10.01
10.36
9.26
9.70
10.07
10.60
8.53
9.09
9.64
10.15
11.25
10.75
10.19
10.05
10.53
10.08
10.45
9.83
9.84
10.59
10.29
10.32
10.66
9.61
10.09
11.46
8.94
10.34
9.36
9.41
9.88
10.24
10.79
10.32
10.40
8.71
10.67
9.82
9.42
9.01
10.60
10.48
9.99
10.47
10.98
10.02
10.45
10.02
10.48
10.98
11.15
10.98
10.52
9.87
9.42
9.97
10.38
10.86
10.90
10.38
9.89
9.23
8.84
11.05
9.65
8.99
9.44
10.10
10.54
8.83
9.94
9.43
9.92
10.97
9.11
8.93
9.96
10.45
9.80
9.50
8.99
9.19
9.94
9.83
11.12
9.41
9.01
9.98
9.60
9.06
9.63
10.83
9.10
8.74
9.97
10.33
10.93
10.01
9.93
9.43
9.12
9.64
8.25
8.73
9.50
9.01
9.15
9.67
8.27
8.74
8.45
9.09
9.68
9.63
9.71
10.13
10.59
8.80
9.20
8.79
9.62
9.23
9.65
10.09
8.79
11.08
9.78
10.11
10.51
11.20
10.30
9.58
9.98
9.68
9.41
9.08
8.84
8.48
10.89
10.10
10.30
8.76
10.30
11.02
9.55
10.04
9.43
9.52
9.91
10.35
9.52
10.06
9.46
9.03
8.59
8.88
9.89
10.29
9.52
10.03
8.61
9.86
10.18
10.59
10.38
9.80
10.27
10.74
10.39
9.90
10.61
10.28
10.49
9.95
9.89
11.45
9.48
9.23
9.85
10.20
9.98
9.89
9.49
9.26
9.83
10.16
9.13
9.69
8.87
9.86
9.80
10.99
9.95
10.43
11.17
10.43
10.07
10.81
10.31
9.84
10.19
9.67
9.18
10.95
10.07
10.54
9.90
10.24
9.40
9.89
9.33
9.56
8.71
9.13
10.01
9.98
9.41
10.89
10.60
8.73
9.54
11.21
10.66
9.72
10.15
11.41
10.85
10.30
11.62
11.17
11.30
10.71
9.17
10.58
10.28
9.73
8.96
8.96
10.90
9.53
9.83
10.34
11.15
10.67
9.81
10.30
10.83
10.30
9.23
9.82
9.32
9.42
9.70
10.14
9.57
10.90
8.74
10.09
10.60
9.71
10.28
9.08
9.23
9.60
10.99
10.04
10.51
11.21
10.75
9.76
10.31
8.68
8.84
9.20
10.09
10.62
11.33
9.83
9.91
8.93
9.26
9.41
11.03
9.71
10.34
9.00
9.70
9.35
8.56
11.05
10.68
10.59
10.13
10.32
9.98
9.32
9.10
9.41
9.87
9.92
9.14
10.84
9.63
9.98
10.42
10.46
9.15
9.59
10.01
10.83
10.26
9.16
9.16
9.62
9.90
9.73
10.24
9.83
10.07
10.69
10.60
11.17
10.13
10.18
9.18
10.57
10.55
11.15
11.02
10.31
9.66
10.14
11.12
10.98
10.16
10.54
10.12
11.04
10.45
11.36
10.98
10.05
10.93
10.22
9.83
9.42
10.11
10.56
10.40
8.69
9.66
10.24
10.10
10.48
10.64
10.17
10.42
9.92
9.06
9.41
9.08
8.68
9.52
9.95
9.30
9.05
9.57
9.95
9.65
9.31
9.05
9.57
9.95
10.07
10.10
10.53
9.25
9.94
10.45
9.76
10.15
11.05
9.06
10.44
9.40
10.88
11.28
10.91
9.97
9.58
9.20
8.78
10.48
10.74
10.90
8.78
10.10
10.33
9.79
10.11
9.45
9.76
9.47
9.23
9.01
9.73
10.22
10.02
10.55
11.45
9.46
9.67
10.17
9.43
9.94
10.45
8.73
9.73
10.25
9.45
9.96
10.47
9.21
9.04
10.18
9.65
9.46
10.34
10.82
10.30
10.72
11.04
9.91
10.32
9.80
9.19
11.02
10.59
9.21
9.79
9.74
9.24
9.02
9.76
11.32
9.24
10.87
10.03
10.32
9.74
10.03
11.02
8.97
10.24
9.40
8.61
10.78
9.05
9.90
9.52
9.91
10.19
10.24
9.65
9.04
10.32
10.54
9.67
10.11
9.20
9.10
9.61
9.99
10.30
10.62
11.16
9.82
10.13
10.22
10.61
10.54
10.02
10.43
10.65
11.01
11.27
10.28
10.68
10.03
10.43
10.64
11.00
11.27
9.46
11.05
11.06
9.33
8.86
10.23
10.53
10.39
11.23
9.87
9.37
9.48
10.95
10.46
9.67
9.45
9.37
8.97
8.70
9.10
9.60
10.05
9.72
8.94
10.85
9.40
10.24
10.73
11.13
9.43
9.39
9.89
10.15
8.62
9.06
9.89
9.56
10.21
8.96
10.51
10.09
9.55
9.32
9.80
8.90
8.80
9.33
9.78
10.59
10.11
9.55
9.01
8.93
9.40
9.89
11.27
10.06
10.02
9.91
9.40
8.59
9.12
9.57
9.14
10.09
10.56
11.16
9.58
10.44
9.53
9.66
9.08
10.02
11.09
10.00
10.52
11.34
10.44
10.85
10.90
9.86
9.34
9.27
9.80
9.96
10.33
10.79
9.25
9.80
10.28
9.34
9.81
9.33
9.42
8.45
10.03
10.34
10.79
8.98
9.04
9.60
9.43
9.03
9.12
10.59
10.12
9.49
9.02
9.12
9.81
11.47
9.57
10.05
9.81
9.77
9.00
10.91
9.90
10.38
11.05
9.19
9.82
9.80
9.85
9.43
9.20
10.21
9.78
10.27
9.45
10.63
10.57
11.13
10.94
11.30
10.00
8.90
10.48
10.48
9.95
9.49
9.14
8.74
8.91
9.98
10.09
9.53
10.47
9.95
10.45
9.96
10.47
10.48
8.77
11.26
9.99
9.16
9.76
9.26
9.00
10.04
10.77
9.81
9.02
10.20
10.02
9.43
10.93
10.92
10.31
9.87
9.87
9.34
9.76
10.50
10.21
10.73
8.57
10.28
11.39
9.94
9.66
9.18
9.54
10.04
9.64
8.79
10.05
9.40
10.27
8.53
10.51
10.13
9.65
9.67
8.30
8.80
8.55
9.64
9.41
9.88
10.21
10.97
8.91
8.73
9.39
9.57
8.73
8.38
9.23
9.71
8.98
9.56
8.79
8.46
9.26
9.74
10.46
9.82
10.12
10.72
8.46
8.90
9.01
10.31
9.50
8.98
10.43
11.39
9.14
9.73
10.19
9.99
9.16
11.03
10.02
10.51
9.77
10.02
9.42
10.46
9.21
9.69
10.67
11.34
10.15
10.92
8.90
10.02
9.51
10.30
9.37
10.80
10.86
9.29
9.80
8.73
8.80
10.27
9.38
9.88
9.32
9.82
8.73
8.81
10.79
9.00
10.08
9.38
9.80
8.87
9.01
10.28
10.79
9.60
10.16
8.91
9.50
9.83
10.19
9.30
8.83
9.71
8.92
9.87
10.18
10.63
10.76
10.03
10.59
9.66
10.10
10.65
9.52
9.05
9.98
11.08
10.55
11.49
11.14
9.77
10.11
9.95
10.96
11.14
10.44
11.47
9.99
10.52
9.60
9.05
9.25
9.93
10.91
11.13
10.40
9.01
10.71
9.51
9.88
8.78
9.12
9.65
10.30
9.06
9.59
10.07
9.77
9.30
9.86
10.28
9.79
10.71
10.23
10.14
10.34
10.79
10.90
9.91
9.24
9.69
10.18
10.80
10.92
9.40
9.85
10.31
10.60
10.86
9.40
9.76
10.23
10.69
11.23
9.81
10.23
11.32
9.46
9.42
9.89
9.04
9.42
9.92
8.97
10.30
10.75
9.53
10.05
10.27
10.75
10.58
10.38
10.79
11.19
11.26
10.08
10.59
10.38
9.73
10.21
10.96
11.24
10.25
10.43
10.05
10.47
10.71
11.15
11.20
10.23
10.12
10.57
10.12
9.22
9.80
9.17
8.92
10.57
10.05
10.44
9.73
10.17
10.59
10.90
11.22
10.45
10.53
10.95
11.08
9.41
9.73
10.19
10.51
8.78
8.47
9.30
10.20
10.21
10.20
8.64
9.85
10.44
10.82
11.01
9.80
10.33
9.14
9.63
8.98
8.51
8.66
10.79
10.99
9.82
10.24
10.51
9.26
10.95
9.70
10.04
10.49
9.11
9.40
9.89
10.32
10.00
10.01
10.46
8.90
9.52
8.81
10.48
10.60
9.71
9.33
10.17
9.35
8.93
8.80
9.92
10.44
11.30
10.79
10.98
10.37
10.77
10.90
9.05
10.03
10.37
9.48
9.01
8.79
9.07
9.93
10.39
10.20
9.68
9.48
9.49
9.04
8.81
10.83
10.25
10.85
11.08
9.90
9.56
9.42
8.51
9.00
9.92
9.61
8.80
9.68
10.10
10.57
11.44
9.20
9.23
9.74
9.13
9.74
10.89
9.74
9.43
9.81
10.32
10.35
9.87
9.42
9.02
9.86
9.75
10.17
9.40
9.77
10.10
9.31
8.88
8.52
9.83
10.79
9.79
9.28
10.21
10.58
8.56
8.85
9.66
9.24
9.33
8.91
8.55
9.64
10.09
10.53
9.74
10.17
10.10
10.53
8.87
10.15
9.90
9.49
11.09
9.70
10.50
10.00
10.35
9.66
10.10
10.51
11.30
10.85
11.00
10.15
10.42
9.69
10.06
10.38
9.18
9.10
10.22
9.66
10.03
10.31
10.83
9.41
10.32
10.80
11.14
9.94
9.56
9.42
8.42
10.81
10.53
9.60
10.15
10.63
9.78
10.08
10.49
10.57
10.14
10.04
10.55
11.10
10.68
11.43
10.91
10.30
10.12
10.19
10.98
10.60
9.31
9.81
9.03
9.47
10.89
11.23
9.86
10.38
11.08
10.52
11.14
10.02
10.55
9.74
10.19
10.59
10.98
10.24
9.76
10.21
10.58
10.98
10.68
10.96
10.31
9.86
9.42
9.43
8.95
8.90
10.27
10.91
9.94
9.46
9.98
10.41
10.24
9.73
8.97
9.98
9.47
10.53
11.23
10.90
10.76
9.75
10.30
10.02
9.65
10.11
9.85
10.36
9.42
8.53
9.30
9.11
10.14
9.68
9.60
10.00
10.38
10.58
9.54
9.72
10.18
10.59
11.12
11.62
9.97
10.33
10.90
9.55
9.72
10.22
10.62
11.11
11.60
11.38
10.87
10.27
9.20
10.60
9.71
10.23
9.75
9.71
8.97
9.40
10.21
8.65
10.48
10.92
9.16
10.16
9.70
9.78
9.43
9.02
9.76
10.17
9.84
10.18
10.59
10.68
10.55
11.02
11.37
9.10
10.65
10.53
11.00
11.36
11.07
10.46
11.30
10.39
9.79
9.41
10.33
10.96
8.86
10.42
11.32
9.69
9.77
9.06
9.41
9.98
10.49
8.91
9.43
9.85
8.73
10.04
10.20
9.06
9.40
9.89
10.83
10.38
10.07
9.89
10.82
10.37
10.05
9.89
10.82
10.37
9.60
9.06
9.57
10.08
10.20
10.04
11.06
9.78
10.14
9.33
9.88
9.38
9.05
10.59
10.04
9.85
11.15
10.39
10.66
10.86
11.33
10.36
11.10
9.85
9.06
10.06
10.52
9.42
9.77
9.20
8.51
9.76
10.16
10.84
9.01
9.87
9.13
9.70
10.58
10.08
9.48
10.02
9.23
11.08
9.82
10.12
10.49
10.61
11.23
9.44
8.87
10.96
10.25
10.42
9.97
11.16
10.36
9.46
8.76
10.44
11.14
10.01
9.45
8.78
8.85
9.65
9.37
10.26
9.73
10.98
10.00
10.15
10.88
10.56
10.23
9.86
10.34
9.69
9.20
10.05
10.51
9.86
10.25
9.68
9.20
10.04
10.49
9.89
10.26
9.43
9.73
9.21
9.06
8.64
9.51
9.96
11.12
11.12
9.91
9.39
10.53
9.83
10.24
8.69
8.90
9.43
9.60
10.26
10.68
10.85
11.36
10.48
10.21
10.65
10.83
11.36
10.01
10.48
11.22
10.12
10.59
10.83
11.35
10.04
10.51
11.20
8.75
10.97
9.69
9.92
10.38
9.41
9.75
9.09
10.92
10.62
10.21
11.10
9.75
10.20
9.41
9.94
10.82
10.81
9.18
10.03
10.42
9.59
10.45
9.20
10.15
10.90
9.70
9.87
10.30
10.39
9.54
10.03
10.46
10.86
10.83
10.25
10.01
10.83
9.58
10.07
10.22
10.59
9.69
9.05
9.52
10.01
10.58
11.12
10.21
10.53
9.83
10.50
10.02
10.31
9.69
9.40
9.70
10.21
9.35
9.89
10.33
9.67
11.05
10.32
9.13
9.36
9.88
10.34
10.61
11.08
8.85
10.68
9.81
9.14
9.46
9.84
10.12
9.43
10.27
10.64
10.58
10.48
10.90
11.37
11.07
9.99
10.11
10.52
8.91
10.54
9.42
9.90
10.18
10.12
10.57
10.04
9.99
10.91
10.40
9.02
10.38
9.96
10.45
8.99
8.92
9.97
9.49
9.43
10.43
10.86
11.05
9.54
10.02
9.44
9.97
10.48
9.02
8.96
8.74
9.96
9.51
10.39
10.84
11.05
10.81
9.10
10.34
9.59
9.98
11.11
10.72
9.39
9.16
9.70
10.19
9.18
9.69
10.49
10.04
10.60
10.12
9.93
10.09
9.90
9.08
11.29
10.86
10.30
11.27
11.26
10.59
9.73
10.22
9.78
9.59
9.39
9.21
10.06
10.05
9.89
10.14
10.59
9.25
9.59
9.63
10.07
10.02
9.43
9.45
8.90
11.09
9.47
10.01
9.13
9.61
8.69
8.32
8.66
9.15
9.91
10.04
10.54
9.54
9.14
11.23
10.06
10.12
10.21
10.66
10.84
10.33
11.06
9.20
10.56
9.74
10.26
9.06
9.94
9.45
9.62
9.61
8.94
10.77
9.88
9.49
10.18
8.74
9.22
9.02
11.02
9.62
10.05
10.60
9.52
11.24
9.12
10.25
10.10
10.56
11.04
9.69
10.15
9.60
9.15
8.99
10.05
10.51
11.01
11.20
10.11
9.60
9.61
9.16
9.00
10.04
10.51
10.07
10.57
9.22
10.91
11.09
9.80
10.06
10.50
11.05
10.35
9.47
9.78
9.58
8.71
11.00
10.45
9.96
10.35
9.58
10.03
10.51
10.83
11.25
10.94
10.32
10.72
10.82
10.32
9.86
9.41
9.72
8.84
9.65
9.25
8.95
10.16
10.74
11.06
9.55
8.79
9.29
9.05
9.62
10.08
11.03
10.62
10.13
10.60
10.09
10.57
9.09
9.67
11.42
9.64
10.89
9.05
9.97
10.43
9.45
9.50
9.90
10.33
10.98
9.91
10.32
9.59
9.17
8.88
9.06
10.79
9.62
9.75
9.73
10.18
9.69
8.88
10.79
10.59
10.19
10.03
10.47
9.41
11.05
10.05
8.63
10.51
9.94
9.39
8.86
9.03
10.01
9.94
9.40
8.88
9.06
10.87
11.31
10.07
9.64
10.95
9.95
10.40
9.71
9.90
9.13
9.41
10.07
10.08
9.70
10.12
9.79
8.94
10.47
10.75
10.19
9.48
9.81
8.95
9.54
9.04
8.66
10.20
11.01
10.50
9.69
10.12
10.60
10.35
9.65
10.12
9.59
9.11
10.15
9.44
8.41
11.48
9.92
9.42
10.45
9.67
9.21
8.76
10.58
11.02
11.15
10.16
10.11
9.53
9.66
9.21
8.76
8.96
10.58
11.01
11.14
10.15
10.02
10.44
8.72
9.47
10.90
11.04
10.43
10.51
10.98
9.84
10.26
10.97
9.41
9.15
10.38
9.75
8.95
10.86
9.46
9.80
10.32
10.14
9.81
9.32
9.59
8.99
9.14
10.13
9.94
9.44
8.84
10.05
10.35
10.59
9.41
9.03
9.83
10.32
10.87
9.62
9.48
10.04
11.20
11.62
11.18
11.39
11.61
9.51
8.68
9.92
10.33
10.60
9.08
11.17
9.60
9.84
10.32
11.17
10.44
10.89
11.37
9.90
9.74
8.91
10.56
10.12
9.19
9.69
11.32
10.42
10.09
9.73
9.36
9.00
9.78
11.02
9.37
9.02
9.87
9.84
9.37
9.02
9.88
9.88
10.36
10.45
10.29
10.72
11.08
10.41
9.45
9.96
9.24
9.77
8.85
10.95
10.26
10.70
11.07
10.00
9.77
10.93
10.24
10.68
11.07
9.96
10.33
9.44
10.34
9.67
9.20
9.25
9.75
8.55
8.92
8.83
11.08
9.93
9.43
9.20
8.62
9.77
9.68
10.21
10.57
10.04
11.22
9.82
10.06
9.92
10.73
10.36
10.01
10.56
11.27
10.45
9.20
9.18
9.70
10.09
11.07
9.98
10.49
9.02
9.94
10.46
10.00
9.62
10.48
9.82
9.44
8.90
9.04
10.24
9.80
8.94
9.70
10.18
9.53
9.18
10.94
10.70
10.33
9.94
9.43
10.40
8.81
9.56
8.85
9.89
9.46
10.98
10.68
10.14
9.68
8.77
10.15
9.29
8.91
10.98
10.68
10.66
10.87
10.87
9.23
10.40
9.72
10.18
9.20
10.86
9.28
10.43
9.73
10.13
9.37
9.12
9.41
9.89
9.90
10.81
8.80
9.92
10.34
9.24
9.72
10.78
9.53
9.07
9.80
10.27
10.89
10.01
9.40
9.76
9.20
10.21
10.12
10.62
10.91
10.58
9.78
9.28
10.17
8.99
8.65
8.70
9.44
9.92
10.25
8.87
9.77
10.16
9.27
9.51
11.17
8.75
10.12
9.81
9.89
9.48
9.99
10.08
9.15
10.59
9.71
10.16
9.86
11.09
9.76
8.95
9.34
10.10
10.52
9.41
9.89
10.27
10.30
10.80
8.61
9.12
9.85
11.06
10.14
9.63
8.93
10.24
10.76
11.24
11.05
10.38
9.83
11.23
10.14
10.09
10.57
10.09
10.38
11.06
11.07
9.89
9.96
9.40
10.13
10.42
10.57
8.85
10.01
9.66
10.05
9.72
10.00
10.38
10.89
10.81
11.41
10.91
8.88
10.11
10.30
9.83
10.39
9.51
8.66
9.63
10.17
9.36
9.16
8.98
9.82
10.36
10.66
9.67
10.23
9.38
10.24
9.84
9.60
10.15
11.02
9.19
10.56
9.72
9.19
8.98
10.14
10.04
10.52
10.04
10.59
11.19
10.87
10.01
10.33
9.83
10.04
10.26
11.10
10.25
10.46
9.48
10.32
11.01
10.73
11.22
10.31
8.66
10.35
10.25
9.80
9.22
8.83
9.40
10.91
9.28
8.87
8.78
9.65
9.98
10.39
11.17
10.79
9.00
8.87
9.92
9.42
8.88
10.30
9.47
10.15
10.27
10.69
10.15
10.25
10.66
10.12
9.38
10.60
11.45
8.97
10.15
10.96
9.96
9.54
9.65
10.14
10.44
10.34
9.66
10.97
9.19
9.58
9.78
10.26
9.24
10.80
9.91
9.38
9.42
9.38
8.88
8.97
10.16
10.59
10.16
9.30
11.32
10.68
10.94
10.23
10.68
10.12
9.72
11.30
10.66
10.95
9.55
9.86
10.30
10.64
10.16
11.28
10.64
10.90
10.27
10.60
10.15
11.28
10.63
10.89
11.06
8.92
10.17
10.44
11.24
10.09
10.54
9.23
9.78
9.53
9.10
10.83
9.84
10.33
11.01
9.41
9.74
10.11
10.41
9.64
9.10
9.91
10.36
10.98
10.78
10.08
9.82
9.37
10.76
9.61
9.98
10.19
9.28
8.80
9.79
8.74
9.80
10.60
9.64
9.33
9.80
11.25
9.43
9.89
9.42
9.59
10.04
10.07
9.61
9.12
10.18
10.55
10.93
10.07
8.60
9.10
10.56
9.67
10.13
10.12
9.28
10.21
10.66
11.34
11.13
10.47
10.88
9.81
10.13
10.04
10.52
11.30
10.49
10.03
10.85
10.35
9.83
9.95
10.12
9.92
9.58
9.22
11.01
10.12
9.96
9.42
8.91
10.24
10.13
9.76
9.52
10.27
8.71
10.56
10.36
10.03
11.19
10.56
10.23
10.40
10.91
9.89
10.29
11.19
11.41
10.69
11.64
9.19
9.78
9.18
8.97
11.00
9.95
10.40
10.39
10.79
10.69
11.19
11.52
9.85
10.02
11.19
9.73
9.41
8.69
9.17
10.60
9.70
10.19
9.40
8.66
10.60
10.27
9.99
9.26
8.92
9.34
9.73
9.31
8.87
10.32
9.79
11.33
9.46
9.98
8.81
10.31
8.98
9.53
9.72
10.13
11.23
11.21
11.48
10.19
9.28
8.85
9.75
9.04
10.69
10.85
10.17
10.18
9.29
8.85
9.76
9.05
10.68
10.83
10.13
9.65
10.59
8.85
10.63
11.18
11.40
10.17
10.02
10.68
9.91
9.51
10.45
10.97
11.16
11.38
9.21
10.16
9.72
9.04
9.74
10.25
10.87
10.29
10.73
11.19
9.92
9.42
10.71
10.17
10.63
9.78
10.20
9.93
9.52
9.00
10.13
10.61
10.16
9.91
9.35
8.62
10.58
9.95
10.41
9.92
10.49
11.00
9.96
10.50
9.98
10.50
11.05
9.56
9.05
11.38
9.82
9.96
9.56
9.05
10.47
11.01
10.91
9.79
9.10
10.37
9.10
10.83
11.36
11.03
11.52
10.60
9.94
9.71
10.53
9.89
9.35
9.31
10.46
11.02
9.98
9.87
10.51
10.97
9.50
9.42
8.37
8.77
11.07
9.94
10.50
11.26
9.29
9.82
9.83
9.94
9.48
9.90
10.23
10.52
9.92
9.52
9.33
9.95
10.93
10.49
10.42
10.58
9.83
10.39
10.24
9.15
9.68
10.15
10.34
10.84
10.40
9.96
9.57
9.28
9.18
9.69
9.33
9.86
10.79
10.85
9.78
9.92
10.27
9.81
10.21
10.33
10.79
9.84
9.40
10.78
10.32
9.02
8.79
9.88
9.48
9.97
8.83
10.01
10.24
9.76
10.94
9.92
9.44
10.32
10.59
10.58
11.03
10.23
10.54
11.00
10.20
10.65
10.57
10.99
11.17
11.41
10.52
11.41
8.93
10.56
10.96
11.05
9.47
9.87
11.04
8.99
10.52
9.59
10.34
10.50
10.81
11.02
10.31
10.50
9.78
9.13
11.00
10.12
9.64
9.83
8.85
9.63
10.12
9.29
9.76
10.29
10.44
9.30
9.62
10.10
10.64
11.27
9.83
10.31
10.66
9.42
9.51
8.96
8.25
8.77
8.49
9.35
9.26
9.86
9.06
9.77
9.67
8.83
9.76
10.12
10.68
10.27
11.10
10.60
11.47
9.78
10.96
9.51
9.88
10.40
9.27
9.80
10.74
10.23
9.08
9.45
9.84
8.74
9.22
9.73
9.78
10.15
9.03
9.82
9.43
10.17
9.92
9.43
10.11
10.97
10.53
8.87
9.77
10.16
9.13
9.67
10.13
9.44
9.97
10.13
9.36
9.00
9.69
10.07
10.16
8.87
10.16
9.31
9.80
10.49
10.73
9.12
10.12
9.62
10.42
10.80
9.59
10.06
10.57
8.67
9.10
9.06
10.01
9.56
11.11
9.80
9.14
9.54
10.08
9.86
9.13
9.54
10.01
10.57
9.86
9.12
9.54
10.00
9.92
9.43
10.03
11.06
8.82
10.15
10.49
10.83
9.83
10.17
10.51
9.75
9.42
9.42
10.91
8.97
10.34
11.06
10.78
9.51
10.00
10.85
10.01
10.23
10.99
9.86
8.88
9.41
9.99
10.44
9.40
8.54
9.01
9.95
9.64
10.08
9.19
8.76
10.34
9.91
9.10
11.23
9.63
9.93
10.40
9.72
10.17
10.66
11.02
11.47
11.22
9.85
10.17
10.15
10.59
9.22
10.26
10.74
9.78
10.00
10.74
10.93
9.01
10.33
9.77
11.16
9.41
10.14
10.57
10.22
10.70
11.12
11.09
10.40
10.20
10.68
11.11
11.09
9.14
8.71
9.76
9.30
9.40
8.96
8.52
8.74
9.78
10.29
10.07
10.96
9.72
9.41
10.48
9.97
9.35
9.46
9.88
10.28
10.58
8.87
9.36
10.29
9.83
10.80
9.84
10.25
11.24
8.63
10.60
9.89
11.19
9.19
9.14
10.19
10.62
9.68
9.59
9.89
10.22
10.70
11.13
11.07
9.92
9.60
9.88
10.20
10.67
11.11
11.05
9.88
10.42
9.66
11.11
9.91
9.20
8.92
9.41
8.49
10.12
9.72
9.26
9.76
10.19
9.17
10.51
10.97
9.68
10.16
10.59
10.00
10.24
11.01
10.61
9.90
10.15
11.39
9.44
9.67
10.08
10.39
9.53
9.07
10.32
9.86
10.75
10.92
10.38
9.76
10.18
9.58
9.13
10.29
9.86
10.72
8.89
10.06
9.50
8.78
10.75
10.15
10.15
10.66
10.62
10.12
9.66
9.69
9.36
8.89
9.75
9.75
9.76
8.93
10.60
11.06
11.56
11.47
10.47
11.04
10.96
9.44
9.85
10.38
10.30
10.82
11.00
10.33
9.75
9.41
10.98
10.95
8.70
9.64
9.08
9.19
9.64
9.45
9.90
10.35
8.43
8.56
8.92
9.17
8.72
9.77
10.19
10.88
9.28
9.85
9.90
9.41
8.73
8.72
10.09
10.56
9.90
9.34
9.59
8.73
9.07
10.00
9.95
8.91
10.04
10.04
9.50
9.65
10.62
10.10
9.57
11.28
10.85
10.03
10.48
8.79
9.24
9.50
10.56
9.99
8.79
9.27
9.63
11.27
11.08
10.81
10.05
10.43
10.01
10.47
9.56
10.45
8.83
11.22
10.03
9.62
9.75
9.20
8.69
9.05
9.61
10.12
10.82
9.76
10.31
9.59
10.10
9.67
9.30
8.75
9.05
10.96
10.49
9.99
9.77
10.21
10.43
9.92
9.70
10.19
11.08
10.60
9.16
9.41
8.81
8.47
10.89
9.37
8.83
10.22
9.78
9.78
9.25
9.90
10.82
9.40
8.93
8.58
10.58
10.06
8.86
11.10
9.95
9.46
8.65
9.72
10.17
9.21
10.52
8.58
8.64
9.66
9.13
9.70
9.63
9.11
9.81
11.12
9.08
9.64
10.93
8.99
10.44
9.97
9.62
10.08
9.49
10.96
11.06
10.48
9.76
10.34
10.33
9.15
10.80
9.58
9.96
10.38
10.16
10.65
11.02
10.17
9.26
9.85
9.38
9.85
9.88
10.34
10.59
9.49
9.38
9.33
10.00
9.87
10.45
10.98
10.23
11.03
11.51
9.89
10.45
11.27
10.28
9.94
9.51
9.42
9.42
9.64
9.13
8.53
9.58
8.99
8.91
10.74
9.43
9.81
10.30
8.98
9.12
9.61
9.28
9.93
10.04
10.45
9.08
9.59
8.85
9.88
10.25
9.94
10.43
10.88
11.02
9.51
10.00
10.29
9.91
9.16
9.42
10.61
10.19
9.84
9.03
9.45
10.31
9.05
9.66
8.76
9.16
9.60
9.20
10.19
10.73
10.97
9.69
9.31
9.78
10.22
10.51
10.06
9.82
9.65
9.42
9.42
8.50
9.94
10.40
10.60
9.80
10.20
9.37
9.81
10.31
11.20
10.21
10.72
11.20
10.84
11.29
10.29
10.73
11.26
9.82
10.23
10.38
10.68
10.12
9.51
10.60
10.59
9.50
10.85
9.80
10.15
9.19
9.03
9.66
10.18
9.67
10.17
9.22
9.05
9.67
10.16
9.79
9.23
9.05
9.67
10.16
10.81
10.88
9.90
9.42
8.68
10.39
9.50
10.40
8.69
10.89
10.40
9.20
10.12
9.66
10.14
9.84
10.11
9.15
10.14
10.59
10.77
11.15
11.25
9.75
9.45
10.18
10.47
10.65
10.66
9.46
9.95
9.74
10.05
10.45
8.91
10.59
11.03
11.17
9.48
10.52
9.62
10.11
9.51
10.06
9.63
10.13
9.53
10.06
10.94
9.63
10.15
10.94
9.55
8.73
11.10
10.11
10.62
10.51
11.28
9.91
10.09
10.51
10.96
10.37
11.16
9.81
10.11
9.41
8.55
9.05
10.79
10.32
9.64
10.22
10.84
11.10
9.80
10.34
8.90
10.49
10.83
11.10
9.51
10.29
10.47
10.80
11.09
10.18
11.08
10.60
11.48
10.38
11.01
9.22
10.08
9.70
10.28
10.53
9.11
9.22
9.66
10.52
10.43
9.14
11.13
10.66
9.88
10.14
9.54
9.35
9.45
9.99
8.73
8.36
9.23
10.02
9.66
10.46
9.00
8.61
9.45
9.04
8.63
9.49
8.66
9.65
9.95
10.25
10.58
10.71
11.12
9.39
11.22
10.05
10.60
11.12
10.48
10.94
10.33
9.82
9.09
10.24
10.76
11.33
10.46
10.90
9.42
9.74
10.19
10.63
10.65
11.10
9.26
9.81
10.13
11.32
10.52
10.96
9.77
9.29
9.82
11.05
8.78
9.78
10.02
10.50
9.34
9.44
9.86
9.58
10.10
9.45
9.90
10.13
10.45
10.85
9.16
9.07
9.09
10.88
9.59
9.92
11.20
10.89
10.74
9.97
10.32
9.67
9.29
9.10
10.58
10.15
9.87
9.13
9.47
10.00
9.91
9.13
9.47
10.00
9.94
9.41
8.74
10.05
10.55
9.40
9.01
8.83
9.47
10.00
9.31
11.16
10.01
10.03
10.55
8.93
9.59
11.25
10.12
8.98
9.55
8.76
11.01
9.85
10.41
10.36
9.45
10.13
9.74
10.39
10.93
10.71
11.04
10.04
10.31
9.77
8.96
10.97
9.61
10.14
9.76
10.27
9.25
9.63
8.75
9.67
9.26
9.63
10.02
10.85
10.53
9.13
10.13
9.88
9.41
10.60
9.39
9.41
8.88
9.42
9.89
10.77
10.33
10.21
9.82
11.05
11.47
10.57
8.51
8.52
11.26
8.99
9.80
10.26
10.17
11.01
10.49
10.15
10.16
10.99
8.98
9.57
9.92
9.81
10.60
10.34
10.58
11.06
11.10
9.99
10.52
11.35
9.96
10.40
9.02
11.01
9.02
10.42
9.96
9.64
8.88
9.51
9.98
9.18
9.72
10.91
8.99
9.50
9.82
10.33
11.01
10.07
10.21
10.55
10.55
10.85
9.95
9.41
8.84
10.08
9.96
10.60
9.88
9.50
8.72
9.92
9.25
8.86
9.93
9.52
10.35
9.50
9.98
10.98
10.43
8.75
11.24
10.25
10.84
8.94
9.97
9.56
8.92
10.59
10.12
9.05
10.54
10.15
9.43
8.94
9.07
9.95
10.39
11.28
10.94
9.67
10.62
10.23
10.41
11.26
10.92
10.41
8.97
9.63
10.21
8.85
10.31
11.21
10.13
10.63
11.33
11.13
10.33
10.85
9.43
8.70
10.60
9.73
10.11
9.24
11.09
11.52
10.62
10.24
10.81
10.99
10.92
9.88
10.33
9.79
9.88
10.77
11.01
9.22
9.71
10.82
10.04
10.32
9.71
9.41
9.21
8.83
8.74
9.34
10.68
9.71
10.14
9.69
10.06
10.52
10.55
10.09
9.64
10.49
10.98
10.97
10.41
10.20
9.78
9.15
10.10
9.65
10.88
9.42
9.91
10.18
8.89
10.19
10.75
10.90
9.49
9.92
10.41
10.76
10.26
10.59
10.00
9.70
11.26
9.01
9.63
9.55
10.14
10.45
10.59
9.29
10.08
10.59
10.62
10.94
11.09
10.08
10.43
10.59
8.76
9.18
9.91
9.86
9.35
10.96
9.22
9.75
9.43
9.78
9.97
9.75
9.36
10.25
10.42
10.03
10.38
10.02
10.50
9.85
10.40
9.83
9.43
10.30
10.83
10.96
8.89
10.90
9.89
9.41
9.97
9.57
9.65
9.25
10.12
10.59
10.46
10.89
10.87
11.05
10.02
9.65
9.66
9.26
10.12
10.58
10.87
9.65
9.90
10.34
9.66
9.26
10.09
10.53
10.80
11.04
9.88
10.19
9.15
9.99
10.58
10.33
10.40
9.15
10.42
10.83
11.15
9.92
9.78
10.36
11.31
10.88
9.74
10.29
11.29
10.30
9.41
9.90
9.42
10.01
9.07
9.54
10.09
10.05
8.60
9.11
10.14
9.67
10.52
10.01
10.58
9.76
8.96
9.35
11.18
10.82
10.17
10.25
10.14
10.60
11.01
11.12
9.41
10.11
10.15
10.53
11.10
10.97
11.39
8.88
8.83
10.04
10.54
9.78
9.12
8.89
9.54
10.08
9.48
9.85
10.84
10.85
10.97
10.44
10.22
10.04
10.47
10.03
10.02
10.41
9.06
10.81
10.27
10.88
11.18
9.89
9.57
9.63
8.98
10.07
10.35
10.58
11.52
11.01
10.12
9.63
10.17
10.43
9.84
9.14
11.12
10.18
10.52
9.80
10.07
9.41
9.78
10.27
10.58
8.90
9.51
10.75
8.59
8.99
9.80
10.28
10.24
10.92
9.08
9.66
9.24
9.17
10.14
9.64
9.26
10.03
10.40
10.64
9.77
10.71
10.71
10.11
10.69
10.59
9.21
9.66
10.60
11.43
10.10
11.00
10.07
10.02
9.77
10.01
10.27
10.10
9.41
9.60
9.02
9.80
10.55
9.38
8.48
8.94
9.69
10.16
9.14
8.69
9.71
9.15
9.36
8.53
8.96
9.28
9.36
8.53
8.95
8.72
11.07
10.12
10.52
11.20
10.52
10.11
9.96
9.43
10.90
10.05
10.39
11.00
8.89
9.94
9.47
8.73
9.58
9.26
9.06
10.16
9.63
10.82
9.91
10.08
10.58
10.14
10.59
9.16
11.11
10.11
10.58
9.66
9.61
8.95
10.98
11.42
11.00
10.12
10.44
9.64
10.04
10.22
9.83
10.00
9.17
9.41
9.20
8.82
9.67
10.00
10.44
10.87
8.87
9.48
8.57
10.80
8.99
10.30
9.48
10.03
10.03
10.06
10.45
10.75
9.78
10.58
10.13
10.46
9.08
9.52
9.96
10.45
10.97
9.81
10.14
9.09
9.52
9.95
10.49
10.98
11.50
10.76
11.22
11.67
9.82
10.35
9.13
9.71
9.41
8.21
8.70
8.42
10.14
10.59
10.06
10.60
10.02
9.92
11.18
9.20
10.20
9.69
9.01
10.59
11.31
9.84
11.07
10.54
10.03
11.17
10.55
10.90
11.35
9.93
10.10
10.55
10.48
10.88
11.36
10.48
9.45
10.50
10.32
8.88
10.77
11.29
10.95
9.97
9.50
9.29
8.81
9.09
9.62
10.14
10.96
10.37
10.04
10.24
10.46
9.97
9.69
10.59
10.79
11.02
10.28
9.17
9.71
10.24
9.88
9.10
11.15
10.56
10.21
9.67
9.45
9.06
9.13
10.31
10.00
11.28
9.71
10.18
9.46
9.06
9.14
9.22
10.31
10.01
9.78
10.28
9.21
11.02
10.42
10.74
11.21
9.94
10.37
9.42
10.29
10.73
11.21
9.41
10.93
9.71
9.20
8.78
10.26
8.92
10.35
9.95
9.50
8.74
9.64
9.33
9.71
10.25
11.00
9.95
9.76
9.45
9.08
9.76
10.12
9.98
10.25
9.56
9.15
9.42
10.59
10.77
11.48
9.26
9.84
10.92
9.99
10.43
9.22
9.70
9.88
11.01
9.92
10.10
10.55
9.26
10.95
9.75
11.01
9.58
9.88
10.43
9.76
9.42
9.89
9.66
10.17
9.26
10.93
8.93
10.44
9.45
9.85
10.32
10.60
10.77
8.80
10.92
10.32
10.58
9.07
9.74
9.64
10.16
10.17
10.03
10.56
11.49
9.00
9.47
10.64
8.64
9.11
9.66
9.73
9.33
8.98
9.79
10.86
9.19
10.31
11.04
9.77
10.13
8.97
10.30
9.41
9.08
8.73
9.57
8.76
9.52
9.85
9.81
10.25
10.14
10.59
10.78
9.84
11.16
10.17
10.58
9.89
10.40
10.95
10.12
11.18
9.89
10.40
10.10
9.90
10.40
10.08
9.91
10.40
10.15
10.96
10.00
10.49
9.55
9.69
10.19
9.90
10.97
10.38
11.13
8.89
10.09
9.75
10.23
9.89
9.47
8.76
10.83
10.22
11.10
10.71
9.33
9.08
9.63
10.13
10.56
11.46
9.10
10.31
10.97
9.55
9.99
10.45
9.60
9.05
9.04
9.35
9.69
10.20
10.69
11.02
9.05
9.05
9.35
9.68
10.19
10.68
11.01
10.26
9.06
9.07
9.63
10.14
10.65
11.00
9.73
10.26
9.10
10.97
10.60
10.09
9.41
9.72
11.25
10.17
10.96
8.69
10.47
10.09
9.22
8.97
9.67
10.53
10.18
10.70
11.17
11.37
9.94
11.04
9.60
10.02
9.07
10.06
10.52
9.52
10.99
11.29
8.76
8.76
9.21
9.12
10.96
9.62
10.02
10.38
10.81
10.85
9.16
10.32
10.07
9.44
8.99
9.17
9.93
10.41
10.20
9.75
9.01
9.42
9.15
8.72
10.37
9.74
10.07
10.58
11.53
10.99
9.41
10.18
10.39
11.23
10.47
9.29
8.93
9.70
10.04
9.01
9.63
9.91
10.34
9.71
9.43
9.89
10.33
9.66
9.21
9.42
8.77
9.88
10.32
9.13
10.15
9.70
9.87
10.11
10.59
9.53
10.05
9.94
9.55
10.05
9.41
9.96
11.11
8.52
9.07
9.66
10.52
10.32
10.05
8.69
9.11
8.55
9.61
10.11
11.28
10.50
9.75
10.22
10.12
10.43
10.87
10.28
11.08
10.54
10.17
10.05
9.93
9.42
8.83
9.44
9.55
10.21
10.07
9.86
8.75
10.60
10.17
11.23
10.15
10.64
10.96
9.81
10.27
10.57
9.87
9.66
9.58
11.03
9.18
9.00
10.43
11.16
9.79
9.49
10.11
10.49
10.12
10.50
10.97
8.67
10.08
10.36
10.04
11.21
10.60
11.57
9.23
9.82
9.37
9.04
11.05
10.09
10.48
11.14
9.88
9.15
10.12
9.67
9.75
9.40
10.19
10.53
10.09
10.54
10.69
11.18
11.09
9.36
8.63
10.78
10.27
9.09
9.12
10.47
10.93
10.19
9.85
9.32
9.16
9.07
10.40
10.93
10.19
9.67
10.90
9.29
9.15
10.04
10.39
9.62
9.39
11.11
9.85
10.17
10.56
11.17
9.13
10.36
9.98
9.74
10.91
9.03
10.29
10.30
10.06
9.76
9.41
9.59
9.06
10.97
8.35
10.56
11.33
9.41
9.86
10.32
9.20
8.79
9.62
11.03
10.03
10.51
8.79
9.72
10.21
8.78
9.67
10.09
10.60
10.14
9.81
11.18
9.75
8.83
9.27
10.09
10.42
9.82
10.25
9.91
9.41
10.45
11.31
9.85
10.29
11.07
10.32
10.47
9.41
10.10
9.61
9.53
8.97
10.02
10.50
9.06
8.58
11.02
10.06
9.56
9.63
10.01
10.52
10.47
11.03
10.30
11.10
10.76
10.03
10.44
9.20
9.91
9.28
9.41
8.97
8.66
8.81
10.78
10.01
11.01
10.48
9.73
10.26
9.91
10.79
9.05
9.51
9.78
10.27
10.79
9.53
9.84
10.30
10.60
10.24
10.19
9.90
9.40
9.17
9.84
9.53
9.64
10.11
9.51
10.11
9.70
10.20
11.00
8.86
10.59
9.58
9.57
9.95
9.63
9.42
9.12
10.38
11.31
10.52
10.96
11.32
10.84
10.21
10.86
9.94
9.99
8.94
10.20
9.94
9.52
8.94
9.84
10.27
10.59
10.16
10.30
10.75
10.67
9.15
9.74
11.01
9.68
9.08
9.98
10.48
9.51
11.01
10.86
10.09
9.84
10.10
10.34
9.43
8.87
9.95
9.28
8.80
8.90
9.60
9.98
10.45
10.87
10.12
9.51
10.88
9.60
8.83
9.89
10.32
10.59
9.59
10.02
10.49
11.03
10.79
11.19
9.84
10.29
9.02
11.20
9.59
9.81
10.00
10.33
10.57
8.96
10.98
10.45
10.37
9.58
9.41
9.88
10.30
8.94
8.46
9.36
9.82
10.29
10.78
8.68
9.13
9.70
9.96
10.38
8.99
9.42
9.86
10.25
10.68
10.87
11.17
9.84
10.27
11.15
9.02
10.60
9.40
11.51
10.18
10.61
10.98
9.16
8.82
10.05
10.50
9.51
9.32
8.53
10.93
9.70
9.98
10.39
9.63
11.20
9.01
10.75
9.97
10.23
9.86
10.00
9.90
10.36
9.94
9.41
8.89
9.87
10.31
9.45
9.04
9.55
9.87
8.75
9.00
10.08
10.74
10.94
9.61
9.30
9.76
10.20
10.46
8.77
9.03
8.54
9.50
9.99
10.48
10.57
10.24
11.22
10.04
9.75
8.91
9.11
9.58
10.06
9.81
10.37
10.58
9.58
10.06
9.95
9.42
10.45
9.68
8.90
9.09
9.57
9.81
10.27
8.91
9.12
9.67
10.18
8.98
9.24
9.53
9.40
9.78
8.62
9.50
10.99
9.87
9.88
10.41
11.26
9.21
10.17
9.70
10.77
9.81
9.10
10.06
10.59
11.58
10.52
11.56
10.91
11.36
11.83
10.44
11.83
11.54
9.37
10.43
10.91
11.35
10.11
9.25
10.88
8.69
9.64
9.20
10.86
10.85
8.87
9.93
9.46
8.73
10.16
9.96
9.49
8.86
8.87
9.74
9.35
9.88
9.42
10.12
10.51
10.93
10.12
10.50
10.93
10.10
8.56
10.94
9.08
10.59
9.99
9.70
9.25
9.08
8.75
8.58
10.20
9.62
10.05
10.21
10.73
10.62
11.40
11.05
10.89
9.92
10.43
9.92
10.02
9.42
9.73
9.21
8.96
8.58
9.38
9.89
10.25
8.88
10.03
9.50
8.59
10.83
9.71
10.10
10.28
11.00
9.82
10.59
9.97
10.37
9.84
10.31
11.08
10.58
9.93
10.36
9.46
9.84
10.29
11.09
10.55
10.84
11.29
10.23
10.71
10.96
11.25
11.45
10.60
9.36
9.99
10.90
10.40
9.72
9.23
8.89
11.21
11.65
9.70
10.21
10.69
10.38
9.86
9.38
8.94
9.17
10.88
11.12
11.27
9.74
10.25
8.95
10.42
10.93
10.02
10.45
9.84
9.36
10.66
10.25
9.83
9.15
9.41
9.82
9.29
9.49
8.64
9.01
9.12
10.15
8.68
9.65
9.14
10.59
9.53
9.19
9.19
9.19
11.25
10.85
9.76
9.91
10.31
10.67
10.30
10.85
9.93
9.50
9.41
10.35
8.34
11.58
9.89
10.34
9.39
8.90
8.47
10.13
10.53
10.37
9.58
10.61
11.09
11.22
9.05
10.84
9.18
9.99
10.29
9.99
9.71
10.33
10.58
10.48
9.24
11.41
9.87
9.41
10.50
9.95
11.39
10.89
11.03
11.56
10.20
8.77
10.87
9.34
9.07
9.64
10.19
10.90
9.13
9.75
10.58
9.77
10.24
9.84
10.38
9.75
10.27
9.38
9.86
8.96
10.35
9.73
10.29
8.98
11.07
9.89
10.00
10.47
9.40
10.45
11.19
10.46
11.18
8.74
9.80
9.75
9.18
9.99
9.40
9.39
8.65
9.94
10.37
10.85
9.83
9.38
9.34
8.77
8.88
9.88
10.34
10.33
9.54
9.92
10.08
10.64
10.59
9.37
9.19
9.12
9.60
10.17
10.64
11.13
11.23
10.58
9.96
10.15
10.61
11.13
11.23
11.37
9.67
10.12
10.94
9.63
10.01
10.40
9.12
9.17
9.67
10.11
10.79
9.84
9.10
10.07
10.32
9.43
9.70
8.78
9.36
9.41
8.86
9.14
9.53
10.01
9.89
8.93
10.18
9.62
10.12
10.64
10.10
10.56
9.61
8.95
9.08
8.95
9.44
9.86
9.42
9.15
9.01
9.56
10.07
10.95
10.25
10.38
11.16
9.82
10.24
10.56
9.09
9.67
9.21
9.19
9.69
10.05
10.46
9.55
10.79
10.18
10.99
9.50
9.43
9.97
9.47
9.96
8.86
9.77
9.19
10.30
9.04
10.05
9.68
10.20
8.89
9.28
9.21
10.13
10.58
9.76
10.02
9.62
10.09
10.57
9.93
9.61
10.06
10.55
11.33
10.84
9.49
9.83
10.30
11.15
9.85
9.23
9.09
9.40
9.18
8.75
9.75
9.39
9.88
10.27
10.59
10.71
9.42
9.42
9.40
9.61
10.14
10.02
11.12
8.55
9.03
8.91
10.53
9.74
10.20
10.72
8.92
9.08
9.45
9.98
10.43
10.90
10.17
11.40
10.74
9.98
10.43
10.90
11.20
11.41
9.42
11.01
10.71
11.02
10.73
9.84
10.34
10.39
9.90
10.88
10.26
10.68
10.93
9.02
9.53
9.76
10.30
10.60
9.93
9.28
9.69
11.22
9.14
9.92
9.66
8.81
9.91
10.22
10.97
10.60
10.17
10.40
9.51
9.99
10.56
11.02
10.84
11.13
10.31
10.60
11.01
9.35
9.41
9.86
9.65
10.11
10.62
8.51
9.90
9.01
11.06
9.68
9.57
9.24
8.79
9.99
10.50
9.10
10.88
10.95
9.68
9.97
9.77
10.13
10.40
10.83
9.88
10.35
9.77
9.90
9.45
9.27
8.79
9.83
10.82
9.41
9.89
10.31
9.43
9.41
9.01
9.34
8.56
8.93
9.54
9.12
9.05
9.59
9.96
10.61
10.22
10.59
11.17
10.55
11.15
11.45
9.86
10.22
9.16
10.99
9.75
8.89
10.38
9.41
10.80
10.87
9.84
10.30
10.49
9.65
9.41
10.12
9.76
9.28
10.23
10.53
9.68
10.16
9.76
9.29
10.22
10.51
9.15
8.67
10.69
9.70
10.18
10.60
11.08
10.35
9.53
9.92
10.49
10.29
10.43
10.25
11.26
10.48
9.94
9.42
10.90
9.94
8.79
10.33
11.02
9.91
9.13
9.52
9.42
8.63
9.76
9.83
9.55
10.19
10.72
10.99
9.18
8.90
9.63
10.22
10.31
10.65
10.99
8.96
9.50
9.78
10.10
8.83
9.53
9.92
10.33
10.58
9.01
9.46
9.45
9.94
10.39
10.95
10.23
10.68
11.42
10.15
9.15
9.59
10.10
9.76
10.30
9.96
9.23
9.68
9.03
10.28
10.65
9.64
10.18
9.23
9.69
9.04
10.27
10.64
9.22
11.09
9.71
9.39
9.08
9.73
10.02
10.55
10.15
10.53
9.07
9.43
9.82
10.18
11.26
10.88
10.52
11.03
10.14
9.89
10.44
11.20
9.44
9.89
9.33
8.61
9.82
9.62
10.80
10.07
10.20
10.21
10.19
10.97
10.68
10.20
10.02
10.58
9.47
9.16
8.65
8.83
9.68
11.31
10.62
9.22
10.21
9.69
9.86
8.91
9.60
10.59
10.08
10.49
11.10
10.04
10.50
10.31
9.53
10.03
10.49
9.86
10.41
9.54
9.14
10.05
10.78
11.21
10.49
9.92
10.50
9.56
9.15
11.03
10.06
10.78
11.21
10.48
10.06
9.67
10.49
11.05
10.21
10.77
11.24
9.88
10.47
11.25
8.83
10.96
10.78
9.91
10.43
9.40
9.96
9.67
9.46
9.78
8.91
10.32
10.87
9.71
9.15
8.90
8.54
10.90
9.44
10.31
8.93
11.04
9.52
9.56
9.99
10.48
11.07
10.80
9.32
8.70
10.80
10.21
10.19
10.08
10.98
10.61
9.24
10.17
10.99
9.85
9.53
9.40
8.42
8.90
10.79
9.84
10.29
9.44
10.96
10.98
8.95
8.90
9.48
9.95
10.37
11.10
10.93
10.55
10.03
9.30
9.05
9.68
10.21
10.60
11.14
10.35
10.93
11.33
11.10
10.39
10.03
9.52
10.53
8.87
9.35
9.07
10.06
9.64
10.39
10.19
9.19
8.75
9.09
8.92
10.95
10.68
11.17
9.13
10.63
10.66
9.47
9.88
10.21
9.91
10.18
9.84
10.11
10.59
10.93
10.22
10.59
9.33
9.76
9.43
9.05
8.96
9.98
10.50
10.84
11.13
10.38
9.93
9.42
9.06
11.12
9.59
9.46
9.09
9.07
10.09
10.56
9.08
9.53
9.89
9.15
9.10
10.99
10.08
9.59
10.16
10.62
10.96
10.97
9.86
10.37
10.10
9.14
10.01
9.75
9.87
8.92
9.51
10.56
10.09
10.62
11.45
10.23
9.73
10.20
9.41
11.01
10.95
8.73
10.37
9.68
8.75
9.24
10.96
10.10
10.86
10.37
9.84
10.09
10.11
9.53
9.44
9.85
9.63
10.15
9.88
9.62
10.15
9.53
9.74
10.79
9.63
10.07
10.02
10.18
9.64
10.55
11.04
10.55
11.42
9.25
10.95
10.45
9.74
10.09
10.54
10.60
10.93
11.15
10.19
10.11
10.55
10.60
10.92
11.14
10.24
10.84
9.50
9.86
9.87
10.37
10.68
11.11
10.24
9.90
9.43
9.59
8.95
9.96
9.95
10.41
9.52
8.72
9.76
9.42
9.93
10.40
9.17
9.05
10.13
9.62
9.41
9.79
10.25
10.58
9.73
9.38
10.20
10.69
11.16
9.79
10.24
9.77
9.44
10.54
9.13
10.95
11.03
9.60
10.07
10.46
10.17
10.52
10.97
10.81
10.38
9.82
9.41
9.05
8.65
11.04
9.46
9.94
9.94
10.16
10.53
9.64
9.42
9.97
9.63
9.17
9.87
10.26
9.76
9.27
8.77
9.66
9.24
8.91
9.51
10.05
8.85
10.99
9.92
10.42
11.19
9.08
10.01
9.58
9.04
10.17
9.65
10.03
8.96
9.08
9.46
9.77
10.21
10.59
10.59
10.94
10.51
11.09
9.85
11.39
10.90
9.20
9.53
9.87
10.31
9.21
9.59
10.09
9.45
9.99
8.88
10.15
10.76
9.41
9.80
10.77
9.81
10.25
8.85
9.73
10.26
10.23
10.29
10.67
10.99
10.21
9.11
10.23
10.58
10.21
9.66
10.08
9.11
11.30
9.02
10.79
10.21
10.96
10.51
10.14
9.84
10.59
9.84
10.33
9.65
10.67
10.17
11.09
9.39
8.99
10.79
11.12
10.36
9.41
9.96
10.61
10.15
10.03
10.45
10.92
11.29
9.80
9.79
11.03
8.68
9.14
9.62
9.38
8.92
9.16
9.80
9.62
10.11
9.39
8.91
10.53
9.78
9.42
8.93
9.90
9.81
10.15
10.89
10.40
10.92
10.37
10.11
9.43
10.34
9.93
10.43
10.77
11.19
9.80
9.41
10.30
10.34
10.46
10.78
10.34
10.46
10.78
10.13
8.87
10.42
9.49
10.65
9.57
10.11
9.45
9.93
10.34
10.62
9.13
8.66
8.97
9.55
10.08
9.25
9.43
9.01
9.87
10.22
10.55
10.08
9.55
9.27
9.43
9.01
9.86
10.20
10.55
10.13
9.52
10.56
10.07
10.43
11.00
10.27
11.08
11.60
10.63
10.01
10.41
10.91
9.42
9.81
11.42
10.26
11.08
11.57
10.62
10.93
10.04
10.32
9.46
9.09
9.88
10.32
10.15
9.49
9.92
10.34
10.18
9.49
9.91
10.34
11.00
10.49
9.68
10.21
10.98
9.89
9.75
9.28
8.97
9.66
10.58
10.05
9.68
9.28
10.11
8.94
10.64
10.97
11.33
11.08
9.91
10.21
10.51
10.71
10.23
11.19
11.49
11.28
10.72
10.13
10.63
11.20
11.49
11.26
10.76
9.44
10.35
8.63
9.09
11.00
10.06
9.60
8.98
10.28
10.49
9.42
9.90
11.16
10.35
10.10
9.85
9.85
9.44
9.84
8.86
10.17
10.77
10.29
10.68
10.98
9.96
9.44
8.77
10.37
10.20
10.64
10.98
8.94
9.45
9.84
10.26
10.77
10.45
10.96
10.00
10.39
10.79
10.46
10.97
9.97
10.35
10.97
8.92
9.07
9.64
9.00
9.47
9.67
10.12
8.99
9.16
9.69
10.57
10.17
10.72
9.01
10.62
10.45
11.27
10.79
9.88
10.29
9.43
9.80
9.27
9.40
9.34
8.57
10.59
11.52
9.07
8.96
11.01
9.99
9.47
10.02
10.54
10.51
11.12
10.05
10.05
9.73
10.24
9.36
9.07
10.10
9.70
10.22
9.35
8.85
9.08
10.16
9.68
8.87
10.56
10.41
10.91
11.51
10.81
10.67
11.38
9.71
10.25
9.84
9.60
10.14
9.13
10.63
9.09
10.17
9.72
9.42
9.03
8.80
10.63
9.40
8.53
10.88
9.04
8.89
9.98
10.31
9.49
9.16
11.09
11.09
10.10
9.82
9.63
9.18
9.03
9.93
10.12
9.64
10.02
9.78
9.37
8.83
9.10
10.62
10.85
10.37
10.21
9.81
10.38
9.23
9.71
10.26
10.81
11.21
10.81
9.82
10.30
9.79
9.21
10.16
9.68
9.86
10.31
10.66
9.87
9.36
9.22
9.84
10.29
10.63
10.85
9.77
10.28
9.20
10.04
9.41
9.90
10.72
10.75
8.89
10.22
10.97
10.54
9.68
9.48
10.12
9.56
10.59
10.14
10.34
10.93
10.07
10.55
10.63
11.06
11.48
10.83
11.22
10.20
10.26
10.78
10.13
10.62
11.03
11.43
11.19
8.95
9.38
10.10
10.03
10.54
9.93
10.82
11.06
10.35
9.43
9.63
10.11
9.81
9.32
10.27
9.66
10.14
9.81
9.34
10.25
10.56
8.71
9.13
9.68
10.15
11.01
10.41
10.88
11.28
10.88
9.50
9.85
10.34
10.65
10.82
9.84
10.31
9.67
9.41
9.54
9.12
9.76
10.79
10.79
9.52
9.13
8.87
10.17
10.79
11.05
9.46
8.70
9.82
9.94
10.29
9.67
9.72
10.22
10.04
10.58
9.03
9.65
11.48
8.94
10.67
11.01
9.82
10.30
10.47
10.99
9.49
9.68
9.16
8.85
9.43
9.94
10.44
9.26
9.55
9.95
10.34
10.59
11.07
10.81
9.74
9.22
8.85
10.26
10.04
9.00
9.59
10.90
10.29
8.87
11.08
10.73
9.42
9.77
10.24
11.07
10.37
10.60
9.28
9.70
10.99
11.39
9.09
9.91
10.21
10.37
9.76
10.18
10.64
11.06
9.79
10.27
11.00
9.42
9.78
10.39
10.11
9.94
9.84
10.60
10.30
8.70
8.87
11.18
9.37
10.37
8.73
10.75
11.05
9.94
10.42
11.12
11.38
10.08
10.56
11.33
9.07
10.47
10.94
10.91
10.31
9.58
10.08
10.41
8.91
10.11
10.58
9.16
9.69
11.13
10.57
10.86
11.06
9.15
10.56
10.09
10.19
9.77
9.52
10.24
10.65
10.01
9.63
9.01
10.96
10.06
9.21
9.76
10.11
10.38
10.35
9.81
10.46
10.98
10.15
11.11
10.74
9.25
10.84
10.28
11.07
9.94
9.32
9.43
9.05
8.66
8.92
9.61
10.04
9.67
9.87
10.34
10.47
9.54
10.10
9.73
9.21
8.50
8.89
9.28
8.51
9.37
8.90
9.80
10.29
9.84
9.34
8.50
9.37
8.89
8.78
9.76
10.24
10.57
10.07
10.69
9.15
11.18
9.81
9.70
9.48
9.07
9.70
10.09
10.03
10.39
10.56
9.72
10.22
10.56
10.34
10.55
10.87
11.07
10.38
9.12
10.17
9.45
9.82
9.23
10.24
10.97
8.84
9.78
10.25
10.49
10.19
9.92
10.28
10.56
10.42
11.24
9.01
9.70
9.60
10.19
9.67
10.39
9.17
9.48
9.78
10.24
9.14
9.95
9.65
10.40
10.72
10.96
9.87
10.27
9.96
10.40
10.71
10.96
10.25
9.96
10.40
10.70
10.95
9.16
9.40
9.73
10.20
9.47
8.94
9.89
10.40
10.65
10.93
10.19
9.71
9.02
10.05
10.99
8.84
9.68
9.44
9.15
10.58
8.40
10.86
11.29
9.65
10.15
10.25
8.88
9.39
9.64
8.74
10.92
10.06
10.51
9.60
10.17
8.89
9.41
9.65
8.74
10.92
10.08
10.53
9.13
10.16
9.65
9.57
9.90
10.29
10.59
9.17
9.55
8.79
10.10
10.54
10.22
10.09
10.52
10.21
10.12
9.14
11.10
9.72
9.98
8.84
10.48
10.41
10.13
11.30
10.03
10.54
10.21
10.08
9.65
9.91
9.40
10.16
9.66
9.11
10.50
9.43
8.95
8.44
8.63
10.79
9.80
10.30
10.39
10.33
10.98
10.77
10.02
10.77
10.31
9.83
10.10
9.72
9.30
9.42
9.59
9.12
8.71
10.91
10.10
8.91
10.59
9.87
9.60
9.25
8.78
8.91
10.08
9.86
9.43
10.87
11.27
8.80
10.08
10.36
10.67
11.40
10.06
9.07
9.73
9.63
10.26
10.06
9.67
9.36
10.09
8.99
10.94
10.49
9.58
10.16
10.48
10.14
11.21
9.05
9.75
10.60
11.49
9.92
9.40
10.53
10.03
10.08
11.48
10.61
11.10
11.60
10.42
9.90
11.14
8.87
10.00
9.47
8.69
10.03
10.05
10.56
9.87
8.98
9.83
9.30
8.82
9.01
9.61
9.80
10.10
8.83
10.24
10.59
10.77
10.59
10.58
9.82
11.24
9.08
9.68
10.14
9.40
10.37
9.18
8.52
8.83
9.31
8.56
8.85
10.37
10.11
10.60
9.09
9.88
9.61
10.40
10.90
9.17
9.66
9.22
9.10
10.18
10.71
11.21
11.64
9.69
10.27
10.79
9.64
9.22
9.10
10.16
10.69
11.20
11.64
9.64
10.19
11.32
10.75
9.49
9.26
10.35
10.70
9.79
10.30
10.20
9.91
10.47
10.15
10.45
9.82
10.87
9.53
10.37
9.93
10.41
9.55
9.86
10.34
10.84
11.09
9.96
10.35
9.68
9.48
9.96
10.41
9.70
9.34
10.22
10.76
10.88
11.12
8.90
9.17
10.21
9.67
9.43
10.84
11.11
8.96
9.87
10.21
10.56
9.80
9.50
10.28
11.47
9.83
10.14
9.57
9.50
9.58
8.73
10.88
9.40
9.04
10.33
11.12
10.66
9.80
10.26
9.79
9.91
9.41
9.28
8.95
9.57
8.77
8.63
10.09
9.27
9.14
10.16
9.66
9.52
10.02
10.50
10.02
9.52
10.02
10.04
10.52
9.55
10.02
11.18
9.77
10.25
11.03
10.56
10.08
10.30
10.36
10.53
9.86
10.29
10.67
11.03
9.41
10.87
11.06
10.00
10.42
9.55
9.95
8.93
9.81
9.60
9.51
9.32
9.13
8.74
9.74
9.03
10.85
9.50
9.79
10.31
10.92
9.80
9.24
9.68
10.07
10.56
10.40
9.18
11.06
9.62
10.09
10.58
8.91
10.35
10.28
10.77
11.25
10.99
9.94
10.38
9.67
9.23
9.76
9.02
10.01
9.86
10.33
10.23
10.76
11.06
9.74
9.39
9.02
9.74
10.22
10.60
11.38
10.96
10.04
11.07
10.34
9.89
9.26
10.17
9.41
9.80
9.86
9.44
10.21
10.74
8.91
9.82
10.10
10.19
9.53
8.66
9.91
10.30
10.53
10.83
9.20
9.05
10.12
9.54
9.82
10.25
9.60
9.90
9.56
9.82
10.25
9.91
10.60
9.12
9.67
9.84
10.14
10.58
9.20
11.28
9.74
9.81
9.96
10.32
9.37
8.96
9.48
9.79
10.24
10.30
9.85
10.05
9.00
9.72
9.66
9.41
9.54
8.47
9.10
8.99
9.63
9.99
8.72
10.09
10.05
10.60
11.43
10.63
10.90
9.84
10.35
9.24
10.17
9.41
9.86
9.42
9.85
10.16
10.85
9.82
8.91
10.01
10.25
9.55
8.86
10.22
9.02
10.93
10.59
9.86
9.17
8.95
9.58
9.04
9.95
10.17
9.64
9.89
10.21
10.43
9.98
11.14
10.46
10.72
9.22
8.98
9.64
9.09
10.13
10.21
9.67
10.64
9.67
11.37
10.06
8.95
9.39
10.77
10.95
9.88
10.36
10.47
9.41
9.63
10.13
9.68
9.19
10.11
10.52
8.60
9.11
9.65
10.16
10.35
10.89
9.44
9.82
10.32
10.19
10.37
10.85
10.58
11.49
10.93
10.13
10.35
11.18
9.89
10.17
9.05
9.42
9.82
9.88
9.28
9.92
10.32
9.87
8.58
9.85
10.11
10.59
9.15
8.96
9.52
10.69
11.18
9.23
9.00
9.58
10.13
9.96
10.38
10.59
9.58
9.81
10.27
10.58
11.11
9.88
10.31
10.81
10.60
11.10
11.62
11.40
9.07
9.68
9.19
8.76
9.17
11.06
10.13
9.70
9.82
10.36
10.49
9.64
9.93
10.44
10.80
9.79
10.34
10.42
11.27
11.26
9.78
10.04
10.29
10.76
9.95
10.25
9.74
9.91
9.75
9.40
10.15
10.12
8.79
10.79
9.87
10.21
10.58
9.64
9.34
9.14
10.00
10.47
9.84
9.73
10.20
9.63
9.35
9.15
9.96
10.43
10.14
9.89
9.82
9.42
11.09
11.10
9.83
10.23
10.49
9.58
10.06
9.29
11.25
8.92
10.22
9.53
10.06
8.82
10.94
9.62
9.01
10.41
10.00
11.09
9.66
9.60
9.85
10.30
9.77
10.23
10.51
10.99
9.75
10.22
9.79
10.25
8.95
9.33
10.47
10.97
9.68
10.19
10.30
10.36
10.33
10.81
10.94
11.13
8.98
10.08
9.41
10.60
10.49
9.11
8.66
11.20
10.21
9.68
9.97
10.22
10.49
11.35
9.91
10.41
11.08
10.75
10.37
10.03
9.90
9.42
11.00
10.36
10.40
8.90
10.47
9.88
9.52
10.21
9.98
9.89
9.47
9.17
8.87
9.02
9.08
11.02
9.66
10.15
10.59
10.25
9.15
8.87
9.05
9.09
11.02
9.60
10.06
10.53
10.25
9.13
9.67
8.85
9.09
9.12
10.79
11.01
9.43
9.91
10.42
9.94
9.32
9.29
9.89
10.46
10.45
10.56
10.60
9.93
10.30
9.30
9.27
9.78
10.62
10.30
10.28
10.93
11.22
9.15
11.07
11.35
10.55
10.03
10.38
10.99
11.36
9.28
9.83
10.31
10.85
11.19
10.00
9.82
9.99
9.27
10.88
9.61
10.31
10.31
9.85
10.81
10.19
9.57
9.17
10.46
10.68
9.72
10.18
9.04
9.61
10.09
10.34
10.65
9.17
9.73
10.15
9.19
9.53
9.98
9.88
9.94
9.17
9.48
9.77
10.26
10.05
9.43
9.74
8.84
9.53
10.33
8.95
10.13
10.58
9.41
9.55
8.62
8.91
11.20
9.74
10.22
9.34
9.69
10.58
9.41
9.85
10.08
9.74
10.14
9.89
9.77
10.38
10.60
8.80
8.80
10.53
11.15
10.20
9.93
9.45
9.81
9.88
10.32
10.58
10.18
9.83
10.31
10.65
8.98
11.06
10.69
10.30
9.44
9.90
10.00
9.41
9.58
9.18
8.96
9.90
9.51
10.26
8.85
11.06
10.47
9.04
10.01
10.48
9.81
10.24
9.82
9.65
10.23
10.20
10.58
10.84
11.08
10.09
10.96
9.60
9.70
9.37
10.12
10.33
10.40
9.09
11.01
9.41
10.56
9.18
8.78
9.66
10.15
8.80
10.17
10.17
9.98
9.58
9.36
8.42
8.84
9.86
10.30
10.60
8.85
9.20
11.32
9.72
8.87
9.38
9.88
9.78
9.43
10.16
9.94
9.41
9.76
9.75
8.59
10.73
9.13
10.04
9.69
10.24
9.83
10.86
10.55
9.76
9.40
9.40
9.48
9.52
9.98
10.17
11.13
9.40
9.00
8.59
9.80
10.27
10.58
10.93
9.90
10.07
9.78
10.23
10.54
10.90
9.91
10.09
9.79
10.23
10.51
10.87
9.95
10.11
10.51
11.32
9.40
10.24
9.64
9.73
9.59
9.22
9.94
10.22
9.16
10.96
9.14
10.50
10.07
9.72
9.23
9.14
10.10
9.66
9.20
10.04
10.08
10.82
10.80
10.30
9.81
9.57
9.40
9.97
10.08
9.50
9.42
10.52
9.53
8.67
9.50
9.72
10.13
10.60
11.18
9.49
10.06
10.60
10.10
9.59
10.11
9.15
10.24
9.71
9.59
9.10
8.92
10.07
10.47
10.82
11.13
9.76
10.32
9.12
8.92
11.10
9.90
9.75
9.32
8.91
9.74
10.07
10.57
8.91
9.30
9.74
10.53
9.78
9.32
9.77
9.90
10.03
10.56
9.42
10.91
11.23
10.34
10.67
10.57
10.42
8.61
9.07
11.27
9.64
10.11
10.84
9.09
9.66
10.06
10.25
9.25
9.11
9.68
10.18
10.59
10.74
9.67
10.20
9.26
9.12
9.68
10.18
10.59
9.89
10.00
10.57
10.53
9.34
9.22
9.69
10.17
10.61
11.14
11.62
11.48
10.90
9.87
10.31
9.42
9.79
8.89
9.50
8.99
8.65
10.78
10.80
9.93
10.30
8.97
10.99
9.58
9.77
9.84
9.47
10.20
10.60
9.95
9.45
9.89
11.02
10.36
11.13
10.55
9.20
10.98
11.39
10.21
9.73
8.97
10.94
10.32
10.43
10.76
10.83
10.31
9.85
9.33
9.03
9.85
9.51
9.15
9.94
9.85
9.41
10.67
10.33
9.93
8.82
10.59
10.03
9.31
9.75
8.98
10.41
10.16
10.81
10.45
11.02
9.92
11.23
11.68
11.43
9.66
9.41
10.73
10.30
9.45
10.60
9.85
10.55
9.88
11.32
8.99
10.76
9.54
9.94
9.98
10.43
9.84
8.76
10.29
10.68
9.98
9.97
10.45
9.75
10.97
9.40
9.91
10.40
9.72
10.19
9.38
8.92
10.42
9.89
10.75
10.91
9.81
10.32
10.42
9.65
9.41
10.13
8.29
8.70
9.10
8.32
8.74
9.19
8.34
8.80
10.16
10.82
8.86
9.85
9.53
9.45
10.00
10.28
9.53
8.99
11.00
9.64
9.05
9.57
9.26
9.03
9.59
10.14
10.83
8.97
10.60
11.15
10.77
9.79
9.49
10.99
10.79
9.91
10.30
10.99
10.29
10.04
10.53
10.96
8.78
10.37
11.09
9.73
9.95
10.48
11.26
9.08
9.91
9.65
8.92
9.74
10.90
9.94
10.34
10.45
10.86
11.24
9.72
9.40
9.67
9.19
10.23
9.54
10.07
8.96
9.05
8.53
10.59
10.96
8.74
10.07
10.96
10.60
9.98
9.89
10.82
11.30
9.86
9.54
9.98
9.22
10.34
10.89
10.20
9.85
9.41
10.83
10.13
10.19
10.83
8.91
9.50
9.76
9.77
10.31
9.25
8.73
8.99
10.09
9.58
9.77
10.23
9.29
8.73
9.01
10.63
10.78
9.41
9.11
9.84
10.32
10.53
10.72
10.82
9.03
9.55
9.98
10.32
10.49
9.87
9.38
8.94
9.45
9.00
9.54
10.71
9.01
9.75
10.23
9.15
9.74
10.20
9.71
10.19
10.58
9.12
9.19
10.57
9.65
9.14
9.22
9.71
10.12
10.97
11.00
10.36
9.19
11.13
9.93
9.28
9.40
9.12
8.74
9.60
8.79
9.91
9.95
10.16
10.59
9.77
9.30
9.84
9.92
10.14
9.31
9.40
9.33
9.81
11.00
8.87
8.78
9.30
9.82
10.24
9.90
10.45
9.41
10.73
10.92
9.93
10.27
9.84
9.18
9.73
8.54
9.17
8.95
8.87
10.55
9.48
10.79
10.22
9.11
8.96
9.56
10.02
10.44
9.46
9.88
10.32
10.59
9.39
9.56
10.07
10.30
10.79
11.29
10.81
11.29
9.00
10.24
10.76
9.51
10.00
9.17
8.71
9.04
9.59
10.07
9.07
9.59
10.10
9.07
10.58
9.53
9.99
10.42
9.25
9.04
9.73
10.24
10.80
11.08
10.92
9.99
10.49
9.14
9.13
9.73
9.36
9.11
9.71
10.17
9.64
10.44
10.85
10.98
10.31
9.40
10.94
8.78
9.91
9.75
10.25
10.17
10.56
10.84
9.92
9.22
10.20
10.58
9.20
9.96
10.43
9.43
10.18
9.84
11.08
9.21
9.55
8.96
9.82
10.29
10.50
8.78
8.98
9.22
9.73
8.76
8.97
9.22
9.55
10.07
10.53
9.57
9.79
10.31
11.00
8.77
10.40
9.54
10.47
9.19
10.82
9.98
9.72
8.96
10.30
9.49
9.96
10.46
9.09
8.96
9.70
9.45
10.13
10.50
10.92
11.06
9.96
9.96
10.13
10.51
11.32
10.60
10.39
10.43
11.12
11.11
9.90
9.06
9.49
9.87
10.23
10.43
9.95
10.47
9.42
10.37
10.61
10.25
10.82
10.38
8.70
10.26
10.76
9.83
10.23
9.02
10.71
9.40
9.77
9.16
8.86
9.59
10.81
9.67
9.75
10.24
10.01
10.53
10.93
8.97
9.45
10.73
10.05
9.76
10.21
10.96
9.11
10.50
10.39
9.10
10.13
9.67
10.16
10.71
11.06
11.41
10.63
9.23
11.43
11.06
9.77
10.29
10.22
9.45
10.14
9.71
9.65
9.17
10.41
10.75
10.21
8.97
10.09
9.58
9.89
10.59
8.86
10.21
11.07
9.75
9.99
10.45
11.21
9.14
9.74
9.32
8.98
10.90
9.22
10.34
10.61
11.07
9.79
10.25
9.08
10.59
10.01
10.05
11.29
10.87
9.89
9.98
10.34
9.46
10.33
10.96
10.09
8.92
9.77
9.46
8.72
9.61
10.12
9.25
9.00
9.68
10.04
10.57
10.12
9.04
9.67
9.97
10.99
10.46
11.31
11.09
10.03
10.48
10.07
9.13
10.81
11.22
9.67
10.12
9.63
9.72
10.24
10.08
9.62
9.33
8.91
10.64
11.14
9.17
10.19
9.77
9.94
10.58
10.38
10.95
11.70
11.22
11.38
10.60
9.73
11.10
11.26
10.24
9.81
10.09
9.20
9.87
9.54
10.09
9.54
8.64
8.99
9.89
9.32
10.10
9.56
8.66
9.02
9.88
9.46
10.07
9.56
9.07
10.06
10.58
9.29
8.47
8.90
9.61
8.74
10.17
9.15
10.65
9.19
11.16
10.20
9.71
10.57
10.16
10.72
10.10
10.64
11.14
11.29
10.13
10.66
9.98
10.18
9.48
9.43
10.71
10.26
10.43
10.82
11.24
11.24
8.28
9.52
8.44
10.09
10.63
8.79
10.80
11.22
11.20
10.28
10.05
9.57
9.41
9.69
10.13
10.60
10.06
11.06
11.44
9.79
8.70
10.49
10.25
11.16
10.00
10.53
10.35
10.86
10.66
11.12
11.56
11.29
10.06
9.96
9.42
10.92
10.31
8.93
9.92
9.75
9.54
9.54
10.86
9.44
9.79
10.25
10.15
9.45
9.89
9.86
9.94
9.52
9.03
8.76
10.91
10.60
9.67
10.30
10.03
10.73
9.31
8.98
9.89
10.91
11.27
10.44
11.44
9.82
9.37
9.00
9.40
9.79
10.07
9.85
10.73
10.28
9.77
10.13
9.85
10.74
10.27
9.74
10.05
9.50
9.89
9.13
8.76
10.71
10.60
10.25
10.37
9.83
10.34
10.83
10.34
10.82
10.30
9.85
10.66
10.96
10.75
9.18
9.96
9.67
9.96
10.24
10.94
10.57
11.39
9.19
10.95
9.70
9.82
10.28
10.38
9.64
10.06
10.52
10.95
11.29
9.83
10.34
10.95
11.30
10.60
10.43
10.51
10.97
11.30
9.30
10.09
9.78
11.20
10.47
9.15
9.93
9.41
8.82
9.74
10.21
9.08
9.48
9.41
9.89
9.71
10.18
8.90
9.76
10.22
9.19
10.77
9.49
8.75
9.70
10.15
10.58
9.89
10.45
11.04
11.24
11.33
9.49
9.64
10.03
9.87
10.47
9.50
9.63
10.05
8.97
9.51
9.90
10.46
9.72
10.06
11.05
10.50
10.42
9.15
11.03
11.32
10.00
9.74
8.96
9.61
10.60
9.42
8.37
9.73
9.18
8.87
11.32
8.60
9.10
10.15
9.75
9.47
9.28
8.96
9.91
10.37
9.81
9.71
9.46
9.32
8.99
9.86
10.32
9.76
10.22
9.37
10.72
9.91
9.92
9.41
8.79
8.42
9.04
9.45
9.15
8.72
10.13
9.70
9.46
9.86
9.64
10.13
10.24
9.76
9.58
10.14
10.83
9.26
9.75
10.22
9.77
10.13
10.57
9.23
9.28
8.92
11.13
10.67
9.49
9.32
9.87
8.91
8.77
9.38
9.93
10.52
9.76
10.15
11.08
9.45
10.98
10.47
9.09
10.37
9.70
9.09
8.88
9.58
10.03
10.82
9.42
8.51
10.08
10.15
9.97
10.43
10.14
10.01
10.65
10.58
10.91
11.35
11.10
10.45
10.50
9.14
9.12
10.94
11.36
10.14
9.66
10.99
10.10
10.41
10.29
9.85
10.31
10.10
9.77
10.18
10.86
9.86
10.38
9.42
11.07
10.33
8.68
9.17
10.58
10.14
9.71
9.69
9.57
9.23
8.55
8.74
9.83
10.23
10.56
9.73
10.16
9.23
9.15
9.81
10.21
10.55
9.72
10.12
9.23
9.17
9.77
9.78
9.23
9.19
9.76
9.81
9.23
9.21
9.74
9.85
9.28
9.41
9.13
8.76
8.67
9.55
9.17
10.16
9.65
9.66
9.60
9.28
8.83
9.70
9.58
8.87
9.91
10.59
10.27
9.52
10.01
10.95
10.44
10.19
10.93
11.13
10.39
9.97
9.59
9.43
10.05
10.90
11.34
11.12
10.38
9.96
10.51
9.61
9.49
10.09
9.96
10.76
10.22
9.44
9.17
10.39
9.74
10.38
11.56
9.18
10.59
11.16
11.07
9.72
10.24
9.61
9.26
9.86
10.18
10.06
9.42
11.05
10.60
11.44
8.86
9.83
9.67
9.18
9.47
10.95
8.71
10.96
9.93
10.36
11.02
9.83
9.21
9.70
10.87
9.05
9.51
9.96
10.41
8.75
8.75
11.06
10.64
9.33
9.13
9.69
10.21
11.02
9.55
10.59
11.28
10.88
9.18
10.33
11.25
10.47
9.70
10.16
9.67
9.26
9.04
10.05
10.39
9.70
10.10
9.93
10.58
10.23
9.83
10.33
9.43
11.05
10.45
10.08
8.79
11.23
10.44
10.16
9.73
9.44
8.66
9.91
9.22
10.79
10.08
9.17
9.71
10.26
10.10
10.22
10.97
10.59
9.18
9.67
10.86
11.31
9.74
8.86
10.28
9.35
11.30
9.17
10.79
10.26
10.11
9.70
11.02
11.50
11.29
10.63
10.21
10.12
10.99
11.48
11.27
10.60
10.16
11.47
11.25
10.65
11.46
10.14
10.51
11.10
9.73
10.12
10.04
10.53
9.07
9.99
10.51
10.50
10.38
10.39
9.92
9.91
9.64
9.21
11.18
10.35
10.81
10.39
9.93
9.42
9.69
9.20
11.19
9.85
10.41
9.36
8.62
9.01
9.76
9.28
9.83
9.34
8.65
9.03
10.35
11.18
8.89
10.01
9.50
8.69
10.55
10.03
10.04
10.58
9.85
10.58
10.40
9.70
9.38
9.72
10.22
9.36
11.43
10.97
10.97
10.01
9.61
9.93
9.52
9.01
10.39
9.15
9.16
9.16
9.70
10.15
9.03
10.60
9.86
11.19
9.72
10.23
10.20
10.59
10.76
10.11
9.65
9.28
11.09
10.46
11.24
10.83
11.38
9.90
11.40
10.48
10.48
9.43
8.87
11.22
10.79
9.98
10.30
10.75
9.46
10.27
10.76
9.89
10.37
9.34
9.23
8.69
9.79
10.27
11.20
10.72
10.28
10.24
11.20
10.67
8.78
10.23
9.98
9.41
9.13
9.64
8.81
9.01
10.74
10.09
10.56
10.58
10.17
9.91
9.12
10.73
10.26
9.62
9.93
9.39
8.97
9.87
10.21
9.87
10.82
9.92
9.20
9.68
10.19
9.93
10.80
10.59
11.15
9.98
10.12
10.57
11.26
10.40
9.81
10.25
9.51
9.23
9.00
9.89
11.05
9.85
10.26
10.59
9.35
10.20
9.81
9.81
10.18
9.89
9.62
9.41
9.93
9.45
11.02
11.00
8.67
10.96
9.69
9.17
9.80
9.27
8.97
10.14
10.39
10.96
9.85
9.95
9.44
10.93
8.82
9.78
10.19
10.44
9.32
9.97
9.61
10.33
11.10
11.10
9.95
9.43
9.46
8.56
9.21
8.98
9.86
10.77
10.20
9.21
10.79
11.09
10.58
9.79
9.74
10.25
11.47
9.77
9.39
9.01
10.29
10.64
10.95
9.83
10.32
9.42
10.90
9.15
8.75
10.33
9.75
9.00
9.44
8.78
10.69
11.12
10.82
9.88
10.29
9.44
9.76
9.50
9.05
10.01
10.14
10.96
9.65
10.07
9.07
9.33
9.78
8.84
10.27
10.54
9.51
10.03
10.55
9.08
9.32
8.83
9.57
9.08
9.31
8.83
11.29
9.71
10.20
10.23
10.87
9.75
8.87
9.29
9.54
8.49
9.78
10.20
10.90
9.50
9.04
9.58
10.60
8.92
9.81
10.29
11.11
9.18
10.51
11.30
10.79
11.01
9.75
9.85
10.35
9.00
9.42
9.79
10.93
9.12
8.69
9.64
8.96
9.39
10.07
10.51
10.55
10.61
11.14
11.20
10.11
10.89
9.85
10.36
10.10
9.91
10.35
10.14
9.41
10.37
9.75
10.98
9.56
9.11
8.95
9.53
9.89
10.03
10.47
9.91
10.03
10.45
10.08
10.57
11.23
9.87
9.91
9.13
10.15
9.70
9.97
8.92
10.59
10.22
10.77
11.23
9.82
11.24
10.73
9.87
9.79
10.28
9.42
9.15
9.89
10.37
10.69
9.86
9.43
10.20
10.77
10.04
10.35
8.86
9.46
9.55
8.60
9.26
10.57
10.12
10.08
9.59
10.05
10.51
10.11
9.87
10.99
9.95
10.34
10.38
9.70
10.15
10.00
10.32
9.63
9.43
8.16
10.22
11.16
8.50
9.66
8.81
9.40
8.91
8.64
10.61
10.04
9.66
10.59
9.40
9.79
11.36
10.92
8.73
9.51
11.37
10.85
10.30
9.22
8.77
10.61
9.83
10.21
9.87
9.35
9.34
10.41
9.94
9.43
9.44
9.41
8.93
9.46
9.51
9.41
8.98
10.07
9.57
10.82
9.66
10.56
10.22
10.80
9.64
10.51
11.37
10.93
10.18
10.76
9.08
11.31
10.40
9.79
10.34
9.63
9.15
10.98
10.36
9.96
10.79
9.83
10.38
9.90
9.16
9.40
9.18
8.83
9.67
9.62
10.86
8.87
9.85
10.36
9.50
9.76
9.38
9.90
9.82
9.37
9.85
9.03
10.79
9.53
9.43
9.06
9.59
9.95
9.43
9.09
9.60
8.84
9.95
10.81
9.78
10.27
10.91
9.09
9.67
9.30
8.84
9.17
10.15
10.80
9.64
9.41
9.81
10.20
10.50
9.79
9.33
8.77
10.08
8.87
10.54
10.24
10.83
10.11
10.65
10.86
11.25
10.54
9.18
10.95
11.31
9.72
10.25
8.99
10.83
10.23
10.32
10.66
10.12
9.83
9.41
9.83
10.58
8.84
8.83
11.44
10.95
9.50
9.95
10.38
9.51
9.90
9.98
10.91
9.57
9.96
9.44
10.36
10.53
10.06
10.94
8.70
9.56
9.74
10.17
10.12
10.59
10.14
10.73
10.69
9.20
10.15
9.76
8.97
11.33
10.25
10.03
10.49
10.59
11.53
9.92
9.56
9.11
10.99
10.01
9.65
10.99
11.05
10.01
10.45
9.99
10.03
10.48
9.92
10.44
10.47
10.45
10.95
11.03
10.44
9.90
10.27
8.84
8.84
9.98
9.44
10.45
11.00
10.98
9.91
10.28
9.39
9.36
9.87
8.90
10.85
10.36
10.91
9.61
9.77
10.29
10.58
9.84
9.82
9.23
9.06
9.79
10.37
10.48
10.78
10.28
9.96
10.31
9.19
9.89
9.67
9.89
10.23
9.00
10.77
9.96
10.03
10.59
11.48
10.40
10.97
10.40
10.91
10.13
9.78
10.20
10.81
9.88
10.36
9.78
9.42
10.20
10.22
10.56
10.22
10.23
10.55
8.74
9.87
10.06
10.44
9.97
10.79
10.30
9.81
9.10
9.56
9.46
10.00
9.78
10.29
10.00
9.78
10.25
8.90
9.81
10.15
9.45
9.72
10.66
10.67
10.68
9.48
9.97
9.19
8.97
9.66
10.10
10.59
10.20
9.00
9.54
10.53
10.98
10.53
11.06
11.39
11.38
10.88
10.30
9.03
10.10
10.18
9.64
9.87
8.82
10.11
10.57
10.60
11.24
11.04
9.76
10.03
10.47
9.86
10.36
10.01
9.55
9.88
10.37
9.98
10.46
9.90
10.38
10.93
11.04
9.56
9.42
10.01
10.04
10.49
8.79
8.30
10.47
10.96
11.05
9.36
9.46
9.99
9.15
8.61
10.93
9.70
9.95
10.33
10.90
9.45
10.95
10.09
10.77
9.86
10.20
9.52
9.79
10.24
11.07
11.10
10.28
9.21
9.70
10.15
10.63
10.74
9.71
8.92
10.07
10.58
11.49
9.45
9.84
10.14
9.21
9.74
10.21
10.59
8.54
9.47
9.95
9.25
9.75
10.16
9.48
9.95
10.97
8.94
9.26
9.76
10.16
9.47
9.93
8.95
9.24
9.72
9.04
10.39
9.64
10.16
9.77
9.45
9.93
10.02
10.19
11.07
9.41
8.83
9.93
10.60
9.06
8.86
9.40
9.91
9.43
10.97
11.39
9.86
10.36
10.39
9.73
10.22
10.72
11.09
9.86
10.40
9.83
10.63
8.98
9.47
9.94
8.74
9.91
10.35
9.69
9.49
10.15
10.61
9.89
10.37
11.07
11.30
9.68
9.49
10.12
10.59
10.68
9.92
9.67
9.50
10.12
10.58
10.66
9.92
10.38
9.63
10.29
11.04
11.19
9.12
10.58
11.44
9.73
10.91
11.04
9.21
10.46
10.16
9.68
9.89
10.15
9.70
9.89
10.28
10.82
9.74
10.24
9.32
9.28
9.04
9.84
10.10
10.89
9.87
9.99
10.33
9.40
10.47
8.74
9.84
9.50
9.05
10.77
9.87
10.28
9.07
9.42
9.77
9.26
9.03
8.66
9.54
8.97
9.58
9.94
10.21
8.69
10.92
10.59
9.21
9.99
10.81
11.24
11.24
9.76
9.69
9.97
10.27
10.96
10.59
10.87
10.32
11.63
11.21
11.23
10.78
9.92
9.44
10.11
10.21
9.71
10.75
10.09
10.20
9.71
8.58
10.72
10.07
10.20
9.70
10.71
10.53
9.15
10.14
9.74
9.20
8.97
10.24
10.59
9.91
9.55
9.71
9.28
8.99
10.24
11.51
10.94
9.84
9.44
9.03
9.89
10.23
9.88
10.82
10.38
9.40
10.17
9.85
10.79
10.34
9.21
8.82
10.12
8.98
9.38
9.70
10.56
8.86
11.14
10.07
9.91
10.82
10.36
9.92
9.48
10.36
11.31
10.22
9.22
8.98
9.59
10.99
10.02
10.20
10.68
9.90
9.71
10.98
10.19
10.67
11.15
9.79
10.36
11.15
9.00
9.93
9.54
8.87
9.70
10.08
10.12
10.56
9.85
9.80
9.39
9.13
10.59
10.04
9.96
11.21
10.27
9.77
10.04
9.14
10.57
9.91
9.42
9.73
9.28
10.24
8.71
8.84
9.40
10.53
10.11
11.27
8.75
10.13
10.66
11.25
10.80
11.33
8.98
10.28
10.95
9.94
9.48
8.88
9.89
10.34
9.48
10.50
8.85
8.89
9.79
9.41
9.37
8.83
8.88
9.83
9.92
9.49
10.41
9.38
8.84
8.90
9.85
9.07
10.07
9.44
8.88
8.97
9.85
9.09
10.28
10.13
9.70
11.14
9.73
9.01
9.40
10.01
9.16
8.71
9.71
9.24
9.99
10.24
9.30
9.05
8.57
8.74
9.42
9.70
8.63
9.73
10.81
10.59
9.30
10.16
9.89
10.61
9.31
11.15
9.74
10.77
11.30
10.27
8.93
10.53
9.99
9.45
8.79
11.27
10.12
9.03
10.98
9.60
9.85
10.40
10.32
9.68
8.99
10.40
11.12
10.64
10.26
9.68
9.76
9.02
9.60
9.66
9.00
9.12
9.45
9.41
10.13
9.80
9.24
8.82
10.67
9.57
10.87
10.03
10.35
11.01
11.45
9.95
10.42
9.97
10.53
9.09
10.93
9.61
10.04
10.47
11.00
9.12
10.93
10.07
9.60
9.12
9.62
10.12
10.41
9.13
9.38
9.10
9.14
9.84
10.28
9.72
10.26
9.41
9.11
9.86
10.29
10.64
11.04
10.90
9.75
9.41
9.12
9.86
10.29
10.64
11.05
10.90
9.75
10.33
9.70
11.06
9.90
9.55
9.26
9.81
9.12
10.13
9.75
9.44
8.81
9.26
10.19
9.55
10.12
11.03
10.68
9.76
10.12
10.55
8.94
9.49
9.28
9.94
10.43
9.68
10.06
11.38
8.98
10.83
9.54
9.60
9.99
10.46
10.25
9.23
9.74
10.33
10.86
11.07
9.08
8.75
9.11
9.61
10.08
10.22
9.37
9.72
10.22
10.99
10.46
9.21
10.13
9.80
9.69
9.52
9.19
8.92
10.06
10.25
11.05
9.89
9.42
10.16
9.93
10.45
10.62
8.94
10.12
9.82
9.48
10.40
9.94
10.36
10.59
10.33
10.82
11.24
9.43
10.81
11.25
9.43
10.25
10.77
10.80
11.21
11.57
11.20
9.89
10.18
9.59
10.05
10.49
10.65
11.10
11.14
10.05
10.51
10.47
9.10
9.68
10.42
10.48
10.93
10.98
10.37
9.18
10.22
9.77
10.37
10.80
10.88
10.87
10.29
9.73
9.75
9.30
9.69
10.10
9.71
9.31
9.12
9.69
10.09
10.65
9.74
10.23
9.08
9.53
9.91
10.26
9.93
10.50
10.90
10.09
10.58
9.90
9.90
9.42
11.13
11.15
8.80
9.41
9.79
10.24
10.75
9.94
10.08
10.57
10.48
11.02
10.44
11.00
11.20
9.86
10.25
10.56
11.00
9.20
9.43
9.76
9.43
8.94
9.85
10.28
10.55
9.85
8.92
9.50
9.53
8.62
10.80
9.01
9.79
10.30
9.11
9.78
10.66
9.70
9.80
10.12
9.87
10.04
10.59
10.39
9.84
10.37
10.62
11.17
10.03
10.33
9.85
10.39
10.62
11.15
10.86
11.38
10.26
10.05
9.42
9.09
9.77
9.68
8.79
10.49
9.53
10.09
10.57
9.24
9.61
9.90
9.61
10.08
11.06
9.20
10.10
10.56
11.04
11.38
9.66
10.99
9.96
10.47
9.84
9.21
10.71
10.90
9.79
9.93
10.32
9.70
10.57
9.06
9.41
10.79
8.73
9.16
9.68
10.29
11.15
10.98
9.96
10.35
9.40
9.48
9.09
8.87
9.67
10.09
10.54
8.91
9.47
9.88
10.99
10.65
10.31
9.81
9.93
9.51
9.97
9.05
9.91
9.52
9.96
9.07
8.89
10.34
9.96
9.47
10.95
10.01
10.39
11.20
10.90
10.69
9.77
10.31
9.14
9.72
10.00
8.89
10.14
9.40
11.03
10.77
8.50
9.83
9.31
9.70
10.16
10.58
9.56
9.33
9.72
8.89
9.12
11.34
9.69
8.90
9.41
9.82
10.28
10.61
10.28
9.91
9.40
11.18
10.44
11.19
9.54
8.90
9.99
9.17
9.69
9.16
8.71
8.92
10.17
9.78
9.52
9.15
10.55
10.07
8.76
10.56
10.05
9.60
11.18
10.06
10.50
9.18
10.29
11.14
10.16
9.79
8.99
9.71
9.62
9.42
9.24
9.68
8.86
8.45
9.67
9.09
9.16
8.49
9.45
8.94
9.00
10.16
9.62
10.97
9.02
10.60
9.09
9.08
9.61
9.83
10.33
10.84
9.45
9.95
11.07
11.53
11.30
10.29
10.58
9.68
10.21
9.45
9.16
9.96
11.05
11.52
11.29
10.55
9.11
10.20
9.67
9.89
10.60
10.31
10.20
9.20
9.69
10.11
10.95
10.58
9.43
11.06
10.48
9.90
9.38
10.36
8.88
9.38
9.92
10.46
8.92
11.33
10.85
10.00
11.00
11.32
9.52
10.43
9.49
10.04
8.82
9.16
8.94
10.39
9.87
11.10
10.60
9.88
9.54
9.08
11.39
9.89
11.08
10.62
10.28
9.69
9.40
11.09
10.37
11.17
10.70
10.20
9.66
9.08
9.14
8.80
11.12
10.60
9.68
10.14
9.63
9.09
9.18
8.80
10.61
10.18
9.66
9.14
11.08
8.87
9.47
9.76
9.26
10.58
9.47
9.94
9.54
10.37
9.81
9.46
9.08
8.55
8.87
11.25
10.86
9.07
9.64
10.12
9.84
9.34
8.98
9.09
10.70
10.60
10.15
9.12
9.62
10.09
10.82
10.82
9.85
10.32
9.13
9.61
8.93
9.50
9.91
9.54
9.06
8.93
9.57
9.54
9.06
8.94
9.96
10.57
10.58
10.00
11.45
10.92
10.31
9.24
9.77
10.18
9.42
9.22
9.02
9.89
10.28
9.71
10.17
9.42
9.24
9.03
9.88
9.77
9.43
9.25
9.04
9.87
10.14
10.04
9.64
10.81
10.83
9.87
9.87
8.75
9.92
10.29
11.02
10.33
9.25
9.76
9.91
10.60
9.13
10.30
9.77
10.34
9.12
9.71
9.45
10.16
10.36
10.63
9.41
9.08
9.90
10.60
11.11
8.80
9.74
10.08
10.56
9.70
9.49
9.13
9.88
9.88
10.41
10.28
9.61
9.20
9.57
10.05
10.51
10.74
9.43
9.95
10.29
9.59
10.07
10.51
10.71
10.26
9.73
9.26
10.37
8.78
9.13
8.68
9.61
10.09
10.52
10.69
10.21
8.99
10.14
10.61
10.04
9.55
10.83
8.89
9.29
8.75
9.91
10.30
9.36
9.87
10.36
9.98
9.38
9.91
10.38
9.76
10.23
9.46
9.91
9.65
10.15
10.58
10.53
11.06
10.58
9.32
11.00
11.33
9.80
10.97
10.31
9.22
10.89
10.13
10.31
10.52
9.93
9.42
10.21
10.78
10.33
8.95
9.57
9.10
8.72
10.58
9.08
11.08
9.84
9.61
9.59
9.88
10.29
9.74
10.23
10.51
9.12
9.65
9.67
9.91
11.21
10.43
9.73
9.14
9.61
10.11
10.66
9.28
8.90
9.69
9.30
8.90
9.63
9.74
9.31
8.91
9.63
10.02
9.78
10.84
9.65
8.92
9.90
10.21
10.96
9.95
9.42
9.57
9.02
9.84
9.24
8.84
8.41
9.50
10.02
10.41
9.13
8.67
9.82
10.60
10.23
9.32
9.50
9.66
9.99
10.84
11.22
9.69
10.16
11.21
10.31
10.77
11.16
9.54
9.54
11.18
8.99
9.40
10.04
10.54
9.03
8.79
9.58
10.97
9.10
8.80
11.03
9.51
10.01
11.03
10.53
10.07
8.87
10.82
10.96
9.91
10.42
8.88
10.93
10.40
10.30
9.45
10.02
10.51
10.20
9.74
9.08
9.56
8.98
9.99
9.51
8.70
10.16
9.24
9.08
10.10
9.60
10.58
10.65
10.95
11.30
9.99
10.39
10.00
10.00
11.01
10.40
10.80
11.21
9.14
10.85
9.64
9.91
9.39
8.92
9.73
10.26
8.92
10.34
9.48
9.91
9.71
9.41
9.36
9.86
10.24
9.71
10.17
9.45
9.92
10.30
10.62
10.82
8.77
9.78
10.21
10.30
10.61
10.81
10.15
10.29
10.59
9.43
9.63
10.09
9.06
9.88
9.60
10.24
10.57
11.14
10.54
9.14
8.90
9.53
10.04
10.09
10.52
10.42
11.37
10.59
8.97
10.83
9.97
9.47
8.74
9.89
10.91
9.66
9.36
10.01
10.44
10.83
9.92
10.35
9.55
8.79
9.92
10.23
9.29
10.21
9.92
10.60
10.03
10.56
9.75
9.39
10.18
10.74
11.19
9.42
9.97
10.44
8.50
10.93
10.26
10.77
11.65
11.44
11.22
10.20
10.78
9.02
11.66
9.92
9.58
10.27
10.09
10.52
8.92
10.13
10.07
10.50
10.45
10.07
10.29
10.71
11.06
9.19
10.13
9.70
9.04
11.19
9.99
10.05
11.41
11.18
10.61
11.41
10.54
10.99
10.82
9.91
10.43
10.47
9.40
9.90
9.91
9.40
9.37
10.94
8.64
9.86
9.10
10.38
11.12
9.10
9.70
9.62
9.31
10.25
9.81
10.60
11.31
9.94
9.40
9.40
10.74
10.32
9.07
8.33
9.70
9.77
8.93
8.58
9.45
10.11
10.32
10.83
8.86
9.75
10.19
9.40
9.93
10.30
10.83
9.70
9.11
10.09
8.88
8.43
8.65
10.81
10.59
10.25
9.41
9.91
10.37
10.87
10.24
10.60
11.31
10.41
10.79
10.92
9.90
10.38
9.40
8.79
9.77
10.30
9.43
9.43
10.38
11.02
9.62
8.66
8.91
8.92
10.39
10.26
10.15
9.36
8.80
9.10
9.03
10.84
9.89
10.33
10.92
10.19
9.40
9.13
9.04
10.83
9.91
10.33
10.92
9.64
10.16
9.42
10.82
9.95
10.30
9.70
10.11
10.17
10.56
10.73
10.46
10.57
11.24
10.41
9.79
9.46
9.00
10.84
9.81
10.31
10.27
9.98
9.63
9.06
9.29
10.81
10.58
10.91
10.74
10.75
9.18
10.28
9.18
10.58
9.70
10.19
9.89
9.40
10.11
10.53
10.58
9.76
10.18
10.64
11.03
11.04
9.96
10.47
10.25
11.06
9.27
9.74
10.08
9.09
9.82
10.82
10.18
10.28
9.85
10.39
10.86
10.93
9.41
10.75
10.77
9.43
9.85
9.77
10.36
8.93
10.19
10.89
9.49
9.96
8.67
9.64
9.93
10.14
10.57
9.82
10.25
11.25
9.91
9.87
10.09
10.59
10.68
11.12
9.41
9.59
8.46
9.48
10.03
9.21
9.03
10.13
9.96
10.46
10.54
10.03
9.61
10.51
10.56
9.09
9.67
10.45
10.89
9.56
10.06
10.34
9.18
9.80
9.82
9.32
9.02
9.79
9.82
9.34
9.03
9.81
10.68
10.84
9.93
9.40
10.14
10.58
10.38
10.37
11.17
8.87
10.66
9.86
9.90
10.39
10.10
9.90
10.38
10.72
10.07
10.57
9.46
9.57
9.91
10.37
10.67
10.82
11.12
9.91
10.38
11.11
9.54
9.73
10.25
10.52
10.53
8.79
9.85
11.00
9.25
10.89
9.41
10.22
10.37
9.94
10.51
10.89
10.86
8.49
8.93
9.90
10.43
10.89
10.85
9.46
9.90
10.89
10.85
9.99
9.84
10.31
10.42
10.90
10.86
9.95
10.39
9.86
10.33
10.83
9.10
10.18
10.40
10.80
10.12
9.66
10.39
10.83
10.07
10.60
11.16
9.84
9.92
10.06
9.20
10.55
10.53
9.19
9.75
9.02
9.96
10.27
9.80
10.12
9.91
10.37
10.86
9.86
9.46
9.11
10.34
11.18
9.87
9.41
10.27
10.26
10.63
10.74
10.74
10.75
10.03
10.74
8.85
10.17
9.96
9.60
9.18
8.67
8.88
10.05
10.52
10.11
9.53
8.68
9.58
9.85
10.19
10.56
8.99
11.26
9.75
9.54
8.84
9.63
9.33
9.23
10.18
10.45
9.68
11.10
10.49
11.09
11.31
10.40
11.01
10.07
10.57
9.20
9.95
10.40
9.46
9.72
10.07
10.54
9.18
9.43
10.82
11.27
10.80
11.27
10.97
10.46
10.06
9.79
10.37
9.02
10.12
9.64
8.92
9.43
9.35
8.89
8.50
9.70
10.83
8.98
9.91
11.09
9.41
10.52
9.30
9.75
9.05
10.79
9.58
10.80
10.80
9.93
10.30
10.94
10.22
10.09
10.58
9.14
10.42
11.09
9.62
10.08
10.11
10.35
10.53
10.03
10.57
10.35
10.06
10.57
11.34
11.02
10.84
9.90
9.66
9.22
10.41
10.00
9.68
9.22
10.17
10.45
10.17
10.13
9.86
9.76
9.29
9.01
10.30
9.99
9.48
8.65
10.89
10.30
10.37
10.23
10.78
11.07
10.84
9.46
9.84
10.33
11.06
10.11
10.05
9.88
10.76
9.42
10.74
9.88
10.19
10.88
8.94
10.10
10.59
10.34
9.87
10.06
10.36
10.60
11.07
9.76
9.49
10.27
11.03
10.79
11.19
9.96
10.41
10.60
9.85
10.34
10.57
11.04
10.79
11.20
8.73
9.82
10.31
9.01
9.64
10.14
10.73
11.37
10.05
10.89
9.05
10.95
10.02
9.53
8.85
9.69
10.08
10.39
10.79
10.99
9.93
10.39
10.04
9.61
9.78
9.03
10.87
9.51
9.87
10.37
11.08
10.12
10.81
10.28
9.85
10.29
9.64
10.03
9.17
10.60
10.92
9.95
9.42
10.32
10.04
10.60
10.94
8.82
10.24
9.88
9.97
9.42
10.96
8.71
10.59
10.28
10.86
8.99
10.63
11.44
10.12
10.52
9.59
11.44
9.23
8.73
8.84
9.62
10.05
11.10
10.49
10.90
9.99
9.45
10.46
8.69
9.51
9.19
8.91
10.97
9.94
10.41
11.23
10.75
9.88
10.29
10.40
10.92
9.60
9.41
9.86
9.38
8.88
10.39
9.09
8.62
9.66
10.06
10.29
9.90
10.40
10.89
11.07
10.13
10.60
10.92
9.92
9.84
9.64
10.22
9.26
10.78
11.36
10.84
10.32
9.83
9.64
9.20
9.92
10.12
9.40
10.37
10.64
9.94
9.40
10.11
9.19
9.63
8.72
8.89
10.55
10.11
9.54
8.72
9.57
10.58
10.27
9.75
10.29
9.31
9.68
9.13
10.70
11.11
10.17
9.10
9.10
9.62
9.88
10.00
10.41
10.60
10.62
10.37
11.06
11.06
10.92
9.17
10.36
9.69
10.09
9.58
10.79
9.29
10.30
9.79
9.12
10.13
9.80
10.22
9.97
9.59
8.92
9.53
8.84
8.58
10.08
10.67
10.49
11.40
10.12
9.97
10.42
10.88
9.88
10.38
11.19
10.34
10.30
10.77
9.19
10.80
9.95
9.74
9.94
10.29
9.80
9.14
9.42
10.75
8.82
10.11
10.26
10.58
10.98
9.85
9.23
9.44
10.13
9.77
9.49
9.01
9.63
8.82
9.35
9.13
10.17
9.66
10.80
10.59
9.50
9.84
10.23
8.84
9.11
9.45
9.93
10.38
10.80
9.92
11.13
10.08
10.52
9.21
11.20
10.42
9.79
10.16
10.92
9.43
8.53
9.02
10.26
10.35
9.64
9.75
10.16
9.69
11.03
10.13
10.58
9.00
11.38
10.41
10.88
9.40
10.31
9.13
8.75
10.10
9.66
8.80
10.15
10.98
9.43
9.53
10.06
9.48
10.06
10.29
10.55
9.64
10.17
10.28
10.54
9.26
9.76
9.55
10.07
9.52
10.57
9.29
10.84
11.25
9.67
10.13
10.24
9.32
9.53
10.04
10.48
9.69
11.03
10.48
10.20
10.71
10.63
11.42
9.62
10.30
10.54
11.05
9.12
10.08
9.60
10.73
10.93
10.31
9.95
9.27
9.76
10.87
10.33
10.70
10.83
9.87
10.37
9.48
8.53
9.12
9.71
10.82
9.21
8.93
10.22
11.06
10.62
10.15
9.94
9.04
9.41
8.71
10.46
10.10
9.20
9.82
9.43
9.10
9.73
10.20
10.60
9.43
9.09
9.98
9.66
10.08
9.46
9.10
9.98
11.16
9.92
9.44
10.06
10.13
10.56
10.97
8.88
9.80
10.09
10.57
9.47
8.73
10.09
11.15
9.30
9.03
10.18
9.61
10.56
11.33
10.08
9.15
9.74
8.89
9.34
9.79
10.14
10.62
11.19
10.38
10.79
10.88
10.27
11.14
10.67
9.84
10.29
9.41
8.80
9.80
9.14
9.65
10.79
9.87
10.30
10.08
11.00
10.53
9.52
9.81
10.19
10.99
9.81
9.42
9.00
9.60
8.83
9.32
9.15
9.67
10.11
10.59
9.13
9.69
11.15
9.06
9.85
10.12
9.88
9.59
10.57
8.91
9.11
11.29
9.63
8.90
9.82
10.00
11.00
10.16
10.52
10.40
10.62
10.20
10.97
10.52
10.63
10.20
10.98
11.11
9.83
10.88
9.54
9.09
10.35
9.64
10.24
9.88
9.13
9.84
9.69
10.32
10.63
10.93
9.95
10.32
9.83
9.71
9.44
10.80
10.61
10.91
9.43
9.85
9.18
10.32
9.93
9.79
9.30
10.27
8.71
8.86
9.37
8.72
8.87
9.46
9.84
8.79
10.87
9.49
9.36
9.08
8.60
9.60
9.79
10.59
10.21
9.45
10.03
11.02
9.36
9.11
8.62
8.90
9.04
9.78
10.53
10.24
11.18
9.67
10.12
9.85
9.47
9.23
10.28
10.85
9.98
10.04
9.61
9.48
9.25
9.03
10.24
10.80
9.95
10.00
9.60
10.55
11.35
9.51
9.28
9.04
9.93
9.17
9.69
10.21
10.26
10.49
10.72
10.42
10.72
11.39
9.16
10.03
9.80
9.40
10.44
10.38
10.86
9.29
10.02
10.04
9.98
10.04
10.57
8.61
9.90
9.70
9.16
11.41
9.87
10.25
10.34
8.46
9.77
9.16
8.78
9.66
9.18
8.78
9.57
10.54
9.69
9.20
8.79
9.56
9.99
9.71
10.23
9.35
9.83
10.23
10.05
10.95
10.58
9.41
11.18
8.50
9.02
9.61
9.42
8.91
9.14
9.16
10.47
9.64
10.05
9.72
11.06
9.20
10.16
10.54
9.64
10.12
10.13
9.62
10.15
11.15
9.16
9.71
10.21
9.12
10.97
10.41
9.80
10.17
11.06
9.22
9.81
9.41
9.24
10.04
9.71
10.18
9.61
10.08
10.90
10.42
9.63
10.13
9.19
8.70
9.64
10.10
10.88
10.41
9.06
10.13
9.65
10.18
10.86
10.60
9.33
9.80
9.14
11.23
10.85
10.32
10.06
10.10
11.41
9.17
10.01
10.96
10.45
9.63
10.08
10.21
10.10
9.86
9.71
10.23
10.93
9.91
10.17
10.39
11.17
11.16
9.27
9.82
9.82
9.36
9.07
9.87
10.67
9.88
9.05
9.40
10.03
8.73
10.60
10.59
11.48
10.43
10.97
11.04
9.20
10.56
9.60
10.03
10.40
8.98
10.52
10.88
11.01
10.39
10.45
9.79
10.30
11.01
8.99
9.37
10.54
10.20
10.21
11.20
10.72
10.97
9.43
9.94
10.38
9.47
9.96
8.80
9.73
10.03
9.56
9.91
10.88
9.42
9.64
10.84
9.26
9.77
10.16
10.44
10.84
10.30
9.71
10.18
11.18
9.36
8.99
10.73
10.60
9.50
9.79
9.69
9.20
10.09
11.53
9.38
9.85
8.89
8.72
9.70
9.23
10.07
9.36
9.04
9.69
10.19
8.91
8.72
9.74
9.27
11.04
10.47
10.44
10.96
11.28
9.14
9.69
10.21
9.10
9.58
9.78
9.09
10.90
9.56
9.89
10.39
9.42
9.78
10.38
9.50
8.93
10.80
9.50
9.90
9.35
9.87
10.36
10.35
10.79
9.60
9.98
10.40
8.70
9.40
9.16
9.03
9.86
10.33
10.75
11.03
10.23
9.63
9.46
9.86
10.99
10.60
9.59
11.33
10.87
9.13
10.00
10.43
9.56
9.51
9.94
9.44
9.14
8.83
9.11
10.16
9.26
8.83
9.62
9.72
9.62
9.31
9.75
10.23
10.21
9.35
9.42
8.49
9.72
10.21
9.29
9.81
10.72
9.06
9.68
10.10
10.59
9.89
10.03
10.48
9.31
9.63
10.17
10.62
11.10
10.97
11.40
10.54
10.97
11.39
10.00
10.46
11.08
10.96
11.39
10.47
10.02
11.37
9.33
9.64
9.98
10.02
9.35
9.97
10.74
10.30
10.45
10.45
9.95
9.45
8.74
10.03
9.74
10.23
10.80
9.82
10.33
10.66
11.06
10.22
9.42
9.89
10.72
10.31
10.51
10.09
8.89
9.89
10.40
9.45
9.94
9.83
9.44
9.63
10.06
10.39
8.78
8.78
10.18
10.79
9.92
9.43
9.94
9.10
10.58
10.17
9.34
9.61
9.09
10.19
9.98
10.52
10.20
9.67
11.10
8.96
10.45
10.48
9.97
9.63
10.13
9.99
10.31
11.11
10.63
9.74
9.94
9.40
9.27
8.72
10.64
9.74
10.26
10.38
10.13
11.11
10.93
10.58
9.26
10.94
11.51
9.71
10.13
9.13
10.94
10.32
10.45
10.76
10.82
9.86
10.30
9.41
8.91
9.94
9.50
8.75
10.58
9.31
9.84
10.13
9.08
8.58
8.77
10.60
9.59
10.01
9.21
9.67
9.51
9.99
10.19
9.09
9.50
8.89
10.00
9.51
10.01
10.58
9.67
9.81
10.10
9.23
9.60
8.96
10.14
10.43
10.94
9.75
10.05
10.61
9.41
11.06
11.32
10.87
10.32
11.33
8.66
10.27
10.21
10.40
9.22
9.77
10.02
9.94
10.38
9.92
9.12
10.80
9.42
10.79
10.31
10.20
9.94
10.37
11.01
10.76
9.89
9.39
9.50
9.11
8.65
8.87
9.48
8.67
9.52
9.66
10.12
10.97
10.59
11.32
10.83
10.20
11.03
11.51
11.31
10.58
9.88
10.03
10.59
9.12
9.11
9.95
9.61
10.40
10.49
11.03
8.97
10.21
10.45
11.09
10.49
11.36
9.19
9.69
10.19
10.92
10.89
10.89
10.12
10.28
9.77
10.27
10.72
9.09
9.41
10.15
9.77
10.26
10.74
10.67
10.64
10.22
9.73
9.25
9.47
8.58
9.06
10.19
9.80
10.70
8.82
9.94
9.54
10.17
8.92
10.05
10.58
9.84
9.29
8.78
8.93
9.69
9.83
9.50
10.18
10.61
11.50
11.14
11.63
10.19
10.68
8.80
10.96
9.66
9.91
10.37
11.02
10.25
9.10
9.69
9.37
8.92
9.20
9.19
9.70
10.20
9.70
8.96
10.11
10.60
10.68
9.86
10.24
9.13
10.46
10.96
11.35
10.52
9.40
9.78
10.14
10.38
10.07
9.61
9.07
10.87
11.29
10.53
10.85
9.74
8.79
10.33
9.70
11.26
9.36
9.93
8.70
9.85
9.29
9.38
8.48
10.57
9.90
8.92
9.41
8.88
10.90
10.86
9.91
10.39
10.87
10.87
10.30
9.76
8.85
9.45
9.21
10.90
10.85
9.91
10.33
9.15
10.82
10.83
9.97
9.61
9.81
10.33
9.34
9.30
9.79
9.80
9.90
10.16
9.51
9.97
10.48
9.56
10.84
9.93
10.30
9.70
9.80
9.43
10.64
9.72
10.18
10.47
8.97
9.48
9.60
10.59
9.73
10.25
11.44
9.54
10.00
10.40
10.86
10.94
9.83
10.38
10.88
9.21
9.60
10.08
9.79
10.79
10.30
10.81
10.17
9.83
10.32
10.78
10.17
9.42
9.84
10.82
10.16
10.85
9.75
10.22
10.58
11.17
10.64
8.96
9.87
9.31
9.80
10.56
10.06
10.56
9.24
9.54
9.87
9.24
9.74
10.28
10.81
10.56
9.77
10.29
10.80
11.06
9.79
10.29
9.55
10.08
11.07
10.45
9.86
9.91
10.31
9.79
9.52
8.81
9.15
9.00
9.00
9.44
9.89
10.14
9.88
9.43
8.53
9.93
9.15
9.92
8.61
8.74
10.09
10.18
9.92
10.40
10.65
9.40
10.50
10.04
10.02
9.31
9.81
10.58
10.35
8.98
8.69
9.43
9.80
10.32
10.23
9.95
10.51
10.87
11.09
9.37
9.87
10.41
9.94
9.00
8.68
9.46
8.94
9.80
10.30
9.56
9.95
9.80
10.29
8.69
9.98
9.09
9.76
10.24
9.18
11.03
9.65
10.13
9.79
10.28
10.54
9.06
9.56
10.06
10.57
9.78
10.27
9.27
9.56
10.06
10.56
10.77
11.02
9.86
10.39
10.50
9.40
9.41
9.66
9.52
10.95
8.70
9.16
9.69
8.93
9.68
10.42
10.34
10.86
11.08
9.49
8.71
9.85
10.13
9.39
9.87
10.36
9.82
10.87
10.27
10.82
11.09
9.14
9.64
9.08
8.84
9.54
9.19
9.70
10.20
10.56
9.19
10.13
8.88
9.65
9.86
10.33
10.58
11.18
9.59
10.13
10.63
9.79
10.29
9.59
10.11
10.62
9.82
11.33
9.38
9.60
10.12
10.63
11.15
10.86
9.75
10.26
9.64
10.53
9.21
9.68
9.73
10.14
9.26
9.16
9.75
10.22
9.82
9.26
9.16
9.75
10.22
10.50
9.75
10.13
9.23
10.59
9.17
11.08
9.44
9.69
10.10
10.57
10.09
9.95
10.46
9.34
9.68
10.53
10.98
11.28
8.79
11.00
9.85
9.80
9.99
10.40
11.27
9.55
9.43
9.71
8.91
9.46
10.11
9.12
8.92
9.57
9.83
10.30
9.43
10.00
10.51
10.74
9.71
10.22
8.98
9.69
10.43
9.02
9.60
9.61
9.58
10.06
10.05
10.19
10.59
10.45
9.94
10.51
11.50
10.74
11.29
11.79
10.85
8.79
10.31
10.21
9.32
10.63
9.94
9.41
10.76
10.34
8.46
9.62
9.08
9.69
9.11
8.70
9.84
10.54
10.22
10.03
10.55
10.99
10.17
11.01
10.60
9.26
9.74
9.97
9.78
10.33
9.93
10.25
10.81
11.51
10.50
11.51
10.22
9.95
10.28
9.44
10.42
10.32
8.85
10.97
9.96
9.46
8.65
9.73
10.02
10.46
10.58
10.12
10.02
11.16
9.91
10.56
9.85
10.23
9.25
9.61
10.06
11.29
9.83
10.31
10.11
10.65
10.84
11.42
11.24
9.08
9.67
9.94
10.99
8.93
10.25
10.37
10.34
11.10
9.94
10.58
10.01
9.77
10.29
9.93
9.43
11.38
10.87
10.27
10.79
8.76
10.77
11.37
11.22
11.65
9.83
9.90
9.37
8.58
9.37
9.15
8.90
10.11
9.59
10.18
10.36
10.58
10.18
10.15
10.82
11.64
11.46
10.67
9.05
10.30
9.83
9.65
9.94
9.54
9.94
10.29
11.38
10.79
9.33
8.89
10.83
9.77
10.29
10.06
9.72
9.64
10.57
10.32
9.34
9.01
9.09
11.57
11.25
11.79
10.73
9.63
9.93
10.23
10.29
9.62
9.97
9.45
10.17
10.11
10.60
10.20
8.82
9.93
9.62
9.20
8.68
8.84
10.06
9.98
9.45
8.70
9.54
9.81
10.19
10.87
10.17
10.59
10.15
9.05
9.05
9.84
9.67
10.34
10.12
11.28
8.94
9.96
9.46
9.41
9.12
8.43
9.23
9.50
9.92
9.66
10.47
10.03
10.56
9.90
9.88
9.50
10.40
11.33
9.27
9.14
9.15
9.70
10.20
10.24
10.96
10.59
10.75
10.47
10.08
9.63
9.27
11.17
11.00
11.30
10.17
9.81
9.47
9.28
9.88
9.15
10.45
10.14
9.65
9.55
9.20
9.74
10.23
9.21
10.05
10.53
10.77
11.03
9.85
10.09
10.37
9.42
10.97
10.30
9.40
9.49
9.94
9.60
9.96
10.33
9.61
10.00
8.89
9.61
9.46
9.94
10.28
10.44
10.32
11.10
9.80
9.82
8.89
8.89
9.32
9.61
10.06
10.44
9.91
9.33
9.61
10.06
10.44
9.09
9.54
10.01
9.09
9.98
9.18
10.16
10.94
9.74
10.59
9.92
10.36
10.94
9.26
9.20
9.69
11.33
11.38
9.21
10.60
9.40
9.95
9.79
10.40
10.77
9.71
10.21
10.68
11.09
9.35
11.22
11.30
8.88
9.47
9.92
10.40
10.61
11.02
11.14
10.42
10.61
11.02
11.14
9.01
9.00
9.61
10.02
9.17
9.10
10.11
9.60
9.89
10.57
9.10
9.70
10.15
11.25
10.50
10.47
10.56
10.54
9.16
11.02
9.82
9.69
10.17
9.32
8.87
9.65
10.16
10.12
9.32
8.86
9.66
10.15
9.79
10.15
10.09
9.48
9.42
9.71
8.24
9.15
9.16
8.71
9.68
10.14
8.52
9.05
9.70
9.65
8.76
10.06
9.22
10.03
9.80
10.76
9.67
9.94
10.19
10.47
10.58
10.73
10.90
9.90
10.89
9.43
9.13
10.82
9.56
9.91
10.09
10.60
10.84
9.58
9.75
10.29
8.84
10.57
9.71
9.44
10.21
9.26
9.76
10.19
10.52
10.75
9.65
10.19
9.25
9.75
10.17
10.51
10.74
9.16
8.96
10.18
9.57
9.27
10.06
10.33
10.04
9.71
10.60
9.40
9.86
10.22
10.51
8.83
9.02
9.51
10.00
10.37
10.79
10.97
11.12
8.88
10.21
10.50
9.56
10.01
9.55
10.00
9.59
9.44
10.05
9.64
9.45
10.01
8.58
8.52
9.70
9.11
9.07
9.45
9.19
9.96
10.25
10.61
9.62
10.08
10.99
10.16
10.55
10.06
10.15
10.55
10.05
10.14
10.54
9.99
10.40
11.05
9.78
9.24
9.76
10.86
9.97
10.30
10.28
10.94
9.93
9.92
9.00
9.85
10.23
10.49
9.59
10.07
10.53
10.80
11.16
9.40
9.56
10.02
11.11
9.20
9.71
10.13
9.71
10.09
10.42
9.23
8.81
9.54
9.88
8.72
9.54
9.87
10.27
10.19
10.86
9.83
9.91
9.40
9.46
8.85
9.81
10.18
10.59
11.02
10.44
10.26
9.41
9.42
9.85
8.51
9.42
9.83
8.99
9.92
9.43
9.81
9.03
8.90
9.53
10.02
10.37
11.11
9.83
10.81
9.84
10.31
9.74
9.62
9.14
10.94
10.59
9.95
10.33
9.75
10.26
10.69
11.04
9.84
10.23
10.68
10.99
11.15
10.53
11.38
11.39
9.78
9.89
10.43
9.61
9.42
9.15
8.95
9.91
11.06
10.28
10.56
10.90
9.85
8.95
10.46
9.62
10.10
9.41
9.74
9.27
10.24
10.54
9.59
10.15
9.76
9.28
8.75
10.23
10.51
9.12
8.68
9.71
10.25
10.18
8.70
9.40
10.90
8.90
8.88
10.34
10.63
10.77
10.19
11.11
9.89
9.45
10.42
10.76
11.13
9.87
10.88
10.88
10.28
11.14
10.68
9.33
9.03
9.66
10.20
9.04
10.09
10.18
10.67
9.60
8.76
9.30
9.14
10.18
9.66
10.59
9.96
10.36
9.75
10.63
10.14
11.13
9.98
10.42
11.09
10.74
9.21
10.12
11.43
9.77
9.96
9.58
10.38
10.06
9.05
10.92
9.61
9.74
9.40
9.58
9.23
9.73
10.09
8.67
8.99
8.97
10.59
9.54
10.91
10.31
9.54
10.08
10.59
11.08
8.69
9.86
10.20
9.42
10.92
10.93
8.37
10.18
8.94
9.52
9.82
10.26
9.77
9.35
8.85
9.06
9.60
10.09
10.75
10.13
10.55
9.81
9.15
10.15
10.60
9.87
9.67
10.51
11.27
10.12
10.68
11.36
9.18
10.41
10.77
11.08
9.89
9.60
9.30
9.73
9.19
8.69
10.79
10.28
8.82
9.92
9.37
10.24
9.20
8.70
8.83
9.44
8.66
9.18
8.95
10.08
9.52
9.63
9.92
10.56
10.43
10.97
11.58
9.10
9.67
9.92
9.45
9.75
9.00
9.14
10.09
10.46
11.01
11.29
9.88
9.27
9.87
10.38
9.87
10.39
11.32
10.90
9.91
10.30
9.25
9.71
10.03
9.86
9.54
10.10
9.91
9.55
10.09
10.16
10.57
10.95
9.87
10.05
9.43
8.96
9.23
10.13
9.70
9.53
10.58
10.84
11.20
8.98
9.86
10.91
10.30
11.18
9.53
8.74
9.13
9.08
10.58
10.32
9.67
10.18
10.69
9.60
9.87
10.31
9.74
10.21
10.70
10.82
11.07
9.35
10.81
11.06
9.72
10.30
10.67
10.99
9.13
10.41
9.66
11.12
11.29
8.87
9.32
10.61
9.77
10.29
9.67
10.11
9.40
9.01
9.55
10.05
9.25
8.78
8.37
9.85
9.66
10.42
10.76
10.10
10.57
9.10
8.67
9.08
8.66
9.72
11.07
9.33
9.76
10.23
10.56
9.40
9.66
10.11
10.58
10.74
10.99
9.82
10.36
9.74
10.94
9.98
10.35
11.04
9.82
9.41
9.78
10.27
9.78
10.26
8.89
9.51
9.43
9.96
9.51
9.18
10.08
10.53
10.88
10.55
10.07
10.04
10.11
10.05
11.17
9.05
10.03
9.58
8.72
9.57
9.84
10.05
10.56
9.53
11.16
10.07
10.98
9.43
10.21
10.44
9.76
9.38
9.28
8.91
9.72
8.93
10.35
9.96
9.55
10.34
11.06
10.08
10.45
9.06
9.58
9.97
10.43
10.58
9.42
8.93
9.06
9.88
10.32
10.85
10.99
10.87
11.31
9.17
10.27
10.98
9.70
10.08
9.09
10.35
10.58
9.54
9.93
9.00
9.08
9.47
9.88
10.26
10.73
10.32
10.26
10.71
10.29
10.28
10.70
9.65
9.40
10.15
10.75
9.08
9.56
9.93
10.29
11.10
9.19
8.78
9.70
10.13
9.15
10.55
10.73
11.09
9.85
10.35
9.33
11.07
9.46
10.52
9.36
9.84
10.25
9.10
9.58
8.77
10.06
10.50
9.80
10.22
11.18
8.97
9.60
9.23
8.80
9.10
9.63
10.14
10.89
10.33
10.28
10.23
10.74
11.00
10.02
10.16
10.59
10.98
10.10
9.28
10.36
9.69
10.01
10.09
10.03
9.09
11.25
10.07
10.11
9.75
9.40
10.16
10.61
10.59
10.30
10.71
11.16
9.31
9.02
9.80
9.70
10.21
9.75
10.18
8.92
10.07
9.79
9.48
8.69
8.70
9.00
9.68
9.83
9.91
10.18
10.28
10.60
11.30
9.13
9.73
8.91
10.20
10.37
10.58
11.52
9.25
11.03
9.67
8.90
10.05
10.52
9.68
10.77
10.94
10.36
10.63
9.96
9.78
9.33
10.84
10.26
9.81
9.41
10.24
11.03
10.36
11.05
10.43
10.69
8.83
10.04
10.06
10.99
10.58
11.33
9.98
9.90
10.84
9.54
9.16
9.84
9.47
10.36
10.88
10.80
10.74
9.99
10.33
9.90
9.99
10.37
10.88
10.81
10.75
10.32
9.91
10.29
10.07
10.40
10.85
10.74
10.14
10.41
9.00
10.77
10.25
10.77
10.59
10.03
9.38
9.74
8.88
9.03
10.03
9.58
10.30
9.96
10.42
10.80
8.91
11.14
9.78
10.04
10.47
11.18
9.13
10.98
9.69
9.91
10.30
10.37
9.05
10.33
11.08
10.68
9.48
9.85
10.25
9.53
10.05
10.51
9.75
10.18
10.07
10.52
9.54
9.75
10.14
10.59
8.93
8.92
10.88
11.30
9.51
9.58
9.72
10.16
10.46
9.18
8.78
9.43
11.29
9.96
10.28
11.28
9.19
8.79
9.73
10.13
10.38
10.91
9.01
10.11
9.62
8.80
9.29
9.17
9.63
10.11
10.54
10.15
10.69
9.73
10.01
10.47
11.00
11.33
10.05
10.55
10.06
9.17
9.91
9.73
11.32
9.65
10.83
10.82
10.02
10.30
11.28
9.70
10.01
10.37
10.86
9.08
10.06
10.80
9.69
9.41
8.50
9.14
8.53
8.75
9.66
9.14
10.60
10.36
9.64
10.13
11.53
11.30
10.64
8.59
10.18
11.01
10.63
9.27
9.03
9.63
10.13
10.14
10.93
10.45
10.08
10.57
9.04
11.31
10.04
9.54
8.86
10.23
9.07
10.39
10.89
10.17
10.88
9.64
8.95
9.92
9.17
10.13
10.00
9.69
9.63
9.94
9.22
10.29
10.65
9.75
10.10
9.93
10.58
9.20
9.63
10.56
11.16
10.71
11.06
10.19
10.44
10.14
9.40
9.97
9.40
8.87
10.08
9.67
9.34
8.85
10.06
9.44
11.00
8.90
10.02
9.66
9.37
8.87
10.80
10.40
9.91
9.14
9.95
9.65
10.46
10.54
10.85
9.18
10.40
9.68
10.12
10.92
9.45
9.96
10.33
9.36
9.84
10.37
9.48
10.77
10.88
10.29
10.75
10.90
9.89
10.39
9.41
9.73
9.10
9.60
9.82
9.13
9.62
10.42
9.01
10.91
9.99
9.52
10.49
9.75
9.15
10.32
10.52
9.76
9.94
10.81
10.27
10.01
10.54
11.01
10.22
10.02
10.55
11.01
10.18
11.01
9.79
9.42
10.10
9.90
10.39
10.50
9.06
10.59
9.99
10.89
11.29
9.07
10.27
10.70
11.07
9.68
9.47
9.24
9.13
9.64
10.13
10.60
9.07
11.03
11.19
9.55
9.91
9.63
8.96
9.48
9.96
10.32
10.59
8.66
8.95
9.05
9.54
9.37
9.86
9.91
9.57
10.16
11.10
10.47
9.19
10.14
9.70
9.10
10.36
10.57
10.53
10.36
10.90
11.11
9.96
10.53
10.75
10.87
9.88
9.42
10.48
10.73
9.97
10.41
8.78
10.44
10.10
9.42
9.81
9.37
10.73
10.24
10.30
10.89
8.93
10.14
9.55
9.92
8.96
8.71
9.37
9.85
10.37
9.40
9.88
9.00
8.72
9.41
10.36
9.53
9.01
8.72
9.43
10.37
9.06
10.23
10.59
9.63
9.39
10.13
10.89
9.67
8.71
11.12
9.07
9.54
9.77
10.14
10.56
9.67
11.30
9.15
9.24
9.72
10.58
11.05
9.82
9.43
9.31
9.86
9.92
10.50
10.27
10.19
10.67
9.49
9.85
10.27
10.85
11.12
9.91
10.48
9.32
9.50
9.86
10.27
10.84
11.12
9.43
9.36
9.92
10.48
8.64
9.35
9.00
9.59
9.95
10.31
10.84
11.13
10.98
10.00
9.60
9.94
10.29
10.82
11.13
10.98
8.95
9.94
10.45
10.23
9.97
10.53
9.44
9.65
10.21
10.00
9.69
10.18
9.49
10.00
10.53
9.69
10.23
9.99
9.69
10.18
9.52
10.03
10.54
9.72
10.28
10.51
10.68
11.17
10.93
9.77
10.35
8.77
9.61
10.01
9.67
10.13
9.83
10.37
9.23
10.19
9.79
9.78
9.74
10.23
9.33
9.01
9.88
10.19
10.59
10.81
9.61
9.41
9.88
11.11
10.12
10.38
10.79
8.48
9.36
8.90
9.76
9.73
9.19
9.83
10.24
10.53
8.47
8.92
8.83
9.42
10.99
9.56
8.77
9.25
10.88
10.18
10.31
10.03
10.54
10.28
9.74
9.35
9.67
10.03
10.54
10.81
9.82
10.25
9.50
10.45
10.79
10.56
9.24
9.23
10.46
9.77
10.26
9.20
11.15
9.97
9.91
10.23
10.59
9.82
9.45
9.91
9.76
9.45
9.93
9.41
9.91
10.98
8.99
9.98
9.60
10.03
10.39
9.11
8.75
11.11
10.39
9.14
9.74
10.03
10.03
9.81
10.34
9.25
10.19
10.91
9.74
9.47
9.07
9.88
10.21
10.59
9.09
9.09
9.40
10.54
11.10
9.17
8.77
10.13
10.58
8.90
9.14
9.37
9.84
10.29
11.39
10.92
9.64
10.14
10.50
9.87
10.30
10.27
10.66
11.17
10.91
8.99
9.49
9.89
9.86
8.99
9.50
8.76
9.89
10.26
11.00
9.87
10.41
9.93
10.13
9.42
9.69
9.99
9.77
8.92
10.25
10.00
9.74
10.23
10.44
9.50
10.80
8.92
9.82
10.32
11.19
10.72
9.75
9.43
10.22
10.76
10.64
9.88
9.99
10.31
10.51
8.73
8.96
9.70
9.98
10.58
10.42
11.05
11.84
9.94
11.34
11.52
9.08
9.80
9.64
9.50
9.31
8.92
9.90
9.69
10.76
9.33
8.93
9.90
9.74
8.93
10.04
10.24
10.75
10.60
9.99
10.52
10.16
10.73
9.54
9.91
9.49
11.30
11.08
11.26
10.43
10.97
9.91
10.49
9.68
10.11
10.46
9.60
9.94
11.22
10.43
10.94
10.60
10.27
9.88
9.41
11.45
8.75
11.46
9.54
10.45
11.02
8.78
11.04
9.95
9.41
9.96
10.59
10.95
10.38
11.48
10.86
10.82
10.53
8.92
9.93
10.16
10.65
9.49
8.75
10.66
10.54
11.47
10.68
10.95
9.02
10.43
10.02
9.58
9.90
9.35
9.64
9.19
8.71
9.03
9.58
9.97
9.23
8.72
9.04
9.68
9.40
9.06
9.64
8.37
10.61
9.11
10.27
10.58
9.92
8.40
11.15
9.48
9.91
10.33
9.10
10.61
9.76
10.59
11.27
9.75
10.26
11.17
9.28
9.81
10.54
10.31
