9.13
10.83
10.00
9.96
10.01
9.56
9.71
9.91
10.34
9.86
10.34
10.79
9.14
10.33
11.02
9.65
10.09
8.97
9.87
9.11
9.09
9.55
9.42
8.77
9.09
9.56
9.64
9.80
10.06
10.21
10.60
8.82
11.26
9.89
9.44
9.51
9.97
8.86
9.43
9.94
10.41
9.52
10.00
10.36
9.46
9.74
10.14
10.59
9.65
9.44
10.13
9.99
9.22
9.19
9.70
10.12
11.04
11.03
10.45
11.18
11.33
9.90
9.48
9.95
9.86
10.24
10.19
10.57
9.97
9.43
10.60
10.59
9.67
9.19
10.06
10.50
8.56
8.79
10.62
11.13
9.23
9.71
11.00
9.78
9.29
10.39
11.14
8.92
10.22
9.92
9.53
9.48
9.96
10.47
9.44
9.97
8.92
8.65
10.36
9.80
10.18
9.14
9.57
9.84
10.34
10.81
11.03
9.91
9.41
10.19
10.57
9.74
11.32
9.37
9.94
9.28
8.62
10.79
9.08
10.27
11.01
10.54
9.16
10.18
9.69
9.54
9.35
9.76
10.16
10.57
9.18
9.67
11.10
10.12
10.47
10.36
9.23
10.64
11.25
9.97
9.80
9.03
9.74
9.42
8.65
10.89
9.08
9.99
10.15
10.40
9.62
9.91
11.04
9.76
10.82
9.06
10.17
10.20
9.77
10.06
10.39
10.82
10.92
10.22
9.78
10.06
10.38
10.81
10.91
9.41
9.86
9.32
8.94
9.66
10.10
9.25
8.83
10.19
9.68
10.77
8.86
10.89
9.90
9.43
10.26
10.58
9.72
9.30
8.53
9.10
8.72
9.27
9.76
11.22
10.71
8.95
9.95
10.59
8.78
9.74
10.13
10.68
9.28
9.49
9.87
9.22
8.94
9.70
10.24
10.81
11.19
8.75
9.48
10.12
10.62
10.27
10.75
11.14
10.07
11.09
10.48
9.84
10.28
9.37
10.26
9.13
10.98
9.71
8.92
9.88
9.53
10.05
10.10
10.60
10.49
11.08
10.75
10.50
11.06
11.45
11.17
9.81
10.13
11.45
10.57
11.45
9.40
9.11
8.75
10.26
9.65
9.92
8.93
8.53
9.37
9.03
9.57
8.32
8.72
9.64
9.17
9.12
9.67
10.93
8.29
9.51
9.93
10.43
10.33
9.55
10.00
10.52
10.94
11.20
9.52
9.96
10.48
9.60
10.02
10.51
10.92
11.20
9.38
9.85
10.43
10.31
9.64
11.20
9.43
8.93
8.40
8.86
8.41
10.58
11.62
9.85
9.65
11.03
9.10
10.10
10.53
10.98
9.63
10.30
9.69
9.35
10.94
10.01
10.40
9.15
11.06
9.40
9.83
9.85
8.88
9.47
9.03
8.72
9.88
10.23
9.86
9.41
9.15
10.28
10.85
9.03
9.63
8.78
9.24
10.09
10.57
9.18
10.16
10.19
9.71
9.31
10.64
10.92
9.72
10.10
10.63
10.67
11.31
10.91
10.42
10.09
9.67
9.92
9.40
8.98
9.78
9.92
9.41
8.99
10.24
9.82
10.52
9.27
9.60
8.81
8.99
9.24
9.97
10.16
9.78
8.97
9.95
9.42
9.82
10.97
9.78
9.25
10.24
10.42
9.24
9.28
9.38
9.72
8.98
8.50
8.74
10.15
11.02
10.90
10.57
9.39
9.85
10.33
8.54
10.30
9.74
9.45
9.76
10.98
10.16
8.92
10.12
9.93
9.50
10.85
10.16
10.63
10.60
8.86
10.19
10.04
11.07
9.10
10.49
10.05
9.66
10.96
10.48
11.52
11.05
9.01
11.32
10.40
10.77
10.25
9.77
9.29
8.91
9.08
9.75
10.12
10.63
9.91
10.35
9.21
9.60
11.54
9.93
9.18
9.61
10.98
9.62
9.97
11.07
11.00
10.09
10.54
9.93
11.06
10.99
10.09
10.55
9.88
10.39
11.08
8.88
10.14
9.47
10.00
8.73
9.58
10.82
9.85
10.25
10.72
11.07
10.77
10.58
9.16
10.69
10.14
9.76
10.50
9.97
9.53
8.98
11.02
11.39
10.63
10.48
11.20
11.03
11.37
9.74
10.06
10.47
10.59
9.01
10.27
9.80
11.30
9.85
9.40
9.77
9.19
9.28
9.58
9.87
10.30
9.50
8.67
9.21
9.08
10.99
9.97
10.49
10.26
9.66
9.51
10.99
9.35
9.14
9.70
10.17
9.84
9.47
9.15
10.68
10.85
10.35
10.37
9.35
9.83
9.93
9.11
10.84
9.68
10.31
10.51
11.03
11.03
10.80
10.29
11.00
10.03
9.96
9.73
9.85
10.16
10.13
10.37
10.59
9.85
9.38
11.48
9.69
10.21
9.06
9.40
10.14
9.83
9.83
9.49
8.72
8.66
9.81
9.38
9.87
10.84
9.81
9.83
9.41
9.91
10.30
10.44
9.41
9.02
8.86
9.48
9.28
9.76
9.16
8.89
9.59
10.12
10.92
9.52
10.58
8.94
10.83
11.23
9.92
9.57
9.43
10.13
11.05
10.81
10.26
11.05
10.82
10.18
10.34
9.10
8.72
9.01
9.89
9.39
10.33
10.59
11.01
11.24
9.61
10.10
9.50
10.56
10.80
11.09
9.33
9.82
10.40
9.71
9.47
10.90
9.90
10.32
10.95
9.66
9.41
10.09
9.10
10.15
10.49
9.62
9.75
10.15
8.99
9.57
10.05
10.10
9.57
9.43
9.92
10.42
10.72
8.75
9.15
9.58
10.08
10.57
8.74
9.44
9.19
9.85
10.34
10.15
9.10
9.68
11.06
9.46
10.45
11.26
9.31
10.72
10.95
9.80
10.35
9.70
9.42
8.55
9.03
10.87
9.99
9.50
9.96
8.89
10.43
9.44
9.88
10.38
11.13
8.88
8.90
9.42
9.67
10.16
10.53
10.88
9.83
9.11
10.10
10.58
9.41
9.72
11.13
9.32
9.42
9.80
10.23
10.50
8.72
9.19
8.60
9.76
10.60
9.16
9.20
11.01
9.65
9.88
10.08
9.52
10.10
9.93
10.50
10.50
10.13
9.78
10.23
10.16
10.24
9.83
9.89
9.46
9.33
8.44
9.89
8.53
9.05
8.69
9.79
9.39
10.31
10.80
10.94
9.40
10.28
9.96
8.16
8.46
8.53
9.06
8.75
9.79
9.40
9.40
9.98
8.54
9.06
8.76
9.77
9.40
9.45
9.99
8.55
9.40
9.68
10.21
9.18
8.91
9.48
9.86
10.13
10.64
10.85
10.06
10.59
9.91
11.13
9.40
8.56
9.03
10.40
10.10
8.92
9.60
9.47
9.85
10.23
10.51
9.71
9.26
8.93
10.23
9.20
11.06
9.71
10.11
9.05
9.75
10.80
10.18
10.21
10.85
9.92
9.42
10.34
10.87
10.58
9.40
8.95
8.59
9.73
10.13
8.93
9.52
8.62
9.48
9.11
9.02
10.05
10.58
9.02
9.00
8.99
8.98
9.46
11.17
9.68
10.11
9.82
9.61
10.54
11.21
9.19
11.08
9.15
10.08
10.53
9.68
10.51
9.63
11.17
10.28
10.94
9.49
9.82
10.38
9.94
10.06
9.55
9.04
9.40
10.96
10.58
8.45
9.13
11.31
10.83
9.51
10.00
10.27
10.91
9.68
9.80
10.58
10.23
10.43
10.66
11.16
10.97
10.36
10.67
10.57
9.10
11.58
10.73
11.18
10.13
9.56
9.69
10.65
9.63
9.12
8.59
8.84
10.14
11.58
10.68
11.15
10.12
9.56
10.66
8.58
11.54
9.65
9.14
8.86
10.12
11.09
10.62
11.09
9.77
10.29
9.66
9.14
8.86
10.13
11.08
10.62
11.08
9.79
10.30
9.17
8.84
10.98
10.57
11.07
10.60
11.45
10.56
11.02
11.86
11.41
10.85
9.84
10.35
9.43
8.44
10.83
9.88
10.37
8.95
10.01
9.39
9.81
10.17
10.62
9.56
10.01
8.93
10.22
10.64
9.12
9.84
9.72
10.23
10.99
10.59
9.08
9.41
10.24
11.24
8.81
10.09
10.89
10.60
9.89
9.92
9.49
9.02
8.72
8.65
8.84
9.93
11.15
9.86
9.27
9.39
10.36
9.34
8.97
8.69
10.34
10.59
10.93
10.01
8.94
11.07
9.53
9.55
10.08
9.55
11.06
11.24
10.47
10.74
9.15
8.78
9.39
9.92
10.45
8.78
9.49
11.16
10.35
10.56
11.22
11.14
10.71
8.86
10.87
10.29
10.40
11.17
10.68
10.95
10.00
10.18
10.52
10.24
9.81
9.67
9.18
10.83
10.51
9.88
10.11
10.59
9.20
9.85
9.21
9.21
9.40
11.14
9.76
10.55
10.10
11.23
8.85
11.05
9.43
10.34
8.77
10.32
10.48
11.19
10.75
10.99
8.99
10.01
10.41
9.46
8.91
8.99
9.99
11.08
9.98
9.47
8.91
8.98
10.00
10.08
9.57
9.51
8.92
8.99
10.05
10.92
10.53
10.00
10.51
11.32
10.87
10.35
9.14
10.10
9.70
9.89
9.49
9.99
10.48
9.22
9.17
10.17
9.70
9.38
9.11
10.06
10.58
11.17
9.78
10.26
10.51
10.07
9.78
9.53
9.81
8.87
9.47
8.57
8.99
8.96
9.44
9.92
10.15
10.66
8.98
9.32
9.68
10.20
10.98
9.53
9.02
10.44
9.55
10.06
9.44
10.27
10.60
9.75
10.27
9.43
10.53
10.01
10.74
11.20
10.75
10.76
11.21
11.55
11.17
8.87
9.26
9.71
9.59
10.17
10.51
10.15
9.98
10.40
10.59
10.34
9.82
9.70
10.19
10.73
9.90
10.32
10.73
9.77
9.97
9.42
11.03
8.54
9.25
9.06
10.14
10.54
10.77
11.05
11.35
9.25
10.26
9.74
9.60
10.17
10.95
10.35
10.91
9.12
10.10
9.69
8.96
10.81
10.21
10.12
10.24
9.78
10.57
9.72
11.11
9.92
9.20
9.40
9.71
10.15
10.75
11.30
11.10
9.34
9.86
10.28
9.66
10.11
10.54
8.85
9.36
9.85
9.79
8.87
9.47
11.01
8.92
8.54
9.93
10.41
9.00
11.27
10.87
9.59
10.13
10.18
10.50
10.67
10.07
9.91
10.59
11.51
9.45
9.42
11.00
9.02
8.56
8.42
10.42
10.23
11.20
9.40
10.48
10.48
9.20
8.70
8.54
9.20
8.72
8.55
9.71
10.20
8.51
8.81
9.46
8.88
9.79
10.25
10.27
10.98
10.72
9.86
9.93
9.47
9.41
9.77
10.25
11.02
8.87
9.48
8.82
9.18
10.38
8.99
10.04
10.59
9.81
10.33
9.80
8.85
8.98
9.41
9.27
10.16
10.58
11.10
9.83
10.30
9.79
9.41
10.14
10.58
9.83
10.30
9.79
9.41
10.14
10.56
8.84
8.98
9.28
9.58
8.85
9.82
10.21
11.20
9.76
11.19
9.39
9.87
10.22
10.44
9.75
10.21
9.33
11.02
11.35
11.52
10.37
10.19
10.71
10.93
11.30
11.49
10.44
9.21
10.99
9.75
10.01
9.94
10.40
10.44
10.90
9.89
10.39
9.03
10.13
9.41
9.69
11.07
10.39
8.72
9.64
9.29
8.52
10.59
11.45
9.76
10.28
9.70
9.38
8.93
10.20
10.73
11.06
9.98
10.07
10.58
9.23
10.11
9.73
11.26
10.19
9.42
10.15
10.25
10.69
10.84
8.41
10.12
10.84
8.94
10.59
9.89
9.32
9.83
9.97
9.52
8.83
10.23
9.95
9.48
8.77
11.05
9.62
9.84
10.36
10.42
9.69
8.95
9.41
10.02
10.96
10.29
10.77
11.08
9.80
9.70
8.96
9.43
10.94
10.26
10.75
11.07
9.79
10.37
8.96
9.66
9.41
9.67
9.32
8.99
11.05
10.52
8.76
10.03
10.56
10.08
11.34
10.27
11.13
11.62
11.32
9.96
9.43
10.59
10.05
10.05
8.92
10.42
10.05
9.53
9.56
8.76
9.24
9.07
10.11
9.70
9.31
10.16
9.08
10.99
10.76
10.62
9.67
10.10
10.72
10.57
10.58
10.67
9.16
10.99
11.35
10.26
9.71
8.99
10.21
10.42
10.75
9.86
9.17
9.40
10.08
10.66
10.18
10.08
9.82
9.28
10.58
9.33
8.64
9.04
11.59
9.53
8.64
9.03
8.91
11.01
9.63
9.43
9.96
10.05
10.53
11.00
11.12
11.08
9.61
8.69
9.19
8.92
10.57
10.12
10.60
10.06
9.51
9.64
9.96
11.03
11.11
11.04
11.13
10.57
11.12
9.61
8.70
9.22
8.99
9.67
8.72
10.97
9.94
10.96
10.50
11.02
10.10
9.88
10.39
10.22
10.95
9.92
9.15
9.67
9.86
10.21
10.60
10.76
10.23
9.98
10.45
10.90
11.32
10.62
10.04
9.06
10.09
9.72
9.41
9.11
9.25
9.66
11.24
8.40
9.40
8.90
10.82
9.39
9.73
10.26
8.45
8.80
9.54
9.00
9.10
11.01
10.43
9.98
10.24
8.45
9.67
11.00
8.82
9.58
9.04
9.99
10.10
9.73
10.16
8.98
9.90
9.46
10.80
10.46
10.60
9.77
10.17
9.64
8.99
11.09
10.48
10.29
10.44
10.07
9.81
9.40
10.41
10.68
11.14
10.92
10.89
10.32
10.01
10.58
10.73
10.00
10.58
10.73
10.14
10.11
9.12
9.58
9.58
10.85
9.67
9.88
10.35
10.62
9.76
10.24
9.09
10.58
11.11
10.11
10.54
9.90
9.41
10.92
11.06
10.05
10.50
8.85
10.79
9.82
9.44
9.93
11.02
9.72
10.20
10.51
9.38
9.95
10.44
9.71
10.16
11.20
9.40
9.95
10.45
10.66
10.97
9.78
10.33
10.46
9.54
9.00
10.92
9.53
9.53
9.98
10.23
10.41
9.55
10.03
9.27
9.76
10.23
10.41
8.79
9.29
9.07
9.75
9.89
10.36
10.41
9.13
10.69
9.76
9.88
10.32
9.53
9.52
10.02
10.47
10.68
9.84
10.31
9.53
10.43
11.07
10.59
11.48
9.40
9.73
9.54
9.25
8.81
8.52
9.64
9.12
10.85
10.12
10.56
9.70
9.74
10.26
8.87
9.68
9.43
10.82
9.82
10.27
11.17
10.73
9.85
9.75
10.27
9.92
9.04
9.40
9.69
10.14
8.77
9.74
10.24
11.08
11.08
10.65
10.10
9.83
9.42
10.45
10.45
8.80
9.38
9.44
10.18
9.02
8.62
9.43
9.96
9.06
8.63
9.43
10.88
8.66
10.10
10.17
10.59
9.68
9.15
9.69
9.64
10.08
9.15
9.70
9.19
10.11
10.38
10.79
9.65
10.12
10.67
10.01
9.19
9.69
11.13
9.92
10.42
10.86
9.81
10.33
11.01
9.44
9.96
9.54
9.42
9.15
8.76
8.31
8.57
9.63
10.09
9.83
9.31
8.31
10.75
9.63
10.07
10.21
8.97
9.40
10.97
10.59
9.78
11.28
10.85
10.24
10.78
10.63
11.07
11.50
11.26
8.87
10.23
9.88
9.46
9.01
9.41
9.81
9.83
10.31
10.14
10.59
9.75
9.36
8.98
11.08
8.89
9.70
10.06
10.55
9.05
8.59
8.90
9.42
9.43
9.46
9.73
9.75
9.47
10.24
10.08
10.23
9.81
10.46
10.97
10.01
9.89
10.34
9.03
10.23
11.15
10.84
9.97
9.55
8.88
9.88
9.14
9.96
10.35
9.11
11.51
9.39
9.83
9.10
10.27
10.30
9.64
9.96
10.95
10.22
10.32
9.07
10.36
10.59
9.97
9.41
9.86
9.82
9.44
10.29
11.28
10.80
8.84
9.80
10.31
10.26
9.97
10.29
10.68
10.96
9.73
9.52
10.21
9.82
10.32
10.68
10.95
9.53
8.94
8.43
8.62
9.23
8.93
10.16
9.62
9.70
10.59
9.02
10.12
9.84
9.56
11.20
9.66
8.80
9.59
9.91
10.02
10.56
11.31
10.09
10.98
9.74
10.10
10.37
9.41
10.38
9.11
8.61
8.62
9.16
9.70
9.76
9.19
11.08
8.38
9.74
10.80
9.99
10.30
9.06
8.72
9.60
9.77
10.96
8.52
9.81
10.15
10.03
9.86
10.23
11.06
10.54
10.19
9.86
10.23
11.06
10.78
10.55
10.59
10.18
10.76
9.87
9.63
9.37
8.92
9.73
10.19
11.05
11.42
10.50
11.18
9.14
9.04
10.11
9.62
10.55
11.38
11.08
10.80
9.81
10.35
10.55
9.94
11.28
9.19
9.72
9.38
9.95
9.74
10.27
10.71
10.59
10.13
11.12
10.67
11.77
10.34
11.44
10.70
11.16
10.34
9.88
8.96
9.43
11.44
11.00
10.02
10.42
10.87
11.43
11.16
11.64
8.65
10.35
9.78
10.03
9.88
10.59
9.67
10.47
9.15
10.62
11.14
11.19
10.85
10.42
9.88
9.25
11.17
9.87
9.58
9.62
10.18
9.87
9.62
10.17
9.86
8.94
10.19
9.68
10.48
9.52
10.04
9.62
11.08
9.99
10.48
8.78
9.59
11.24
10.01
9.57
8.32
8.73
8.51
9.78
9.26
8.93
9.68
9.78
9.27
8.94
10.90
10.15
10.34
9.81
10.23
10.04
9.61
9.04
10.60
11.04
9.88
10.31
9.06
11.04
10.60
9.84
9.41
10.00
10.30
11.30
10.36
9.77
9.30
10.76
10.32
9.13
8.59
8.75
10.03
10.91
9.50
10.58
11.41
11.27
9.01
9.61
9.22
9.65
8.80
9.09
10.59
10.14
9.01
9.54
8.79
9.08
9.10
9.66
9.94
9.93
10.75
10.30
9.11
9.64
10.08
10.27
10.08
10.19
10.74
9.79
9.73
10.09
10.22
9.78
10.23
10.68
10.92
9.73
10.11
10.60
9.40
9.86
11.35
9.54
9.42
10.01
8.53
9.02
9.47
9.90
10.35
9.05
10.10
9.65
8.98
10.07
10.57
9.82
10.55
10.26
11.19
9.95
9.83
9.46
8.78
9.68
10.29
10.55
8.82
9.43
10.72
8.83
10.77
11.04
9.41
9.84
10.34
9.22
8.91
9.71
8.99
11.07
10.50
9.58
9.87
10.06
10.54
9.64
10.96
11.24
9.08
10.59
10.00
10.34
9.55
10.01
10.47
11.02
10.40
10.50
10.86
11.09
10.39
10.52
9.88
10.12
9.40
9.82
9.39
9.58
8.51
10.97
10.36
10.83
11.23
8.97
10.87
9.93
10.39
9.63
9.13
9.75
9.13
9.64
9.88
9.14
10.59
10.25
11.02
9.41
9.82
10.12
10.05
10.57
10.60
10.01
10.59
9.60
8.91
11.34
10.86
9.87
10.30
10.91
9.69
9.43
10.00
10.42
10.02
10.52
11.06
10.92
8.72
9.51
9.86
10.12
9.50
9.95
9.96
10.53
9.10
9.50
9.95
9.71
9.02
8.87
11.06
9.89
9.92
10.46
11.21
10.43
10.68
10.91
9.85
10.36
9.41
8.47
10.27
10.89
9.87
9.45
10.38
9.94
9.54
9.24
8.79
9.96
9.59
9.96
9.57
9.27
8.82
9.07
10.02
9.68
9.97
8.88
11.00
10.59
10.11
10.39
9.89
10.39
10.62
11.11
10.90
11.30
10.30
9.62
10.78
11.50
10.56
11.03
11.12
9.95
10.01
9.71
9.18
10.51
11.00
11.10
9.96
9.39
10.54
9.81
8.86
9.46
10.86
10.99
8.54
9.99
9.77
10.19
10.40
10.82
10.98
10.00
10.39
10.20
9.64
9.36
8.91
9.66
9.17
9.86
10.28
9.19
10.57
9.95
10.08
9.42
8.95
11.08
10.03
9.56
9.72
8.75
9.97
10.29
10.51
9.96
9.94
11.16
9.95
9.80
9.21
9.03
9.64
9.40
9.40
9.97
9.66
9.13
10.22
9.39
8.48
8.84
9.90
9.64
10.13
9.39
9.13
8.76
10.40
9.93
9.69
10.19
10.41
8.84
10.58
11.30
9.48
10.81
9.86
10.20
9.77
9.70
9.43
10.22
9.45
8.40
8.90
9.79
10.17
10.60
10.79
9.29
9.45
8.41
8.92
9.86
9.30
9.45
8.42
8.92
9.86
8.72
9.72
9.28
10.26
9.47
8.42
8.73
8.95
9.75
10.11
10.55
10.78
10.07
9.47
10.01
9.52
8.83
9.01
10.02
9.51
10.08
10.58
9.54
8.85
9.02
10.00
10.41
10.14
9.59
8.87
9.04
9.68
11.10
8.91
9.08
10.27
10.50
9.50
9.89
8.90
9.11
9.53
9.96
10.39
11.18
9.84
10.20
9.41
10.37
9.14
8.65
8.66
9.77
9.23
10.60
9.47
8.97
8.49
8.68
9.57
9.91
10.31
10.92
11.39
9.87
10.37
9.60
9.06
9.96
11.10
10.33
10.67
11.35
9.88
10.27
9.98
11.08
11.34
10.31
11.58
10.63
10.20
9.98
11.06
11.33
10.29
11.58
10.61
10.12
10.63
9.90
9.41
10.98
11.21
10.58
9.58
10.85
11.20
9.81
9.91
10.23
10.68
10.96
10.31
8.88
11.16
9.44
9.71
10.23
9.69
10.15
10.58
10.87
9.95
10.25
9.67
10.11
10.55
10.86
9.51
9.97
9.65
9.49
8.78
10.06
10.57
11.32
9.98
9.67
11.02
10.11
10.40
8.96
10.33
11.11
9.79
10.10
9.69
9.72
8.88
9.26
9.13
10.22
9.95
9.69
8.88
9.25
9.16
10.19
9.96
9.64
9.21
9.43
10.12
10.58
10.35
9.43
11.27
11.46
9.68
10.60
9.81
10.21
8.64
10.63
10.23
10.80
10.71
11.20
11.62
11.15
10.14
9.80
9.34
8.88
10.20
10.91
9.98
9.41
10.00
8.66
9.74
9.84
10.13
9.40
10.60
10.00
8.76
9.76
10.28
11.23
9.94
10.59
11.32
9.22
9.40
9.19
9.78
11.10
9.72
9.30
9.71
10.46
10.11
9.20
8.74
9.65
11.14
8.89
9.49
9.94
9.30
8.79
8.87
8.93
9.84
10.55
10.98
10.21
9.38
9.86
10.81
9.36
9.83
10.25
9.22
10.59
9.71
10.17
9.31
9.88
9.32
9.79
10.59
9.36
10.22
9.77
9.25
9.31
9.78
10.28
10.14
9.32
9.41
9.91
11.02
11.02
9.43
10.48
9.35
9.81
10.20
8.87
9.40
9.92
10.39
11.22
10.71
10.95
9.42
9.92
10.35
8.90
10.84
10.02
10.27
11.14
9.41
9.14
10.58
10.32
9.69
9.07
8.80
10.04
11.03
10.47
10.21
10.34
9.82
10.75
10.95
9.89
10.41
9.33
9.43
9.97
9.69
9.59
10.15
9.96
10.10
9.02
9.62
9.64
9.08
9.97
10.91
10.48
10.29
9.15
10.95
11.23
9.70
9.89
10.35
11.18
10.58
11.54
10.00
10.46
10.06
10.98
10.38
10.95
11.28
9.97
9.40
10.92
9.09
8.70
10.01
9.54
8.68
10.49
9.92
9.84
9.89
9.82
10.95
9.97
10.35
11.16
10.33
9.91
10.03
10.30
9.40
9.78
8.90
10.13
9.54
9.85
9.26
8.72
8.40
8.73
9.20
9.69
10.09
9.40
9.88
8.69
8.38
8.77
9.15
9.64
9.54
8.68
8.37
8.78
9.13
9.62
10.34
10.60
10.13
10.56
9.04
10.28
10.14
11.24
10.54
9.65
10.13
8.84
9.21
9.82
9.89
10.31
10.51
9.59
10.09
10.55
11.13
10.85
9.90
10.37
9.42
9.00
9.50
9.01
8.55
8.50
11.11
9.65
8.57
8.51
9.04
9.55
10.02
10.39
10.55
11.36
9.68
9.04
9.17
10.18
10.47
10.55
10.93
10.78
9.81
10.36
9.38
10.22
9.94
9.41
8.71
10.84
9.99
10.26
11.12
10.32
9.94
9.54
10.02
10.19
10.58
10.41
9.47
9.98
10.47
10.90
10.17
9.51
10.03
10.53
10.82
11.65
10.69
11.17
11.24
9.94
10.39
9.63
10.16
10.07
10.54
9.75
10.64
9.94
10.35
9.40
8.88
9.49
9.47
9.18
9.94
10.83
8.98
8.67
9.48
9.71
10.26
10.99
9.21
10.56
9.73
10.08
10.59
10.40
11.09
9.92
9.23
9.58
9.41
9.45
8.39
11.08
9.61
11.08
9.77
10.30
9.59
10.14
10.62
10.86
11.32
11.06
9.74
10.24
10.47
10.47
11.30
9.68
9.64
8.82
10.32
11.07
9.87
9.40
8.87
9.28
10.60
8.79
8.78
11.46
10.96
10.38
10.37
10.75
10.87
9.88
10.36
9.40
9.59
10.04
9.02
9.48
10.01
9.70
9.04
9.48
9.99
10.09
9.40
9.93
10.83
9.93
10.36
8.69
10.59
9.58
11.31
10.84
9.88
10.33
10.96
9.07
9.68
9.70
9.74
9.28
10.15
9.03
9.17
10.15
10.00
9.54
9.07
10.34
10.77
10.68
9.78
10.15
10.33
10.57
9.11
10.08
9.58
9.79
9.49
9.83
8.96
10.31
9.13
10.69
10.48
11.24
10.75
10.89
9.90
10.32
9.42
9.85
9.32
9.77
8.92
8.54
9.21
8.75
9.91
9.32
8.72
9.82
10.37
10.13
11.00
10.59
10.08
9.90
10.57
9.64
9.16
9.40
11.29
11.30
8.49
9.02
10.24
10.00
9.80
9.31
8.78
9.03
10.22
9.64
10.09
8.82
10.24
10.93
10.60
10.88
11.18
10.43
9.15
10.42
10.26
9.72
9.02
11.13
9.88
10.10
10.44
11.18
10.47
10.09
9.99
9.41
10.88
9.94
10.32
8.91
9.76
9.53
10.98
9.55
9.62
8.86
10.07
10.01
10.59
10.11
9.75
11.12
10.53
10.13
10.64
9.75
10.29
11.22
10.86
11.45
10.11
10.48
9.86
9.93
10.42
9.48
8.95
9.24
10.01
10.52
11.14
10.80
9.85
9.40
10.39
9.50
8.57
8.93
10.03
10.52
11.15
10.75
10.85
9.80
10.27
8.84
9.45
9.56
10.12
11.15
11.15
10.32
8.66
10.35
10.59
10.70
11.27
11.16
11.49
10.60
10.71
9.14
10.03
10.44
9.72
9.15
11.15
10.76
11.11
11.45
10.06
9.22
10.82
10.82
9.21
9.58
10.03
10.48
9.20
9.14
9.70
10.26
10.18
10.98
11.14
10.43
9.97
10.44
10.94
10.96
11.13
9.24
9.84
9.81
10.29
10.59
9.53
9.37
9.00
9.88
9.01
9.40
11.06
8.60
9.03
9.56
9.34
9.14
9.65
10.11
10.35
10.80
10.05
10.55
9.15
9.66
9.94
9.41
9.89
10.97
9.66
10.15
10.48
11.17
8.95
9.35
9.88
10.36
9.22
10.65
10.90
9.80
10.33
8.97
10.35
9.51
9.41
9.93
10.02
10.82
9.12
8.85
9.55
9.70
9.11
8.84
9.53
10.02
10.85
9.75
9.12
8.86
9.65
10.00
10.20
8.73
9.77
10.16
10.31
10.44
11.03
10.58
11.42
10.65
10.96
9.80
10.32
9.03
10.44
10.90
9.56
9.88
10.39
10.00
10.41
10.78
11.01
9.41
10.81
9.50
10.00
10.42
9.56
10.08
9.77
10.28
9.70
9.35
10.21
9.08
8.61
8.85
9.41
9.86
10.25
10.65
11.02
9.48
9.70
10.19
8.64
9.41
9.83
10.18
10.59
11.01
9.66
10.14
11.00
9.80
10.60
9.47
10.81
11.25
11.24
9.96
10.27
9.02
9.46
9.78
10.27
10.06
9.48
9.79
10.28
10.53
9.58
10.11
10.31
10.57
11.21
11.69
11.45
9.56
9.71
10.21
9.38
9.13
8.83
9.92
10.39
10.77
9.09
10.71
10.30
11.19
11.68
11.42
10.72
10.70
11.20
11.68
11.41
9.71
9.19
8.84
11.00
9.22
10.46
10.96
11.24
9.75
10.22
9.97
10.36
9.54
9.83
10.28
10.81
10.95
9.40
9.87
10.15
9.50
9.44
9.35
9.91
9.16
8.71
9.02
9.61
8.71
10.56
9.64
10.12
9.29
9.81
10.26
10.50
9.17
11.03
9.66
10.06
10.18
9.13
9.69
9.27
10.20
10.40
10.61
11.15
10.10
10.07
9.47
9.96
9.90
8.98
9.40
10.16
8.63
10.92
10.42
10.07
9.18
10.30
10.59
10.17
10.76
9.83
9.79
9.76
9.77
10.26
9.72
9.34
8.99
10.17
10.72
9.73
10.21
9.74
9.37
9.00
9.70
9.72
9.35
8.99
10.60
10.08
9.84
9.05
10.45
9.42
9.78
9.98
9.35
10.09
9.55
9.04
8.60
8.82
9.95
9.42
8.64
10.84
10.04
9.23
9.05
9.61
10.13
10.64
10.57
11.00
11.42
10.60
10.96
11.39
10.58
10.10
9.21
11.34
9.79
9.81
10.30
10.49
10.96
8.88
10.30
9.80
10.17
10.67
9.81
9.30
9.33
10.10
10.45
10.94
11.24
11.44
9.88
10.00
10.55
9.82
9.33
10.41
10.89
11.18
11.42
9.41
8.49
9.02
10.10
9.61
8.82
10.29
10.15
10.72
11.09
9.41
9.80
9.62
9.18
10.13
10.04
10.55
9.62
9.18
11.42
10.85
10.27
10.67
11.13
9.84
10.35
10.61
10.13
10.60
10.34
9.40
10.43
10.39
10.81
11.14
11.25
10.90
9.07
8.66
10.45
10.04
9.49
8.94
9.09
9.97
10.03
9.56
8.64
11.23
9.94
9.22
10.16
10.45
10.87
9.79
10.08
10.58
9.95
9.14
9.41
11.06
9.17
8.78
10.13
10.59
10.03
9.51
9.93
10.00
11.19
9.88
9.99
9.55
9.13
9.96
10.94
8.64
10.28
10.34
9.23
9.76
9.97
9.92
9.55
9.10
8.55
8.67
10.64
10.97
10.32
10.85
9.76
10.24
9.06
10.16
9.77
9.30
8.83
9.07
10.48
10.91
10.25
9.66
10.19
10.25
10.92
10.60
10.27
9.20
10.44
11.06
10.02
9.74
9.98
10.43
9.88
10.43
10.39
10.47
9.11
10.43
11.19
10.73
9.94
9.41
10.23
10.82
10.76
10.29
11.26
8.91
10.04
10.60
9.81
9.50
10.55
10.16
11.48
10.17
10.64
11.11
11.49
10.93
8.81
10.32
9.96
10.20
10.96
9.17
9.77
9.34
8.95
10.05
10.55
11.01
11.36
10.14
9.86
10.64
9.95
10.47
10.95
11.36
9.05
11.06
9.56
9.92
10.47
11.37
11.37
9.41
9.72
9.64
9.07
9.80
9.23
10.12
9.63
9.07
8.43
8.79
9.07
8.75
9.56
10.05
9.17
8.81
9.62
9.82
9.40
9.62
8.50
10.18
9.07
10.49
10.98
9.62
10.14
10.94
9.76
10.16
9.56
9.07
10.04
10.99
10.41
10.82
10.58
10.10
10.80
11.18
11.34
9.71
10.28
10.56
11.27
9.16
9.40
9.17
8.80
9.69
10.24
9.13
8.86
9.45
10.96
9.02
8.57
9.92
10.40
9.98
11.09
10.08
10.53
9.56
9.07
8.96
10.90
9.52
9.91
9.72
9.24
8.96
10.17
10.90
10.52
10.38
11.04
10.56
10.20
9.91
10.74
9.19
10.30
9.73
10.11
9.25
10.10
9.40
8.48
8.90
8.90
9.88
9.46
9.85
10.15
10.94
9.55
9.94
10.36
10.59
10.97
9.06
9.01
9.53
10.04
10.46
11.00
11.30
9.06
9.94
10.17
10.97
9.66
9.99
9.19
10.17
10.35
10.59
9.72
10.24
10.76
10.73
11.12
9.97
10.42
10.58
9.25
9.73
10.31
10.84
9.21
10.90
11.09
9.72
10.17
10.58
9.22
9.19
9.30
9.76
10.11
9.19
9.30
9.77
10.04
9.65
11.04
10.52
9.25
10.07
10.53
10.60
10.99
11.33
10.15
10.12
9.43
9.27
9.82
9.75
9.25
10.21
9.34
9.94
8.84
9.80
9.27
10.23
8.81
8.81
10.93
9.93
9.44
10.12
10.36
10.13
10.38
10.15
9.70
9.26
9.57
10.00
10.13
10.42
9.59
9.41
10.10
10.68
10.26
9.38
9.04
8.86
9.92
10.42
10.68
10.15
9.41
9.06
9.93
10.42
10.66
9.68
10.10
10.59
11.52
11.01
10.42
10.92
11.16
8.88
9.79
10.23
9.23
9.75
10.27
9.95
9.44
10.85
10.20
10.26
11.12
8.96
10.68
9.93
8.81
9.27
8.97
9.57
8.80
9.81
10.11
9.83
10.33
10.59
10.00
10.56
9.83
10.19
10.67
11.20
11.16
9.53
11.18
10.50
9.20
9.69
10.12
9.00
9.96
10.42
10.02
9.93
9.59
10.37
10.55
9.17
9.02
9.80
9.56
10.20
10.65
10.34
10.19
10.63
10.37
10.19
10.59
10.15
9.89
9.40
8.76
9.27
10.87
10.28
11.05
11.24
9.57
9.46
9.91
8.79
9.81
9.67
10.31
9.34
10.10
10.56
9.77
9.59
9.32
10.12
9.24
11.05
9.79
10.15
10.53
11.20
9.42
9.02
8.55
8.88
10.67
9.83
9.44
10.28
10.84
10.53
10.62
10.86
9.98
10.35
10.54
8.97
9.55
10.82
9.57
9.03
8.71
9.86
9.44
10.31
9.07
8.71
9.49
10.93
9.74
8.77
9.25
9.60
9.40
9.87
10.14
8.46
10.59
9.01
9.52
9.73
10.62
11.20
9.37
8.92
9.90
9.37
8.92
9.06
9.88
9.62
10.10
10.49
10.09
8.91
10.42
10.56
9.92
9.40
9.79
10.13
10.66
10.96
11.08
10.03
10.52
9.84
10.00
9.41
9.84
10.81
10.27
10.21
8.82
10.82
11.19
9.90
9.40
9.43
9.74
10.08
10.58
9.95
11.00
9.55
8.98
9.99
10.47
10.43
10.41
9.50
9.43
10.01
11.13
9.61
10.02
10.44
9.53
10.01
11.14
9.19
8.82
9.67
10.04
10.45
9.03
9.55
10.02
8.85
8.85
10.49
10.87
10.27
10.96
10.04
9.98
9.84
8.96
9.41
9.97
10.13
10.24
9.85
10.38
10.80
10.08
9.86
10.39
10.80
10.04
10.56
8.71
9.82
9.36
8.98
8.51
8.72
11.12
9.98
10.52
11.24
9.92
10.28
9.15
9.41
10.57
9.88
9.41
8.67
9.86
10.31
10.01
9.88
9.39
9.08
8.59
8.77
9.54
10.94
10.06
10.03
10.56
10.79
10.63
11.14
11.49
10.61
11.16
9.72
10.17
11.00
11.51
11.22
10.58
10.48
10.41
10.91
11.09
10.50
10.09
9.51
9.96
10.14
9.52
9.95
9.95
9.40
10.98
10.99
10.06
10.47
11.20
10.49
8.77
9.91
9.41
8.66
10.86
9.64
10.85
9.26
8.92
9.68
10.25
11.02
10.19
8.96
9.97
9.53
9.42
9.61
9.13
8.68
8.84
10.11
9.57
10.02
9.06
8.61
9.35
8.90
9.78
10.08
9.39
8.93
9.89
10.58
9.91
9.46
8.98
9.91
9.90
10.29
10.41
10.94
8.98
8.98
10.68
10.12
9.43
10.57
9.12
8.66
11.37
9.71
9.17
10.17
8.47
8.99
8.66
9.41
9.60
9.82
10.10
10.45
8.92
9.79
9.54
10.18
9.56
11.14
8.77
9.75
9.22
9.15
9.73
10.59
9.87
10.42
11.28
10.11
10.68
11.27
11.17
11.43
8.98
10.67
10.64
9.95
9.68
9.40
10.18
11.17
10.65
11.13
11.40
10.52
10.22
11.01
10.79
9.14
9.95
10.30
9.60
9.83
10.58
10.93
9.81
9.54
10.14
10.91
9.93
10.36
10.58
10.65
11.12
11.57
10.24
10.80
11.55
10.73
11.13
11.10
10.53
10.65
11.08
11.09
10.53
9.96
11.02
9.40
9.64
9.09
10.09
11.04
9.10
8.93
8.55
9.57
10.03
10.01
10.45
10.48
8.83
9.17
10.12
10.60
9.65
8.84
10.84
11.08
10.32
10.14
9.73
10.32
10.75
9.72
9.47
10.23
9.28
9.76
10.31
10.76
8.65
9.68
10.21
9.28
9.76
10.29
10.75
9.15
8.95
9.54
10.06
11.02
11.03
10.47
9.82
10.26
10.61
9.16
9.58
9.78
9.03
8.91
10.78
9.42
10.27
10.83
9.95
9.56
9.43
8.57
8.50
9.60
9.08
9.08
9.56
10.05
9.08
9.09
9.57
10.05
9.67
10.05
10.57
9.12
10.09
10.55
11.06
9.73
10.27
10.78
11.31
11.77
11.60
11.04
10.00
11.25
9.70
10.48
9.77
10.19
10.64
10.58
11.03
11.21
9.21
10.01
9.91
9.22
9.71
9.25
9.41
9.82
10.78
10.71
11.04
9.21
9.70
10.20
8.86
9.82
10.28
9.15
11.08
11.08
9.45
10.61
9.31
9.86
9.22
8.95
10.14
9.61
10.24
8.95
9.92
10.77
9.52
10.76
9.12
8.68
10.19
9.05
10.55
10.98
9.61
10.11
9.57
10.60
10.87
11.28
9.95
10.39
11.06
11.28
10.31
9.86
9.04
10.33
10.70
11.05
9.66
9.24
8.84
9.16
10.14
9.63
9.82
10.25
10.59
9.60
10.48
11.07
10.54
10.03
10.43
9.65
10.11
10.62
9.14
11.34
10.90
10.11
10.46
9.16
9.72
9.71
10.16
9.28
9.75
9.07
10.22
9.66
10.15
9.29
9.76
9.07
10.55
10.22
10.72
9.78
10.24
9.88
9.43
9.96
8.83
9.45
9.12
8.93
9.58
9.89
9.75
10.38
10.59
9.50
10.03
11.30
10.92
11.47
9.79
10.29
10.71
11.47
11.74
9.24
9.54
10.05
10.57
10.91
10.40
11.24
11.45
10.20
9.03
10.11
9.62
9.54
10.22
10.97
9.08
10.42
10.11
9.68
8.97
8.79
10.13
10.60
11.20
10.51
10.06
9.60
10.10
10.58
9.84
10.09
10.37
9.16
8.88
9.67
10.25
9.56
10.09
10.56
11.44
10.34
9.61
10.12
10.60
9.42
9.87
10.42
11.09
10.61
9.48
10.62
11.05
10.81
9.43
9.96
10.44
9.16
8.77
10.08
9.02
9.63
11.00
9.28
8.82
9.73
10.20
10.45
9.92
9.37
9.42
9.19
9.82
10.30
9.68
10.15
10.36
11.17
10.37
10.57
10.26
9.84
9.10
9.40
9.66
9.23
8.74
9.76
10.81
10.81
9.18
8.77
10.11
9.25
9.71
10.27
8.80
8.44
9.34
8.47
11.02
9.44
9.95
8.79
9.26
9.57
9.14
8.79
9.23
8.35
8.60
10.03
10.59
10.35
9.17
9.66
10.12
10.56
11.05
11.30
10.86
10.05
10.30
10.72
11.49
10.26
10.36
9.89
10.00
9.40
9.92
11.01
8.84
10.20
10.54
9.71
9.51
9.17
8.67
8.83
11.00
11.33
10.09
9.47
10.02
8.72
9.52
10.85
9.94
10.33
9.22
8.76
8.88
8.97
9.79
9.56
9.56
9.24
8.77
9.78
9.51
9.23
8.77
8.92
9.78
9.07
9.69
9.77
9.21
9.11
9.72
10.22
10.67
9.75
10.17
10.12
11.06
10.62
9.10
10.02
10.59
11.40
10.00
10.83
10.31
9.77
9.98
11.00
9.44
10.13
8.82
10.23
10.81
9.91
9.40
10.15
9.98
10.45
10.78
10.05
9.90
10.56
9.40
9.90
9.47
9.88
9.23
8.75
8.89
9.46
9.99
8.75
11.16
10.06
10.55
11.28
9.85
10.06
10.60
9.45
9.95
10.42
11.23
10.79
11.04
9.05
10.05
10.54
8.89
9.03
10.36
9.46
10.01
9.82
8.70
9.25
8.87
9.00
10.36
11.17
10.03
9.43
9.82
8.70
9.26
8.87
10.36
9.92
9.46
9.45
10.00
9.83
8.69
9.27
8.87
10.38
10.99
9.53
9.97
9.35
8.89
9.56
9.90
10.43
10.45
9.12
10.19
8.69
9.67
8.90
9.05
10.73
9.94
10.47
9.13
10.19
8.70
9.67
8.92
9.07
11.02
10.73
9.67
10.94
9.82
10.34
9.68
8.97
11.02
10.62
9.86
9.17
9.40
10.07
9.72
9.17
9.40
8.87
8.54
9.95
10.91
10.39
10.15
9.78
9.20
10.91
9.86
10.59
10.27
10.81
10.23
10.60
9.49
10.04
9.62
8.65
10.53
9.34
11.43
10.12
9.85
10.47
9.55
10.10
11.01
10.51
10.85
10.20
9.55
10.10
11.00
10.48
10.82
10.10
10.60
10.62
10.28
9.90
9.76
9.21
9.37
10.82
11.23
10.07
10.54
9.23
9.22
10.29
10.19
10.57
11.48
10.35
9.94
9.82
10.16
9.49
8.96
9.41
10.90
11.19
10.01
9.88
10.30
10.59
9.49
9.65
10.24
10.75
9.85
10.05
10.26
9.69
10.25
10.70
9.40
9.63
10.15
9.35
9.15
9.94
10.26
10.70
9.16
8.78
11.02
9.62
10.09
9.19
10.58
9.73
10.20
9.82
9.64
9.44
10.10
9.80
9.63
10.97
10.06
10.33
10.55
9.42
11.03
8.88
9.57
9.46
9.24
9.76
8.65
9.10
8.97
9.52
10.76
10.77
9.27
9.03
9.72
9.65
10.22
11.01
11.01
10.19
9.05
10.45
10.13
9.49
9.63
8.89
8.91
9.79
9.32
9.14
9.68
9.09
9.80
9.32
9.19
10.15
9.74
9.03
9.36
9.74
10.23
10.55
9.01
9.63
9.36
10.09
9.67
10.14
9.00
9.63
9.37
10.08
11.32
10.52
9.76
10.29
9.68
9.04
9.41
10.81
8.67
10.01
10.39
9.10
10.89
9.71
9.41
8.95
9.75
10.25
10.91
10.03
10.18
9.94
9.43
10.46
10.04
10.60
10.88
11.22
9.61
9.76
10.31
8.89
11.18
9.98
9.48
9.93
8.72
9.88
10.34
10.57
9.45
9.71
10.13
10.63
11.07
10.83
9.87
10.37
9.13
10.95
10.54
9.71
9.10
8.94
10.34
10.03
10.37
10.39
10.87
11.09
10.32
9.91
10.38
10.87
11.07
10.22
9.71
10.84
11.10
8.94
9.47
9.87
10.18
10.57
11.49
10.44
10.88
10.07
10.32
11.14
9.87
10.06
9.43
10.13
8.88
10.00
9.49
8.67
10.20
10.14
11.05
9.87
10.30
9.98
10.59
9.69
10.92
11.33
8.88
8.91
9.37
9.86
9.73
10.27
10.33
8.88
8.92
9.38
9.89
10.35
10.74
11.18
11.30
9.85
10.14
9.41
9.13
9.68
8.57
9.07
10.53
9.62
10.14
10.20
9.35
9.78
10.05
10.59
10.51
11.15
10.13
9.98
9.93
9.42
10.41
10.57
10.80
10.50
11.32
9.69
10.21
9.49
8.71
8.47
10.95
9.87
10.39
11.12
9.86
10.00
10.47
9.43
9.84
10.21
10.51
11.08
11.00
9.16
10.85
9.71
9.98
10.31
9.02
10.91
10.00
9.41
9.29
8.87
9.68
10.11
10.07
9.65
9.51
8.82
9.29
8.45
9.74
10.22
10.75
10.69
9.15
10.12
9.73
8.81
9.27
8.47
9.73
10.21
10.74
10.68
9.21
10.07
9.71
10.71
10.58
11.30
10.75
8.79
9.21
8.43
11.57
9.63
8.75
11.04
9.96
10.50
9.56
10.11
9.10
8.95
9.67
9.40
9.10
9.66
8.64
8.20
8.54
10.59
9.15
9.15
11.35
9.13
10.95
9.53
10.00
10.98
10.96
10.98
10.97
10.09
10.44
10.91
9.83
10.38
9.33
9.77
10.18
11.04
10.87
10.53
9.98
10.28
11.02
9.73
10.20
8.98
9.41
10.58
10.55
9.22
8.74
8.74
10.57
9.80
9.93
9.40
10.27
8.59
10.44
10.89
10.51
11.21
9.86
8.91
9.59
9.54
9.99
10.12
9.63
10.71
10.71
9.54
10.02
10.13
10.71
10.69
10.10
10.14
10.71
10.68
9.17
9.66
8.73
10.09
9.53
9.99
10.94
10.32
9.91
8.77
10.32
11.26
10.34
10.98
10.79
10.08
9.34
10.96
10.75
9.69
9.36
8.94
9.72
9.93
9.37
8.95
10.30
9.76
10.59
11.22
9.74
9.17
8.77
8.94
10.60
10.29
10.30
9.75
10.86
9.74
9.18
8.78
8.96
11.15
10.61
11.55
10.31
10.85
11.29
9.81
9.75
10.87
10.57
10.30
9.99
10.31
11.24
9.01
9.65
9.41
10.60
10.29
9.78
10.76
10.36
9.86
9.49
11.10
10.92
11.44
11.33
10.20
10.52
8.52
9.03
8.73
9.93
9.36
10.50
8.53
8.75
11.44
9.40
11.30
10.05
9.86
9.30
8.65
9.37
8.70
9.97
10.60
11.57
10.31
9.04
11.05
10.04
9.53
9.46
8.88
9.01
9.91
10.31
10.05
9.53
9.48
9.41
8.85
8.89
10.44
10.15
9.07
9.66
9.84
10.99
10.16
10.38
10.45
9.08
10.69
11.15
9.91
9.40
10.10
10.54
10.09
11.02
9.73
10.20
9.13
10.55
10.10
11.02
9.62
10.07
10.99
9.84
9.37
10.60
9.19
9.40
8.75
8.90
11.32
10.38
9.94
10.93
9.56
10.02
10.57
10.57
10.18
10.87
11.43
11.43
11.45
10.24
9.24
9.72
10.12
10.97
10.38
10.96
10.06
10.89
10.12
10.37
11.07
9.82
9.14
10.13
9.77
9.42
9.48
10.76
8.81
8.62
9.86
10.22
10.98
10.31
10.60
9.41
10.28
10.75
11.15
10.84
11.23
9.41
9.48
8.97
8.87
9.97
10.43
9.41
8.97
8.86
11.23
8.92
9.49
8.96
8.82
10.08
10.88
10.57
9.90
10.21
11.09
10.63
9.17
9.78
8.86
10.55
11.03
11.33
9.77
10.33
9.48
9.26
9.97
10.50
11.00
11.32
10.86
10.85
10.84
9.81
10.28
10.89
9.51
9.41
8.51
10.16
9.00
10.31
10.73
9.59
10.09
8.86
9.49
9.25
9.94
10.55
9.17
11.09
9.66
10.14
10.50
9.85
10.30
10.56
9.63
9.85
9.06
10.86
9.52
9.87
10.36
11.14
9.78
9.42
10.00
9.63
10.12
9.96
9.62
10.11
10.38
8.84
10.00
10.58
10.23
10.45
9.61
10.54
10.77
11.23
8.69
9.13
9.46
8.31
10.13
10.32
9.11
10.88
11.21
11.41
8.71
9.16
8.32
8.59
10.33
10.39
11.18
11.41
10.56
10.59
10.50
10.15
10.67
10.99
11.24
9.03
10.00
10.54
9.04
9.67
9.59
9.12
9.39
8.80
9.63
9.14
9.40
8.81
9.69
9.78
11.11
8.84
10.08
10.12
10.49
9.41
8.46
9.04
9.66
9.71
10.39
8.81
9.51
10.39
9.37
10.14
10.56
9.88
10.30
9.46
9.78
10.34
11.29
9.89
11.00
10.34
9.77
9.40
9.27
10.87
8.84
10.33
10.66
11.05
9.54
10.83
9.66
10.07
8.52
9.65
10.07
10.85
10.85
9.01
9.78
10.30
11.05
9.06
9.63
10.12
10.29
9.41
9.84
9.42
9.90
10.20
10.11
9.44
9.94
10.36
10.66
10.80
9.85
9.60
10.30
10.03
10.41
10.83
10.68
9.80
10.05
9.79
10.23
10.58
10.36
11.12
10.55
11.48
11.08
9.22
9.04
9.60
10.09
10.93
10.35
9.07
10.89
9.57
9.94
10.40
9.19
8.69
9.64
10.20
9.48
9.98
9.20
8.69
9.65
10.20
10.54
10.90
8.94
10.17
10.58
9.22
10.48
11.13
9.71
10.08
9.56
9.63
10.10
10.41
10.52
9.12
8.78
9.50
9.02
9.60
10.01
10.10
9.63
10.02
10.51
10.27
11.22
9.96
9.73
9.19
9.41
9.26
8.85
8.49
9.57
8.76
9.95
10.34
9.93
10.87
9.46
10.24
10.29
10.33
10.63
11.07
9.17
9.06
10.14
9.62
10.59
10.28
10.82
11.52
9.89
10.41
9.23
9.77
10.25
9.12
11.00
10.45
10.93
9.71
10.42
10.14
10.80
10.87
9.39
9.87
10.30
9.22
9.74
9.41
9.03
8.56
9.57
10.05
10.39
10.06
10.59
9.88
11.60
9.22
9.76
9.81
10.15
10.62
10.25
11.59
11.18
11.71
10.71
9.25
9.24
9.78
10.99
10.00
10.43
10.48
10.88
11.26
10.61
10.96
9.90
8.83
10.05
9.43
10.57
8.86
10.07
9.86
10.92
9.47
10.93
10.60
9.49
8.77
11.20
10.17
8.97
10.64
11.39
10.06
9.55
10.39
10.41
10.98
8.91
10.33
9.09
10.37
9.66
10.15
8.90
11.00
10.16
10.41
10.39
11.14
9.41
9.59
10.06
9.92
9.47
8.92
10.43
9.11
8.67
9.68
8.71
9.66
9.29
10.07
10.06
10.83
10.42
10.01
10.34
9.59
11.16
9.25
8.80
10.58
10.10
11.28
11.09
10.51
9.83
10.27
9.42
9.90
10.35
9.85
10.27
10.41
11.19
9.41
9.08
8.58
9.66
9.67
10.02
8.91
9.40
10.22
10.89
9.41
8.83
10.12
9.44
9.93
9.31
8.75
9.80
8.86
10.66
10.30
10.83
9.98
9.85
10.42
10.51
10.79
9.84
9.87
10.39
10.49
9.45
9.08
9.80
10.20
9.08
10.43
9.45
10.16
10.00
10.49
10.11
8.84
9.18
9.70
10.03
8.87
9.44
8.64
10.07
9.18
9.24
10.19
9.80
10.07
10.57
9.41
9.41
10.36
10.18
10.76
11.58
9.41
8.82
9.55
9.02
9.96
10.45
8.83
8.88
9.03
9.02
9.58
9.59
8.83
8.89
9.03
9.04
9.56
10.54
9.70
9.51
10.46
9.92
10.22
10.85
11.18
8.96
10.29
10.86
9.83
10.19
10.31
11.04
9.85
8.97
9.96
10.58
9.45
9.87
9.42
9.62
10.10
10.42
8.53
8.98
8.50
9.47
9.92
10.39
10.68
11.19
11.32
10.89
9.11
10.07
10.31
11.11
9.05
9.10
9.55
9.97
10.41
9.68
10.13
10.43
9.14
9.80
9.44
9.88
10.60
9.80
10.30
9.46
9.93
10.46
11.18
10.90
9.88
10.44
9.51
11.12
9.98
9.21
10.13
10.22
10.73
10.98
9.76
8.95
9.41
9.13
9.89
10.16
9.58
10.14
10.56
8.92
9.40
9.13
9.89
9.61
8.92
9.41
9.14
9.89
10.59
11.13
9.74
10.23
8.97
10.53
10.04
10.44
10.57
10.10
10.49
11.36
9.87
9.43
10.94
10.38
8.80
9.50
9.91
9.56
10.04
9.66
9.43
9.13
9.13
8.65
8.25
8.58
9.61
10.13
9.68
9.59
10.13
9.64
10.17
9.89
9.89
10.34
9.00
10.19
9.52
9.93
10.81
8.85
10.58
9.40
9.80
10.24
8.96
8.85
9.43
9.71
10.06
10.53
10.19
10.08
10.51
9.10
11.04
9.62
10.07
10.06
10.57
10.55
9.20
11.25
9.11
8.93
10.13
9.66
10.62
10.95
9.55
10.08
9.12
8.94
10.12
9.65
10.61
10.94
9.56
10.09
9.12
8.93
10.11
9.65
10.60
10.94
10.94
10.15
10.35
11.19
9.79
9.17
8.95
9.68
9.85
10.17
9.70
9.34
9.47
8.65
10.39
10.11
10.57
11.30
10.56
9.79
10.25
9.41
10.12
10.66
9.92
11.08
11.20
10.66
10.10
11.06
11.19
10.61
8.97
8.98
10.09
9.59
10.60
9.93
9.07
10.40
9.68
11.06
10.08
10.45
11.09
10.56
10.02
10.42
9.61
9.29
10.09
10.49
10.00
10.43
10.43
11.33
9.79
10.16
8.96
10.14
9.68
9.41
9.75
10.25
9.67
10.15
10.85
10.63
9.23
9.54
8.51
9.44
10.09
9.96
10.71
10.09
10.51
9.73
10.02
10.60
10.34
9.70
10.03
10.40
11.17
10.00
9.74
10.05
10.43
11.43
10.11
9.89
9.74
9.54
9.16
10.10
9.82
9.55
9.17
10.10
10.33
10.07
10.59
9.37
9.42
9.94
10.40
9.63
9.15
8.39
10.16
10.70
11.19
9.91
9.46
11.20
10.83
10.31
11.15
9.16
8.67
8.97
9.55
10.63
11.16
9.23
9.06
9.58
10.11
9.08
9.65
9.81
10.30
10.58
9.58
11.13
10.36
10.32
10.64
11.12
11.39
10.20
9.04
9.81
11.05
10.16
10.54
11.28
11.28
9.22
9.82
9.14
11.00
9.63
9.93
10.40
11.17
9.57
9.84
10.19
9.01
10.01
10.52
8.94
9.68
9.53
10.07
9.78
9.28
9.71
10.25
10.24
9.93
8.63
11.19
9.15
9.65
8.96
10.21
10.89
10.69
9.68
10.26
9.17
9.66
8.97
10.19
10.88
10.68
10.09
10.87
10.60
9.82
9.32
9.88
9.04
10.83
11.20
9.86
10.40
9.40
9.01
11.16
9.94
10.57
10.26
11.32
9.40
9.15
8.72
10.52
9.73
9.24
10.13
9.04
8.55
8.74
10.98
9.73
9.40
10.46
9.94
9.89
10.40
8.99
8.43
8.62
9.85
9.50
10.83
10.99
10.32
11.13
9.80
9.32
10.38
8.41
9.03
8.63
9.90
9.60
10.80
10.33
11.10
9.37
9.92
10.49
9.04
8.64
9.88
9.60
10.79
10.31
11.09
8.88
10.95
9.56
9.97
10.71
10.98
10.18
11.17
9.62
9.98
9.29
9.81
9.62
9.29
9.81
10.70
10.99
10.17
11.19
9.60
10.01
9.29
9.81
10.69
11.00
10.16
11.20
9.59
10.03
9.29
9.80
10.69
11.01
10.15
11.21
9.59
10.04
10.49
9.76
10.61
10.08
9.29
9.72
10.21
11.30
11.18
10.75
9.18
8.66
9.74
8.96
9.55
10.07
9.84
10.42
10.06
10.63
9.40
10.23
9.78
10.75
11.21
9.10
11.05
10.52
9.65
10.13
8.93
11.01
9.90
9.83
9.83
10.57
10.27
9.38
9.04
9.90
11.18
9.93
10.20
10.56
9.41
11.35
10.59
8.76
9.76
10.19
9.12
10.13
10.67
10.06
11.11
10.53
11.24
9.95
9.40
10.12
10.80
10.24
10.14
10.19
8.90
10.03
9.48
10.45
10.06
10.59
11.07
10.18
10.42
10.02
10.59
11.05
10.18
10.93
9.65
8.76
10.33
9.83
10.31
9.94
9.51
9.07
10.84
10.91
10.48
9.09
10.59
9.67
9.79
10.07
9.45
9.81
9.22
10.50
9.69
10.02
10.58
11.38
10.87
10.30
9.83
10.13
9.90
10.39
9.11
10.07
9.71
9.42
8.55
8.81
9.68
9.20
10.23
8.58
8.94
9.41
9.15
10.18
9.70
9.53
10.03
10.51
10.68
11.03
9.04
10.10
9.90
9.16
9.52
10.59
10.19
10.73
10.85
11.27
10.35
10.70
11.26
9.43
9.92
10.21
9.95
10.44
10.72
10.21
8.84
9.81
10.00
9.88
10.36
10.02
9.40
9.85
9.87
9.34
9.60
9.90
10.26
10.54
9.16
8.81
8.80
9.35
9.88
9.91
9.45
8.46
11.11
9.28
8.97
9.13
9.87
9.73
9.81
10.18
10.59
9.03
11.00
9.41
10.13
10.47
8.69
10.33
10.83
9.84
10.19
10.83
9.96
9.40
8.73
10.16
10.78
9.44
9.87
8.76
9.17
8.99
9.68
10.27
10.64
9.58
10.24
10.62
10.22
10.60
10.01
10.20
8.77
10.01
10.47
10.59
9.88
10.37
10.98
9.28
9.85
10.36
10.86
11.34
11.53
9.82
10.30
10.85
9.28
9.87
10.38
10.88
11.34
11.51
10.90
9.41
9.81
10.35
10.30
10.39
10.77
10.24
10.40
9.95
10.10
9.43
8.64
9.82
8.95
9.29
10.20
9.41
9.69
9.57
10.05
10.04
10.14
10.59
9.14
8.80
9.61
10.56
8.83
11.15
9.59
10.07
9.94
9.03
8.61
8.84
9.56
10.06
9.98
9.44
8.60
9.12
8.98
10.34
10.59
11.42
9.83
9.12
9.13
11.41
9.69
9.75
10.20
9.58
9.15
10.11
9.69
10.96
9.07
9.98
10.48
9.51
9.72
9.54
10.06
9.22
9.06
9.64
10.12
10.56
9.59
10.83
10.27
10.97
11.17
10.46
9.16
10.15
9.87
10.34
9.76
9.72
9.28
8.98
9.82
10.29
9.66
10.14
10.49
9.31
8.96
9.79
9.64
10.18
8.93
10.05
9.41
10.39
9.08
8.63
10.89
9.62
9.97
10.38
9.05
10.36
11.08
10.59
9.85
10.15
9.27
11.38
9.40
10.15
10.21
8.84
10.66
11.09
9.87
10.17
11.04
9.45
10.59
8.80
10.18
8.92
11.19
10.80
11.19
10.79
10.32
9.45
9.83
10.63
10.19
10.11
10.62
10.65
11.13
10.03
10.54
11.41
9.67
9.94
10.33
8.88
10.11
9.71
10.17
10.88
9.89
9.09
10.07
10.35
11.16
9.72
9.24
9.41
9.80
9.35
8.45
9.77
8.93
10.82
9.82
10.30
10.21
11.03
9.00
9.90
9.60
9.88
10.10
11.07
10.61
10.56
11.08
11.43
11.17
9.87
10.06
10.56
9.40
9.38
8.88
8.25
9.32
8.80
8.37
9.49
8.27
8.39
9.53
8.73
11.07
9.22
9.08
10.58
10.11
11.23
9.54
11.04
9.95
10.46
10.19
11.11
9.04
10.09
9.58
9.76
8.96
10.95
10.40
10.07
9.65
10.15
9.14
10.51
11.05
10.27
11.04
9.76
9.73
9.98
10.28
9.86
10.30
11.11
10.92
10.58
9.92
10.23
9.87
10.32
11.10
10.89
10.54
9.44
9.86
10.08
9.30
9.41
8.61
9.02
9.43
9.60
10.61
8.67
9.89
10.08
10.61
11.31
10.01
9.72
11.00
9.94
10.44
9.09
11.29
9.96
9.66
9.87
8.97
10.08
9.93
9.59
9.40
9.00
8.87
9.69
10.17
10.52
9.90
9.40
9.44
8.88
9.47
8.64
8.89
9.25
8.98
9.54
10.08
10.60
8.98
9.48
10.01
10.41
10.93
11.57
11.20
11.32
10.13
10.94
10.64
10.34
9.35
9.89
8.51
9.04
8.74
9.56
11.26
9.04
9.62
9.16
9.70
9.91
8.91
9.47
8.17
8.52
8.43
9.16
9.74
10.40
11.47
11.21
10.94
8.88
9.43
8.54
9.97
10.46
9.34
8.85
9.68
10.42
10.15
8.87
9.43
8.54
8.88
11.42
9.70
8.90
11.10
10.00
9.37
9.89
11.18
11.09
10.25
10.63
9.92
10.49
10.31
9.44
9.29
10.01
11.15
11.02
10.57
9.13
10.64
10.67
9.48
9.83
10.30
10.64
11.07
11.18
9.75
10.19
9.92
10.39
10.56
9.03
10.08
10.58
10.67
10.31
10.96
9.62
9.95
10.95
11.10
10.43
9.03
9.19
11.09
9.82
9.78
9.34
9.01
9.72
10.14
10.57
9.59
9.33
8.98
9.92
9.42
11.00
11.01
10.44
8.77
10.23
10.47
9.88
9.01
10.90
9.41
9.53
9.91
10.37
11.21
9.17
9.08
8.91
9.65
10.13
9.67
10.22
9.22
8.94
9.97
10.06
10.58
10.12
10.44
8.94
9.31
9.75
9.41
11.51
9.51
9.97
10.09
8.97
8.80
9.34
10.09
10.98
9.75
10.32
9.88
10.35
9.00
11.23
10.75
9.55
10.82
9.81
10.30
10.52
9.63
8.79
9.16
9.74
10.14
9.24
9.58
9.99
10.27
9.43
9.95
10.02
9.04
9.70
10.21
9.64
8.76
10.20
10.67
10.96
9.27
9.72
10.07
10.94
10.56
9.97
10.85
11.30
9.65
9.98
10.36
10.25
9.64
9.99
10.39
10.95
9.21
10.22
9.82
10.02
9.14
10.04
10.57
9.71
10.10
10.59
11.13
10.76
9.84
10.41
10.60
11.03
10.16
10.41
9.87
9.41
10.20
11.12
10.69
10.86
11.15
11.28
11.28
8.86
9.91
9.44
9.98
8.68
10.03
10.48
9.94
10.02
10.46
9.56
10.84
9.78
10.30
11.16
9.01
10.61
9.59
9.84
10.60
9.51
10.11
10.22
10.59
11.53
10.05
10.94
10.51
10.35
8.96
10.70
10.46
10.95
11.06
9.67
9.42
10.46
10.05
9.48
9.05
8.79
8.34
8.67
10.13
9.71
10.28
9.89
10.58
8.90
9.08
9.54
10.00
11.33
10.49
10.90
9.40
9.12
8.76
10.10
9.68
8.76
9.76
10.20
10.45
8.80
9.24
10.14
9.74
10.69
10.19
10.13
10.66
9.25
10.20
10.58
11.47
9.87
10.11
9.39
10.98
10.40
9.43
11.13
10.74
9.48
9.94
10.42
9.97
10.35
11.14
10.71
10.02
9.49
9.60
8.72
10.74
9.47
9.86
10.06
10.58
9.63
10.57
10.92
11.40
10.53
11.36
10.79
10.24
11.06
10.59
11.54
11.30
9.41
9.18
10.39
9.79
9.28
8.80
8.26
8.53
9.85
10.37
9.78
10.84
9.20
8.82
8.26
8.55
9.81
10.36
10.23
10.15
10.60
11.41
9.52
9.41
9.18
9.64
10.23
10.96
9.03
8.73
9.50
9.91
8.78
10.23
10.31
10.80
10.12
9.41
8.86
10.60
8.89
9.96
9.44
11.22
10.08
10.60
9.50
10.01
8.83
8.95
9.37
9.86
9.51
10.07
8.84
11.17
11.02
9.95
10.44
9.69
10.34
9.12
9.69
10.18
9.40
11.05
9.24
8.49
9.71
10.60
9.10
10.88
11.27
10.30
10.94
10.46
11.23
9.73
10.14
10.04
10.91
11.42
11.19
10.40
10.08
10.05
10.59
9.28
10.73
11.04
10.40
9.86
10.07
9.77
9.27
9.41
10.35
10.81
9.89
9.43
9.98
9.43
10.94
8.98
10.00
10.44
8.74
9.71
9.23
8.96
9.55
10.14
8.74
9.77
10.21
10.57
9.55
10.16
10.98
10.54
9.21
9.72
9.97
10.46
10.04
10.57
9.59
9.53
9.07
9.03
9.90
11.18
10.22
9.73
9.90
10.22
10.69
10.59
11.32
10.80
9.96
9.43
9.44
10.43
11.35
11.36
9.99
9.55
8.84
10.07
10.72
10.56
10.54
9.60
10.82
11.58
10.13
10.08
9.87
9.51
10.40
10.85
11.14
10.22
9.68
9.40
9.87
10.39
10.84
11.12
9.51
10.25
9.72
9.89
9.51
10.36
10.81
11.15
9.15
8.83
10.20
9.65
11.15
10.60
11.59
9.89
8.89
9.80
9.45
8.71
10.73
10.25
11.01
10.08
10.43
8.96
9.78
9.58
11.07
9.66
8.83
10.17
9.85
10.83
10.59
10.23
10.05
9.61
9.41
10.55
11.05
11.03
11.32
9.33
9.81
10.29
10.66
10.17
9.77
9.90
9.27
9.66
10.16
9.15
9.40
9.15
9.39
9.77
8.35
9.31
8.80
9.70
10.18
8.63
10.19
8.93
10.27
9.81
10.11
10.97
9.52
9.43
9.53
9.96
10.44
10.60
9.23
9.05
9.74
10.26
10.77
10.90
11.20
9.52
9.86
10.39
9.27
9.60
10.61
11.12
9.73
10.02
10.52
9.09
9.45
9.32
9.94
10.46
10.95
11.30
11.00
9.82
9.10
9.35
9.92
10.43
10.91
11.29
10.98
9.81
10.40
11.28
9.06
9.43
8.56
9.97
10.29
10.20
9.84
9.75
10.30
10.87
10.73
9.12
10.19
9.67
9.88
9.30
9.75
10.08
10.09
10.57
9.61
8.97
9.24
9.72
11.01
9.17
10.05
11.29
10.48
9.74
9.38
10.74
10.97
10.39
9.85
10.90
10.33
10.96
11.25
10.55
9.21
10.14
10.18
9.74
9.81
9.38
8.97
9.66
10.56
10.08
10.55
9.79
11.02
10.41
8.98
9.68
10.07
10.08
9.40
9.66
9.06
9.80
10.31
10.62
9.59
10.07
10.58
10.92
11.21
11.44
8.48
9.28
8.85
8.76
9.43
9.68
9.56
9.99
9.63
9.53
10.86
9.92
9.92
10.27
11.08
10.41
9.13
9.12
9.69
10.03
10.60
9.90
9.17
9.50
10.28
10.81
10.77
11.18
11.57
11.29
10.65
10.77
11.18
11.58
11.27
9.95
9.96
10.33
10.57
9.42
9.69
10.09
10.26
10.04
9.65
9.43
10.15
9.78
10.31
10.05
9.74
10.22
10.86
9.01
10.97
9.99
10.49
8.75
9.42
9.74
10.24
9.30
10.92
10.32
11.28
9.08
10.86
9.59
9.92
9.89
10.13
10.50
8.91
9.86
10.11
10.60
11.62
11.05
9.22
10.47
10.44
9.22
10.94
11.25
9.75
10.10
10.51
10.91
9.09
10.86
10.27
11.14
9.40
9.72
10.19
10.70
9.24
9.02
9.60
9.91
10.34
9.66
9.75
10.23
8.85
9.86
9.47
10.59
9.27
10.17
8.34
8.74
10.60
10.01
10.46
9.95
9.50
10.11
10.58
11.10
10.93
11.37
9.82
10.34
9.69
9.23
8.82
9.58
9.76
8.86
9.62
9.40
10.72
8.48
10.25
8.98
10.13
9.67
10.41
10.92
9.57
10.13
10.14
9.76
10.15
10.60
10.08
10.40
10.09
10.29
10.80
10.60
11.18
11.57
11.27
9.82
9.82
9.69
9.40
10.78
9.90
10.28
8.61
9.85
10.28
10.90
10.76
11.03
9.93
10.39
10.29
10.89
10.75
11.02
9.18
9.92
9.79
9.41
9.01
10.14
9.42
9.89
10.75
10.95
9.57
9.97
10.15
10.24
8.97
9.39
9.74
10.01
10.25
10.70
10.73
10.94
9.67
9.26
10.15
10.59
8.61
9.71
10.23
10.76
9.09
9.52
8.78
11.27
9.94
9.42
9.91
10.63
10.41
10.60
8.95
9.51
9.82
10.14
8.85
10.10
9.15
10.98
10.40
9.73
9.98
10.49
11.22
10.51
10.06
9.60
10.50
10.87
11.21
10.85
9.03
10.25
11.13
9.40
10.13
9.61
8.98
9.90
9.53
10.20
10.63
9.65
10.21
9.00
9.86
9.50
10.17
10.61
8.73
10.20
9.00
9.14
9.89
9.53
10.17
10.60
9.65
10.21
8.74
9.87
9.66
9.00
8.79
9.41
9.07
8.56
8.95
9.49
9.96
9.79
10.27
10.61
8.93
8.41
9.49
8.73
9.44
8.95
8.42
9.50
8.74
9.02
9.61
9.34
9.73
10.12
8.97
8.46
9.53
9.40
8.98
8.46
8.81
9.53
10.89
9.47
9.91
10.59
10.29
8.99
8.86
9.51
9.96
10.40
10.97
9.44
9.89
10.30
9.03
8.86
9.56
10.00
10.69
10.24
11.44
10.37
9.75
10.19
10.60
11.07
10.84
9.82
10.38
9.73
9.31
10.15
9.09
10.56
11.05
11.33
11.52
9.90
10.00
10.55
10.96
11.20
11.51
9.87
9.45
9.15
10.39
9.93
9.40
10.19
10.60
8.81
11.56
9.92
10.81
10.89
10.40
10.02
9.88
10.61
9.60
9.94
9.28
10.36
11.48
10.91
11.23
9.98
9.91
10.54
11.46
10.86
11.17
11.76
9.65
9.93
9.31
10.28
9.98
9.43
8.92
10.25
9.76
9.51
10.81
9.42
9.96
10.28
9.74
9.40
10.24
10.94
9.06
8.64
9.13
10.26
10.61
10.36
10.92
9.71
11.13
10.21
10.65
11.58
10.30
10.82
9.72
11.11
10.22
10.61
11.59
10.35
10.81
9.75
11.11
10.24
10.60
11.58
10.40
10.79
11.06
10.54
11.57
11.36
9.84
9.18
9.92
9.19
11.01
10.23
9.92
9.56
11.00
11.20
10.10
10.38
10.47
8.86
9.54
9.97
9.46
9.96
9.62
9.20
8.73
8.98
10.80
10.59
10.15
11.12
11.29
9.48
10.38
10.65
9.29
9.75
10.22
9.84
10.58
10.10
10.47
10.58
10.36
10.84
11.37
11.54
10.95
10.01
9.89
9.56
9.14
9.43
9.97
10.79
10.93
10.10
10.50
9.95
10.74
8.90
10.87
9.86
10.35
9.53
9.17
9.05
10.11
9.65
10.17
10.22
10.46
10.59
11.29
9.40
9.18
9.58
9.90
9.78
8.65
9.48
9.20
10.08
10.42
9.29
8.67
9.19
9.77
9.28
8.73
9.06
9.64
8.73
10.19
9.34
9.71
9.70
10.06
10.10
9.74
10.21
10.57
10.90
10.07
10.59
9.79
10.21
11.17
9.90
8.99
9.29
9.43
9.39
10.14
8.66
9.71
10.14
9.12
9.27
9.14
9.44
9.82
10.28
10.59
10.93
9.70
10.12
9.85
10.28
10.57
10.92
10.03
10.53
10.25
9.89
9.44
11.06
9.38
8.82
10.17
10.55
9.63
8.82
11.28
10.56
9.12
9.44
9.70
10.11
9.58
10.08
10.10
8.87
9.90
10.24
10.55
10.87
9.49
9.86
9.84
10.28
10.61
8.72
9.79
9.84
10.33
9.85
10.23
10.15
9.79
9.97
10.46
10.86
10.95
10.10
10.59
9.89
11.31
10.39
10.74
9.84
10.12
10.60
11.23
11.14
9.41
9.51
8.96
8.27
8.81
9.30
8.93
9.47
9.84
8.54
9.06
9.66
8.82
9.31
9.18
10.13
9.70
9.38
9.76
9.77
10.55
10.03
10.56
10.50
11.07
10.18
10.64
11.06
10.81
10.81
10.31
9.85
9.81
9.42
9.09
9.45
9.90
10.25
9.43
9.94
9.91
9.90
10.78
10.19
10.73
11.01
8.85
10.79
9.85
9.13
9.55
10.24
9.43
9.95
9.84
10.24
10.76
8.89
9.85
10.29
9.54
10.05
9.95
9.48
9.08
9.00
9.97
10.16
9.61
10.92
10.56
10.28
9.39
11.21
10.19
10.67
10.74
11.04
11.49
11.21
10.59
9.07
10.69
11.49
10.73
10.15
10.44
9.60
9.62
10.02
9.16
8.93
9.63
10.26
9.88
9.71
10.13
9.88
10.15
9.45
8.58
10.96
10.47
9.70
10.12
10.18
11.22
8.95
9.22
9.48
9.94
10.38
10.60
10.26
9.77
10.12
9.28
9.54
9.99
10.42
10.60
9.81
10.06
10.44
10.64
10.35
10.55
11.30
11.06
10.59
10.33
11.40
9.89
9.40
10.48
10.58
11.39
11.17
11.65
11.01
10.35
10.31
9.85
10.82
10.35
10.21
10.11
9.98
10.53
11.03
10.95
8.94
9.90
9.52
9.53
10.15
10.03
9.07
10.56
10.05
10.11
9.66
9.71
9.56
9.21
8.85
10.02
11.19
9.13
10.16
8.83
11.18
10.73
11.22
11.24
9.66
10.55
10.55
10.63
11.18
11.00
10.90
9.78
9.92
9.85
9.45
9.01
9.91
10.88
10.42
10.90
9.82
10.30
9.01
9.41
10.94
9.13
8.70
9.70
8.55
9.04
8.72
9.53
9.92
9.40
10.04
10.03
9.14
8.87
9.59
10.59
9.96
10.09
8.91
9.43
9.93
8.95
11.28
9.74
9.50
9.87
9.96
10.23
9.57
8.80
10.45
11.31
9.87
11.11
9.19
10.60
9.74
9.01
9.01
11.48
9.93
10.42
9.86
10.12
11.08
9.79
10.31
10.09
11.06
9.09
10.60
9.73
9.41
9.69
10.23
10.34
9.30
8.99
8.56
10.33
9.77
10.72
11.07
9.58
10.18
9.73
10.26
9.53
9.21
10.70
11.43
8.63
10.27
10.71
10.41
10.91
11.49
11.35
10.15
10.64
10.44
9.93
10.91
11.47
11.31
10.01
10.54
10.44
9.93
10.90
11.30
9.98
10.53
10.46
11.32
9.06
9.83
9.67
10.60
11.60
11.06
9.23
8.88
10.18
9.69
10.51
9.26
8.89
9.54
10.06
10.15
9.68
9.26
8.90
9.55
10.04
10.16
9.68
9.42
9.61
10.95
8.63
10.87
10.12
10.35
9.79
10.79
10.34
9.17
9.73
10.27
9.80
9.25
9.82
9.41
9.42
9.28
8.90
9.86
8.85
10.51
9.46
10.05
9.72
10.26
10.59
9.54
10.01
11.10
10.53
10.37
10.02
10.46
10.74
11.22
9.95
10.53
9.63
11.15
9.01
10.87
10.37
10.30
9.89
10.15
10.69
11.26
10.99
10.29
9.78
10.09
9.26
10.81
10.55
10.98
9.84
10.32
10.29
10.84
11.25
9.15
11.33
10.94
10.48
11.27
9.53
9.97
10.30
9.36
9.84
10.32
9.78
10.32
9.37
9.85
10.33
10.78
9.79
9.40
9.87
10.34
9.79
10.91
9.43
9.90
10.35
9.76
10.30
10.22
10.41
9.12
10.03
9.45
9.92
9.75
9.14
9.43
8.62
8.96
9.24
9.43
9.33
9.79
8.64
8.99
10.03
10.15
9.83
9.86
10.29
10.52
10.91
9.54
10.10
8.69
9.39
9.09
9.84
10.29
10.51
10.91
9.06
10.08
10.58
9.68
9.93
9.47
9.87
10.32
9.75
9.48
9.27
9.88
10.30
9.12
9.67
10.14
10.69
10.78
11.17
11.22
10.58
10.22
10.34
10.82
9.81
9.11
8.90
10.89
11.04
9.41
9.70
10.21
10.43
9.70
10.20
10.69
8.56
9.77
10.33
9.04
9.69
10.66
10.25
10.89
9.07
10.39
11.36
9.49
9.96
10.30
10.33
10.69
11.15
8.90
10.18
10.27
9.13
9.67
10.05
9.24
8.97
10.03
9.75
9.00
10.10
10.41
10.78
10.08
10.57
9.67
9.41
9.86
10.30
10.64
9.66
10.02
10.55
10.74
10.95
11.31
8.87
11.08
9.33
9.39
9.76
10.21
10.52
11.26
8.50
9.47
9.68
10.57
9.02
9.11
10.95
9.60
9.81
10.06
10.53
9.39
9.92
10.41
10.90
11.03
9.86
10.41
9.40
9.90
10.39
10.90
11.03
10.93
9.79
9.36
9.42
9.91
10.40
10.89
11.01
10.90
9.76
10.32
9.44
10.88
11.02
9.26
10.58
9.77
9.19
10.15
10.10
9.94
9.54
9.57
9.03
8.77
10.10
10.96
10.50
10.01
10.37
9.74
10.24
10.01
9.74
10.24
9.99
9.75
10.24
11.26
10.18
10.73
11.13
11.23
9.83
9.91
9.40
8.52
8.97
10.78
9.43
9.87
8.93
8.93
10.53
10.26
10.99
9.10
9.63
10.05
10.44
10.08
10.58
9.78
10.29
10.31
11.16
10.37
10.22
10.61
10.94
10.25
10.22
10.61
10.93
10.15
10.22
10.58
11.28
9.42
10.60
8.85
9.97
9.44
8.66
10.85
9.81
9.63
10.30
9.80
9.00
9.27
11.05
9.63
10.10
10.05
10.56
10.65
11.26
10.79
10.30
9.83
8.97
9.46
9.60
9.94
8.40
8.82
9.27
9.79
10.18
9.59
9.12
9.92
8.44
8.86
9.29
9.79
8.71
10.13
9.75
10.23
8.98
9.45
9.94
10.28
10.88
10.60
9.85
9.01
9.53
10.00
9.69
10.09
10.57
9.17
8.82
9.66
10.15
11.19
9.70
8.86
9.48
9.57
8.65
9.90
10.57
10.12
9.60
9.19
11.26
10.06
11.00
10.27
10.38
10.60
10.27
11.07
10.77
9.73
9.45
10.23
9.03
8.68
8.18
8.47
11.09
10.76
9.61
10.21
9.20
9.06
9.67
10.19
11.08
10.74
9.65
10.19
11.10
10.66
10.06
10.58
9.14
11.00
10.50
10.13
10.63
11.14
11.61
9.69
10.90
10.34
10.11
10.64
11.15
11.59
11.40
10.86
10.33
11.09
10.09
9.70
9.34
9.14
9.75
8.90
9.37
9.88
10.22
10.58
11.22
10.59
10.69
11.44
10.63
11.05
9.71
9.41
9.76
10.38
10.67
10.31
9.30
9.45
8.98
8.56
8.78
9.98
11.39
11.09
10.55
10.95
9.94
10.41
9.00
8.82
9.40
9.57
10.10
10.15
10.38
10.79
8.95
9.54
9.19
8.73
10.87
9.02
9.61
9.96
10.34
11.12
10.31
9.88
9.80
9.34
8.95
10.08
10.60
9.89
10.18
10.69
9.05
11.03
10.53
11.46
9.97
10.04
9.56
9.97
10.99
10.50
11.45
11.14
9.97
10.56
11.44
10.98
9.88
9.41
9.50
10.79
8.90
10.27
9.44
9.93
9.48
10.78
10.32
9.49
9.39
10.66
9.15
8.75
10.58
10.13
10.61
10.11
10.64
11.18
10.81
11.32
10.58
9.60
10.03
9.15
8.76
9.60
10.12
10.63
11.15
10.82
11.33
10.60
10.09
10.63
11.14
11.06
10.47
9.83
10.34
9.33
9.85
10.26
9.83
10.37
10.47
10.27
11.13
9.40
8.48
9.03
10.15
9.81
9.62
8.99
10.82
10.22
11.03
10.58
9.75
10.20
9.11
9.11
10.96
9.82
10.59
9.45
8.90
8.58
8.76
9.92
9.95
11.27
10.82
9.84
9.65
9.27
10.13
10.34
10.91
10.24
11.27
10.82
9.97
9.43
9.32
9.28
8.79
9.73
9.38
10.16
10.46
9.21
8.77
9.73
8.88
9.83
9.52
10.25
10.60
10.34
11.24
10.79
11.08
8.83
10.13
10.47
10.31
11.15
9.12
9.69
9.61
10.08
9.37
8.93
9.86
10.37
9.60
10.02
9.35
9.06
8.94
9.80
10.30
9.18
10.84
10.51
10.34
11.28
11.28
8.96
9.49
10.03
10.07
10.31
8.95
9.85
9.50
10.58
11.57
9.39
11.09
9.71
10.11
10.59
9.24
9.51
9.98
10.34
8.94
8.65
9.36
8.93
9.89
9.58
8.94
10.37
10.73
9.53
9.75
10.26
9.90
10.35
10.77
9.74
10.24
9.90
10.35
10.77
9.05
8.69
9.48
10.16
9.06
8.68
9.51
9.06
9.90
10.34
10.76
9.66
10.20
11.05
9.15
10.44
9.82
10.82
11.01
9.62
9.91
10.36
10.70
10.32
11.21
10.80
9.87
9.88
8.96
9.31
9.60
8.60
9.73
10.15
10.59
9.68
10.67
11.17
11.54
11.01
9.14
10.07
10.53
9.77
9.63
10.92
8.95
9.40
9.83
9.88
10.34
10.86
11.12
9.41
9.11
8.68
9.65
8.96
9.49
10.82
9.80
10.27
11.08
10.62
9.76
10.26
9.30
9.41
8.91
8.65
10.42
8.90
10.06
10.58
8.94
8.69
8.91
10.89
11.34
9.50
8.96
8.66
9.81
10.25
8.95
9.56
9.18
9.05
10.06
10.58
9.07
9.56
11.09
10.66
11.03
11.46
9.63
10.04
10.09
9.20
9.78
10.71
9.75
10.24
9.26
8.90
10.14
10.70
10.65
10.21
9.27
9.61
9.89
9.64
9.40
9.63
8.55
10.76
10.31
10.95
8.99
10.01
9.61
9.34
8.92
9.14
10.16
10.24
10.62
10.89
10.21
10.25
10.61
10.89
9.70
9.47
8.93
9.90
9.76
10.19
10.24
10.57
10.88
10.15
10.24
10.55
10.87
10.11
10.23
9.95
10.52
10.85
10.02
10.55
9.25
9.67
11.19
10.56
9.28
10.99
9.82
10.01
10.51
9.73
10.21
10.72
11.07
10.97
9.49
9.07
9.87
10.43
9.06
9.73
9.40
10.57
9.66
10.22
9.35
9.02
9.85
10.29
10.56
10.94
10.74
9.77
10.36
9.34
8.67
9.63
10.83
9.39
9.97
9.01
10.29
10.11
9.61
9.65
10.50
10.66
8.88
9.47
10.01
10.18
9.08
8.89
9.65
10.09
10.45
10.57
9.12
10.13
9.65
9.34
10.58
10.85
10.14
10.31
10.31
10.08
9.04
10.35
11.03
10.60
9.99
10.87
11.28
9.87
9.14
9.52
9.92
10.35
11.10
10.76
10.36
11.23
9.92
10.30
9.43
10.33
11.00
11.50
11.20
10.67
10.26
10.28
11.50
11.20
10.32
10.98
10.65
10.24
10.32
10.99
11.50
11.20
10.66
10.23
9.98
10.33
10.98
11.50
11.20
10.65
10.20
9.99
10.33
10.97
11.19
10.64
8.82
10.05
11.17
10.60
9.88
9.42
10.76
11.14
10.48
11.16
9.44
8.83
9.78
10.09
10.57
9.89
9.70
9.41
9.49
8.72
9.95
9.25
8.94
9.61
9.91
10.15
10.66
9.90
9.49
10.35
11.28
10.82
9.89
10.12
10.62
9.89
9.51
10.31
11.25
11.06
10.80
9.85
10.45
9.91
11.20
9.56
9.09
9.67
8.93
10.01
10.34
9.19
9.83
9.76
9.29
8.97
10.10
9.73
10.25
9.79
9.36
8.98
10.90
10.67
9.85
10.28
10.59
10.28
9.90
9.46
9.00
10.67
10.31
10.19
9.72
10.27
9.92
9.48
8.99
10.65
9.90
10.40
10.27
9.92
9.50
9.00
10.63
9.89
10.39
10.28
9.93
9.49
10.65
9.87
10.29
11.25
10.36
10.27
9.41
11.21
9.13
8.70
10.07
9.70
8.51
9.01
9.27
8.52
9.03
8.72
9.76
10.59
10.50
9.24
9.64
9.74
10.21
11.52
10.57
9.79
10.25
9.40
8.37
9.45
9.73
8.69
8.87
9.29
11.13
9.77
10.19
9.34
9.83
9.90
10.58
10.20
11.35
9.42
8.87
8.90
10.32
11.06
9.48
10.02
9.47
10.51
10.25
9.88
9.55
9.05
8.90
10.00
9.06
11.22
10.04
9.68
10.10
10.80
9.42
10.80
9.14
8.66
8.39
9.94
10.22
9.22
11.02
8.79
9.89
9.41
9.41
9.15
8.58
9.05
9.47
9.78
10.09
9.16
9.60
10.08
10.58
9.88
9.22
9.67
10.14
9.41
9.94
10.79
10.23
11.40
10.98
10.29
10.65
10.24
8.89
11.18
10.01
9.48
8.81
10.59
10.13
11.30
8.98
11.07
10.35
9.52
10.00
11.08
10.82
11.23
8.92
10.46
9.98
9.54
10.04
9.45
8.87
8.95
10.43
9.96
9.49
10.51
9.97
9.44
9.78
8.84
8.94
10.69
11.15
10.25
11.00
9.11
10.41
10.08
9.04
9.12
10.02
9.65
11.06
9.06
10.02
10.83
9.84
9.55
9.17
10.22
9.82
9.40
10.09
10.89
8.90
9.80
9.50
9.66
10.19
9.78
9.67
10.16
9.76
9.62
8.88
9.44
9.02
10.59
10.09
10.20
10.75
10.29
10.17
9.22
10.49
9.71
10.19
9.37
10.58
9.80
10.23
9.51
9.05
9.36
9.97
10.45
10.92
11.40
11.34
9.77
10.28
10.81
10.33
9.12
10.41
10.92
10.21
9.70
8.93
9.42
9.79
10.05
10.02
10.60
10.48
9.25
11.18
10.22
9.74
9.02
9.39
9.84
10.25
10.55
10.47
11.04
10.02
10.51
10.47
10.69
9.71
9.41
9.49
10.02
11.20
9.38
8.82
10.80
9.90
9.45
9.66
9.16
9.72
10.18
9.18
8.95
10.13
9.65
9.21
9.75
10.12
9.25
9.32
9.79
9.84
10.57
9.27
9.74
11.04
9.71
9.49
10.00
10.31
10.45
8.78
9.24
8.93
9.74
10.18
9.48
10.06
9.25
8.95
8.80
9.75
10.18
10.46
10.77
11.18
10.95
9.52
10.08
10.32
10.19
11.16
9.42
9.40
10.24
9.33
9.15
10.22
9.68
10.59
9.81
11.23
9.13
8.85
10.01
9.80
10.19
10.92
9.42
9.98
9.47
9.41
9.20
8.92
9.77
8.74
8.76
8.22
9.26
8.43
9.79
10.21
10.60
10.26
9.07
10.24
10.59
10.26
9.65
8.81
9.60
9.30
9.82
10.17
10.54
10.83
11.20
10.41
10.88
8.82
11.16
9.38
9.77
10.10
10.56
11.30
10.52
11.05
10.10
10.54
9.78
10.29
10.70
11.04
11.18
10.09
10.54
10.71
9.93
11.00
11.13
9.47
9.10
9.91
9.42
10.45
9.60
10.10
10.61
10.96
11.11
9.89
10.42
10.61
10.96
11.11
9.61
10.09
8.82
10.06
10.56
10.51
9.82
10.20
9.93
9.24
9.41
10.99
9.81
9.24
9.45
9.91
10.37
10.40
10.80
9.86
9.22
9.79
10.26
9.86
9.79
10.26
10.42
8.88
9.52
9.81
10.33
8.83
9.49
11.05
8.90
9.78
8.91
9.37
9.84
10.19
10.58
10.24
9.59
9.41
8.49
11.21
9.49
9.09
9.90
10.39
10.38
9.11
9.71
9.46
9.07
8.54
9.11
8.62
9.68
9.43
9.05
9.69
10.07
9.48
9.06
9.93
10.34
10.69
10.85
10.58
9.76
10.30
9.51
9.07
9.97
10.34
10.68
9.83
10.29
9.10
10.66
11.05
10.45
11.21
9.76
9.41
10.26
10.32
10.26
10.69
11.04
10.36
9.71
9.89
10.32
9.78
10.31
9.89
10.41
8.92
9.90
9.50
9.37
8.51
8.94
9.38
10.84
8.90
9.84
10.28
9.40
9.89
10.58
9.22
9.69
10.19
9.17
9.74
9.68
9.23
9.85
10.59
10.21
11.10
9.32
9.45
11.18
8.40
10.57
10.31
11.68
10.76
11.25
11.29
10.11
9.57
10.62
11.22
11.28
9.53
10.47
10.28
11.10
10.08
11.16
9.44
9.92
10.28
9.26
9.41
9.22
8.85
10.15
9.66
10.03
10.58
8.92
8.91
9.85
9.79
9.51
9.07
9.23
8.68
8.93
9.84
11.48
9.85
9.53
10.94
9.50
9.05
8.57
8.72
9.80
10.30
9.80
9.39
10.36
9.53
9.93
9.10
8.58
8.77
9.07
9.98
9.68
11.00
10.60
8.87
10.85
11.29
9.99
10.25
10.72
9.71
10.09
9.32
11.45
11.27
10.46
10.95
9.44
10.00
10.59
11.44
10.69
10.17
11.45
8.56
9.09
9.93
9.64
11.12
10.90
10.30
10.43
9.95
10.44
10.87
10.21
9.13
9.98
9.72
9.50
9.96
9.02
9.15
10.02
9.81
10.54
9.51
9.95
9.03
9.19
11.27
10.38
10.82
9.98
9.85
10.46
10.37
11.20
9.02
10.15
10.62
9.98
11.19
10.45
10.80
11.30
9.33
9.40
9.86
9.60
8.70
10.15
11.02
9.97
11.01
10.39
10.07
10.97
10.54
11.05
10.18
10.58
11.34
10.39
10.79
10.09
11.48
9.40
8.51
8.99
11.13
10.93
10.04
10.17
9.58
9.56
11.13
10.56
9.82
9.29
9.05
9.08
10.35
10.89
10.25
9.66
10.88
9.74
10.28
10.64
10.84
11.29
10.41
10.12
10.50
10.77
10.94
11.37
10.59
11.02
11.37
9.40
11.04
10.71
8.84
10.11
9.81
9.45
10.98
11.00
8.69
9.96
10.60
10.35
10.33
10.89
10.77
9.57
9.49
9.07
10.00
11.15
10.51
11.03
11.48
11.32
10.10
9.14
9.14
9.58
10.05
9.28
9.70
10.17
9.19
9.70
10.04
10.30
10.51
10.01
10.59
9.79
10.25
10.44
11.01
9.35
9.83
10.40
10.95
11.36
10.79
11.33
11.47
10.90
10.32
10.81
9.90
10.29
9.72
10.51
9.62
9.08
9.94
9.09
9.41
8.78
9.16
10.59
9.67
10.11
8.77
10.32
9.42
8.87
8.52
9.87
9.47
9.15
10.00
10.08
10.59
9.10
9.20
9.64
9.11
11.11
9.84
10.26
10.56
11.33
9.81
10.30
10.76
11.02
9.85
10.42
9.39
9.10
9.42
9.87
9.95
10.99
8.81
10.12
10.48
10.37
11.06
9.94
9.42
10.86
9.89
10.36
11.00
8.87
10.10
9.47
10.01
8.71
9.58
9.29
9.08
10.20
9.65
10.20
10.08
10.58
10.90
10.08
10.58
11.20
9.10
10.47
10.16
9.69
9.09
8.88
10.09
10.56
10.48
11.09
10.03
10.56
9.67
9.46
9.89
10.60
10.31
10.20
10.62
8.59
11.27
10.84
10.89
10.28
10.50
10.74
9.79
10.13
9.40
10.58
8.76
11.54
9.45
9.47
9.95
11.04
10.19
10.48
10.01
10.48
10.27
10.54
9.97
9.41
10.91
9.59
9.95
8.84
9.06
10.37
11.06
9.65
8.87
9.45
8.57
10.84
8.99
9.89
10.34
8.93
11.09
9.52
9.32
10.56
9.12
8.99
10.11
9.59
10.33
10.59
10.11
10.22
9.82
10.76
10.04
10.50
10.35
10.85
11.30
10.37
10.97
11.75
9.17
10.04
9.71
10.29
10.66
10.17
10.47
10.86
11.21
11.04
10.32
10.57
10.43
11.43
9.66
10.14
9.44
11.27
10.79
10.89
10.44
9.69
8.85
8.33
8.54
10.78
10.19
11.20
10.59
10.41
11.24
10.25
9.74
9.01
11.14
10.38
10.53
10.47
9.87
10.22
9.40
11.11
10.57
8.88
9.81
9.92
9.51
9.32
10.31
11.12
9.32
11.12
8.73
10.61
10.59
10.10
9.28
9.70
10.17
10.70
10.02
10.50
10.21
10.70
11.15
10.33
10.89
10.20
10.70
11.16
11.62
11.44
10.86
9.04
10.26
11.17
9.60
10.00
8.96
9.77
10.61
9.15
10.15
9.69
9.28
9.07
9.61
10.09
10.42
9.64
9.26
10.12
9.04
11.10
10.51
10.70
10.27
9.92
10.35
11.28
10.39
9.44
9.88
8.75
9.77
10.30
10.41
9.86
9.43
11.11
8.87
9.81
9.49
8.84
9.73
10.54
10.32
10.01
9.68
10.15
10.65
9.92
10.44
11.39
10.43
9.06
11.36
9.90
9.64
9.70
8.94
9.41
10.21
9.02
8.61
10.82
10.36
9.61
10.15
9.41
9.75
9.05
8.53
10.07
8.68
10.78
10.59
9.75
9.53
9.14
10.10
10.71
11.15
9.79
10.31
11.12
9.13
10.52
10.05
11.18
9.70
9.40
9.18
10.96
8.89
10.14
10.42
9.64
9.48
11.03
8.75
9.61
9.34
9.16
9.69
10.19
10.93
10.60
10.81
11.22
9.20
9.98
10.27
10.60
10.44
11.16
10.98
11.39
9.78
10.02
10.56
10.39
9.69
10.53
9.15
11.30
10.56
9.86
10.24
9.51
9.03
9.59
9.14
10.09
10.60
9.77
10.30
9.38
9.02
9.60
8.57
10.12
10.63
9.68
10.18
9.20
9.85
8.53
9.96
9.11
9.00
10.15
10.59
10.26
9.89
10.18
10.59
9.91
10.45
10.79
11.27
11.11
10.12
10.50
9.08
9.40
11.21
9.76
9.97
9.29
8.59
10.09
10.35
10.89
8.87
10.35
9.88
9.38
10.90
10.38
10.96
9.63
10.00
10.43
10.83
9.12
10.32
9.64
10.05
9.17
10.02
9.80
9.14
9.47
9.82
10.17
9.45
10.58
8.81
11.21
10.79
9.99
10.28
10.86
10.60
9.97
10.82
11.09
9.91
9.42
9.96
10.39
9.90
11.02
8.93
10.30
9.94
9.45
8.98
8.64
8.94
9.43
10.29
10.52
9.42
9.85
9.88
9.58
9.84
10.30
10.75
11.18
10.98
9.86
10.37
9.56
8.66
11.18
9.85
9.12
10.65
9.80
9.96
10.28
9.51
9.47
9.52
8.62
10.39
10.17
10.50
11.00
10.87
9.20
10.02
9.80
10.29
10.59
9.54
9.94
9.92
9.54
9.94
9.36
9.93
10.32
10.68
10.85
11.32
9.82
10.24
10.02
9.99
9.79
9.40
8.69
9.18
10.10
9.40
10.14
9.25
8.84
10.18
9.69
9.42
10.56
10.20
8.92
11.22
9.74
10.12
10.60
9.20
10.46
11.10
10.87
9.83
10.41
8.99
9.42
10.25
9.96
8.62
11.10
9.86
10.27
10.54
9.21
9.82
9.74
8.93
9.58
9.35
10.06
10.53
9.78
11.02
9.58
10.07
10.53
10.80
9.86
10.31
9.59
9.02
9.41
10.93
9.31
9.84
10.49
10.53
10.33
8.58
9.97
10.45
9.68
9.57
9.29
10.77
11.06
10.60
11.45
10.76
9.01
10.95
9.97
10.47
8.96
9.80
9.31
10.30
10.71
10.96
9.95
10.47
8.76
8.96
9.41
9.74
10.97
10.02
9.54
9.01
9.93
10.43
11.09
9.59
8.85
9.21
10.12
9.60
8.88
10.19
10.91
9.41
10.58
8.59
9.05
10.92
11.27
10.01
9.52
8.96
10.53
11.26
10.08
9.15
9.76
9.38
9.14
9.65
10.13
10.47
9.38
9.10
11.08
9.89
9.84
10.33
10.49
9.09
9.79
9.40
10.32
10.32
9.83
9.43
11.23
10.46
10.43
11.24
8.82
9.89
9.43
8.75
10.22
9.01
10.06
9.62
8.94
10.22
10.10
9.90
10.45
10.92
10.12
10.92
10.59
9.23
9.79
8.96
9.39
10.82
11.23
9.80
10.28
8.96
11.22
10.17
10.57
11.33
9.41
10.02
9.03
9.62
9.79
9.49
8.48
8.94
10.69
10.25
11.06
10.07
9.25
9.73
9.75
8.53
9.03
10.65
10.21
8.75
9.98
10.47
8.54
9.05
8.76
9.78
9.74
8.54
9.07
8.77
11.19
9.80
9.54
9.71
9.27
9.36
8.39
8.63
8.92
9.94
10.37
9.86
9.29
9.38
8.40
8.66
8.94
10.97
10.39
10.13
9.70
9.40
8.71
8.98
9.38
9.89
8.98
9.82
9.60
11.13
10.05
10.61
10.46
10.93
11.35
11.08
8.76
10.58
10.28
10.96
11.72
11.72
10.44
9.28
9.42
9.84
8.87
9.30
10.34
9.24
9.75
8.73
8.23
10.37
10.12
8.38
9.87
9.38
10.36
9.27
9.80
8.77
8.25
8.39
10.36
9.89
11.24
11.21
9.47
10.60
11.21
11.19
10.55
9.51
8.75
11.12
11.10
9.24
9.11
10.14
10.57
9.37
9.57
10.86
11.01
10.03
10.48
9.93
9.51
10.00
9.95
9.50
9.99
9.96
9.51
9.12
9.70
10.89
9.53
9.01
9.79
10.30
10.95
9.98
9.94
9.58
9.50
9.00
8.65
9.09
10.14
10.03
10.84
9.67
8.71
9.24
9.18
9.68
10.03
10.55
9.49
10.03
10.58
9.18
8.63
9.73
8.86
10.30
10.85
11.22
11.05
9.95
10.50
11.25
9.10
9.70
9.76
9.74
8.90
10.85
9.39
9.88
10.30
9.45
9.91
10.39
10.85
11.18
10.99
9.40
9.96
10.79
10.47
10.34
10.87
11.20
10.97
8.63
9.15
9.98
9.71
9.91
10.21
9.05
10.86
9.40
9.67
9.96
9.48
8.98
9.73
10.25
10.60
9.89
9.17
9.58
10.02
9.10
8.59
8.79
11.19
10.31
10.84
10.06
9.50
10.02
10.49
11.16
11.33
10.95
11.44
10.16
10.75
9.40
8.65
10.56
9.78
10.19
11.43
9.56
9.98
9.44
9.25
9.81
8.83
10.36
8.90
11.12
10.11
9.63
10.21
10.86
9.40
9.91
9.05
9.36
10.40
10.73
10.93
11.08
11.45
10.52
9.06
9.98
11.41
10.04
10.01
10.09
10.94
9.61
9.83
9.95
10.42
9.96
10.43
9.08
10.86
10.38
9.52
9.95
10.96
9.06
9.14
10.04
9.71
10.83
9.08
10.25
10.14
9.93
10.48
10.90
10.14
9.93
10.47
10.89
10.14
9.41
9.79
10.88
10.13
10.60
9.57
9.21
8.84
11.21
10.22
10.62
11.01
9.92
9.15
9.41
8.91
9.20
10.10
9.68
9.57
9.13
10.57
10.82
11.13
8.97
9.95
10.44
10.63
8.70
8.97
9.16
8.70
8.96
9.16
9.56
11.07
9.20
9.06
10.06
10.54
10.25
10.76
10.24
10.75
9.64
9.88
10.24
10.97
9.57
10.40
9.93
10.74
10.89
10.97
9.86
9.59
10.39
9.93
10.71
10.86
10.95
9.81
10.34
10.43
9.99
10.50
9.89
8.96
9.43
9.57
9.95
8.54
9.92
10.45
9.97
10.41
9.87
9.17
10.15
9.64
8.89
9.36
9.81
10.21
10.58
10.73
11.08
10.52
10.18
10.70
9.97
9.88
10.46
10.88
11.17
11.27
10.09
10.63
9.99
9.90
10.47
10.88
11.17
11.26
10.09
10.60
10.03
10.88
9.78
9.40
10.23
10.68
10.33
10.85
11.16
11.21
10.72
9.14
10.28
11.19
8.84
9.44
9.78
10.14
9.15
8.65
8.64
9.33
9.15
8.66
8.65
9.59
9.98
10.46
10.59
9.51
9.97
10.45
10.90
11.47
9.02
10.97
9.49
9.98
9.15
8.73
10.49
9.05
9.58
9.35
9.35
9.88
9.91
10.37
9.66
9.16
8.76
8.74
8.78
10.10
10.46
10.99
9.92
10.38
9.91
10.46
10.99
9.80
10.31
10.31
10.38
10.67
9.80
10.25
9.47
8.97
9.84
9.88
8.98
9.81
9.42
8.63
9.08
10.12
9.62
9.81
9.34
10.69
10.28
9.30
9.75
10.26
10.02
10.09
10.57
9.41
8.98
8.88
9.49
9.03
8.96
9.46
10.05
10.57
8.96
9.49
11.15
9.04
9.91
9.05
10.08
10.59
9.85
9.13
9.02
9.62
9.12
10.07
9.87
9.14
9.02
9.63
9.12
10.08
9.84
9.16
9.01
9.64
9.13
10.08
9.47
9.82
9.18
10.10
11.02
9.76
9.10
10.51
10.12
10.61
10.42
9.67
11.23
8.88
9.84
10.14
10.19
10.54
10.00
9.95
9.42
9.44
8.81
9.81
10.21
9.43
9.00
8.56
8.94
9.46
9.89
10.68
10.18
10.00
10.18
9.31
8.95
9.67
10.17
9.00
10.89
10.60
9.53
10.36
9.93
11.08
10.38
11.08
10.19
10.59
8.92
11.17
9.86
10.03
10.60
11.41
9.13
9.67
9.91
10.23
10.39
9.67
10.10
9.81
9.41
9.01
10.55
11.03
10.24
9.78
10.64
11.03
11.52
11.27
10.45
11.51
10.10
10.53
11.00
11.19
9.03
10.11
10.58
11.58
10.47
10.67
10.90
10.33
9.86
9.87
9.41
10.91
8.77
10.41
10.61
11.10
10.87
10.32
9.91
9.80
9.88
9.50
9.23
10.28
9.89
9.81
9.88
9.52
9.24
10.24
9.93
9.44
10.14
8.94
10.81
9.54
9.58
10.13
9.55
9.25
8.81
9.99
10.79
10.54
9.04
10.48
10.05
10.36
9.60
9.88
9.30
8.82
9.04
9.93
9.97
10.32
9.64
9.87
9.32
8.80
8.99
9.60
9.91
9.88
11.11
10.32
8.85
9.78
9.46
10.50
10.23
9.42
9.91
9.19
8.71
8.87
11.28
9.16
9.85
9.74
9.83
10.86
9.43
9.03
9.43
9.89
9.88
10.37
10.63
11.14
10.85
9.93
10.32
11.13
11.13
10.45
8.73
9.88
9.40
9.52
9.15
8.86
9.63
10.18
10.92
10.60
8.91
10.05
8.91
9.84
9.42
9.97
10.88
11.30
8.75
9.99
11.32
10.32
10.75
11.51
10.37
10.92
9.04
11.65
9.87
9.65
10.30
10.24
8.95
10.99
11.35
10.81
9.92
10.30
9.84
9.32
10.60
11.68
10.78
11.11
9.86
10.34
9.18
11.04
10.45
10.36
9.88
9.41
11.18
10.56
11.21
10.45
8.91
11.18
10.00
9.51
8.78
9.63
9.76
10.28
10.20
10.60
9.18
9.76
9.46
9.02
11.25
9.73
10.23
9.62
9.88
9.08
10.77
10.42
9.82
10.19
9.87
10.77
10.40
10.05
9.12
10.59
11.25
9.70
11.11
10.52
9.86
10.31
9.73
9.21
10.21
9.78
10.28
9.73
9.20
10.20
9.91
10.39
9.41
9.86
9.69
9.27
9.38
8.87
11.12
10.95
10.11
10.58
9.14
9.14
9.65
10.12
10.84
9.95
9.13
10.34
10.29
9.66
9.95
10.35
8.95
10.46
10.81
11.19
9.89
9.89
10.30
10.42
10.76
10.23
10.39
10.73
10.18
10.60
11.41
10.38
10.90
9.94
9.81
10.44
11.21
10.33
9.75
9.37
9.05
10.22
10.71
11.03
9.93
9.43
10.35
10.34
10.80
11.07
10.78
8.65
9.08
10.31
10.76
11.11
10.12
9.62
9.18
10.13
9.84
9.90
10.37
10.59
11.19
9.92
10.39
10.64
9.81
10.31
9.46
9.19
9.93
10.38
10.59
11.21
9.83
10.27
9.41
8.85
10.29
10.59
10.52
11.03
10.50
9.85
11.02
11.26
10.12
10.60
11.00
9.44
10.11
10.87
9.91
8.94
9.59
9.56
9.57
10.00
10.31
11.22
8.69
9.40
10.71
10.06
10.64
9.94
10.54
10.59
11.40
11.08
11.53
10.75
11.39
11.08
11.51
9.63
10.59
9.26
9.77
10.29
9.25
9.50
8.95
10.31
10.42
10.39
11.21
10.92
9.92
9.91
9.40
10.79
8.53
9.88
10.29
9.05
9.65
9.21
8.85
10.08
9.79
8.93
9.40
9.00
8.63
9.47
9.89
8.67
10.24
9.32
10.16
10.71
11.07
10.21
10.40
9.82
10.12
11.43
10.36
10.20
10.96
9.68
9.40
10.12
11.09
10.54
11.01
9.56
10.07
10.62
9.22
8.90
10.60
9.65
10.12
8.93
10.60
9.48
9.68
10.08
10.40
10.96
10.93
11.30
8.71
9.61
10.04
10.50
9.24
8.99
9.67
10.08
10.33
11.27
10.60
10.08
9.08
10.82
11.13
10.36
9.61
9.93
10.22
9.95
10.40
10.73
8.88
11.04
9.74
9.94
10.44
10.71
10.99
11.26
10.51
10.71
10.97
11.26
10.49
10.71
10.96
11.25
10.46
10.71
9.25
10.97
11.26
9.73
10.05
10.59
9.00
10.33
10.16
10.51
11.08
10.10
9.52
10.46
10.53
9.88
10.02
9.55
10.03
10.45
9.11
9.41
9.62
10.15
9.13
10.37
11.18
9.96
8.65
9.20
8.99
9.58
10.07
9.23
9.63
10.02
10.27
10.72
9.00
10.02
9.52
8.69
10.79
9.14
10.19
9.11
10.99
10.53
9.62
10.11
10.59
10.22
10.75
10.24
9.96
10.42
11.41
9.19
9.92
9.71
10.39
10.45
11.03
9.44
9.91
8.98
9.77
10.28
11.00
9.00
10.42
10.66
10.60
10.13
11.59
9.36
9.78
10.24
10.04
9.35
9.78
10.22
10.02
9.37
9.79
10.96
10.25
10.94
10.78
11.26
9.82
9.40
10.33
10.29
11.27
8.78
9.52
10.21
10.63
8.84
9.86
9.44
8.68
9.52
8.97
9.95
10.25
9.51
9.03
8.79
8.97
10.06
11.00
10.08
9.55
9.23
9.66
9.17
8.84
9.58
10.46
10.08
9.23
8.84
10.20
9.77
11.16
9.81
10.14
10.49
10.71
10.62
11.30
11.17
11.60
9.30
11.04
9.87
10.20
10.49
10.22
10.16
10.26
11.04
10.05
10.26
10.83
10.43
9.88
10.22
9.41
9.71
9.18
9.88
9.41
8.98
8.59
9.81
9.22
10.60
11.19
9.70
10.08
10.62
8.64
9.78
10.08
10.42
10.29
11.02
9.98
10.40
10.92
9.49
9.82
10.23
10.34
11.30
9.94
10.02
9.42
10.12
9.77
8.70
10.63
11.59
11.01
10.42
9.92
10.35
10.09
9.30
9.53
11.15
10.69
9.94
10.90
10.01
9.31
9.40
10.32
9.58
11.07
10.34
10.51
10.98
10.14
9.54
8.77
9.93
10.36
10.57
9.12
10.87
9.67
9.17
11.51
9.93
9.76
9.13
8.78
9.70
9.42
9.96
10.33
9.16
8.78
9.50
9.05
9.43
10.77
9.30
9.56
8.52
9.91
9.98
10.54
9.81
9.48
9.19
8.94
10.71
9.99
10.50
10.33
9.84
10.12
9.17
9.59
9.99
10.26
10.57
9.82
9.46
9.99
9.98
9.53
9.99
9.21
10.93
9.62
10.04
8.99
10.48
11.06
9.20
9.71
10.22
10.39
8.98
10.87
9.50
9.87
10.36
9.92
9.59
10.38
9.87
10.22
11.10
10.40
9.41
10.05
9.76
9.11
9.46
8.44
9.37
8.87
8.90
9.89
10.22
10.48
10.73
10.98
8.78
10.51
10.02
10.59
10.44
9.40
9.64
9.89
10.36
11.29
9.50
10.06
10.62
11.38
11.72
10.39
11.35
10.85
10.84
11.30
11.36
9.45
8.90
9.84
10.02
9.46
9.61
10.06
9.55
10.07
10.61
9.64
10.09
9.56
10.04
10.59
8.68
9.63
10.11
9.56
10.02
10.57
9.60
10.06
10.58
10.50
10.35
10.88
10.46
9.93
10.35
10.06
9.56
10.61
10.99
11.11
10.87
9.91
10.50
9.59
10.55
10.14
10.65
10.93
9.91
10.41
9.62
9.19
9.69
8.82
8.81
10.91
9.95
9.22
10.28
10.30
10.75
11.02
9.41
9.93
10.37
8.50
10.76
11.09
10.35
10.75
11.09
10.29
10.26
10.74
11.09
10.23
10.26
10.73
11.09
10.19
9.04
11.09
9.62
9.80
10.57
9.72
11.35
10.85
9.42
9.73
10.26
11.02
10.15
9.18
9.70
9.94
9.66
10.14
9.87
9.64
9.44
10.10
10.40
10.60
9.41
9.07
8.73
9.93
10.39
10.70
8.95
10.15
10.38
9.91
11.08
9.74
9.80
9.13
9.43
8.45
9.41
9.27
8.86
9.84
10.18
9.22
9.76
8.46
9.41
9.30
8.88
8.74
9.85
10.19
10.51
9.83
10.31
10.26
10.67
10.91
11.28
11.00
9.84
10.36
9.46
9.00
8.78
9.92
10.33
10.65
9.86
10.30
9.48
9.01
9.94
10.34
10.65
11.29
9.94
10.33
9.42
10.42
10.58
9.73
10.15
9.83
9.36
8.85
8.64
9.32
9.72
9.91
9.42
8.89
8.66
9.37
9.70
10.09
10.44
9.12
10.67
10.11
10.59
9.06
8.72
9.16
9.98
9.59
9.06
8.71
11.09
9.90
9.75
10.31
10.56
9.09
9.19
9.26
9.94
9.55
9.86
10.29
10.72
11.22
11.01
9.84
10.41
11.23
11.21
9.94
9.43
8.88
10.89
9.47
9.61
10.11
10.36
9.17
8.96
9.24
10.09
9.77
9.55
10.36
10.17
11.02
9.75
9.41
10.01
9.20
9.71
10.22
10.55
10.14
9.70
11.18
9.93
9.42
8.52
9.23
9.02
10.11
9.57
10.59
10.09
11.11
10.48
9.13
9.62
10.12
9.01
10.56
9.63
10.03
10.45
9.57
9.59
10.00
9.17
9.09
10.43
11.36
10.94
9.20
11.06
9.71
10.06
10.53
9.66
9.60
9.28
9.91
9.12
10.96
10.67
10.40
9.85
10.02
10.60
9.87
10.33
9.54
9.27
11.20
10.83
9.83
9.95
10.52
9.87
10.28
9.56
9.29
11.15
10.79
10.87
9.89
10.36
9.43
10.09
10.54
10.42
10.84
11.32
11.08
10.16
8.93
9.96
9.48
8.78
9.56
10.16
9.12
10.98
10.54
9.69
9.68
10.08
9.17
9.02
10.50
10.03
10.60
9.68
9.65
9.17
9.03
9.97
11.26
9.73
10.26
10.93
10.22
10.31
10.60
10.24
11.14
11.64
11.44
10.69
10.21
10.76
9.84
10.27
11.62
9.30
9.43
8.76
10.27
11.32
9.97
9.40
10.96
9.87
10.59
10.21
10.24
9.80
10.08
10.88
10.51
8.91
11.10
10.54
10.31
9.83
10.37
11.29
10.79
10.99
9.95
9.42
10.99
11.01
9.93
10.53
9.53
8.86
9.76
10.90
10.33
9.81
11.07
10.32
9.18
9.76
9.38
8.95
9.79
10.18
9.88
9.43
8.97
9.95
10.84
9.03
9.40
10.19
10.60
10.01
9.63
9.12
10.77
9.67
8.52
9.50
8.99
10.15
11.10
11.17
11.44
10.60
10.55
8.72
10.30
9.79
10.41
10.00
11.00
11.37
9.42
9.90
8.88
9.67
9.46
10.16
10.79
10.33
10.87
8.73
10.30
9.80
9.67
11.14
10.25
10.51
9.64
10.09
9.67
9.40
8.62
10.08
10.00
10.19
10.57
10.18
9.80
11.13
9.21
9.75
10.07
10.57
9.11
11.10
9.83
10.22
10.52
9.71
10.17
9.18
9.83
10.24
9.72
10.18
9.18
9.85
10.25
11.16
9.23
9.40
10.12
9.40
10.87
9.74
10.29
9.57
11.03
9.67
8.69
8.71
9.62
9.27
10.14
9.76
9.26
10.69
10.26
10.82
10.38
10.58
9.08
11.40
9.63
10.95
9.87
9.91
10.39
9.11
9.12
10.03
10.47
9.69
10.17
10.42
10.92
9.62
9.85
9.64
9.32
9.94
10.33
10.70
11.03
11.24
10.91
9.81
10.35
10.36
11.23
10.60
9.97
9.36
9.98
11.54
9.47
9.40
8.96
9.40
8.90
11.04
9.49
9.71
10.20
10.53
8.93
8.93
9.38
9.66
9.01
8.92
8.93
9.51
9.38
9.96
10.39
10.65
10.09
10.11
11.19
9.52
9.39
9.97
10.40
10.65
9.59
10.08
10.11
9.05
9.57
10.01
10.42
10.65
9.00
8.99
10.92
9.97
9.46
9.08
8.94
9.62
10.94
10.40
9.18
8.95
9.58
10.09
10.52
8.96
9.61
9.50
9.79
10.25
10.20
9.18
8.75
9.66
11.08
9.02
9.62
10.05
10.23
9.84
10.27
10.59
11.29
10.44
11.26
9.68
9.19
10.59
9.70
9.22
8.84
9.74
10.05
8.85
9.27
9.48
9.96
10.46
9.81
10.34
10.56
9.28
9.29
9.48
9.66
10.09
9.31
9.51
10.06
10.55
10.99
9.86
10.41
9.31
9.50
9.97
10.48
11.00
9.85
10.37
9.32
9.51
9.98
10.47
10.99
11.12
10.90
9.87
10.43
9.53
9.42
9.93
10.34
9.60
9.92
10.44
10.93
10.95
10.00
8.53
9.94
10.43
9.05
10.97
9.67
9.14
8.74
10.09
10.38
9.18
9.43
9.78
9.35
10.59
9.92
11.03
10.00
10.46
11.22
9.92
9.41
9.24
8.78
10.11
10.80
9.79
10.05
10.28
10.29
9.55
9.43
9.93
10.93
9.48
9.91
10.36
9.61
8.58
9.97
9.89
10.34
9.88
10.56
11.25
10.14
10.22
10.80
11.11
11.54
11.39
11.20
10.26
10.75
10.57
11.57
9.11
11.13
11.25
9.65
10.12
10.09
9.21
9.79
8.90
9.27
9.37
9.81
10.32
9.97
9.46
10.26
10.24
10.58
9.33
9.75
8.93
8.57
9.94
9.51
9.37
11.49
8.91
10.79
9.90
10.87
10.31
9.44
10.07
9.65
9.22
9.03
9.72
10.16
10.48
9.21
8.94
10.11
9.64
9.73
9.19
9.07
9.67
10.04
9.04
10.23
9.61
9.33
8.86
9.12
10.18
10.18
9.69
9.43
8.88
9.85
10.29
10.61
10.96
9.75
10.18
10.60
10.28
11.24
9.83
9.77
9.85
9.38
8.98
9.77
10.30
10.57
9.83
10.28
10.35
9.37
8.98
10.00
9.74
10.47
10.73
10.34
11.36
11.06
10.84
9.90
10.47
9.41
9.07
8.63
9.64
8.95
9.44
9.79
10.22
8.94
9.44
9.75
10.09
10.49
10.74
10.15
9.82
9.81
10.09
10.47
10.72
9.01
10.99
10.02
10.42
11.14
9.52
10.43
9.64
10.09
9.50
8.99
9.96
9.81
10.85
10.24
8.95
10.99
9.54
10.07
8.70
9.74
9.59
10.07
10.55
10.87
10.14
10.60
11.20
10.21
9.79
9.91
10.21
9.40
8.55
9.35
9.08
9.65
10.05
10.78
10.57
10.22
11.04
10.48
10.26
9.83
10.06
11.17
9.77
9.40
10.88
9.78
9.26
10.29
10.31
9.36
9.03
8.58
9.47
9.93
10.31
9.82
9.28
10.37
9.38
9.05
8.58
9.47
9.92
10.31
11.04
10.76
8.81
9.91
10.38
9.44
9.11
8.62
8.83
9.90
10.26
11.05
10.72
9.44
9.83
10.32
8.63
9.89
11.06
9.57
10.60
9.97
10.50
9.58
10.03
10.40
10.78
11.26
9.96
10.46
10.90
8.98
10.42
9.74
9.57
10.19
11.63
9.28
8.85
9.05
9.72
9.99
10.35
10.14
9.63
8.85
10.49
9.93
10.40
11.07
10.50
9.85
10.17
9.09
9.71
9.40
9.68
9.21
10.84
9.59
10.12
10.26
8.61
11.15
9.90
10.59
11.44
10.89
10.32
10.88
11.64
10.40
9.35
9.82
9.85
9.78
9.32
10.29
10.28
9.40
8.41
11.26
10.85
8.94
9.94
10.39
9.89
9.44
8.88
8.92
9.50
10.06
11.27
9.47
9.68
10.22
9.33
8.93
10.05
10.58
10.17
10.07
9.51
10.66
9.15
11.13
9.65
10.16
10.15
9.60
9.44
8.84
9.01
9.91
10.42
10.73
10.11
9.64
10.41
9.50
9.04
9.87
10.36
10.14
9.63
9.51
9.03
9.88
10.37
11.20
9.18
11.01
10.64
10.31
9.77
8.95
9.35
10.90
10.06
10.29
9.40
8.82
10.05
9.44
9.90
10.91
10.27
9.47
8.99
8.59
10.89
9.75
10.12
10.88
10.58
11.27
8.89
8.89
11.14
10.53
10.17
10.36
11.16
9.88
9.97
9.62
10.01
9.09
9.39
10.53
10.80
10.46
10.53
10.76
11.28
10.79
11.30
9.17
11.40
10.12
10.48
10.25
10.74
10.95
9.64
9.65
9.84
10.35
10.12
9.79
10.30
10.08
9.22
10.31
10.89
9.74
9.88
10.34
11.25
9.33
9.11
9.83
9.80
9.34
9.11
9.84
9.88
10.22
10.32
10.71
10.22
9.45
9.96
9.48
9.97
8.84
9.72
9.46
9.56
10.04
9.72
10.03
9.57
10.74
9.88
10.29
9.04
9.67
9.14
10.04
9.74
10.06
10.24
9.29
10.27
10.59
11.25
9.99
9.91
9.40
10.76
9.87
10.25
9.60
10.84
9.39
9.90
9.14
8.92
9.68
9.51
9.97
10.06
10.58
9.08
9.67
11.11
8.76
9.16
9.69
10.07
10.46
10.55
9.22
9.29
9.77
10.20
10.53
10.91
11.26
10.49
10.53
10.92
11.27
10.53
10.91
11.03
11.27
10.43
9.87
10.23
11.28
10.24
9.40
9.41
9.58
9.10
8.54
9.51
8.97
9.10
8.64
8.65
9.74
8.66
9.48
10.82
9.85
10.20
10.11
9.43
9.76
10.59
9.89
10.04
9.40
9.71
10.57
10.99
11.07
10.16
10.50
8.99
9.56
10.06
10.88
10.96
9.71
10.11
9.56
9.99
10.43
10.94
10.82
10.95
9.64
10.02
10.35
9.57
10.88
9.41
8.53
10.78
10.09
10.18
10.49
11.03
10.60
9.16
9.69
8.97
11.36
10.86
10.30
10.04
9.76
10.24
9.82
9.30
9.03
10.13
10.10
10.57
10.65
9.89
10.29
9.14
11.26
9.44
10.33
10.41
9.85
9.30
9.73
9.58
10.07
9.64
8.71
10.18
10.58
9.09
9.55
10.74
11.12
10.11
9.87
10.54
10.15
10.68
10.56
11.08
11.25
10.09
9.75
10.99
9.95
10.39
10.85
11.10
9.93
9.02
9.41
10.85
8.64
9.86
10.37
11.10
9.21
10.62
9.75
10.28
8.98
9.56
9.91
10.81
9.90
10.33
9.80
9.43
10.79
10.30
10.88
8.92
9.51
9.01
8.64
10.10
10.07
9.59
10.12
9.56
9.14
8.72
10.53
10.80
10.08
10.16
10.60
9.16
9.57
9.16
9.13
10.05
10.18
9.57
9.17
9.14
10.06
10.51
9.14
9.15
9.71
10.26
11.18
10.58
9.54
10.41
9.96
9.00
9.44
9.93
10.41
10.38
9.93
11.08
11.35
9.40
10.49
11.35
8.91
9.99
9.78
9.49
9.61
9.49
8.80
9.98
10.45
11.20
10.04
9.91
9.50
9.90
9.42
10.02
10.00
10.48
10.07
8.72
9.83
9.98
9.45
8.97
8.48
8.74
9.89
10.59
9.89
10.34
9.73
10.65
11.20
10.26
10.02
9.32
8.46
10.43
11.32
9.68
9.14
8.37
8.54
9.28
8.90
9.49
9.04
9.65
8.91
8.69
10.09
9.83
9.68
9.27
8.93
10.20
10.49
10.97
10.57
9.88
11.10
9.97
10.51
11.34
10.54
10.00
9.43
10.24
9.77
9.31
9.59
9.21
8.25
8.78
8.39
10.01
10.40
9.02
10.10
9.60
8.85
10.92
10.34
10.27
10.23
11.06
10.60
10.11
9.87
10.60
9.44
11.29
10.86
9.93
10.32
11.45
11.28
10.88
8.78
10.00
10.47
9.89
11.11
10.34
9.44
9.97
11.03
9.98
9.99
9.53
11.25
11.02
10.47
10.78
9.97
10.45
8.93
11.22
10.50
10.08
9.58
9.52
9.72
9.22
8.89
10.17
10.49
10.05
9.53
9.73
9.23
8.90
10.17
10.51
10.06
9.77
9.26
8.90
10.19
8.99
10.50
9.97
9.59
10.27
10.36
8.97
11.05
10.55
10.03
10.60
10.01
11.32
10.79
10.30
10.73
11.31
10.53
11.02
11.54
9.85
10.16
10.69
11.53
9.15
9.40
10.00
11.19
10.81
9.79
9.36
10.31
10.73
8.69
10.11
11.39
11.06
10.85
9.98
9.45
10.41
8.79
8.95
9.47
10.03
8.84
10.51
10.18
9.13
9.72
10.24
10.30
9.02
11.14
9.79
9.80
10.31
9.12
10.98
10.18
9.67
10.54
9.14
10.11
9.40
10.69
10.88
9.80
10.32
9.18
10.13
9.69
10.18
10.77
9.27
10.24
9.80
10.08
10.15
10.41
10.60
10.12
9.83
9.35
9.61
10.08
10.61
10.04
10.63
11.18
11.56
9.34
10.88
11.31
10.32
9.93
9.41
8.98
8.90
9.47
9.00
9.56
9.97
10.03
9.72
9.55
10.03
10.59
9.08
10.13
9.61
11.22
8.74
9.17
10.07
9.16
10.17
9.69
10.02
10.95
10.35
9.39
10.59
10.82
11.12
10.30
9.20
10.38
9.69
10.08
8.97
11.07
9.65
10.12
10.45
10.13
9.64
10.16
10.69
10.64
10.93
9.81
10.35
9.10
9.03
9.42
10.83
10.84
8.65
10.35
9.09
10.99
10.20
9.69
9.60
9.32
9.74
10.24
10.86
10.04
10.57
10.27
10.76
11.10
10.09
10.59
9.77
9.31
9.78
9.32
11.15
11.09
9.70
10.06
10.53
11.06
10.05
9.78
11.00
9.82
9.43
10.29
10.99
11.01
10.02
10.44
10.81
10.43
10.81
10.33
10.40
8.81
9.64
9.45
10.17
8.60
10.31
10.37
11.08
9.40
9.87
9.11
10.58
9.65
10.09
10.58
11.35
10.88
9.96
10.39
11.14
9.08
9.68
8.76
10.57
9.19
10.14
9.83
9.51
9.32
9.40
9.82
9.56
10.14
8.44
9.80
9.00
9.58
10.07
10.09
9.57
10.49
10.84
8.79
9.20
9.57
10.09
10.57
9.49
8.81
9.25
9.09
9.69
8.83
11.11
9.28
9.75
10.26
10.58
9.50
9.27
9.99
10.48
9.72
10.31
9.55
10.41
10.99
9.99
10.38
10.79
11.15
10.39
9.90
10.01
10.51
10.77
11.15
9.90
10.38
9.46
9.98
10.48
10.69
11.13
9.82
9.46
9.24
9.97
10.47
10.67
11.12
10.84
9.92
9.59
10.47
10.58
11.11
10.81
9.90
10.44
10.54
10.82
9.94
10.32
10.48
8.91
9.52
9.02
8.61
10.81
8.97
9.85
10.33
10.93
9.85
9.53
9.94
9.57
10.14
9.85
9.58
10.15
9.76
10.13
10.17
9.73
9.97
10.41
10.79
10.56
9.10
9.60
9.82
10.13
9.48
10.59
8.93
11.13
10.56
10.06
11.24
11.25
9.40
9.97
10.29
11.03
10.32
11.21
10.97
10.55
9.61
9.04
8.47
8.91
8.64
11.00
9.90
9.95
10.38
11.21
10.61
11.57
10.43
9.67
9.67
10.13
11.02
10.41
10.12
8.93
9.91
9.66
9.52
10.28
9.99
10.49
10.76
11.12
9.59
9.51
9.76
10.03
10.58
8.80
9.67
10.23
10.24
9.96
10.36
11.32
10.72
10.98
11.47
10.18
10.16
10.73
10.44
11.42
10.76
10.61
10.61
11.14
11.54
10.42
11.31
10.28
9.94
9.41
8.65
9.77
9.31
8.45
8.92
8.66
9.72
10.15
9.36
8.99
9.79
9.40
10.94
10.22
10.35
10.41
11.16
8.80
10.71
9.83
10.24
10.21
10.65
9.19
10.12
9.42
9.83
9.26
8.41
10.66
9.30
9.76
10.14
10.58
8.72
8.99
10.93
11.40
9.86
10.35
9.39
10.36
9.83
8.72
9.43
9.10
9.88
11.12
10.92
10.33
10.58
9.06
9.67
8.75
9.57
10.14
9.78
10.15
10.60
10.78
10.22
10.74
10.45
10.92
11.34
10.26
9.78
9.81
8.93
9.43
9.85
10.10
8.96
10.18
9.40
10.54
9.73
9.25
9.88
8.53
10.39
10.60
10.86
10.31
10.26
9.80
10.55
10.99
10.27
8.81
10.82
10.33
9.84
10.93
9.41
10.83
10.30
9.82
10.24
9.30
9.84
9.93
8.88
9.47
10.82
8.77
10.07
10.60
9.44
10.01
9.54
9.00
8.80
10.01
10.07
9.66
9.53
9.51
9.11
8.86
9.93
11.10
10.47
9.50
9.96
10.45
10.00
10.28
9.82
9.35
8.89
11.13
10.85
11.34
10.52
10.03
10.31
9.86
9.38
11.11
10.89
11.37
11.00
9.11
10.08
10.43
10.33
10.89
11.38
10.50
10.31
9.69
10.88
11.37
8.95
11.02
10.00
10.81
9.80
9.84
10.22
9.97
9.50
9.09
10.89
10.39
9.79
10.19
10.00
9.54
9.13
9.34
10.75
10.86
10.36
9.81
10.06
10.58
9.10
11.45
10.25
10.96
9.56
9.96
10.49
10.23
9.83
9.46
9.11
9.85
9.78
9.83
9.06
9.48
9.40
9.98
10.43
9.82
10.31
10.79
11.12
10.84
9.89
10.26
8.69
9.15
9.76
8.90
10.78
11.17
9.36
9.78
10.22
10.63
9.76
10.26
9.11
10.09
10.23
11.09
10.65
9.90
10.14
9.14
9.56
10.00
10.46
10.58
9.43
10.02
10.58
10.45
11.37
10.88
8.79
9.23
10.32
10.92
11.19
9.76
10.16
9.13
10.05
9.49
9.83
9.44
9.84
10.02
9.85
9.82
9.41
8.96
9.89
9.58
8.80
9.37
9.90
10.17
9.31
8.94
8.80
10.38
10.59
10.80
10.24
10.68
11.17
10.27
11.17
10.69
9.15
11.21
10.61
11.53
9.75
9.72
10.23
9.51
9.13
8.87
9.91
10.32
9.65
10.20
10.25
10.52
10.37
10.73
11.04
8.87
10.99
10.00
10.16
10.37
10.39
9.42
8.48
10.03
9.48
9.59
10.04
9.39
9.26
10.22
10.19
10.59
10.50
9.92
10.48
10.18
10.70
11.38
11.04
10.86
10.17
9.77
10.21
10.72
11.38
11.04
11.63
10.86
10.14
10.46
8.73
9.82
10.76
9.41
9.92
10.12
9.02
10.46
10.70
9.46
9.94
9.53
9.45
10.05
10.48
11.14
9.06
8.73
9.49
9.96
10.45
10.62
9.90
10.41
9.07
8.73
9.50
8.89
9.97
10.47
10.64
11.13
9.51
9.85
10.35
10.52
10.34
11.04
8.79
10.59
10.80
11.80
11.55
9.91
10.38
9.60
9.78
9.41
8.49
9.01
11.17
9.75
10.21
9.59
10.86
10.56
9.52
9.99
10.28
9.02
9.47
9.15
10.47
10.99
9.80
9.41
10.57
9.23
10.98
9.15
8.72
8.70
9.60
10.05
10.48
10.69
11.00
11.19
11.18
9.94
9.36
10.47
8.77
8.77
8.74
9.40
10.90
9.84
9.84
10.89
8.93
10.46
8.89
9.91
10.28
9.32
8.96
8.90
9.81
10.30
10.80
11.02
11.06
9.58
9.97
10.47
10.83
11.05
11.08
10.42
10.04
10.56
10.93
9.93
10.40
9.58
10.05
10.62
10.91
11.34
9.87
10.33
9.11
10.57
9.96
9.69
10.31
9.85
10.36
10.21
9.83
10.33
10.68
10.19
11.14
9.82
10.55
10.52
10.80
10.45
10.93
10.99
11.34
10.33
9.84
9.42
11.33
9.88
10.41
9.44
9.86
10.35
10.71
9.84
10.38
9.40
9.83
10.34
10.69
10.93
8.99
10.79
9.57
9.90
10.27
9.74
10.31
10.76
8.84
9.87
10.23
10.59
9.17
9.71
9.78
9.22
8.96
11.06
9.94
10.48
9.87
10.91
9.07
9.54
9.93
10.38
9.41
11.00
9.79
9.33
9.54
9.05
8.61
8.81
9.48
8.59
9.54
9.06
8.95
10.19
9.55
9.96
10.82
9.29
9.12
9.70
10.08
10.59
10.71
11.42
11.03
9.18
9.62
10.55
11.39
10.98
10.22
10.43
9.85
10.69
10.32
11.35
11.19
10.90
10.87
9.84
11.28
10.30
10.80
10.28
9.95
9.49
9.42
10.19
10.71
10.09
10.52
11.22
11.06
11.51
9.62
9.05
8.35
10.62
10.06
10.36
10.60
11.09
10.26
11.57
10.83
11.35
11.84
9.97
10.48
11.55
10.82
11.33
11.82
10.39
9.69
9.11
11.30
8.74
8.46
9.29
9.80
10.21
9.45
9.48
10.71
8.60
9.10
9.52
9.08
9.85
10.16
9.42
10.90
10.07
10.59
8.82
11.21
10.82
9.84
10.36
9.26
9.68
10.05
10.44
10.94
9.83
10.05
10.61
9.29
9.70
10.05
10.40
11.15
10.91
11.37
9.89
10.56
10.03
9.45
11.32
8.76
8.93
10.28
10.26
11.00
10.72
10.32
9.52
9.97
9.76
8.95
10.95
10.41
9.10
10.06
9.58
10.08
11.06
10.22
9.69
10.30
9.09
10.02
10.26
9.76
10.13
9.67
9.21
10.10
9.84
10.21
10.60
10.10
9.40
11.24
8.74
10.54
8.86
11.27
10.79
9.82
8.82
8.83
9.93
10.29
9.73
9.39
10.27
10.69
9.88
10.21
9.44
9.50
9.23
8.78
9.90
10.58
10.40
9.85
9.01
9.40
10.49
10.06
9.87
10.36
10.63
11.15
10.99
9.55
10.48
10.02
9.60
10.14
9.04
10.56
9.09
8.68
9.66
9.21
10.95
9.67
9.14
8.61
8.72
9.88
10.36
9.71
10.16
9.16
8.62
9.33
8.76
10.92
10.50
11.06
9.87
11.33
9.33
10.39
10.18
9.42
10.46
10.03
10.57
9.82
10.26
11.18
10.58
11.05
9.87
11.11
9.16
9.42
9.20
9.68
9.72
10.08
10.58
9.19
9.64
9.84
9.27
10.92
11.10
8.78
10.16
10.51
9.99
10.44
10.81
10.28
9.41
10.04
9.95
10.05
10.39
10.78
9.96
10.44
10.39
10.07
9.37
9.09
9.82
10.14
10.41
10.87
11.04
9.45
8.75
9.98
9.78
10.26
10.18
11.12
10.75
9.92
9.16
9.41
9.71
10.17
10.59
9.72
9.42
9.98
10.50
9.69
10.14
11.48
9.41
9.97
10.48
8.83
10.20
9.70
10.47
10.90
8.87
9.54
9.93
10.35
10.77
9.58
9.84
10.34
10.91
11.09
10.01
10.42
9.48
10.38
10.90
11.08
8.65
9.72
10.31
9.46
10.58
9.85
10.27
10.78
9.81
11.33
9.21
9.86
9.84
8.89
9.27
9.43
8.47
9.55
9.07
8.74
8.18
10.08
10.64
11.02
8.84
8.44
9.77
10.25
9.45
9.82
9.57
9.03
10.17
9.62
10.03
10.86
10.08
10.85
10.55
9.60
9.56
11.15
9.23
8.86
9.76
10.07
8.86
10.54
11.31
9.40
10.12
8.54
9.02
9.70
9.60
11.05
9.27
8.86
9.61
10.00
9.31
8.85
9.77
10.72
11.21
11.03
10.45
11.21
9.75
10.22
9.53
10.03
9.14
8.95
9.58
10.14
10.57
10.90
10.33
11.10
10.18
10.39
9.84
9.40
10.45
10.37
10.92
11.05
8.82
9.46
10.79
9.88
10.20
10.71
10.91
9.68
9.44
8.60
9.82
10.32
9.43
10.09
9.98
9.69
9.49
10.07
10.50
10.90
9.03
9.97
10.37
9.20
8.99
9.66
9.58
8.84
11.20
10.12
10.60
10.01
9.61
10.09
10.08
9.09
9.66
10.11
9.69
10.17
10.69
11.07
11.37
9.18
8.88
10.61
9.75
10.20
10.35
10.97
11.33
10.94
11.32
10.11
10.58
11.64
10.46
11.09
10.09
9.47
9.98
9.82
10.35
10.50
9.47
9.08
10.00
10.41
9.87
10.43
9.49
9.10
10.02
10.43
10.78
11.17
10.99
9.98
9.60
10.73
11.18
10.99
9.71
9.27
10.20
10.48
9.36
8.54
9.87
8.97
10.38
9.72
9.28
10.21
9.37
8.54
9.87
8.97
10.38
11.21
8.81
10.73
10.96
10.35
9.93
8.54
9.42
10.34
9.56
10.84
9.73
9.71
9.33
9.09
10.23
9.67
10.22
10.25
10.58
9.20
10.20
10.68
10.27
9.79
11.23
10.05
10.60
10.59
9.76
9.39
10.14
11.14
10.66
11.06
11.45
9.41
9.99
8.47
10.59
11.48
9.01
9.95
9.59
8.89
9.71
10.03
10.28
9.86
10.79
9.75
10.27
9.84
9.40
10.16
10.59
10.89
8.84
10.34
9.93
9.43
8.73
8.88
10.22
9.53
10.09
10.30
8.57
9.05
9.47
9.73
10.02
10.13
9.11
9.55
10.06
9.91
10.58
10.78
10.33
10.88
9.50
9.41
9.86
10.39
10.55
9.77
9.69
11.45
9.64
9.52
8.56
8.66
9.24
9.74
10.29
9.24
9.66
10.19
10.93
10.71
9.19
9.47
9.82
10.29
9.21
9.64
10.15
11.10
10.90
10.71
9.22
9.66
9.83
9.91
9.83
10.36
9.22
9.65
10.16
11.11
10.90
10.73
9.86
8.93
9.53
9.19
8.70
9.05
10.07
10.57
9.64
10.72
10.15
10.05
11.02
11.38
10.59
9.55
10.68
10.09
10.11
10.32
11.28
9.64
9.30
9.70
10.01
9.70
10.16
9.33
8.90
9.76
10.07
9.73
10.17
9.38
8.93
10.45
9.83
10.12
10.17
8.97
9.62
9.40
10.59
9.05
8.42
9.06
9.74
11.52
10.30
9.68
9.36
8.90
8.47
8.67
10.41
10.31
9.95
11.08
10.05
9.41
11.06
10.60
9.83
9.32
9.60
9.16
8.67
10.09
9.88
9.33
10.10
9.62
9.17
8.66
8.85
10.89
11.35
9.89
9.98
10.03
9.66
9.22
10.87
10.39
10.92
9.89
10.27
9.41
11.34
10.32
9.75
9.33
8.88
10.75
10.29
10.84
9.20
10.86
10.88
9.70
9.21
10.02
10.45
9.83
9.41
10.79
8.82
10.20
10.27
10.57
11.07
10.98
9.90
10.00
10.04
10.58
9.40
9.69
10.05
9.40
9.75
10.27
8.85
9.14
11.26
9.60
9.93
8.88
9.71
10.13
9.47
8.59
9.63
10.07
9.07
8.99
9.18
9.71
10.60
9.72
10.12
9.58
9.65
11.08
9.33
10.16
10.22
10.48
10.25
10.62
10.19
11.21
9.39
10.26
10.57
10.01
9.98
9.43
8.96
8.97
8.52
8.42
9.47
10.79
8.99
10.28
9.50
9.93
9.86
9.75
8.93
9.35
9.67
9.78
10.13
10.59
11.42
10.94
9.88
10.39
8.97
10.03
9.00
8.75
8.98
9.48
9.97
10.46
10.86
10.23
9.55
8.98
8.74
10.87
9.96
10.27
10.60
9.73
9.59
10.27
9.29
9.13
8.84
10.32
9.80
10.67
10.69
9.85
11.33
9.32
9.42
10.80
10.96
9.89
9.42
10.32
9.89
10.61
10.82
8.49
9.93
10.39
8.99
10.23
9.44
9.61
9.96
8.80
9.46
9.01
9.83
10.17
10.45
9.79
10.24
9.67
10.18
10.65
10.06
10.56
9.19
9.18
9.77
8.91
9.23
11.06
10.04
9.77
10.54
9.68
8.90
9.29
9.77
9.79
10.95
10.66
11.17
9.83
10.19
11.13
10.36
9.54
9.97
9.67
9.60
9.42
8.68
9.23
9.72
9.13
8.64
10.82
8.64
9.73
10.01
10.27
10.07
9.41
10.90
8.88
8.85
9.97
9.44
9.87
10.18
10.59
9.97
10.64
11.16
11.00
8.97
9.88
9.41
9.54
10.07
10.55
10.19
9.08
11.06
10.22
9.68
9.81
9.05
10.80
10.23
10.11
9.41
10.32
10.32
9.76
9.51
9.06
10.89
8.88
9.84
10.32
10.59
9.12
8.65
8.90
9.59
9.92
10.33
10.73
10.99
10.82
11.22
9.83
9.41
10.82
10.36
10.75
11.01
10.41
10.37
10.74
11.00
10.84
10.42
10.37
10.74
11.01
10.85
10.07
10.37
11.23
9.85
9.18
9.60
9.03
9.92
9.61
8.80
9.94
10.17
10.13
10.39
10.79
9.93
10.16
10.14
10.55
11.07
9.82
10.19
10.52
9.84
10.27
10.98
11.14
10.32
11.15
9.87
9.93
9.40
9.84
10.78
8.81
10.20
10.67
10.96
9.92
8.72
9.46
10.17
9.85
9.56
10.07
10.91
9.97
9.00
9.58
9.60
10.08
10.30
10.59
9.27
9.77
10.30
9.62
10.15
10.74
9.33
8.79
9.17
9.84
10.29
9.64
11.16
11.01
11.41
9.34
8.79
9.18
9.07
9.85
10.31
10.53
10.12
10.55
9.65
8.80
10.30
11.37
9.39
10.29
10.36
10.64
9.72
10.24
9.05
10.01
9.95
8.76
8.44
8.78
9.32
9.41
9.19
8.79
8.47
9.68
9.37
9.19
8.80
8.47
9.68
8.87
10.29
9.84
9.04
9.41
9.68
10.27
10.66
9.75
9.34
8.94
10.07
9.53
9.99
9.37
9.80
9.85
9.39
8.96
8.77
10.26
10.57
8.99
9.79
9.31
9.61
9.86
9.42
8.98
8.78
10.26
11.16
9.00
9.66
9.56
9.62
10.09
10.03
9.63
11.11
10.72
10.55
11.58
11.28
9.56
10.08
10.11
10.03
9.64
9.19
8.80
11.10
10.71
10.55
11.59
11.28
9.54
10.05
10.09
10.66
10.54
10.07
9.71
9.23
8.79
9.04
11.08
10.55
11.58
11.23
10.08
10.63
9.63
11.58
11.58
8.81
11.08
11.16
10.20
10.05
9.58
9.69
9.20
8.89
10.16
10.87
9.84
10.35
9.41
10.34
11.11
9.10
8.61
10.63
10.13
9.69
9.59
10.65
11.40
10.91
9.57
9.12
9.92
10.29
9.40
11.01
10.12
8.85
9.95
9.42
8.52
9.01
10.13
9.02
10.44
10.86
9.61
10.11
10.04
10.57
9.27
9.14
11.19
9.65
10.15
10.60
9.99
9.22
9.79
9.97
9.23
9.81
11.11
10.53
10.07
11.27
11.27
9.03
9.95
9.63
8.90
10.97
10.15
10.36
10.30
11.06
9.93
10.60
9.91
9.81
9.11
9.54
10.21
10.88
11.35
9.85
10.37
9.84
9.13
10.80
10.40
9.40
9.33
9.86
10.23
9.64
10.23
9.42
9.07
8.67
9.98
10.56
10.91
9.66
9.33
9.86
10.23
9.42
9.99
10.55
10.91
9.08
8.66
9.67
9.39
10.22
10.55
10.90
10.16
