9.06
10.81
10.32
9.58
10.62
10.80
10.31
9.56
8.54
8.58
10.10
8.95
9.41
9.09
9.70
10.73
9.17
9.91
10.30
9.65
9.13
9.94
9.86
9.23
10.22
10.59
10.75
11.25
9.82
10.30
11.10
10.20
9.70
9.27
10.54
9.76
10.25
10.47
9.59
10.93
9.96
10.41
9.29
9.88
10.05
9.90
9.44
9.10
10.08
9.65
11.07
9.95
9.40
10.58
8.85
10.04
9.73
10.32
8.85
11.38
9.77
10.24
10.97
9.38
9.45
9.80
10.22
10.52
9.20
9.03
11.10
9.68
10.11
10.62
10.91
9.86
10.37
9.71
9.11
9.69
10.06
9.44
10.71
9.80
10.25
10.59
9.40
9.63
10.03
11.23
9.33
9.78
9.07
10.22
9.11
10.05
10.79
9.67
9.34
9.10
10.16
9.21
10.49
10.91
9.24
10.41
9.23
9.69
10.07
9.10
10.79
11.07
9.53
9.95
10.37
9.41
9.65
9.36
9.19
8.83
9.70
9.38
9.87
11.00
8.84
9.81
9.37
9.80
10.10
10.54
9.34
9.58
10.08
10.47
10.88
11.23
9.42
8.57
10.92
9.03
10.00
9.67
10.15
8.96
9.89
10.12
10.36
9.55
9.67
9.45
9.92
10.37
10.71
9.76
10.26
9.66
9.48
10.33
9.21
10.61
10.60
9.64
10.08
11.01
8.87
8.87
9.21
9.71
10.17
10.50
9.26
9.28
9.65
9.70
10.14
9.26
9.65
10.10
10.54
10.74
10.94
9.84
10.36
9.42
10.91
8.97
9.81
10.02
9.38
9.82
10.29
10.43
11.01
9.53
9.94
8.92
10.83
10.30
10.23
9.14
10.78
10.98
9.64
10.00
9.68
9.30
9.05
9.72
10.08
9.71
10.28
10.59
9.69
9.35
8.96
9.27
9.04
9.67
10.04
10.39
10.19
10.17
9.24
10.03
10.56
11.24
10.28
9.81
9.94
9.41
9.07
9.82
10.30
9.89
9.41
9.07
9.83
10.30
9.45
9.93
10.33
10.35
8.78
10.10
10.59
9.22
9.65
10.06
10.90
11.20
10.36
10.77
11.18
9.90
9.93
10.14
10.56
10.41
9.82
10.14
9.21
9.43
10.99
9.96
8.92
10.32
9.90
10.48
9.68
10.10
9.49
9.12
9.90
10.31
9.50
9.12
9.90
10.33
11.16
10.43
10.82
10.93
9.53
8.72
9.16
8.96
9.63
9.86
10.30
10.06
10.67
10.09
10.55
11.46
10.11
9.94
9.70
10.92
10.10
10.37
9.75
10.29
9.23
10.64
9.78
10.29
9.42
9.92
9.43
9.79
8.69
9.16
10.76
9.71
9.25
8.86
8.74
9.69
10.29
9.89
10.88
10.11
9.54
9.91
9.73
10.60
9.60
10.01
10.27
9.67
9.24
8.92
10.08
10.94
10.46
10.00
9.16
8.97
10.22
10.90
10.46
9.66
11.13
10.07
10.04
11.11
10.89
11.31
10.41
10.49
9.95
11.29
10.05
9.09
10.93
10.76
10.40
9.96
9.54
9.20
10.06
9.82
10.29
10.80
9.80
10.26
11.10
10.73
9.33
9.83
9.41
10.23
10.72
10.58
9.97
10.35
9.00
9.61
8.79
9.21
9.13
10.60
11.32
10.02
9.57
10.44
10.99
10.90
9.52
10.31
10.96
9.15
9.62
9.00
9.88
9.96
10.58
10.08
9.95
10.44
10.84
11.16
10.41
9.87
9.23
11.13
9.74
9.54
9.13
9.76
9.14
10.15
10.04
10.51
11.13
11.02
9.78
10.15
10.57
9.81
9.62
9.36
9.80
9.62
9.36
10.06
9.29
9.43
10.85
10.90
8.94
9.89
10.08
10.37
9.76
9.51
9.46
9.83
9.36
9.20
9.00
10.20
9.02
9.82
9.62
9.78
9.33
9.98
9.43
9.17
9.22
10.17
9.82
9.53
9.07
9.41
9.92
10.59
10.34
10.78
9.88
10.34
10.29
11.07
10.82
10.33
9.84
9.28
8.94
8.60
9.35
8.55
8.89
11.06
9.73
10.16
10.48
10.00
10.45
9.73
10.25
10.69
9.54
10.98
9.05
10.98
9.67
9.67
10.03
10.42
9.59
9.10
9.74
9.05
9.54
9.55
9.42
10.76
9.61
9.11
8.59
8.19
8.42
10.05
9.69
8.68
8.23
8.47
9.69
10.03
10.18
8.60
9.57
10.03
9.12
9.23
8.71
9.16
10.74
10.38
10.67
9.03
10.46
9.55
9.57
10.94
9.61
9.54
10.11
10.11
10.11
9.18
9.07
10.50
9.65
10.13
10.87
9.93
9.69
10.15
10.35
10.13
10.51
9.73
9.29
9.72
9.76
9.34
9.76
10.70
10.18
10.10
9.27
10.42
10.60
11.04
10.15
9.73
9.60
10.34
10.57
10.18
10.57
10.82
11.03
10.35
10.49
11.04
9.83
10.25
9.41
8.69
9.20
9.73
9.70
9.34
9.75
10.17
10.78
10.58
10.71
11.03
10.32
10.26
10.09
10.99
9.56
9.95
9.83
10.21
10.45
9.15
9.81
9.15
9.61
9.98
10.46
9.85
10.23
9.40
8.89
10.48
9.92
9.70
9.31
9.61
10.04
8.91
10.11
10.37
10.72
10.29
9.14
10.11
9.68
9.19
8.98
10.71
10.23
10.93
10.45
9.28
10.12
9.73
10.35
10.59
9.41
9.28
9.69
10.21
10.66
10.80
11.29
11.29
9.42
9.90
10.82
9.81
10.27
9.49
9.96
9.63
10.07
9.40
9.19
8.79
10.58
9.71
10.06
9.41
9.81
9.27
9.69
8.98
9.55
9.84
10.17
10.84
10.18
10.59
10.20
11.07
9.88
10.46
10.16
10.92
9.31
9.80
9.15
9.99
9.51
10.13
10.72
9.72
10.16
10.50
10.90
9.03
9.79
10.10
10.58
9.43
9.81
10.24
9.49
9.81
9.86
10.26
9.81
9.87
10.25
11.17
9.53
9.17
9.08
9.64
10.14
9.73
10.14
10.51
10.38
10.46
10.83
10.98
9.58
10.35
10.37
10.18
9.87
9.30
8.97
10.85
9.48
8.65
10.34
9.78
10.24
10.67
9.72
9.86
9.25
9.00
10.60
11.47
10.96
10.01
10.44
9.92
10.37
9.41
10.82
9.85
10.39
10.81
8.86
10.21
10.97
10.01
10.32
9.73
10.13
10.56
10.92
10.76
10.21
10.58
9.72
10.11
10.53
10.68
9.72
9.42
10.28
9.28
9.71
10.15
10.81
11.20
10.67
10.82
11.20
8.77
9.74
10.26
9.89
9.30
9.73
10.56
10.48
10.38
10.32
11.23
11.04
10.85
9.11
10.51
10.03
9.28
9.77
8.85
9.12
9.57
10.06
9.30
9.74
10.24
10.84
10.25
10.21
11.10
9.90
10.11
9.62
10.07
10.55
10.59
10.06
9.62
10.07
10.54
11.46
10.01
10.44
10.38
10.30
9.55
9.92
9.08
9.43
10.86
8.72
9.16
10.13
9.66
8.98
10.20
9.98
9.65
9.40
10.73
10.06
9.60
10.44
8.85
10.75
9.67
10.58
11.23
11.12
10.07
10.37
10.49
8.94
11.11
9.77
9.51
10.18
10.06
10.36
9.85
10.24
8.78
10.95
10.05
10.26
10.34
10.12
10.99
11.01
10.60
10.31
10.14
10.98
11.01
10.60
10.85
10.84
10.82
10.28
11.08
10.07
9.76
10.58
10.83
9.79
9.41
8.56
10.10
10.55
10.01
11.15
9.87
9.24
9.70
10.19
10.83
9.01
9.49
9.84
10.55
10.25
9.89
9.51
9.50
10.38
10.65
9.85
10.22
11.01
10.62
9.72
9.40
10.13
10.72
11.19
10.86
9.88
9.02
10.35
9.80
9.89
10.36
10.44
10.10
9.82
10.30
11.17
8.85
10.10
9.82
10.30
10.14
9.76
9.80
9.52
9.18
9.16
8.69
8.89
9.88
9.50
9.52
9.52
8.73
9.18
10.79
9.70
10.22
9.11
10.97
10.58
9.70
8.87
9.28
9.74
10.12
9.50
10.57
9.91
10.31
9.45
10.92
9.93
10.42
11.21
10.16
9.41
8.58
10.86
10.36
9.05
10.11
9.63
8.98
10.56
10.20
10.42
9.21
11.01
9.70
10.45
10.04
10.45
11.14
10.81
10.45
10.42
9.19
10.42
11.09
10.69
9.86
10.18
9.46
10.56
8.93
11.38
10.93
9.47
9.50
9.97
10.41
10.04
9.60
9.51
9.56
8.81
9.52
9.53
9.26
8.83
9.03
10.89
10.83
10.35
9.87
9.76
10.55
10.20
11.14
11.16
11.11
11.04
11.45
9.36
9.90
10.42
10.95
9.45
9.46
9.99
9.14
10.04
10.45
9.65
9.58
9.67
9.24
9.14
9.70
10.82
9.97
10.10
10.53
10.27
9.87
9.31
10.59
9.74
9.69
9.27
10.82
11.19
9.86
10.29
10.78
10.93
11.32
11.18
10.51
10.89
9.85
10.97
9.48
9.22
9.92
9.43
9.93
10.41
8.91
9.50
9.43
9.59
9.97
9.62
10.07
9.60
10.00
10.88
9.93
10.51
10.30
10.51
9.72
10.16
10.69
9.12
9.73
10.16
10.12
10.73
9.63
10.59
9.30
9.74
10.21
11.02
10.50
11.16
10.74
10.93
10.40
10.01
9.79
9.43
10.86
9.19
9.04
9.97
10.41
11.00
9.51
9.80
10.81
9.63
9.16
10.30
10.34
10.79
10.94
9.74
9.42
9.25
8.91
9.90
10.31
9.73
10.15
10.72
10.92
9.36
9.89
9.87
9.89
10.22
10.60
9.45
9.83
10.24
11.23
9.40
9.05
8.73
9.54
10.03
8.75
10.75
9.80
10.22
10.20
10.65
10.97
9.83
9.85
9.35
9.41
8.91
9.87
10.23
8.97
9.58
10.60
9.90
10.29
9.75
10.42
10.20
9.00
10.26
10.43
10.77
11.11
10.30
10.41
10.75
11.11
10.30
11.10
10.03
9.23
9.85
10.26
10.53
9.25
9.84
10.21
10.71
10.75
10.97
9.80
10.33
10.75
9.90
10.22
10.10
10.58
10.74
9.72
9.17
9.40
8.80
10.85
9.23
10.09
10.44
9.72
10.13
9.69
10.14
9.19
10.03
10.78
9.85
9.56
9.22
10.25
9.44
9.92
10.02
9.96
10.03
9.99
10.90
8.95
10.07
9.81
9.46
8.85
9.04
9.31
9.66
10.10
9.69
10.09
10.04
10.60
9.90
11.17
10.54
10.55
9.26
10.48
10.72
9.83
9.86
9.34
9.57
9.08
10.05
9.76
10.30
9.35
9.58
9.08
10.05
10.67
10.46
10.83
10.89
9.89
9.42
8.77
10.53
10.86
10.91
10.33
10.42
10.83
10.28
9.83
9.22
10.74
9.42
10.18
9.76
8.92
10.00
10.45
10.58
9.81
9.49
10.41
11.37
9.16
8.82
10.88
11.04
9.01
9.98
9.76
9.42
9.18
8.82
9.01
9.73
10.10
10.48
9.61
9.36
9.72
10.12
10.44
10.86
9.60
9.24
10.85
9.72
9.03
9.90
10.36
11.06
10.55
10.21
9.86
9.47
9.07
9.57
9.81
8.81
10.14
10.11
10.60
10.94
10.57
10.52
11.25
9.82
10.28
10.80
10.31
9.13
9.48
9.88
9.42
10.16
8.94
10.08
10.57
10.87
10.48
10.19
9.97
10.49
11.12
10.80
9.89
10.36
9.52
9.42
11.13
11.14
9.00
9.90
9.56
9.94
10.40
10.03
10.46
11.28
9.54
8.98
9.09
9.62
9.84
10.27
10.87
10.31
9.26
9.02
11.07
9.80
9.47
10.18
10.79
10.34
9.88
10.37
10.56
9.82
10.22
9.88
10.37
10.55
9.83
10.24
8.75
10.38
9.99
10.26
9.81
10.94
10.00
9.42
10.10
10.57
10.30
10.54
11.04
10.00
8.92
10.29
11.15
10.52
9.93
9.49
8.77
10.53
10.01
10.41
11.33
9.07
10.09
10.08
9.76
9.38
8.91
9.08
10.48
10.16
9.68
10.07
8.94
9.82
10.32
10.14
9.82
9.90
9.72
10.57
10.21
9.11
9.18
9.56
11.23
9.78
9.43
9.08
9.41
8.60
9.00
8.93
10.27
9.80
9.99
10.77
9.49
9.29
8.99
9.64
10.14
9.76
9.46
10.26
10.69
10.55
9.04
11.14
10.69
11.07
9.57
10.05
10.54
9.68
9.48
8.92
9.06
11.04
11.13
10.15
10.59
9.34
9.18
9.82
11.02
9.37
9.21
9.08
9.88
9.58
10.10
10.07
10.53
10.66
9.57
9.29
10.97
9.70
9.50
10.16
10.19
10.58
9.15
9.96
10.39
9.67
10.83
9.22
10.34
10.14
9.69
9.68
10.28
9.06
9.50
9.16
9.94
10.40
10.66
10.23
9.93
9.82
9.16
9.97
10.25
9.21
9.64
9.41
9.95
8.93
10.45
10.60
10.53
10.88
10.96
9.48
10.43
9.72
10.16
9.51
10.83
9.13
9.58
8.85
10.05
10.76
9.27
10.13
10.23
9.73
10.13
10.14
10.46
10.76
10.08
10.55
11.11
10.49
9.42
9.88
10.22
9.67
10.00
9.46
9.24
9.06
9.70
9.47
9.93
10.39
9.71
9.55
10.08
10.54
9.12
9.57
10.03
10.35
11.12
9.25
8.89
10.31
9.13
10.02
10.48
11.09
10.18
9.72
9.66
10.45
9.40
9.41
9.85
10.25
9.99
10.84
10.39
9.40
9.68
9.38
9.59
10.07
9.18
8.74
9.69
10.70
9.46
9.77
10.22
10.79
9.99
10.59
9.32
10.21
9.95
10.13
10.53
10.29
9.88
10.98
9.42
9.72
10.10
9.21
9.66
10.12
10.52
9.69
10.04
10.51
9.95
10.42
10.86
11.14
8.88
9.69
8.87
9.25
9.69
9.87
10.92
9.50
10.05
10.38
9.89
10.30
9.19
10.07
9.42
10.81
9.85
10.27
9.83
9.88
10.32
10.33
9.71
10.23
10.67
10.95
9.44
10.77
9.09
9.01
9.88
10.97
10.31
9.50
9.64
10.08
9.63
9.22
9.05
10.11
10.46
10.11
9.66
10.21
10.58
11.17
9.13
9.67
8.89
10.55
9.30
9.19
10.98
11.02
9.70
10.01
10.44
10.13
10.41
10.16
10.95
9.45
9.96
10.28
10.44
9.89
9.41
11.10
10.69
10.91
8.82
10.32
9.79
9.75
10.16
9.40
9.15
9.88
9.47
9.90
9.05
9.82
9.44
10.00
9.62
10.14
10.02
9.86
10.44
10.86
10.04
10.57
11.21
9.19
9.71
8.88
9.21
9.60
9.76
10.20
10.56
10.85
9.27
9.73
9.88
9.32
9.41
9.76
10.18
10.76
9.02
10.57
9.55
9.83
10.20
8.92
10.51
10.88
11.03
10.05
9.66
9.96
11.00
10.43
10.82
11.26
9.98
10.40
11.24
9.94
9.24
9.84
9.10
9.83
9.08
10.01
10.33
10.75
9.46
9.20
8.80
9.95
9.76
9.50
9.05
10.18
9.92
9.56
9.09
8.87
10.14
10.54
9.51
10.09
10.60
9.19
8.99
11.29
10.89
9.57
9.70
9.77
10.28
10.17
9.11
9.59
9.96
10.14
10.13
10.57
10.03
10.55
11.02
9.84
9.97
10.14
10.41
11.15
10.92
10.94
10.02
9.26
10.44
11.10
9.80
10.17
10.42
9.40
9.73
10.01
10.44
10.05
11.02
10.50
10.87
11.24
9.59
9.14
9.80
8.87
9.56
9.14
9.48
10.71
8.70
9.15
8.98
10.16
9.57
10.87
10.08
10.60
10.26
10.31
10.07
10.64
10.18
11.14
10.56
11.46
9.83
10.12
9.73
9.23
10.31
10.03
9.74
9.23
10.29
10.04
10.41
10.61
11.04
9.21
9.76
9.40
10.74
9.92
9.54
9.41
9.95
10.20
8.41
9.65
9.47
8.99
10.46
10.73
10.16
8.56
9.10
10.14
9.66
10.33
9.58
10.07
9.53
9.03
10.31
10.61
10.03
9.63
10.06
9.52
9.03
9.04
10.29
10.60
10.01
9.66
10.03
9.51
10.60
10.24
10.56
9.99
9.45
9.13
9.68
10.63
10.71
10.19
11.21
11.02
9.49
10.09
10.42
9.98
9.14
9.00
9.70
10.65
10.24
11.15
9.41
10.88
8.79
10.40
9.99
9.59
9.59
11.05
10.10
9.91
10.80
9.42
10.31
10.01
10.04
8.97
10.86
9.54
9.99
9.58
9.12
8.86
8.88
9.55
9.88
10.57
10.27
9.88
9.44
9.08
8.85
8.91
10.30
10.82
9.09
9.88
11.14
10.17
9.66
9.95
10.76
9.95
10.49
9.63
11.20
9.84
9.03
10.05
10.49
11.11
10.72
10.27
10.40
11.11
10.72
10.26
10.90
11.09
10.89
10.71
10.28
10.02
11.09
10.88
10.71
10.28
10.29
10.06
9.77
9.30
11.08
10.85
10.70
10.29
9.08
9.08
10.67
9.54
9.91
9.06
10.21
9.50
9.91
10.28
9.09
10.60
10.73
10.98
9.53
9.97
10.47
9.80
10.26
9.59
10.95
9.11
10.41
10.42
9.60
11.17
10.00
10.39
9.87
10.30
10.83
10.03
9.87
10.30
10.83
9.42
9.79
10.26
10.61
9.92
10.02
10.58
10.92
10.35
9.33
10.55
9.79
10.25
9.02
9.31
9.71
10.13
9.44
9.82
10.79
8.70
9.74
10.16
9.81
9.71
10.24
9.23
10.60
9.71
8.95
9.86
10.18
9.52
9.97
10.40
9.42
9.85
10.15
10.59
11.11
9.42
9.86
10.45
10.07
8.95
9.60
9.90
10.45
9.44
9.99
9.32
8.96
9.05
10.06
10.56
9.35
8.96
9.08
9.96
9.35
9.99
9.36
8.94
9.07
9.53
11.06
9.41
9.74
10.18
9.19
10.45
10.74
10.93
9.66
9.64
9.89
10.34
10.49
9.12
10.82
9.59
9.94
10.39
9.57
9.41
10.98
9.74
10.83
8.89
10.30
9.48
8.76
10.64
10.96
9.30
9.05
9.66
10.20
10.25
10.51
9.15
10.59
9.99
11.29
10.89
9.59
9.66
9.13
9.45
8.97
9.88
10.05
10.33
9.90
10.27
10.50
10.96
9.23
10.17
9.84
9.32
9.70
9.04
9.45
9.86
8.70
9.83
10.32
9.81
10.30
10.24
10.59
10.76
11.06
9.20
9.89
9.70
9.39
10.14
9.89
10.54
11.02
9.88
9.53
9.93
9.98
9.56
10.49
9.91
10.43
10.94
11.25
9.42
10.06
9.63
9.50
9.97
9.05
10.44
10.89
9.16
8.91
9.99
9.56
10.41
8.96
10.83
10.81
9.58
10.79
10.16
10.18
9.34
10.14
9.70
10.62
10.59
11.41
10.98
11.04
10.44
9.24
10.97
9.82
9.23
8.98
10.91
10.10
10.41
9.77
9.42
10.35
10.13
8.76
10.23
9.40
10.83
9.84
10.12
10.33
10.99
9.72
9.42
9.24
10.58
10.92
11.30
10.00
11.04
10.43
8.92
9.97
10.00
9.50
9.52
8.98
10.76
9.84
10.30
9.49
9.43
9.48
9.21
8.95
9.77
9.02
10.00
9.81
10.36
10.07
9.59
9.74
10.60
10.24
8.93
9.12
9.33
9.59
10.47
10.01
10.24
9.69
8.94
9.61
11.11
10.36
10.52
9.91
9.63
10.03
10.50
11.27
10.99
10.83
9.49
9.85
10.39
9.85
9.76
9.40
9.34
9.69
8.91
8.54
9.71
9.18
9.37
9.68
8.94
8.56
10.00
8.83
10.28
10.80
9.94
9.46
9.40
10.31
10.20
10.31
11.00
10.65
10.27
10.33
11.00
10.66
10.23
10.34
9.21
9.07
11.00
10.62
9.65
10.13
10.56
11.33
10.86
10.25
10.23
10.67
11.01
9.15
10.07
9.67
10.05
10.60
9.68
9.39
9.95
9.46
9.42
11.11
9.41
8.98
10.00
8.46
8.55
9.04
9.84
9.57
9.87
10.15
10.55
9.03
9.96
10.15
9.62
10.18
10.62
11.01
10.04
10.47
11.14
9.64
10.89
9.91
9.41
10.02
10.39
8.85
10.98
9.93
10.08
9.67
9.24
8.75
8.90
10.05
9.54
8.76
9.60
10.74
9.72
10.23
9.03
10.57
9.78
9.54
10.20
10.17
10.67
9.82
9.37
8.95
9.07
9.80
9.37
8.95
9.08
9.65
10.07
10.15
10.61
8.95
11.23
9.84
10.25
9.94
9.75
9.82
10.07
9.86
10.56
10.25
10.61
9.28
9.62
10.15
10.83
11.19
10.52
9.51
9.15
9.82
10.22
10.52
9.53
9.92
9.17
10.17
10.82
11.17
10.53
11.04
11.03
10.22
9.42
9.92
10.99
11.15
10.32
10.55
10.03
10.54
10.28
10.35
8.92
11.14
10.56
10.02
9.53
10.84
10.33
8.81
9.68
9.84
10.77
10.45
10.17
10.96
9.19
10.51
10.06
9.72
10.59
8.98
10.41
10.73
10.20
11.01
11.41
10.63
11.45
11.04
11.02
10.60
9.80
10.30
9.67
9.15
9.29
11.02
10.59
10.18
10.42
9.94
11.00
9.30
9.10
10.40
10.43
9.99
10.56
11.12
11.14
10.94
9.59
10.00
10.06
9.54
9.28
9.98
9.19
10.39
9.73
10.14
9.72
10.78
9.27
10.34
10.48
9.71
9.79
10.18
9.11
9.41
9.93
10.40
9.84
9.41
10.14
10.57
11.25
10.71
9.10
8.79
9.96
10.31
10.77
10.30
9.63
10.35
10.57
10.21
9.87
9.18
9.43
9.43
9.77
9.49
9.90
10.14
10.69
9.75
8.95
10.16
10.05
10.87
9.56
9.90
10.31
10.46
10.04
10.56
9.43
8.72
9.07
9.04
11.09
9.57
9.79
10.17
9.81
10.20
10.13
10.46
10.11
9.89
10.19
9.43
10.49
8.92
9.69
9.43
9.97
9.54
9.21
8.98
9.57
9.98
10.24
10.83
10.57
10.01
9.04
10.02
10.77
11.05
9.91
9.47
10.38
10.82
8.85
9.99
10.33
10.02
10.98
10.39
10.67
10.86
10.33
9.92
9.25
10.81
9.74
9.43
9.86
10.31
10.23
10.73
10.95
9.55
9.43
9.87
10.31
9.51
9.12
9.06
9.60
9.91
10.20
10.96
10.60
11.28
10.90
9.27
9.07
10.04
10.40
10.94
9.67
10.18
9.11
10.77
9.54
9.92
9.65
10.20
10.05
9.83
10.31
9.19
10.60
9.83
9.33
9.10
11.11
9.92
10.37
10.54
9.91
10.27
9.90
9.40
9.13
9.89
10.33
10.77
11.12
9.97
9.46
10.34
11.00
10.79
11.14
10.32
10.99
10.78
11.14
8.78
9.94
10.41
11.13
9.74
10.61
10.28
9.81
10.06
10.75
9.84
10.31
10.95
9.14
9.56
9.43
9.99
10.37
9.89
10.03
10.38
9.92
8.91
9.81
9.51
9.17
10.13
9.45
10.81
9.80
10.59
10.13
10.70
11.16
11.11
10.40
10.54
9.06
11.13
9.79
9.52
10.24
9.66
8.93
10.89
10.32
11.01
10.72
10.80
9.94
10.34
9.78
10.59
9.82
9.40
9.05
9.85
9.49
10.12
10.59
8.77
9.91
10.35
9.64
10.06
11.09
10.61
9.85
10.83
11.24
9.70
11.24
10.21
10.55
9.76
9.43
9.15
10.07
10.54
10.75
11.04
9.89
10.38
9.41
10.48
11.02
9.23
8.88
9.67
10.09
10.55
10.37
11.23
9.89
9.46
8.81
9.59
10.28
9.04
10.13
9.64
9.63
9.74
9.25
8.97
9.16
9.93
9.72
9.77
9.31
8.98
10.13
10.94
9.85
10.58
10.24
10.26
9.01
9.44
11.25
10.79
8.68
9.91
10.28
10.68
10.97
9.94
9.77
9.44
9.04
10.09
10.56
9.91
9.43
10.39
10.84
11.36
10.91
8.85
11.10
9.91
9.48
9.05
8.65
8.87
9.48
8.64
9.82
10.52
10.30
9.56
11.25
10.51
9.24
9.10
9.69
9.78
10.89
9.94
9.22
9.86
10.41
10.29
9.42
9.79
10.39
10.30
11.22
11.02
10.76
10.28
10.77
9.23
10.01
10.24
10.10
9.75
9.03
10.60
9.81
10.61
11.18
10.21
9.89
9.28
9.43
9.79
8.91
10.02
9.55
8.69
10.13
10.08
9.93
10.06
9.91
10.76
10.42
10.56
10.12
9.56
9.14
9.17
9.07
11.04
10.49
10.14
9.74
9.70
9.22
11.08
9.97
9.30
9.77
10.81
9.69
9.40
9.86
9.36
8.85
8.41
8.63
10.20
10.82
9.73
10.30
10.52
10.89
10.13
10.18
10.09
10.60
9.53
10.03
11.18
9.78
10.27
9.63
9.11
9.29
10.77
10.73
10.15
10.42
11.06
10.26
10.30
10.92
10.33
10.32
9.15
9.99
10.29
10.45
9.56
10.37
10.71
11.04
10.90
10.34
9.19
10.15
10.32
9.70
9.56
9.96
10.43
10.62
10.22
10.36
9.42
8.65
9.11
10.77
10.00
9.54
9.91
10.24
9.72
10.22
10.22
10.40
10.72
9.91
10.13
10.59
9.27
11.00
10.41
10.39
9.76
9.97
10.84
9.08
9.74
9.41
10.17
10.87
9.89
9.43
10.40
9.86
8.82
9.23
10.62
9.76
10.26
9.95
9.08
9.46
10.78
10.30
10.21
9.71
10.34
10.75
10.99
9.52
10.14
9.13
10.59
9.97
9.58
10.15
11.26
10.13
9.66
9.13
10.85
10.01
10.39
9.25
9.83
9.57
9.28
9.41
9.77
10.23
8.95
10.64
9.48
8.80
9.05
9.26
10.59
10.12
10.56
11.07
10.92
11.04
9.64
10.43
9.55
10.41
9.91
9.81
9.64
10.25
9.93
10.35
9.85
9.18
10.76
9.74
9.88
9.43
9.03
9.33
9.89
9.80
9.03
9.34
9.89
9.80
9.03
9.36
9.88
10.80
9.91
9.42
8.73
9.18
10.02
10.17
9.70
10.80
9.99
10.43
10.03
9.98
10.80
10.42
10.02
10.60
11.16
9.30
10.00
10.23
10.32
10.77
10.93
9.80
9.27
9.20
10.04
10.58
10.69
9.43
8.92
11.10
9.80
10.25
10.22
9.48
9.48
10.00
9.10
9.57
10.21
10.54
9.06
8.86
9.64
9.01
10.02
10.56
9.98
10.39
9.98
10.39
10.57
10.90
11.21
11.01
9.66
9.21
8.90
9.62
10.12
10.43
9.31
8.92
9.59
9.95
10.40
10.77
10.30
9.78
9.48
9.41
10.77
9.58
9.99
9.28
9.13
8.77
9.83
8.79
9.74
9.33
10.07
10.57
11.39
10.92
10.99
9.42
9.86
9.33
8.86
8.75
10.15
10.46
8.98
9.97
9.59
9.94
8.96
8.84
9.80
9.18
10.12
10.33
9.70
10.85
8.89
9.82
9.64
9.24
10.28
10.03
9.77
10.28
11.08
10.68
9.37
10.17
9.42
10.57
10.10
8.66
9.12
10.59
9.61
10.07
11.32
10.92
10.32
10.30
10.75
11.13
9.91
9.67
10.11
9.27
10.17
9.82
9.08
10.49
9.74
9.42
10.06
10.33
10.58
10.13
10.02
10.51
10.95
8.88
10.25
10.14
10.76
11.34
10.05
10.52
10.94
9.51
11.02
9.98
9.99
10.42
9.01
10.82
9.99
10.87
9.53
9.13
8.85
10.29
10.29
9.15
10.56
9.71
10.21
9.41
10.70
8.56
10.11
10.99
10.67
9.04
9.64
9.71
10.56
10.15
8.89
11.32
9.71
10.78
9.69
10.23
10.07
10.89
10.26
10.59
9.40
9.93
9.70
9.14
10.38
9.47
8.97
8.61
9.92
10.37
10.93
9.75
9.44
10.25
8.94
11.11
10.01
9.55
9.98
10.30
10.07
9.57
9.54
9.95
10.22
10.53
8.70
9.04
9.06
9.56
11.22
10.04
9.11
10.46
9.70
10.05
10.90
10.29
10.44
9.73
9.86
9.42
10.32
9.49
9.98
10.48
8.88
8.39
8.58
10.82
11.23
10.97
9.42
9.84
10.57
10.26
9.42
9.45
9.95
10.61
10.35
9.80
10.25
9.45
9.97
10.33
10.59
11.25
9.80
10.26
10.55
9.77
10.20
9.43
8.87
10.10
9.44
9.64
10.09
9.34
9.72
10.74
10.44
10.26
10.10
10.76
9.30
8.85
8.99
10.57
10.14
9.34
8.85
8.99
9.85
10.38
9.61
11.10
10.32
8.87
11.05
10.48
11.23
9.05
10.80
10.97
10.00
9.54
8.91
10.97
10.53
9.79
10.05
10.57
10.15
9.17
10.83
9.72
9.86
10.28
9.70
11.04
9.40
8.75
9.94
10.06
10.21
10.56
10.95
9.86
10.19
10.12
10.53
10.94
10.07
10.57
9.40
10.03
11.18
8.91
9.80
9.65
9.22
9.91
10.18
9.51
10.12
8.83
9.80
9.37
9.01
10.34
10.63
10.79
9.07
10.60
11.12
11.32
10.92
9.51
9.97
10.32
10.39
9.95
10.51
9.08
10.87
9.97
9.55
10.42
9.86
10.19
9.15
10.89
9.68
8.79
9.38
9.04
10.38
10.04
9.40
9.80
9.18
10.50
9.74
10.18
10.32
9.19
10.84
9.56
9.99
10.02
10.46
10.19
10.46
10.01
9.15
9.67
10.71
8.92
9.31
9.71
9.73
10.20
10.26
10.58
9.41
9.93
10.35
10.68
11.25
10.84
9.85
10.32
10.36
10.69
9.42
9.37
9.82
8.77
9.70
10.18
9.70
10.76
9.44
10.59
9.82
11.09
10.21
10.56
10.50
9.32
10.94
10.20
10.95
9.80
9.43
9.15
10.25
10.33
9.87
9.42
10.76
10.24
8.90
10.59
9.69
9.44
10.16
10.17
10.56
10.63
9.83
10.26
10.18
10.57
10.65
9.79
10.24
10.18
10.58
9.74
10.21
9.01
9.30
9.05
9.73
10.17
10.57
9.59
10.15
10.54
9.28
10.21
9.13
10.58
10.91
9.26
10.98
10.11
9.56
10.54
9.58
9.12
9.24
9.67
9.12
10.01
9.79
10.24
9.79
9.41
10.23
10.32
10.69
10.94
9.45
9.91
10.35
8.96
10.95
9.45
9.86
10.27
10.51
9.20
9.14
9.70
10.01
9.50
9.90
10.09
10.74
9.84
10.31
10.15
10.97
9.43
9.95
10.34
10.55
9.73
9.14
10.16
8.75
9.24
9.59
10.00
10.57
10.17
8.76
9.82
9.64
10.60
9.34
10.80
11.22
9.83
10.29
9.43
9.00
8.96
10.10
10.58
9.44
9.76
9.72
11.09
9.84
10.18
10.83
10.47
10.19
9.84
10.22
10.69
9.14
10.17
10.26
10.71
9.95
10.83
9.86
9.33
9.42
9.86
10.23
9.63
10.19
10.63
10.75
9.13
8.72
9.95
10.31
8.93
9.57
10.54
9.23
9.09
10.10
10.60
10.39
9.27
9.48
11.44
9.26
10.33
10.91
9.30
10.36
9.70
10.34
9.88
10.32
9.61
10.17
10.97
10.70
9.93
9.19
10.24
9.77
10.22
10.96
10.68
10.21
9.70
8.94
9.35
10.97
10.66
9.79
10.15
10.58
9.47
9.30
9.70
10.05
10.31
10.06
10.29
11.20
10.18
10.76
11.03
10.38
10.59
9.95
10.63
10.30
10.25
9.82
9.42
8.83
10.48
11.02
10.11
10.02
9.88
9.43
10.39
10.51
10.46
10.85
11.22
10.96
10.11
10.40
8.98
9.87
10.08
9.43
9.15
8.79
9.02
9.82
10.31
10.70
9.66
10.24
9.42
8.79
9.23
9.22
10.59
9.23
10.58
9.23
9.65
10.04
10.94
10.35
10.15
10.36
9.41
9.48
9.01
8.63
9.11
9.98
9.60
9.93
10.42
9.98
9.02
9.94
10.43
9.86
10.19
10.88
9.25
10.59
9.25
9.76
9.89
10.35
10.12
11.21
10.61
10.82
9.84
10.32
9.52
9.14
10.10
10.59
11.19
9.80
10.26
9.11
9.41
10.58
9.14
8.80
11.09
10.93
10.08
9.80
9.65
8.82
9.81
10.53
9.44
8.74
9.42
11.00
10.01
11.21
10.43
9.03
10.11
9.61
8.94
9.75
9.15
10.07
10.47
10.89
11.12
9.60
9.79
10.32
9.66
11.10
9.83
9.05
9.50
9.97
9.42
10.60
10.28
9.92
9.61
9.15
11.15
9.76
9.41
8.98
8.57
9.15
8.74
11.30
10.20
10.00
9.77
9.80
9.12
9.40
10.04
9.21
8.93
9.60
10.01
10.16
10.79
10.58
10.70
10.79
11.32
11.32
9.05
9.05
11.10
9.61
8.85
9.73
10.50
10.22
9.43
9.29
9.12
9.98
10.47
11.18
9.15
9.72
10.26
9.91
9.51
10.40
10.40
10.90
9.96
9.96
9.59
10.26
10.30
9.99
9.63
10.86
11.00
10.40
10.90
9.92
9.41
10.35
10.70
10.98
10.33
10.06
8.78
9.76
10.27
10.92
9.42
9.43
10.59
9.41
8.96
8.81
10.35
10.90
9.81
9.41
10.28
9.48
9.00
8.84
9.94
10.50
10.75
11.19
11.48
8.88
10.24
10.83
10.15
10.66
11.17
11.46
10.18
10.71
9.77
9.42
11.19
10.18
10.65
11.13
11.43
9.83
10.42
10.59
9.11
9.83
10.39
9.33
10.71
10.00
9.97
10.58
11.10
11.30
11.19
11.01
9.95
9.59
9.56
9.21
10.03
10.07
9.58
9.22
10.04
10.08
10.05
10.47
11.09
9.14
10.87
9.62
9.97
10.41
10.81
9.72
9.85
10.31
9.52
10.05
10.46
10.76
9.87
10.18
9.17
9.57
10.03
10.45
10.75
10.18
9.70
10.82
10.60
11.15
9.23
10.03
9.74
10.13
9.74
9.31
10.16
10.53
10.89
10.56
9.80
10.16
9.52
9.57
9.40
11.01
9.99
9.02
9.51
9.09
9.66
10.10
10.51
9.96
9.58
10.02
9.26
10.18
9.80
10.75
9.56
9.84
10.28
10.65
10.55
9.79
10.26
10.62
9.43
9.68
10.13
10.94
9.90
10.38
9.40
9.18
8.79
10.15
9.69
10.09
10.53
9.43
9.82
9.98
10.13
9.43
10.34
10.66
9.35
9.82
9.67
10.13
10.59
8.93
9.56
10.97
9.37
10.17
10.46
11.13
10.05
10.51
10.17
10.09
10.61
10.87
10.31
9.81
9.01
9.57
9.08
8.79
10.77
9.10
9.89
10.06
10.29
10.90
9.90
9.63
9.97
10.23
10.59
10.62
11.07
11.11
10.47
9.84
9.41
11.02
8.99
9.50
9.21
9.06
9.55
10.84
10.05
10.16
10.61
9.85
10.30
9.45
9.09
10.90
9.64
10.40
10.39
10.01
10.55
9.82
9.20
11.08
10.14
11.38
9.80
9.66
9.68
9.31
9.05
10.50
9.81
10.11
10.10
9.05
9.46
8.71
10.76
10.79
9.91
9.13
10.29
9.71
10.09
9.82
10.28
10.15
10.71
10.54
9.83
10.20
9.25
9.44
10.13
10.89
8.96
9.91
9.58
10.06
10.33
9.89
10.35
10.07
8.77
11.02
9.61
9.49
9.20
9.09
10.32
9.74
9.41
9.79
10.14
10.76
10.58
9.82
9.84
10.23
11.08
9.79
9.93
10.45
9.96
9.64
9.44
9.06
10.01
10.42
9.91
10.45
9.44
10.81
10.93
8.71
9.16
10.07
10.43
9.73
10.22
10.63
9.71
10.29
9.37
9.09
9.86
10.81
9.47
9.12
9.44
9.91
10.79
9.89
10.37
10.72
9.87
10.28
8.87
10.58
11.44
10.37
10.98
9.90
9.65
9.28
9.47
9.89
10.41
10.46
9.03
11.06
9.99
9.54
10.65
10.10
10.62
8.91
10.60
10.04
11.18
10.87
9.96
10.40
11.14
9.93
9.81
10.56
10.07
9.42
10.44
9.07
9.64
9.19
8.81
11.01
9.71
8.81
10.18
10.47
10.28
10.39
9.75
9.46
10.12
8.71
11.01
9.05
9.74
9.67
10.52
9.13
9.63
9.90
10.59
10.31
10.44
9.59
10.09
10.97
11.47
11.09
10.59
11.29
8.95
9.39
9.89
10.10
9.76
10.23
10.81
10.67
10.06
10.56
10.65
9.56
9.41
9.29
8.36
8.81
9.13
8.62
11.08
9.71
8.86
9.31
9.71
10.13
10.51
9.38
9.32
9.66
10.82
9.39
9.32
9.95
11.21
11.00
10.40
10.90
9.83
9.93
9.42
11.20
10.98
10.39
10.88
9.83
9.93
9.44
11.20
10.97
10.38
10.87
9.84
10.40
11.22
9.99
10.29
9.71
10.17
10.67
10.76
10.08
9.79
9.42
9.15
10.51
10.06
10.58
9.61
10.05
10.40
9.37
9.91
9.11
10.43
10.59
11.05
11.47
10.92
8.91
10.35
11.06
10.20
9.79
9.46
10.00
9.66
10.48
10.19
8.74
10.50
9.48
9.05
10.20
9.58
10.85
9.47
10.00
9.62
9.16
8.98
8.89
10.14
9.98
9.57
9.55
10.60
10.25
10.03
9.23
9.84
10.76
10.38
9.58
10.11
9.77
9.26
9.05
8.97
10.72
11.13
10.30
9.61
10.46
10.05
9.13
8.99
11.17
11.17
9.67
11.00
10.47
11.02
10.93
10.55
9.86
10.32
9.64
9.40
9.10
9.34
10.98
10.89
10.12
10.46
9.56
9.27
11.53
10.54
11.08
11.13
11.08
9.14
9.93
10.49
9.38
9.90
10.44
9.88
9.42
9.87
10.45
10.94
11.04
10.98
9.64
10.03
10.47
9.17
10.24
10.76
11.01
10.91
9.63
9.97
10.39
9.14
10.54
10.15
10.33
9.86
10.70
9.47
9.42
10.26
9.54
9.90
9.08
8.74
9.10
9.52
9.72
9.09
9.87
10.13
9.64
9.46
10.54
9.88
11.25
10.82
9.95
10.35
9.96
10.72
9.83
10.30
9.44
10.13
8.88
9.86
9.48
9.21
10.74
9.53
10.20
10.22
9.76
10.19
9.60
10.15
10.61
10.89
9.77
10.23
10.60
10.88
10.16
9.10
10.54
9.60
9.73
11.16
9.30
8.98
9.77
9.14
10.51
9.70
10.02
10.43
10.56
10.24
10.74
10.88
11.04
10.41
10.04
9.93
10.22
10.99
9.82
9.42
10.47
10.47
8.75
10.91
11.22
9.20
10.05
10.88
9.70
10.15
9.81
10.32
10.45
10.70
10.22
9.90
9.41
10.68
10.27
10.71
8.81
9.47
9.76
10.15
9.77
10.21
10.63
10.04
10.57
10.60
10.56
10.95
11.38
9.73
11.01
9.29
10.51
9.74
10.13
9.13
10.01
9.81
9.42
10.29
9.17
9.61
10.02
10.50
9.74
10.22
9.15
9.60
8.95
10.43
9.58
10.88
9.93
10.30
10.76
11.11
9.44
9.78
10.22
9.78
10.56
11.39
9.33
10.20
9.75
9.79
9.15
9.47
8.92
10.94
9.81
8.91
9.15
9.45
9.91
10.31
10.36
9.42
9.89
10.74
10.75
10.86
9.98
10.31
9.00
10.48
10.05
9.56
9.82
9.67
8.83
10.17
10.94
9.99
9.77
10.30
10.59
9.33
9.88
10.34
10.75
9.78
10.28
9.34
9.88
10.34
10.73
9.34
10.82
11.20
9.84
10.29
10.30
10.56
10.97
11.04
10.54
10.01
10.93
10.77
9.88
10.39
10.50
9.41
9.69
10.14
9.29
9.45
8.93
9.91
10.30
10.52
9.23
8.86
9.69
10.16
9.41
9.02
9.81
10.18
8.89
10.90
10.31
10.38
9.86
9.43
10.32
11.14
10.59
10.82
10.84
10.24
10.73
9.75
10.07
10.39
10.59
9.15
11.01
9.63
10.09
10.42
10.56
9.76
10.06
9.97
11.03
10.95
10.39
10.71
10.08
9.95
11.01
10.92
10.34
10.67
9.99
10.30
9.94
10.98
9.70
9.40
8.77
8.36
10.33
9.43
9.98
8.63
9.41
9.74
10.20
10.81
9.92
10.59
10.24
9.85
10.14
10.56
11.10
10.23
9.77
9.97
9.51
9.68
9.08
10.10
10.41
9.92
9.68
10.49
9.09
10.98
10.79
10.33
10.49
9.44
9.74
10.17
9.99
8.89
10.30
9.95
9.51
10.81
10.23
10.16
10.42
11.03
10.58
11.39
9.73
10.90
9.45
9.81
10.31
11.00
10.74
9.21
10.14
9.66
10.74
9.42
9.82
10.25
10.93
9.61
9.41
9.31
9.78
10.60
10.27
9.14
8.76
9.71
10.16
9.89
10.40
10.22
9.71
9.91
10.21
8.77
11.05
10.45
10.20
9.41
9.53
9.86
9.54
9.98
9.00
10.43
9.14
8.92
11.17
9.57
9.91
9.06
9.97
9.63
9.05
10.85
9.51
9.59
9.95
9.61
9.18
8.75
10.41
11.02
9.07
9.66
9.70
9.34
9.77
10.28
10.58
11.30
10.72
9.90
10.18
10.57
9.54
9.92
9.07
10.56
10.43
10.91
11.33
11.09
9.42
10.05
11.08
11.33
9.48
10.40
10.89
9.97
8.71
9.65
10.05
10.55
9.43
8.97
9.15
9.93
9.79
8.99
10.99
10.72
10.34
9.95
10.77
9.75
9.41
9.67
9.84
9.25
10.89
9.76
9.20
10.30
11.10
10.13
10.64
8.92
10.15
9.92
9.54
9.64
9.37
8.82
9.02
10.72
10.42
10.09
9.39
10.05
10.57
10.56
10.39
11.08
11.36
11.01
9.16
10.40
10.60
11.01
11.37
10.93
9.64
10.07
9.39
8.98
9.93
10.38
10.48
9.21
10.45
10.89
10.91
10.11
9.68
10.37
10.34
9.98
9.80
10.20
9.77
10.88
10.39
9.48
9.41
10.36
10.81
8.78
9.92
9.58
9.17
10.07
10.76
9.77
10.22
10.50
10.65
10.59
11.02
10.12
9.89
10.43
10.81
9.92
10.91
9.45
10.36
9.91
8.90
9.72
10.89
10.04
10.59
10.12
10.27
9.85
9.58
9.42
9.89
9.16
9.07
10.05
9.46
9.21
10.36
9.69
9.48
10.13
9.82
10.32
10.60
9.55
9.34
9.84
10.26
10.72
10.83
9.33
11.19
9.80
10.18
10.78
10.58
10.76
11.07
9.40
8.70
9.20
8.99
10.33
10.09
10.53
10.19
9.65
11.03
10.50
10.06
10.47
10.15
10.59
10.90
11.22
10.02
10.60
10.89
10.20
10.89
9.12
10.37
10.01
8.89
9.68
10.65
10.15
10.29
10.48
10.03
10.60
10.39
10.19
10.69
10.62
10.86
11.33
9.74
9.41
8.80
9.70
10.16
10.34
10.28
9.42
9.27
9.00
8.98
9.93
9.56
10.11
10.13
10.06
10.55
10.87
9.69
10.13
10.57
9.31
8.99
9.64
9.19
9.75
11.07
9.37
10.17
10.57
9.74
10.47
10.04
10.50
9.79
10.26
10.74
10.01
10.46
10.26
10.74
10.91
10.87
10.25
9.28
10.36
10.79
9.77
10.14
10.77
10.59
9.89
11.09
10.12
10.50
9.88
9.57
9.23
9.43
10.86
9.92
10.95
10.13
10.58
10.86
9.64
9.80
10.35
8.92
10.53
9.75
9.42
9.40
9.89
9.30
9.00
9.67
10.16
9.39
10.27
10.82
9.07
10.38
9.48
9.92
10.23
11.11
8.94
9.09
10.36
9.69
10.01
9.15
10.60
10.32
10.71
10.18
9.99
10.56
11.27
10.26
9.84
10.07
9.40
8.82
10.58
10.40
9.31
10.59
9.41
9.48
9.89
10.22
10.20
9.70
9.13
8.84
10.39
10.61
9.52
9.99
10.26
10.37
10.59
9.44
9.02
8.94
9.92
9.63
10.08
10.96
10.37
10.95
9.86
9.76
10.18
9.21
10.16
10.60
10.79
9.83
10.14
10.57
9.98
9.31
11.06
9.83
9.33
9.45
10.02
9.50
9.02
8.61
8.95
9.92
9.47
9.04
8.64
8.96
9.56
10.24
10.57
11.15
9.88
9.91
9.21
9.18
10.19
10.35
9.79
10.78
9.44
9.82
10.30
10.59
10.22
11.23
9.94
9.40
8.67
10.01
10.04
9.74
10.24
10.02
10.85
10.12
9.34
9.05
10.58
9.41
9.84
9.74
10.13
9.80
9.74
10.15
8.84
11.07
10.17
10.53
11.24
9.93
9.44
10.45
10.42
9.99
10.04
10.82
9.07
10.35
10.23
10.13
10.97
10.68
9.88
9.62
9.67
10.14
8.91
9.36
9.73
9.64
10.09
10.54
10.11
11.18
9.79
9.85
10.57
10.23
9.51
9.12
9.06
9.72
9.52
9.13
9.08
9.78
9.53
9.13
9.09
9.83
9.45
9.25
8.64
8.81
9.40
10.96
8.65
9.46
9.75
10.41
10.22
10.34
9.52
10.89
9.91
10.71
11.12
10.32
9.77
10.31
11.13
9.93
9.04
9.63
9.62
9.34
8.83
8.87
9.84
9.12
10.51
9.63
10.09
8.91
10.59
9.43
9.89
10.37
9.53
9.08
8.83
8.91
10.02
10.95
10.47
11.34
10.86
9.91
10.31
10.91
9.50
10.00
10.20
9.73
10.10
9.12
10.65
10.56
10.40
11.20
10.82
11.09
9.85
10.47
10.28
10.33
9.85
9.83
9.42
10.34
11.02
10.30
9.47
9.94
9.04
8.63
11.13
10.70
9.89
8.83
9.70
9.23
10.38
9.41
9.07
9.96
9.01
10.28
10.43
11.04
9.92
10.27
9.55
10.04
10.59
10.80
9.30
10.04
10.16
10.33
9.83
9.34
10.69
9.43
10.26
9.90
9.08
10.44
9.67
10.06
10.33
10.66
9.49
9.79
10.22
9.96
9.68
10.25
10.58
9.07
9.69
9.37
10.18
9.30
9.94
10.45
10.75
11.01
10.31
9.88
9.10
9.41
9.95
10.97
9.77
10.22
10.41
9.95
8.83
10.27
10.42
10.67
11.17
9.82
10.26
10.80
10.88
9.84
10.32
9.42
9.83
9.68
10.14
9.60
10.05
9.16
9.04
9.61
10.10
10.06
9.66
10.09
10.60
11.23
9.69
9.10
10.79
9.98
9.89
10.34
9.54
9.44
9.15
9.14
9.87
10.21
9.68
9.69
10.72
9.49
9.15
9.76
10.17
9.15
10.08
10.52
10.56
9.89
10.35
10.70
11.02
9.41
10.99
9.24
8.85
10.12
10.35
9.68
10.56
11.04
10.07
9.65
10.04
10.85
10.22
9.83
9.43
10.11
10.30
9.91
10.26
9.74
9.76
10.24
10.32
10.09
10.61
10.86
8.97
9.48
10.75
9.92
10.31
9.05
8.79
9.06
8.78
9.14
10.44
10.82
10.12
9.66
10.59
11.12
9.31
9.75
10.19
10.20
10.52
10.59
9.72
10.93
9.65
9.40
10.43
11.15
9.28
9.80
9.09
9.64
9.83
10.16
9.47
9.96
10.42
9.80
10.34
10.10
10.59
11.46
9.21
9.65
9.01
9.97
10.78
10.95
10.26
10.42
9.30
9.73
10.09
9.33
9.09
10.82
10.13
9.75
9.41
10.26
9.78
10.28
10.65
11.02
10.77
9.81
10.27
9.48
9.82
10.31
11.04
9.71
10.13
8.81
10.59
9.86
10.30
10.82
11.20
10.33
9.85
11.16
9.45
9.11
9.43
9.83
10.06
9.97
10.50
8.92
10.98
9.76
10.20
9.41
9.12
10.95
10.22
9.87
9.50
10.22
11.02
10.80
10.89
10.62
9.94
10.39
9.94
10.03
10.52
9.03
9.61
9.53
9.61
9.16
8.93
10.27
10.58
10.01
9.07
9.64
9.98
9.16
8.94
9.93
10.09
10.04
10.82
9.85
10.32
10.06
9.41
9.72
9.16
8.48
8.70
9.23
8.92
10.00
9.41
9.61
10.52
9.42
9.74
10.03
9.15
8.94
9.57
10.07
10.60
11.27
10.87
10.30
9.93
9.93
10.41
9.03
9.55
9.48
9.95
8.80
9.24
9.11
10.12
10.58
9.45
9.26
10.02
9.25
9.56
11.03
9.30
9.14
9.68
10.06
11.25
10.44
9.55
9.21
10.42
9.75
9.03
10.09
10.12
9.70
10.12
9.68
9.22
9.07
10.11
9.88
9.43
9.22
8.87
9.48
9.25
8.87
10.60
9.80
10.20
9.36
9.02
9.64
10.30
9.83
9.10
10.85
9.90
9.47
9.26
9.41
9.82
10.29
9.82
8.91
9.52
8.65
9.08
9.00
10.74
9.43
9.89
10.12
10.55
9.95
10.38
9.72
9.55
10.73
8.96
9.82
10.26
9.53
10.91
9.69
9.84
9.35
10.36
9.65
10.54
8.88
11.16
10.18
9.81
10.55
11.24
9.79
11.03
9.99
11.01
11.16
10.95
10.45
10.92
11.11
9.83
9.95
9.40
10.81
8.82
10.27
11.08
10.66
9.84
10.27
9.47
9.21
9.88
10.23
10.60
9.83
9.49
10.18
9.87
9.03
9.60
8.94
10.50
10.25
9.75
9.15
9.74
10.37
10.18
10.93
8.89
9.83
10.20
9.19
9.77
10.38
10.23
10.93
10.26
9.88
11.21
9.88
10.21
10.58
9.60
9.86
10.34
10.03
9.67
9.33
8.97
10.58
10.88
11.29
11.45
9.20
10.22
10.38
9.78
11.02
9.98
10.18
9.82
10.69
10.37
10.90
9.89
10.17
9.81
9.48
9.03
11.00
10.67
10.87
11.20
9.82
10.39
9.05
10.35
10.21
9.94
9.62
9.33
10.91
10.69
10.75
11.14
9.38
9.24
9.86
10.44
10.49
10.60
10.75
10.16
9.83
9.85
9.63
10.37
10.91
11.12
11.00
9.99
10.41
11.19
10.85
10.90
9.71
10.13
10.44
9.34
9.26
9.72
10.57
10.13
10.25
9.81
10.84
9.39
9.95
9.32
9.82
10.39
9.84
10.31
9.35
9.40
10.69
8.98
8.93
9.82
10.22
10.88
9.44
9.15
8.99
10.57
11.20
9.53
9.99
10.81
10.22
9.03
10.89
9.71
10.44
10.10
9.61
9.30
10.57
9.72
10.18
9.69
9.30
10.15
10.62
11.10
9.77
10.27
10.57
10.05
10.54
10.78
10.93
11.29
10.48
11.30
10.44
10.87
9.41
10.83
9.51
8.98
8.80
9.94
10.38
10.82
9.03
10.79
9.58
9.05
8.79
9.88
10.29
9.55
9.19
10.39
10.74
9.74
10.07
10.57
10.01
11.07
9.30
10.22
10.58
9.94
10.42
10.78
11.00
10.30
9.96
10.43
10.79
11.00
10.41
9.82
9.40
8.54
9.03
9.97
10.13
9.60
10.14
9.26
9.14
10.93
9.71
9.98
10.35
10.07
10.73
9.43
10.24
9.80
10.51
10.60
11.39
10.04
10.90
9.87
10.32
10.27
10.76
9.87
9.41
9.07
9.43
8.73
9.83
9.20
10.18
9.73
9.07
10.06
9.78
10.12
10.69
9.82
10.05
10.27
9.24
9.41
10.88
10.10
8.93
10.60
11.13
10.76
9.87
9.37
9.42
11.12
10.73
9.26
8.96
8.78
10.05
10.34
11.11
9.00
10.45
10.33
9.69
9.59
10.02
9.83
10.23
9.49
9.15
8.86
9.10
10.40
9.74
10.03
9.93
9.42
10.71
10.33
10.29
10.18
8.99
9.96
9.52
9.57
10.59
9.81
10.20
9.92
10.89
9.61
10.05
10.30
9.63
10.00
10.45
11.04
10.12
9.65
10.03
10.46
10.14
10.47
9.19
9.67
9.78
9.66
9.27
9.06
9.94
9.77
9.38
9.09
10.15
10.81
9.79
10.23
10.54
9.82
9.43
9.11
10.25
10.70
9.89
9.43
10.33
10.30
10.71
8.80
10.19
11.08
10.46
10.28
11.09
11.36
10.18
9.80
9.16
9.86
9.43
10.89
10.90
10.16
10.40
9.72
9.78
10.85
9.48
9.15
10.31
10.03
8.93
9.99
9.56
9.56
10.02
10.00
10.55
10.48
9.55
10.04
11.51
10.40
11.67
10.73
11.19
10.94
9.97
9.19
10.31
9.65
9.76
10.16
9.83
9.48
8.75
10.72
9.32
10.19
10.18
10.55
10.84
9.87
10.14
10.59
9.63
9.41
9.78
9.58
9.18
8.95
11.10
9.61
9.90
10.35
10.50
9.00
9.64
10.44
11.25
9.06
10.11
9.64
8.80
9.65
10.44
9.97
10.23
9.42
8.49
8.96
10.17
9.84
9.44
8.90
10.60
10.25
9.82
9.45
9.39
8.92
9.74
11.26
9.06
10.13
10.05
9.63
9.71
9.02
10.60
10.26
9.24
9.92
10.39
9.25
10.28
9.82
9.97
11.02
9.42
10.22
10.40
11.17
8.87
10.50
9.95
9.49
10.05
9.92
10.38
9.90
10.32
9.84
9.13
9.63
10.14
10.87
9.80
10.58
10.24
9.20
9.66
10.58
11.47
11.07
10.32
10.93
9.20
10.46
10.18
9.69
9.01
10.82
10.83
10.23
10.43
10.73
9.80
10.09
10.60
9.41
10.09
10.20
10.40
10.26
10.18
10.37
10.22
9.17
11.13
9.19
8.67
10.14
8.86
10.54
10.13
11.21
9.45
9.77
9.43
9.98
9.85
9.42
9.96
9.74
11.00
9.37
9.87
8.99
9.96
9.47
9.92
10.46
10.49
9.15
9.89
10.34
10.60
9.79
10.64
10.28
10.91
10.98
9.89
10.31
9.64
10.92
11.00
9.99
10.48
9.25
9.77
10.22
10.95
9.20
11.01
10.46
10.24
9.85
10.33
10.76
9.40
9.83
10.80
10.97
8.90
10.32
9.42
9.44
9.93
10.94
8.98
9.00
9.52
9.09
9.93
9.63
9.08
10.08
10.46
9.92
9.92
10.33
9.06
10.85
9.93
9.90
10.30
10.67
11.02
9.84
10.30
9.07
9.44
8.76
8.67
10.09
9.99
10.36
9.50
10.70
9.82
10.18
10.57
11.24
9.30
10.84
9.75
10.06
10.36
9.41
9.71
10.02
9.29
9.66
10.14
9.75
10.02
9.33
9.69
10.15
9.75
9.99
10.39
10.61
10.57
8.92
10.56
10.83
11.06
11.10
10.26
10.46
10.57
9.48
9.52
9.33
8.99
8.77
9.50
9.78
9.35
9.00
8.77
9.84
9.04
9.63
9.80
9.94
9.57
9.21
9.76
10.03
9.99
9.32
10.62
10.24
9.81
10.32
9.44
10.71
9.41
8.65
9.49
9.85
10.29
9.00
9.08
10.54
10.63
10.89
10.20
9.63
10.09
10.61
10.88
9.67
10.17
9.11
10.52
9.24
11.15
9.71
9.18
9.56
9.79
9.15
10.11
10.55
9.41
9.19
8.86
10.82
11.10
9.64
10.01
10.41
9.50
9.08
9.92
9.08
11.09
9.52
9.52
10.54
9.83
10.24
9.77
10.87
10.34
9.18
10.68
9.89
9.70
9.90
10.23
10.39
10.57
10.03
9.86
10.33
9.40
10.55
10.95
10.97
8.57
10.35
9.07
9.70
9.64
10.16
10.89
8.88
10.38
9.53
10.22
9.40
9.98
9.74
10.27
10.63
9.14
8.79
10.09
9.70
8.82
10.59
10.39
9.94
10.41
10.81
11.36
10.93
9.90
10.35
10.44
9.88
10.19
9.44
9.15
8.95
9.64
9.48
9.87
10.60
10.17
10.48
10.38
10.70
10.11
10.44
10.36
10.97
11.12
10.67
10.12
10.55
9.10
9.11
10.38
9.70
9.16
9.25
9.81
11.06
9.27
10.14
9.84
10.27
10.51
9.68
9.29
10.09
10.63
9.41
9.85
10.28
8.98
9.86
9.55
10.62
9.46
8.91
9.93
10.03
9.44
9.93
10.43
10.59
10.93
9.98
10.40
9.37
9.86
10.36
10.06
10.81
9.88
10.35
9.77
10.26
10.83
11.11
9.46
9.03
9.81
10.07
10.57
11.00
10.04
9.77
9.41
10.00
10.42
10.42
10.40
10.82
9.42
9.92
11.01
10.91
8.90
9.58
9.46
9.61
10.01
10.39
8.68
9.41
10.65
11.03
9.81
10.18
9.85
10.30
10.60
11.10
9.65
11.17
10.56
9.28
10.40
11.42
9.76
10.22
10.51
10.36
10.83
10.91
10.93
10.35
10.75
10.11
9.90
9.44
8.70
9.73
9.26
10.60
9.80
9.13
10.58
11.53
10.00
10.96
10.33
10.87
11.26
9.78
9.41
9.76
10.16
10.47
9.77
10.16
10.48
10.83
8.90
9.50
9.95
10.33
9.46
9.57
9.16
8.76
9.00
9.60
8.76
9.17
9.65
10.07
9.19
9.59
9.23
9.77
9.61
9.27
10.04
9.81
10.80
10.20
9.97
10.45
10.07
10.56
11.06
10.91
10.26
10.09
10.58
11.06
10.89
9.41
8.52
9.08
9.85
9.67
8.87
9.36
10.10
10.57
9.21
9.79
11.08
10.40
10.49
9.96
9.88
9.90
10.31
11.27
10.41
9.96
9.46
10.11
8.87
10.25
10.04
9.49
8.64
10.13
9.90
10.45
10.57
11.25
9.55
10.06
9.40
9.58
9.67
10.06
9.69
9.07
10.58
10.85
10.21
10.73
11.09
9.64
9.21
8.93
8.43
8.57
9.15
10.07
10.53
10.83
9.71
10.16
10.56
9.63
11.02
10.02
10.40
9.57
9.10
9.04
9.37
10.98
11.16
10.06
10.48
10.73
9.22
11.40
9.77
9.35
10.19
10.32
9.18
10.85
10.03
9.70
10.21
10.39
11.09
10.66
10.24
11.12
10.83
10.27
9.62
10.07
9.56
9.16
9.25
9.99
10.70
9.78
10.21
10.60
11.03
11.04
9.41
9.80
10.17
10.52
8.98
11.02
10.19
9.83
9.51
10.57
9.90
10.93
10.27
9.67
9.24
10.46
10.86
10.25
10.86
9.79
8.97
9.39
9.46
10.72
9.87
9.15
9.77
10.22
10.15
9.73
9.78
10.23
10.59
11.22
9.35
9.04
9.52
9.93
10.35
10.78
10.20
9.92
10.76
9.94
9.45
8.80
9.22
10.02
10.21
9.73
10.08
9.25
9.03
9.60
10.01
10.42
10.74
10.09
10.57
9.42
9.77
11.04
9.66
10.52
8.92
9.91
10.31
9.66
10.17
10.62
11.18
10.74
10.96
9.46
9.95
10.37
10.62
9.47
9.46
9.74
9.04
9.33
8.76
9.89
9.02
9.63
10.82
9.16
9.18
10.32
10.98
10.52
9.71
10.16
9.23
9.41
9.75
9.55
8.97
9.45
10.66
8.71
9.12
9.77
10.21
9.09
10.24
10.58
9.96
9.51
10.41
9.80
9.81
9.66
10.21
9.96
9.55
10.39
9.85
10.22
10.86
10.06
10.24
11.08
10.74
9.83
9.28
9.74
10.22
8.97
9.31
10.59
9.88
9.39
9.88
9.42
10.84
11.25
9.40
8.65
9.98
9.06
10.86
10.81
11.22
10.38
10.10
9.62
9.36
8.99
9.18
10.18
9.71
9.96
10.56
10.34
10.72
9.93
9.82
9.91
9.45
9.20
9.44
9.83
10.24
9.94
9.49
10.39
10.71
10.99
8.91
9.76
10.10
10.51
10.41
9.48
9.17
9.03
10.88
9.98
9.55
10.40
10.43
10.08
10.55
10.92
11.10
10.82
9.84
10.30
9.15
10.39
10.83
11.10
9.68
10.14
9.31
10.56
10.19
10.09
10.47
10.89
10.16
9.91
9.61
9.41
10.87
8.99
9.92
10.38
9.45
9.60
9.65
9.29
8.88
9.05
9.92
10.66
9.67
9.96
10.26
8.91
10.69
10.23
9.81
10.55
10.04
11.30
9.23
9.83
9.37
9.11
9.92
9.42
8.83
9.88
9.96
10.57
10.19
9.92
9.50
9.17
11.02
9.53
9.86
9.74
10.14
9.88
10.14
9.88
10.19
10.49
10.53
11.12
8.99
9.79
9.47
10.23
10.18
10.60
8.89
10.06
10.06
10.49
10.77
9.96
10.36
9.11
9.39
10.96
9.74
8.98
9.43
9.82
9.58
10.03
10.58
10.10
11.11
10.50
9.84
10.04
10.53
9.93
10.93
11.32
10.49
9.13
11.00
9.61
9.94
9.42
10.97
10.47
8.85
9.87
9.55
9.10
9.53
9.90
8.68
10.07
10.17
10.61
10.15
10.22
9.85
9.56
9.14
10.75
9.67
10.28
9.99
9.19
8.87
10.03
9.96
9.41
8.59
9.09
9.95
10.20
9.63
9.97
10.22
10.84
10.57
8.94
9.38
11.16
9.80
10.26
10.78
9.93
10.07
10.46
11.21
10.49
10.99
10.43
11.14
10.27
9.85
10.32
9.22
9.44
9.81
9.15
9.64
8.89
10.85
9.47
8.70
9.87
10.37
9.21
9.06
9.64
9.40
9.98
9.94
9.65
9.42
10.13
10.52
10.18
9.15
10.94
10.48
10.11
9.67
9.00
10.60
11.21
9.99
9.23
10.20
10.85
10.39
9.78
10.58
10.11
11.32
9.12
9.87
11.07
10.13
9.73
9.32
9.95
10.60
10.32
10.62
9.49
10.92
9.19
10.39
10.50
9.62
10.00
10.76
11.14
10.92
9.25
10.11
10.42
9.67
10.10
10.52
9.74
10.22
10.88
9.32
10.02
10.46
10.91
10.10
10.80
9.85
10.21
9.72
10.13
9.79
9.97
10.39
10.46
10.76
10.10
9.82
9.98
10.40
10.44
10.75
10.07
10.59
9.28
11.07
9.75
9.43
10.56
9.85
10.30
9.54
9.42
9.98
9.80
10.24
9.44
9.97
10.43
10.80
11.00
9.87
10.40
10.38
10.94
9.31
10.09
9.80
10.44
11.11
9.82
10.26
9.88
10.31
10.70
9.14
9.38
9.84
9.40
10.28
8.83
9.84
9.30
10.08
10.82
9.79
9.23
9.63
10.28
11.02
9.93
9.44
10.57
8.91
9.77
10.18
9.37
9.45
9.84
10.30
10.60
9.66
8.87
10.18
10.69
11.25
10.80
9.81
10.29
10.13
9.00
10.16
10.57
9.72
10.08
9.72
9.59
9.48
9.16
8.94
9.11
9.91
10.38
10.58
9.91
10.33
10.26
9.91
10.34
10.48
10.83
11.07
10.32
9.16
9.68
9.94
8.93
9.45
10.96
8.97
9.54
9.97
9.87
10.37
10.30
9.45
9.63
8.69
9.18
9.05
10.14
9.67
10.76
9.22
10.28
10.50
10.89
9.72
10.19
9.19
9.61
10.06
9.05
10.11
10.56
11.09
10.44
10.10
9.71
10.15
10.58
10.35
11.26
11.26
9.69
10.15
10.57
10.80
11.00
9.91
9.43
10.94
10.53
8.86
9.81
10.23
10.48
9.62
9.44
9.29
9.78
10.91
9.13
8.99
9.54
10.41
11.02
10.00
9.87
9.44
9.76
10.26
9.45
10.82
9.10
9.90
10.36
9.66
9.55
10.17
10.28
10.57
11.00
9.12
9.43
9.94
9.14
10.19
9.75
9.13
9.52
9.89
10.04
10.20
10.59
9.41
9.22
8.88
11.12
9.72
10.04
10.39
8.91
10.33
10.51
10.82
11.33
9.48
9.66
9.96
9.44
9.86
10.31
9.24
8.79
9.01
9.62
9.77
9.44
9.84
10.82
9.11
9.95
10.36
10.32
9.70
8.94
10.77
9.87
10.30
10.57
10.84
10.52
9.96
9.41
11.26
11.20
10.81
8.68
9.37
9.72
10.13
10.59
11.19
10.99
9.79
9.22
10.20
10.48
9.24
9.75
9.76
10.40
9.39
9.65
9.05
9.83
9.41
9.67
9.06
9.87
9.68
10.97
9.08
9.41
10.79
8.76
9.92
9.16
10.35
10.92
9.75
9.53
9.14
9.81
10.23
9.21
9.93
10.32
10.79
10.11
9.44
9.82
9.92
9.07
9.48
10.78
10.56
9.83
9.02
11.08
9.88
10.11
11.28
10.85
11.05
10.39
9.94
9.60
10.44
8.81
10.10
10.20
9.38
9.92
9.76
9.55
9.43
9.32
8.84
8.39
9.83
8.59
10.80
9.08
9.57
10.01
10.41
9.94
9.33
9.78
10.11
10.14
10.89
10.60
9.88
10.20
10.59
9.88
9.71
10.21
9.43
11.11
10.40
11.10
9.50
9.82
8.90
9.77
8.90
10.19
10.51
10.07
9.75
9.76
11.20
9.70
9.45
9.37
9.81
9.25
8.79
8.99
9.77
9.25
8.78
9.00
9.68
8.79
9.97
10.90
10.29
10.32
11.04
10.70
9.91
9.46
10.02
9.18
10.19
10.99
9.75
8.99
10.00
10.57
10.39
11.08
10.59
10.27
10.75
9.72
11.47
11.01
11.13
10.57
9.94
9.78
10.53
9.40
9.73
8.85
9.44
8.55
10.81
11.00
9.97
10.32
10.90
10.12
9.81
9.59
9.77
9.44
8.99
10.05
10.87
9.28
10.14
10.30
9.71
10.12
10.65
9.67
9.88
10.12
10.57
10.49
8.70
8.65
9.24
9.79
9.56
9.13
8.88
10.28
11.04
10.58
11.48
10.97
9.99
9.46
10.45
11.08
10.90
10.57
9.81
10.35
9.38
10.33
9.04
9.59
10.81
8.92
9.79
10.29
9.46
9.74
9.13
10.23
10.83
10.80
9.90
9.29
9.32
9.84
10.37
9.11
9.59
10.05
9.14
10.23
9.60
8.98
10.71
9.81
9.80
10.01
10.24
9.85
10.29
10.68
10.08
9.26
10.54
9.71
10.00
10.37
9.57
9.17
9.07
10.00
10.55
11.05
10.11
10.47
10.97
11.23
9.85
10.97
9.45
10.11
10.38
8.77
10.47
10.84
10.02
10.93
9.22
10.12
10.36
9.81
10.09
9.63
9.42
9.92
9.38
9.59
10.03
10.34
10.68
9.73
9.42
9.20
8.93
10.78
9.68
9.45
10.19
9.00
10.00
9.59
10.60
9.11
8.80
10.91
9.11
10.00
10.43
10.90
9.61
9.71
10.03
9.37
9.84
10.25
9.26
10.76
9.81
10.28
10.78
9.43
9.38
8.68
9.52
8.98
8.98
9.92
10.19
9.57
10.04
10.38
10.76
9.58
10.04
10.37
8.77
9.65
10.05
10.58
9.17
9.13
9.21
9.60
9.98
9.15
11.08
9.71
10.16
9.68
9.95
10.49
11.21
9.84
9.24
10.23
10.01
10.43
9.76
9.55
9.98
9.89
9.43
9.54
9.96
10.38
9.88
9.43
9.53
9.95
10.39
10.79
9.89
10.19
9.41
11.10
10.83
9.15
8.70
9.67
9.16
8.78
9.60
9.83
9.82
10.22
9.70
10.14
10.59
9.33
9.27
9.77
10.95
9.81
10.44
11.04
10.10
10.33
10.80
10.32
10.00
10.92
10.02
9.77
9.42
8.94
10.09
10.88
9.54
10.53
8.72
9.11
9.05
11.17
10.06
9.30
9.67
10.07
10.58
10.91
10.52
10.52
9.31
10.83
11.03
9.82
10.37
9.47
11.00
9.91
10.16
10.50
11.15
10.40
9.90
9.44
10.16
9.95
10.46
8.72
10.18
9.85
9.58
10.35
9.34
10.74
9.40
10.73
9.90
10.30
9.74
8.98
10.23
10.76
10.96
9.84
10.23
8.94
9.55
9.39
9.84
10.20
9.19
9.07
10.10
10.57
9.41
9.84
9.18
11.26
9.62
10.02
10.21
10.66
9.58
9.18
10.24
9.70
10.87
9.10
9.99
10.46
10.08
10.86
10.57
9.95
9.82
11.14
9.89
10.26
9.53
9.21
9.93
9.43
9.91
10.52
10.26
10.00
10.24
10.61
8.92
10.21
10.65
9.83
9.50
10.19
10.70
10.33
9.32
9.79
10.90
9.97
10.40
9.11
9.71
8.94
9.82
9.48
8.94
9.86
10.76
9.40
10.00
10.27
9.98
10.36
10.61
11.00
10.14
9.15
8.74
10.35
9.75
8.78
10.60
9.62
9.60
9.89
9.63
9.87
10.23
9.93
11.29
9.87
10.85
9.44
10.23
10.79
9.90
9.56
10.34
10.58
10.92
10.09
9.53
10.59
9.98
9.53
9.72
10.21
9.03
10.03
9.76
10.23
9.59
11.08
9.20
8.86
9.73
9.10
10.06
11.05
10.74
11.20
10.54
11.20
9.58
8.82
9.26
9.72
10.26
9.48
10.88
10.39
10.30
11.02
10.02
9.58
9.40
9.70
8.49
9.89
9.36
8.62
9.12
10.08
10.06
10.60
10.53
11.22
9.76
10.24
9.51
9.16
9.86
9.42
10.12
10.12
9.93
10.47
10.74
8.89
9.78
9.25
10.07
10.55
9.45
9.83
10.28
10.53
10.95
9.54
10.00
11.04
8.99
9.95
11.23
10.45
9.50
8.93
8.94
9.51
10.03
9.30
8.96
9.59
9.28
8.96
9.99
10.61
10.09
9.79
10.28
9.05
10.00
10.51
9.43
9.68
9.55
9.03
10.00
9.79
9.33
8.61
9.85
10.59
10.11
9.46
9.03
8.39
8.81
8.61
9.29
9.79
10.28
9.79
10.29
9.89
11.19
10.91
11.36
10.36
10.80
10.02
10.58
11.36
9.76
9.52
9.92
10.22
11.02
10.46
9.59
9.40
11.15
8.77
8.25
8.49
9.24
9.77
10.20
9.46
10.29
10.48
10.99
10.22
9.54
9.40
9.56
8.99
8.99
8.73
10.72
10.53
10.97
10.43
9.56
9.84
9.98
10.03
9.29
9.08
9.87
10.69
10.18
10.65
10.65
11.00
9.06
10.08
9.95
9.92
10.51
9.44
9.74
9.97
10.27
10.66
10.90
9.59
10.05
10.01
10.37
9.19
9.12
9.72
10.04
10.79
10.18
9.84
10.29
9.10
10.69
9.81
9.65
9.81
10.15
9.70
9.40
9.85
9.72
10.58
10.92
10.40
10.02
10.37
9.69
9.40
10.80
8.72
10.00
9.50
9.71
10.25
10.75
9.96
9.99
10.19
9.75
9.98
10.36
10.60
9.75
9.72
10.15
10.63
10.23
9.42
9.74
10.66
11.12
9.35
8.91
10.13
10.54
10.58
10.46
10.92
11.21
9.43
9.90
10.99
9.25
9.02
8.70
8.99
9.63
10.41
9.51
9.99
9.35
9.69
10.30
9.41
9.97
10.43
9.19
9.08
10.69
9.68
10.21
9.93
10.19
9.83
10.24
10.58
11.34
9.30
9.71
9.80
10.55
9.41
9.46
9.91
9.82
10.23
9.44
9.82
10.26
9.06
10.73
9.48
9.93
9.09
8.90
9.39
9.51
9.09
8.91
9.40
9.75
10.30
9.10
10.51
9.65
10.14
8.95
10.14
10.59
9.53
9.40
11.11
9.12
8.71
9.97
9.68
10.16
10.54
9.94
10.88
11.00
10.38
9.82
10.74
10.85
9.85
9.97
10.30
9.54
9.42
9.83
10.35
9.49
8.92
10.71
9.50
9.85
10.21
9.95
9.15
10.16
10.56
9.09
9.70
10.99
9.30
10.40
10.66
10.24
11.15
10.76
9.84
10.31
9.36
9.60
9.40
9.83
9.72
8.87
10.55
10.04
10.59
10.43
9.89
10.92
9.49
9.99
10.46
11.04
11.34
10.87
9.88
10.36
9.58
9.14
9.64
9.21
8.91
9.97
10.74
9.79
10.22
9.74
10.22
10.92
10.65
8.94
9.38
10.16
9.86
9.41
8.68
9.64
10.58
9.13
10.82
11.16
9.71
10.01
10.33
11.14
11.14
10.51
9.93
11.27
10.76
10.99
10.37
9.85
9.09
10.01
9.42
10.85
9.80
10.22
9.82
8.92
10.33
10.18
10.65
11.06
9.50
9.80
10.21
9.92
9.60
10.60
9.94
10.38
9.97
9.55
10.39
10.61
11.11
11.28
10.85
9.84
10.33
9.12
9.72
9.69
9.68
9.27
8.97
9.65
9.67
9.28
8.97
10.01
9.76
8.96
9.87
10.10
10.53
10.14
9.44
8.67
9.10
9.78
11.04
9.64
9.39
9.01
10.06
9.83
9.42
11.03
10.55
10.82
11.23
10.23
10.19
10.49
11.22
9.86
9.45
10.52
10.23
9.80
10.29
10.89
10.30
10.01
9.65
9.42
9.50
9.04
10.49
9.82
10.22
10.50
9.78
10.79
9.61
9.16
8.88
10.28
9.89
9.44
10.14
9.73
9.69
10.14
10.50
10.82
9.21
10.58
10.10
10.10
11.13
9.72
8.92
9.34
9.73
10.04
10.54
11.19
10.39
11.01
10.04
10.28
9.59
10.74
11.00
11.02
10.03
10.45
10.43
10.23
9.61
10.67
10.04
10.42
10.38
9.62
10.67
10.95
10.06
10.43
10.91
9.89
10.32
9.75
9.43
10.18
9.92
9.51
9.00
8.60
10.44
8.87
9.85
10.20
9.49
11.00
8.69
9.78
9.24
8.53
9.84
10.38
10.60
10.34
11.26
9.63
9.14
10.59
8.89
9.44
8.45
11.13
10.02
9.93
10.41
10.38
10.56
9.03
9.36
9.87
10.85
11.19
10.37
11.05
10.02
9.58
10.84
11.04
11.22
10.08
8.90
10.51
10.79
11.24
10.97
10.00
10.44
9.09
9.68
9.04
10.86
9.86
10.33
10.99
9.87
9.49
9.15
9.32
9.93
10.41
10.69
10.26
10.42
9.97
10.37
9.28
10.23
10.33
10.34
10.32
9.17
11.00
9.19
9.95
9.46
10.01
10.98
9.69
10.15
10.54
10.21
9.26
9.68
10.06
10.81
10.30
9.67
9.25
10.47
10.13
9.74
9.71
10.36
9.10
9.54
9.24
9.94
10.17
9.86
10.57
9.91
10.27
9.63
9.97
10.25
10.67
9.41
8.87
11.09
9.81
10.27
9.48
8.83
10.56
10.57
10.95
11.04
10.08
10.13
10.57
10.93
11.02
10.37
9.01
9.97
9.30
9.74
9.64
10.09
9.42
9.81
10.30
10.37
10.89
9.31
10.41
9.76
10.21
10.37
9.63
9.96
10.45
10.80
9.79
10.26
9.94
10.43
10.72
9.74
9.43
10.23
10.18
10.47
10.70
9.74
9.45
10.01
10.23
9.73
9.49
10.36
9.07
10.05
9.66
9.62
8.73
9.30
10.12
10.21
10.60
10.07
10.57
11.25
10.63
10.12
9.40
10.12
9.92
9.41
9.78
10.41
10.58
10.28
10.53
11.05
10.94
10.30
10.93
10.16
10.43
10.00
10.86
9.89
9.42
8.87
10.36
10.46
10.86
10.84
9.86
10.31
9.58
9.17
10.04
9.91
9.59
9.17
10.05
10.04
9.50
10.83
10.78
10.15
10.22
9.84
10.16
10.00
10.41
9.04
10.09
9.65
9.79
9.42
8.90
10.09
10.58
10.59
9.42
8.58
10.12
9.00
10.27
10.85
11.23
9.51
9.92
10.42
10.70
10.23
9.16
10.52
10.17
9.70
9.31
9.02
9.98
9.75
9.05
10.13
10.56
9.51
9.53
9.41
10.08
9.60
10.07
11.07
8.86
9.74
10.11
10.45
10.83
11.07
10.40
9.43
9.66
10.12
11.00
10.23
10.40
10.79
9.90
10.36
10.22
9.38
10.07
9.03
9.82
10.27
10.01
10.89
10.27
9.57
10.33
9.83
9.50
10.71
10.20
10.52
9.87
9.48
10.57
9.06
10.59
8.68
8.60
9.65
10.96
9.99
10.34
10.81
10.22
11.01
10.82
10.59
10.32
10.12
10.72
10.60
10.69
10.86
11.26
9.99
10.29
9.86
10.07
9.04
9.03
9.44
8.77
9.76
9.26
8.88
8.52
9.30
9.25
8.87
8.52
8.78
9.43
8.96
10.09
8.94
10.54
10.25
10.73
9.45
11.04
9.93
10.36
11.05
10.82
10.41
9.59
9.99
9.09
9.64
10.11
10.98
9.16
9.09
10.05
10.45
9.12
9.61
10.86
9.21
10.34
10.87
10.11
9.84
10.16
9.86
10.93
10.42
10.23
9.79
10.89
9.30
9.85
9.91
9.35
9.43
9.41
8.86
8.91
10.17
9.42
9.83
9.10
9.65
8.87
9.91
9.40
9.11
8.87
9.64
9.96
9.64
9.03
10.59
9.59
11.14
10.08
9.41
10.19
10.52
9.61
10.48
8.92
10.58
9.31
9.61
9.90
10.93
9.56
10.77
10.05
10.46
9.90
10.36
8.63
9.69
8.53
8.95
8.65
10.89
9.35
9.79
9.87
10.37
9.43
9.42
9.96
8.51
10.80
10.35
9.40
10.10
10.26
9.93
10.59
10.44
10.15
9.98
9.53
10.55
9.65
10.38
11.13
9.27
10.62
9.72
10.26
9.68
10.13
10.13
10.94
10.59
9.82
9.33
8.96
10.11
9.81
9.42
10.60
9.64
10.11
9.81
9.65
10.13
9.78
8.65
11.19
10.14
10.12
10.09
10.85
10.52
10.19
9.75
10.09
10.84
10.50
9.22
10.18
10.59
9.76
10.00
10.36
10.29
9.82
9.75
9.61
10.98
9.45
10.39
10.04
9.90
9.71
10.28
11.03
8.89
9.53
10.01
9.46
9.83
10.33
10.45
9.61
11.02
11.01
10.16
10.66
8.77
9.76
10.30
10.16
9.57
9.36
9.06
10.90
10.96
10.05
10.55
9.12
9.70
10.59
10.12
9.09
9.16
10.72
9.67
9.08
11.37
9.24
10.22
9.83
9.74
9.24
11.01
10.87
10.32
9.85
10.32
10.55
10.60
10.62
11.20
11.23
11.06
10.82
9.11
9.93
10.32
9.50
10.82
9.11
9.95
10.37
9.55
10.81
9.07
9.83
9.71
10.29
9.16
10.46
9.65
9.76
10.13
9.66
9.37
9.08
9.99
10.31
10.59
9.22
11.31
11.37
9.92
10.36
10.78
10.84
9.79
9.07
10.31
9.49
9.94
9.80
9.41
10.68
8.79
9.19
9.71
9.83
10.22
9.46
9.08
9.81
10.08
9.96
9.46
10.72
10.28
10.94
10.00
9.97
10.43
9.70
10.12
9.51
9.05
9.67
9.06
8.79
9.49
9.84
10.20
10.81
10.55
9.98
11.09
10.18
10.45
10.89
10.46
9.82
10.05
9.44
8.98
10.22
10.38
10.75
9.52
9.78
9.41
9.87
9.70
9.39
9.81
9.86
9.16
9.90
10.13
10.99
10.53
9.56
9.91
8.96
11.32
10.12
10.29
9.26
9.81
9.18
9.62
9.01
9.45
8.64
9.95
10.23
9.32
9.21
10.15
9.70
10.57
10.17
10.19
11.01
10.53
10.46
11.11
9.28
10.16
10.90
9.87
9.30
9.05
10.14
10.38
9.86
10.32
11.10
10.72
9.87
10.32
11.11
10.72
9.42
10.82
9.81
10.28
8.80
9.66
8.81
9.41
10.68
9.84
10.14
10.58
11.42
10.36
9.65
10.94
11.27
11.38
9.91
9.44
10.55
10.17
9.77
8.93
9.69
9.54
8.79
9.72
10.19
9.06
9.69
10.57
9.06
9.68
9.52
10.88
11.25
9.69
10.04
9.57
9.14
8.83
9.82
9.08
10.34
10.35
9.59
9.16
8.83
9.10
9.71
10.06
9.78
10.21
9.36
10.59
9.86
10.37
9.36
9.66
10.12
10.09
10.63
11.06
11.05
10.79
9.89
10.42
9.76
9.53
9.42
10.12
9.38
9.85
10.20
10.62
9.28
8.80
8.33
9.86
8.57
9.09
10.10
9.60
10.57
10.90
10.08
9.38
9.73
10.28
11.22
10.93
9.95
9.94
9.27
10.16
9.70
9.06
10.57
9.52
9.55
9.87
11.03
10.01
10.50
9.82
9.44
9.41
8.93
10.95
9.76
10.14
10.56
11.01
9.89
9.41
10.35
10.89
9.94
9.42
9.58
9.55
9.13
8.71
10.50
10.89
10.97
8.99
10.29
9.60
10.03
10.92
9.85
10.29
9.37
9.71
10.14
10.57
9.87
11.10
9.20
10.13
9.91
9.67
10.54
9.65
10.09
9.83
8.95
9.65
9.39
10.10
10.99
10.79
9.82
10.31
10.51
9.73
9.40
9.61
9.05
10.02
9.67
9.28
8.94
8.50
10.16
10.37
10.04
8.74
9.16
9.77
10.82
9.34
9.03
10.21
11.01
10.66
10.25
9.93
9.44
10.52
9.20
8.90
10.14
9.67
8.96
9.60
10.60
10.24
9.54
9.96
11.02
9.94
9.45
9.17
8.78
9.07
11.14
10.43
9.63
10.07
9.57
10.54
9.95
10.32
9.53
9.52
10.03
10.48
10.80
11.03
10.38
10.43
9.24
10.27
9.78
9.08
9.91
10.92
10.38
11.10
10.68
10.83
9.86
9.76
9.45
9.24
10.82
10.20
10.55
9.87
10.29
9.40
9.79
8.91
9.52
9.12
9.06
9.67
9.88
10.14
10.58
11.13
10.12
10.52
10.36
10.13
10.54
10.43
10.57
11.23
9.44
9.99
10.15
9.52
9.42
8.31
8.48
10.89
9.59
10.31
8.84
10.11
10.42
10.80
9.93
10.34
9.39
10.98
10.00
10.75
9.77
10.00
10.26
9.60
9.07
10.89
9.41
9.68
9.57
9.18
8.95
10.58
9.21
8.81
9.78
9.50
8.85
11.20
10.25
9.88
9.52
9.90
9.95
10.84
9.48
8.63
9.58
10.56
9.81
10.20
10.77
9.81
11.32
10.30
10.83
11.39
9.77
10.14
10.67
11.35
10.22
10.34
10.09
9.65
9.38
9.11
10.95
11.19
10.65
10.78
9.11
9.12
9.58
9.99
10.64
10.65
10.65
9.13
9.86
10.25
9.60
9.42
9.73
10.18
9.16
10.57
10.78
11.03
9.58
9.98
10.03
10.47
11.00
9.88
9.20
10.11
10.28
10.52
10.97
11.19
9.67
10.05
8.99
9.88
10.31
10.92
9.97
9.87
9.70
9.42
10.33
9.82
10.31
8.69
10.77
9.52
9.85
10.16
9.80
10.45
10.57
11.44
11.00
11.32
9.40
9.36
9.23
8.91
8.87
9.86
9.44
10.14
9.09
8.92
9.50
9.98
10.79
10.30
8.94
10.65
10.26
9.45
9.85
9.41
10.16
10.74
9.06
9.86
9.55
10.04
10.26
9.55
9.96
10.39
10.55
10.92
9.63
8.93
9.06
9.84
9.45
10.18
10.92
10.55
9.18
10.78
11.17
9.66
9.92
10.30
8.89
9.20
9.98
10.52
11.04
9.76
10.25
10.90
9.52
10.38
9.89
10.23
9.70
9.41
8.74
10.90
10.59
9.89
9.68
11.23
10.75
10.26
10.86
9.97
10.18
9.85
10.20
10.59
9.84
10.20
10.66
10.22
11.06
9.93
10.23
10.67
9.88
9.15
9.77
9.46
11.11
11.28
10.43
9.45
9.90
9.84
8.89
10.92
9.28
10.06
10.46
9.83
10.83
9.15
9.51
10.87
9.42
10.04
10.12
10.60
10.72
9.91
10.72
10.15
9.97
10.40
8.96
10.65
9.81
10.23
9.33
9.28
9.77
10.18
10.48
10.64
9.91
10.24
9.33
9.33
9.75
10.16
9.98
9.31
9.35
8.85
9.74
9.01
10.14
10.43
9.60
10.04
9.48
9.27
8.75
8.90
9.70
10.11
10.39
9.59
10.01
10.72
10.02
10.20
10.13
9.89
10.39
10.65
10.92
9.42
8.66
10.14
10.58
9.09
9.66
11.27
9.79
10.06
10.00
10.38
9.21
9.83
9.74
9.79
9.59
10.03
10.39
9.26
8.98
9.73
10.10
9.30
8.98
9.62
10.05
10.59
10.78
11.09
9.84
10.34
10.07
11.05
9.42
9.14
8.77
10.45
10.46
10.65
10.29
10.88
11.16
10.96
9.74
9.91
9.06
9.42
9.85
10.29
10.34
11.15
10.77
9.93
9.46
10.12
10.63
10.57
11.51
11.01
10.08
10.42
10.94
11.32
9.82
9.33
9.79
10.90
9.16
10.02
10.48
9.64
9.58
10.03
9.46
9.07
9.91
10.93
9.82
10.49
10.17
9.96
9.52
9.21
10.37
9.78
10.13
11.06
9.45
9.67
8.95
9.97
10.80
9.97
10.35
9.82
9.54
9.54
9.98
10.35
8.85
9.71
10.23
10.90
9.65
9.58
10.12
10.48
10.84
9.25
10.58
10.38
10.27
9.74
9.71
11.15
9.28
9.68
9.11
10.05
9.74
9.86
10.18
10.53
9.40
11.03
9.98
8.82
9.90
10.41
11.23
10.87
10.82
10.42
9.87
10.35
9.44
10.18
8.96
9.93
9.25
9.71
8.80
8.98
9.60
8.81
9.91
10.14
10.59
10.59
10.27
11.11
10.09
10.21
11.34
10.33
9.94
9.32
9.76
10.02
10.14
10.58
10.50
9.89
10.18
9.14
9.44
11.05
8.82
10.35
10.48
9.84
9.82
9.86
10.17
10.63
9.81
9.87
9.56
9.21
10.96
10.16
10.73
11.16
10.33
11.14
9.46
9.96
8.75
10.90
10.37
8.97
10.12
9.82
9.55
10.54
9.70
9.88
10.55
8.96
10.15
10.95
10.43
10.04
10.59
10.31
10.73
9.94
10.63
9.80
10.38
11.39
9.41
11.05
10.60
10.32
8.82
9.44
8.59
9.07
8.95
9.87
9.51
10.09
10.99
9.96
10.43
9.05
10.77
11.16
9.97
9.54
8.90
10.18
10.27
9.13
10.56
10.11
9.68
9.70
9.05
9.62
9.25
10.41
10.58
10.07
9.98
11.18
11.32
9.06
11.01
10.60
9.58
8.88
9.33
9.08
10.48
9.65
10.11
10.92
10.26
9.13
10.41
10.00
10.32
9.58
10.53
10.79
10.90
10.32
9.22
9.72
10.19
10.22
10.34
9.40
10.83
9.11
8.93
9.47
9.91
10.39
10.25
10.41
10.82
9.98
8.98
10.21
9.95
9.51
10.03
10.27
10.59
11.08
9.48
9.12
10.12
10.53
10.69
9.66
10.00
9.65
10.05
10.89
9.24
10.09
10.48
9.65
9.29
8.96
10.86
9.82
9.42
8.73
10.00
10.39
10.89
11.10
9.18
9.74
10.80
9.52
9.85
10.30
10.49
9.41
9.29
9.76
9.79
10.17
9.29
8.95
10.28
10.58
9.59
10.47
11.17
10.74
9.75
10.10
10.55
9.23
11.01
10.43
9.74
9.12
10.06
10.50
10.04
10.55
10.99
11.14
9.96
10.47
10.53
10.98
11.13
10.89
10.09
9.78
9.40
10.34
10.98
11.13
9.00
9.82
10.11
9.34
9.86
10.30
9.55
9.80
9.70
10.14
10.06
9.17
9.71
10.57
11.36
9.69
9.26
9.05
10.94
9.64
10.05
9.28
9.04
9.57
9.92
10.34
10.70
11.12
10.78
9.83
9.07
9.95
10.28
9.75
10.24
9.98
9.42
8.80
9.75
10.21
9.85
10.16
10.12
9.42
9.72
10.56
10.82
10.38
10.58
9.54
10.02
9.72
10.19
10.59
11.12
8.97
10.56
9.78
10.23
9.43
9.85
9.40
9.90
9.84
9.84
10.13
10.60
10.57
9.55
9.32
9.79
10.09
10.45
10.92
11.32
11.05
9.03
10.02
10.49
9.52
8.89
9.79
9.59
10.20
10.41
9.22
9.63
10.08
10.87
9.10
9.22
10.31
10.59
9.77
9.84
10.14
9.44
10.33
10.59
10.11
9.91
9.68
10.38
11.08
10.59
8.83
10.20
11.31
10.57
10.23
9.78
9.86
9.86
9.43
10.28
9.25
9.83
9.41
9.93
9.50
10.30
9.77
10.24
8.95
10.81
9.58
9.59
9.98
9.52
9.18
8.92
9.92
9.56
10.57
10.17
9.53
9.20
8.92
9.05
9.99
10.47
11.07
9.89
9.66
10.45
10.33
9.68
11.27
8.96
10.59
9.40
9.59
9.02
9.92
9.36
9.78
9.23
8.78
8.35
9.17
8.67
9.79
9.22
8.79
8.71
10.09
9.81
10.35
9.89
9.41
9.84
10.37
9.90
9.83
10.34
9.88
9.54
9.41
10.03
10.56
10.09
10.63
11.32
9.72
10.25
9.56
9.27
9.09
10.59
10.07
9.68
10.24
9.68
9.18
10.53
9.69
9.77
10.13
9.19
9.36
9.41
9.91
10.11
10.57
9.55
9.24
8.76
9.53
9.24
9.55
8.67
9.24
9.72
10.13
11.09
9.24
9.14
10.13
9.34
9.68
10.10
10.52
9.14
10.17
9.56
9.96
10.30
10.28
9.69
9.10
8.95
9.84
9.18
10.06
10.28
10.70
10.90
9.72
9.95
9.76
10.86
11.10
10.25
10.66
10.85
10.28
9.88
9.00
9.42
9.64
9.06
9.35
8.94
8.52
9.70
9.13
9.25
8.56
8.95
9.42
9.78
10.22
10.89
10.42
9.42
9.01
9.01
9.90
10.08
10.88
10.60
9.64
9.79
10.29
9.66
10.63
11.35
9.24
9.78
9.36
10.78
10.87
10.31
9.44
9.41
9.82
9.33
8.86
9.00
9.60
9.26
8.82
9.10
10.56
9.64
10.10
10.46
10.59
10.70
11.20
10.14
10.34
10.93
11.48
10.70
11.17
10.19
11.68
10.89
10.22
10.89
10.32
11.46
11.23
11.69
9.98
10.25
9.53
10.72
10.03
10.53
9.76
10.25
9.03
9.49
10.78
10.31
9.87
9.41
10.71
9.27
8.87
9.70
9.83
9.30
8.87
10.69
10.20
9.74
10.31
11.45
9.04
10.58
11.03
10.94
9.04
10.57
10.94
9.86
10.35
10.02
10.46
10.89
9.55
10.04
9.58
9.28
10.02
9.95
10.39
9.96
10.41
9.14
10.70
10.95
10.83
9.64
9.83
10.29
10.60
9.20
9.79
9.63
9.79
10.12
8.97
9.70
9.33
10.48
10.59
9.20
10.38
10.83
10.95
9.76
10.02
10.41
9.42
10.67
10.94
9.84
10.31
10.93
10.07
10.48
9.81
9.42
10.43
9.99
10.83
8.95
9.54
9.93
10.36
9.47
10.83
11.09
10.01
10.01
9.19
9.08
10.80
9.71
9.92
10.29
10.25
9.28
10.51
9.75
10.19
9.42
10.73
8.64
10.25
9.06
10.19
9.58
9.86
9.10
10.00
10.15
10.60
11.19
9.26
9.73
9.26
9.14
9.71
9.86
9.41
10.11
10.13
8.87
10.88
10.55
9.78
10.15
10.58
9.41
9.29
9.69
10.05
10.20
11.11
9.45
8.91
8.78
9.31
8.97
10.19
10.59
10.87
9.90
9.45
9.53
9.88
10.21
10.58
9.02
8.78
9.39
9.94
9.09
11.03
10.34
10.11
9.70
10.24
10.59
11.20
9.15
10.04
9.70
10.13
9.43
8.92
10.91
9.82
9.69
9.48
10.01
10.45
9.70
10.07
10.07
9.63
10.61
9.93
10.61
9.16
10.16
9.72
9.67
10.16
9.28
9.00
10.52
11.37
9.23
10.18
9.71
10.40
10.85
10.31
10.94
9.41
10.42
10.17
9.44
9.80
8.83
9.47
9.06
9.48
10.20
9.93
9.10
9.00
9.64
10.14
10.58
10.90
9.59
10.10
10.56
10.92
10.11
10.94
10.57
10.54
9.69
10.13
11.20
9.55
10.08
10.58
9.27
10.19
9.75
9.87
10.34
11.07
10.85
8.95
9.33
9.84
10.35
9.39
9.83
9.42
9.96
8.56
11.00
9.08
9.82
10.07
10.53
10.04
9.57
9.92
10.15
10.51
10.90
10.23
9.95
10.11
10.13
10.69
10.43
11.42
10.94
10.66
9.85
10.33
9.12
10.37
9.42
10.89
9.96
9.96
8.85
10.31
10.38
10.00
10.67
10.94
10.33
10.83
9.91
9.45
10.06
10.34
9.77
10.95
10.17
10.46
10.05
9.70
10.59
9.60
10.35
10.03
9.67
9.27
10.05
10.53
11.01
11.21
10.81
8.85
11.20
9.16
10.28
10.05
10.01
10.45
10.92
9.43
10.17
9.83
9.42
9.90
10.47
10.26
9.71
9.39
10.13
10.94
10.43
9.07
10.28
11.03
10.38
10.70
10.30
9.67
10.03
8.97
10.95
9.22
10.24
10.37
9.81
10.23
10.70
11.14
10.85
9.80
9.83
10.30
9.75
9.41
9.09
10.20
10.61
9.77
10.21
9.47
9.75
9.75
8.81
10.60
9.98
10.38
11.24
9.95
9.64
10.69
10.31
11.36
10.88
10.32
10.57
10.18
9.75
9.47
10.14
8.95
10.72
10.29
9.84
10.20
9.56
10.80
10.52
10.19
9.62
9.49
10.04
9.60
9.12
10.80
10.52
9.58
10.11
9.60
9.13
10.58
10.04
9.67
9.75
9.27
9.20
10.25
11.08
9.77
10.50
10.25
9.80
9.32
9.29
9.74
10.20
9.80
9.32
9.28
10.27
11.20
9.76
10.27
9.36
9.82
10.92
10.15
10.45
10.01
11.00
10.89
10.53
10.87
10.31
11.01
9.88
9.57
9.40
9.97
9.63
9.08
9.66
10.14
10.09
10.08
9.75
10.14
8.95
10.94
10.49
9.65
9.54
10.08
9.42
9.64
10.60
10.34
9.27
8.81
9.08
9.59
10.01
8.81
11.21
10.38
10.68
10.99
11.16
9.83
10.57
10.27
9.40
9.53
9.19
9.66
10.06
9.54
10.47
9.24
10.97
9.77
9.07
9.97
9.57
10.40
9.29
8.78
9.06
9.82
9.40
10.43
8.77
9.54
8.82
9.52
9.98
9.58
9.46
10.99
10.70
8.61
9.89
9.41
9.13
8.94
10.62
10.21
9.65
10.16
10.25
11.05
11.15
9.77
10.85
9.25
9.81
10.31
9.10
10.30
9.82
9.81
9.84
9.08
10.50
10.84
10.78
9.62
9.95
10.27
10.80
9.21
9.96
10.19
9.68
10.00
10.80
10.58
11.12
10.22
10.40
10.12
9.34
10.57
9.32
9.92
10.77
10.94
9.88
9.40
10.00
10.37
8.82
9.87
10.26
10.14
9.87
10.86
10.16
9.87
10.13
10.41
9.43
10.30
10.15
10.32
9.17
8.89
10.61
9.74
10.23
8.93
9.55
9.89
10.00
9.13
10.37
10.57
9.14
10.14
10.54
10.99
10.96
10.16
10.36
9.72
10.04
11.00
9.75
10.79
9.72
9.40
10.19
8.64
9.81
9.80
10.31
9.70
9.40
9.97
10.38
10.83
10.97
10.17
10.72
10.96
9.48
10.59
9.85
10.22
11.26
10.31
9.83
9.11
9.53
10.70
9.43
10.72
9.88
8.84
10.14
10.22
10.57
10.90
9.82
9.27
9.43
10.11
10.57
9.81
9.47
10.03
11.15
9.80
8.98
9.52
10.19
10.93
10.44
9.57
10.06
8.79
10.57
9.15
9.09
10.30
10.31
10.98
10.72
10.31
9.68
9.97
10.08
9.70
10.86
10.34
10.89
10.05
10.19
9.79
9.85
9.41
10.18
10.74
9.75
10.58
9.47
9.80
10.14
8.90
9.26
9.69
10.15
11.04
9.14
10.47
9.66
8.96
10.82
10.95
9.42
9.80
9.45
9.79
10.24
10.70
10.79
10.93
9.80
10.32
9.82
9.76
10.90
9.11
9.36
9.97
10.05
10.51
9.42
9.82
10.25
9.71
10.98
10.97
8.85
9.50
10.76
9.82
10.27
10.85
9.97
10.59
10.80
11.17
9.89
9.11
9.50
9.42
9.95
10.28
9.64
8.89
9.86
10.60
10.02
10.47
9.73
9.59
10.15
10.57
10.78
11.22
10.87
11.06
9.49
9.72
10.07
10.19
10.49
9.28
9.21
9.76
9.01
9.01
9.28
9.76
9.74
9.30
10.11
10.15
10.60
9.10
10.83
9.54
8.89
9.60
10.05
10.06
9.90
10.34
9.13
10.03
9.60
9.01
9.94
10.01
10.55
9.19
11.14
9.64
9.98
8.94
10.08
10.53
10.60
9.86
9.40
9.65
9.06
10.22
9.39
9.59
8.90
8.50
10.13
10.59
9.17
8.75
9.70
9.95
10.22
9.57
10.90
9.64
9.43
8.93
9.54
10.32
9.18
8.92
9.69
9.56
10.77
8.98
9.82
10.24
10.30
9.95
10.61
10.85
10.32
9.51
8.79
9.50
10.01
9.26
9.06
10.16
9.97
9.64
10.55
10.37
10.70
11.16
10.95
11.38
10.64
11.12
9.70
10.17
9.67
10.13
10.50
9.22
9.66
11.10
11.49
11.26
10.19
10.61
9.72
10.24
9.74
9.24
8.85
8.99
9.26
10.95
9.70
9.68
10.50
10.09
9.05
10.41
9.53
9.29
9.54
9.29
9.94
10.77
10.35
10.01
10.37
9.94
10.74
10.32
10.01
10.37
9.77
10.05
9.62
9.39
9.11
9.88
10.24
9.83
10.12
9.64
9.43
9.13
10.24
9.91
10.19
9.67
9.49
9.16
10.59
10.21
9.94
10.20
9.43
10.35
8.83
9.78
8.63
8.85
9.40
8.66
10.60
9.90
10.16
10.48
10.65
9.81
10.31
10.09
10.39
10.63
9.84
10.29
10.91
11.10
10.12
10.44
10.38
9.10
9.66
10.47
9.42
9.89
9.96
10.92
8.91
8.91
10.28
11.24
10.90
10.19
9.96
10.60
9.61
9.40
9.47
8.93
9.98
9.15
8.66
9.69
11.12
10.21
11.12
10.42
9.99
10.49
11.32
11.01
10.82
10.37
10.52
10.73
9.88
10.30
10.86
10.30
9.86
9.57
9.45
9.19
10.69
10.08
10.33
9.87
9.44
10.25
9.57
10.06
8.95
9.55
10.76
9.09
8.72
10.27
10.09
9.08
10.54
10.19
9.66
9.62
9.30
10.24
9.74
9.41
9.81
10.22
10.58
10.26
11.15
9.79
10.54
11.38
9.53
9.93
10.35
11.03
10.36
9.66
9.41
10.79
11.01
10.06
10.50
9.34
9.84
10.39
9.92
9.40
9.10
10.34
9.42
10.33
10.61
9.60
9.45
9.13
9.63
10.21
9.85
9.13
9.65
9.89
10.21
9.21
10.57
11.04
9.72
9.01
9.88
9.44
9.81
10.50
9.83
10.21
9.46
9.79
10.22
9.84
10.19
9.41
8.70
9.12
9.68
9.75
9.04
9.57
9.25
10.00
10.80
10.90
9.27
10.05
10.32
9.85
9.08
10.03
9.49
9.68
10.54
10.86
8.88
9.26
10.35
9.76
9.85
10.18
9.11
9.30
9.55
9.98
10.34
9.49
9.95
9.97
10.33
9.09
8.77
9.53
10.78
9.45
9.85
9.06
8.79
9.48
9.08
10.19
10.72
9.92
9.73
9.08
8.82
9.87
10.14
10.59
9.50
9.83
11.34
10.16
10.89
9.87
10.35
10.54
10.21
9.41
9.82
9.65
9.08
10.73
9.50
9.99
8.84
9.25
9.12
10.00
10.17
9.69
9.70
10.60
9.88
10.28
9.69
10.07
10.53
9.40
9.80
10.21
9.40
9.71
10.08
10.52
9.80
10.23
11.14
10.48
9.26
10.22
10.87
11.00
10.37
10.75
9.75
9.95
9.14
9.50
9.83
10.28
9.88
9.41
8.81
10.80
9.99
9.21
9.74
10.18
10.61
9.77
10.26
10.57
10.59
10.97
9.74
10.18
11.02
10.47
10.43
10.08
10.06
9.43
9.78
10.80
10.90
10.30
9.01
10.22
10.33
9.61
10.01
9.01
10.85
10.29
11.08
10.69
9.90
9.29
9.77
10.26
9.89
9.98
9.25
9.60
9.89
9.46
8.94
10.69
9.52
10.70
9.10
8.72
9.47
10.24
9.91
10.86
9.06
9.55
9.17
9.69
10.58
9.57
9.61
9.27
11.12
9.17
10.20
9.69
10.51
11.03
10.22
10.98
9.99
10.46
10.25
10.00
9.87
10.37
10.82
10.32
9.90
10.37
10.82
10.87
10.89
9.84
10.34
10.04
9.42
9.63
9.23
8.43
9.61
9.64
10.03
10.08
9.44
9.81
10.53
10.23
10.08
10.47
9.17
9.06
9.69
10.27
10.56
10.98
9.82
10.98
10.03
9.60
10.45
9.20
10.47
10.04
10.02
9.64
10.05
10.06
9.74
10.26
9.70
9.56
9.20
10.47
9.92
9.73
9.46
9.52
9.19
9.78
8.77
8.98
10.42
10.05
9.59
10.22
8.83
10.31
10.59
11.45
10.33
9.76
10.15
10.14
9.67
9.37
10.64
9.74
10.03
10.65
10.24
9.82
9.80
9.33
8.99
10.12
10.57
9.89
10.10
11.23
9.85
10.18
10.65
10.00
9.41
10.21
10.64
8.72
9.16
9.75
9.41
8.99
10.19
9.81
10.60
9.49
11.11
10.82
9.91
10.40
9.80
9.41
11.05
9.71
9.55
9.89
9.13
9.23
8.93
9.67
10.11
10.55
10.58
11.16
8.96
10.19
10.93
10.01
9.51
10.13
10.44
10.99
10.04
9.98
9.76
9.41
9.18
10.75
9.92
9.69
10.25
8.97
9.87
10.73
9.86
10.59
10.68
10.14
9.83
10.19
10.61
11.51
11.09
11.12
10.02
10.51
9.96
9.66
9.41
9.91
9.55
9.09
10.31
10.03
9.76
9.91
9.55
9.11
10.30
10.01
9.72
9.88
9.53
9.09
8.76
10.25
10.04
9.75
8.77
9.84
9.41
10.87
10.91
10.31
10.69
9.74
10.25
9.00
10.28
10.03
9.58
8.84
9.95
9.94
9.20
10.14
9.65
9.95
10.53
10.42
10.01
9.33
8.91
9.81
10.31
10.96
10.57
10.39
10.96
10.94
10.58
9.08
10.35
9.09
10.99
10.58
9.41
10.28
9.60
11.02
10.09
10.58
10.79
8.84
10.26
11.01
9.77
9.42
8.69
10.59
10.01
10.44
9.53
9.08
10.00
10.50
11.01
10.89
11.23
9.57
9.90
10.35
11.18
9.00
9.68
9.57
10.59
10.02
10.34
9.72
9.31
8.95
11.39
10.86
10.32
11.31
9.69
9.29
8.94
9.06
9.92
9.91
10.21
10.70
9.72
9.31
8.95
9.08
10.28
9.97
10.55
9.75
9.34
8.97
9.09
11.33
11.25
10.79
10.26
9.67
9.98
10.56
11.33
9.70
10.40
8.99
11.18
10.74
10.20
9.41
10.13
9.65
10.06
9.54
9.00
10.63
9.14
8.72
10.57
10.09
9.69
10.06
9.59
9.06
9.22
10.61
10.59
10.55
9.45
9.19
10.60
10.46
11.47
10.57
11.05
11.02
9.67
10.05
10.45
9.24
11.02
10.90
9.71
10.30
9.91
9.51
9.21
9.93
10.29
9.86
10.29
10.39
9.18
10.36
10.80
10.90
10.86
9.41
9.71
9.24
10.12
10.35
8.90
8.82
9.43
9.89
9.70
10.14
9.45
9.91
10.38
10.83
9.79
10.28
10.82
9.41
9.13
8.91
9.60
9.46
9.82
10.14
8.92
10.57
11.14
10.59
9.42
9.89
9.47
9.57
10.09
10.55
9.07
9.65
8.73
9.09
8.98
9.51
10.03
10.47
10.89
11.12
11.00
9.58
10.00
9.97
10.44
9.17
11.16
9.13
10.82
9.62
10.00
10.11
9.15
10.09
10.59
10.97
9.56
9.91
10.44
10.05
10.78
10.81
9.21
10.39
10.07
9.76
9.14
8.96
10.02
9.88
10.32
9.42
10.74
10.75
9.52
9.32
9.05
9.84
9.67
10.22
11.06
10.75
9.08
9.89
10.18
9.70
10.12
10.58
11.35
9.54
9.65
9.26
8.93
9.76
9.13
10.87
10.35
10.98
9.69
10.07
10.30
10.72
10.26
10.86
10.42
9.26
10.16
9.75
9.05
10.58
9.90
10.28
9.52
10.03
10.47
10.26
9.41
10.44
11.03
9.16
8.78
10.12
9.70
10.55
11.23
10.75
10.96
10.35
10.19
9.85
9.42
10.28
9.45
8.93
10.73
10.24
9.41
9.53
9.87
9.41
9.95
10.66
10.95
9.55
9.97
8.80
10.12
10.60
9.88
9.71
10.16
11.24
9.19
9.57
9.80
10.17
9.27
10.09
10.60
9.82
9.41
10.31
10.91
11.15
10.32
10.14
9.03
11.12
9.53
9.92
10.08
10.47
10.90
10.07
9.98
10.46
10.90
11.11
10.05
10.37
10.02
9.17
10.74
10.96
9.63
9.63
9.89
10.35
10.44
9.06
10.83
9.56
9.87
10.35
10.63
9.81
10.27
9.15
9.42
10.57
10.17
8.90
9.81
9.47
9.05
10.25
9.89
9.53
10.60
10.36
10.12
11.42
10.64
11.15
9.86
10.29
10.15
10.67
9.86
10.31
10.17
10.88
10.66
9.88
10.33
10.63
9.79
10.25
9.59
9.20
10.07
10.38
9.76
8.97
9.40
10.19
10.81
9.96
10.58
10.25
9.42
10.33
10.80
8.70
9.14
9.96
10.19
11.08
10.34
10.79
9.71
9.02
9.86
10.31
9.88
10.42
9.87
10.17
10.32
9.97
9.89
9.41
9.63
10.77
8.97
9.85
10.30
10.61
9.50
8.83
9.71
10.17
9.08
9.16
9.65
9.68
10.58
10.98
10.48
10.83
11.26
9.89
10.31
10.98
10.16
9.20
9.73
9.04
9.50
9.87
9.04
10.58
10.13
10.30
9.68
9.92
10.83
10.40
9.66
9.41
9.37
8.53
8.96
9.84
8.79
11.02
9.72
9.39
9.00
9.74
10.03
9.44
9.03
9.89
10.46
11.23
9.41
9.91
10.26
10.38
10.81
9.79
9.67
9.01
10.03
9.56
8.77
10.79
10.13
9.29
9.13
10.22
9.70
11.03
9.81
10.08
9.54
9.20
10.05
10.40
10.56
11.32
10.84
10.04
10.21
11.02
10.56
10.60
9.89
10.12
10.53
9.84
10.88
10.34
9.45
10.03
10.46
8.65
10.85
10.33
9.16
10.29
10.80
9.89
9.77
10.99
10.05
10.03
10.97
10.81
11.20
11.21
10.32
10.37
9.93
9.61
9.25
10.11
10.81
11.17
11.17
10.34
9.41
9.94
10.89
9.19
8.74
8.88
9.88
10.40
10.31
9.70
9.26
8.78
8.90
10.68
11.13
11.09
10.18
9.99
9.52
10.51
10.69
11.17
11.10
8.81
10.41
10.68
11.18
11.09
10.29
11.19
9.05
10.60
9.91
9.55
10.26
11.38
8.93
10.70
9.70
9.04
8.99
9.41
10.14
10.84
10.39
8.63
9.57
10.07
10.57
9.51
9.41
8.99
9.09
9.87
9.70
9.85
9.41
8.99
9.15
10.70
11.12
10.21
9.69
10.16
10.81
9.28
9.80
10.81
9.25
9.78
9.09
9.82
10.28
9.07
10.83
9.52
9.24
9.10
10.00
10.38
10.42
10.50
10.82
9.23
9.57
9.71
10.82
9.94
10.28
10.02
10.75
10.60
9.42
11.12
9.82
10.16
10.90
10.46
10.53
9.28
10.46
10.90
11.12
10.41
9.73
10.21
10.11
9.34
11.10
10.24
10.40
10.75
9.84
10.16
9.65
10.01
10.39
10.74
9.40
10.10
10.51
9.70
9.13
8.59
8.78
9.13
9.17
9.67
10.01
9.17
10.95
10.45
10.17
9.41
9.77
10.65
10.87
10.31
10.66
10.87
9.79
9.34
10.19
10.31
9.79
8.99
9.79
9.37
9.59
9.96
10.78
10.13
10.46
10.23
9.93
10.07
9.41
9.72
9.33
9.80
10.17
9.25
8.99
10.15
10.51
10.75
9.69
10.16
10.57
9.62
10.13
9.41
11.01
9.06
10.40
10.51
9.56
9.98
10.39
10.13
10.54
10.80
11.18
10.05
10.95
9.18
9.14
10.38
9.75
10.17
9.90
9.45
10.02
10.45
10.03
10.42
10.79
9.98
10.29
9.84
9.12
9.42
10.01
8.85
9.83
10.27
9.82
10.22
10.67
9.42
9.78
10.10
9.22
9.60
8.97
9.66
10.11
10.04
10.58
11.35
10.93
10.40
8.98
10.58
9.81
10.24
9.54
10.18
10.17
10.75
9.80
9.67
10.20
10.92
9.15
10.46
10.12
9.66
8.92
9.29
10.05
9.25
10.22
10.59
9.92
10.38
9.91
10.44
9.76
10.27
11.11
9.48
10.53
9.91
10.29
9.55
9.70
9.40
9.25
8.92
8.73
10.36
10.89
9.97
10.32
10.69
9.81
10.30
9.39
9.89
10.63
9.92
10.60
9.43
10.08
10.43
9.21
8.90
9.72
10.60
9.53
9.27
8.92
10.47
9.68
10.31
10.83
9.51
10.91
8.96
10.36
9.91
10.75
10.25
9.67
9.53
10.08
10.12
10.48
9.70
9.26
8.82
9.05
9.66
10.05
10.07
10.31
10.20
9.92
9.62
10.09
10.16
10.96
10.58
9.84
10.54
10.06
11.23
9.76
10.22
9.75
9.41
10.29
10.79
9.77
9.31
10.77
9.76
9.33
8.86
10.28
9.45
9.01
10.72
9.83
9.49
9.06
9.04
9.60
10.04
10.15
9.62
10.86
10.47
9.66
10.10
10.56
9.36
10.31
9.18
9.85
9.20
11.08
9.72
10.11
10.53
9.43
9.86
10.18
9.93
9.72
10.37
10.83
10.09
10.37
9.92
10.82
9.86
9.29
10.30
11.13
10.77
9.86
9.44
9.00
9.52
9.99
10.14
9.60
9.09
8.83
10.55
9.56
10.06
10.59
11.37
10.90
9.93
9.47
9.16
8.83
9.19
9.74
10.17
10.33
10.04
9.57
9.27
10.98
10.58
9.83
10.29
10.98
9.67
9.43
9.71
8.59
10.48
9.07
10.10
9.61
9.43
9.01
10.60
10.25
9.43
9.84
9.00
9.20
10.94
10.58
10.38
11.12
10.77
9.77
10.31
9.03
11.09
9.93
10.05
10.54
11.26
10.45
9.82
10.17
9.42
10.91
10.00
10.44
8.93
10.34
10.99
9.89
9.30
8.82
9.65
8.95
9.56
9.67
8.85
10.78
9.36
9.09
9.68
10.21
10.60
9.14
9.13
10.60
11.25
9.64
9.82
10.27
9.69
9.03
9.40
10.14
8.71
10.82
10.38
9.60
10.56
10.05
8.59
8.72
9.47
9.04
9.96
9.63
10.01
9.04
9.61
9.03
9.61
9.45
9.02
9.94
11.10
9.73
10.06
10.22
9.91
10.76
10.35
9.11
10.50
9.99
11.20
9.87
9.81
9.55
9.91
9.48
9.00
8.63
9.82
9.35
9.43
8.98
8.67
10.98
8.96
9.78
10.47
9.99
9.56
9.79
9.44
11.03
11.03
10.90
8.78
9.76
9.26
10.28
10.31
8.96
8.61
8.81
9.91
9.47
9.33
10.81
10.94
10.38
10.80
9.83
10.22
10.06
10.82
9.84
9.59
9.43
10.31
9.73
10.85
10.73
10.24
9.22
10.82
8.48
9.77
10.59
10.26
9.72
9.37
9.00
8.71
11.23
10.77
10.81
10.18
9.98
10.55
10.52
10.89
10.97
9.08
10.40
9.83
10.09
9.32
9.78
10.21
9.58
10.09
10.85
10.20
10.91
10.36
9.11
9.91
9.44
9.88
9.68
10.91
10.13
10.16
10.52
10.36
9.55
9.96
8.95
9.17
9.33
9.75
10.77
9.72
9.76
9.94
10.31
10.48
10.74
10.60
9.74
9.72
9.59
9.41
9.45
10.00
11.10
9.83
9.26
9.15
8.86
9.65
10.12
10.57
9.88
8.95
10.99
10.30
9.54
10.03
10.30
10.54
11.21
10.13
10.57
10.93
10.78
9.13
10.34
9.68
10.15
9.88
9.11
9.55
10.74
9.88
10.45
10.25
10.59
10.85
10.98
9.31
10.07
9.70
10.51
9.17
9.30
9.69
9.16
9.72
9.82
9.18
10.18
9.40
9.81
10.88
8.91
10.31
10.88
11.09
9.52
9.48
9.10
8.73
9.02
10.00
9.62
10.74
9.63
10.08
10.25
9.26
9.18
9.76
10.24
10.64
11.01
9.21
9.74
10.20
10.60
10.59
9.82
10.01
9.39
9.88
10.31
11.25
10.80
9.44
10.30
10.70
11.06
9.41
9.93
9.05
8.64
9.02
9.63
9.08
10.16
10.48
9.16
10.10
9.70
10.14
10.58
9.26
9.70
10.16
10.14
10.55
11.08
10.07
10.51
11.28
10.86
10.97
9.95
10.35
10.69
10.87
9.84
10.32
9.41
10.42
10.45
10.88
9.17
8.78
9.65
10.00
10.42
10.27
10.81
11.09
9.93
10.28
10.83
9.39
10.79
9.44
10.78
10.31
11.08
9.90
10.71
9.01
8.99
9.58
9.80
10.09
10.58
11.36
10.13
10.85
10.28
10.23
10.25
10.72
11.06
9.46
10.08
9.88
10.56
9.79
9.40
9.44
9.01
9.33
8.54
8.88
11.17
10.79
9.46
10.75
10.06
10.30
11.05
9.81
10.26
10.60
9.11
8.96
10.12
9.57
9.46
10.20
10.55
11.05
10.89
9.92
10.23
10.46
9.07
10.04
10.51
10.94
10.19
10.04
10.50
10.94
9.75
9.63
10.18
8.86
10.85
10.40
9.60
10.21
9.31
10.80
9.92
9.42
8.56
10.19
10.56
9.04
9.98
11.00
9.63
9.93
9.44
10.39
10.24
10.30
10.68
11.13
10.28
11.13
10.31
10.54
10.14
9.42
9.82
10.18
9.87
9.42
9.43
9.07
9.81
8.82
10.18
10.04
9.64
9.82
8.92
10.12
9.46
9.55
9.08
9.83
10.13
10.56
10.88
9.23
9.02
10.16
10.58
9.04
9.24
9.07
9.54
9.71
10.00
9.55
9.09
10.03
10.53
11.14
9.35
9.76
10.21
10.58
9.56
9.37
9.21
9.70
10.11
9.56
9.36
9.20
9.70
10.11
9.61
10.45
10.97
9.28
10.11
10.39
10.56
9.26
9.25
10.60
10.21
10.96
10.75
11.09
9.81
9.87
9.26
9.75
10.23
10.95
10.74
11.09
9.29
9.84
9.27
9.75
9.30
10.20
10.93
10.72
11.08
9.83
10.34
9.26
9.40
9.44
11.05
9.31
8.81
8.80
8.93
9.54
9.33
9.79
10.12
8.98
8.82
9.40
8.99
9.82
10.58
10.30
10.27
9.62
10.09
10.61
10.90
9.82
10.37
11.30
9.61
10.07
10.60
10.89
9.40
8.91
8.99
9.78
10.24
10.35
10.76
10.07
10.57
9.73
11.06
9.67
9.40
9.42
10.01
9.78
9.23
8.78
9.73
9.21
9.73
10.13
10.47
9.44
9.20
11.18
9.86
9.39
9.20
9.83
9.92
9.37
9.21
9.82
9.96
9.42
9.34
10.87
10.12
10.40
8.90
11.03
9.47
9.89
8.83
9.61
9.04
9.92
10.32
10.06
10.50
10.94
9.69
9.60
10.16
10.92
9.71
9.87
10.54
10.32
10.10
9.74
10.91
10.45
9.76
10.28
10.10
9.75
9.35
10.91
10.44
9.11
10.24
10.14
9.78
9.37
10.86
10.38
11.19
9.73
10.18
10.58
11.30
9.08
9.40
10.12
10.26
10.71
10.07
10.25
10.68
11.02
8.76
9.22
10.52
10.15
9.65
9.13
9.24
11.19
10.09
9.68
9.14
10.97
9.78
10.49
10.11
9.81
10.44
9.65
9.19
10.17
10.67
10.05
9.83
10.44
9.65
9.20
10.90
10.82
10.99
10.21
10.64
10.31
10.63
9.97
9.42
9.45
9.51
10.70
10.94
8.95
9.93
9.17
10.08
10.57
9.96
9.66
11.24
10.45
10.90
9.88
9.36
9.15
9.31
9.86
10.42
10.61
10.60
10.27
11.45
9.96
9.87
11.03
9.38
9.11
9.32
9.87
10.37
10.61
9.89
10.36
10.43
9.42
10.36
9.19
10.84
9.68
9.68
10.04
10.38
10.44
9.61
9.27
10.49
10.88
11.08
10.07
10.09
10.86
9.87
10.10
10.35
10.37
9.96
10.52
11.12
10.80
9.45
9.40
9.07
8.84
9.95
10.69
9.54
8.84
10.17
10.35
10.69
10.07
10.57
10.08
10.07
9.72
10.98
10.51
10.21
9.71
10.12
11.11
9.83
10.22
10.89
9.42
9.80
10.17
10.31
9.56
10.02
10.54
9.49
9.76
8.93
9.60
10.77
9.42
9.93
9.15
8.79
9.01
9.56
10.01
10.47
9.63
10.21
9.86
10.17
9.30
10.21
10.59
11.13
10.54
10.50
9.83
10.08
9.41
9.68
10.12
9.96
9.42
10.91
9.01
10.93
10.32
10.64
9.59
10.75
9.28
9.70
10.24
10.60
9.22
10.16
9.78
9.01
9.38
10.15
9.79
10.01
10.44
10.58
9.11
9.54
10.07
10.56
10.86
11.06
9.91
9.40
10.40
10.48
8.87
11.06
9.77
10.23
9.51
8.74
9.53
10.57
9.72
10.15
9.81
10.25
9.74
9.11
10.89
10.03
9.57
9.78
9.36
8.96
9.89
9.72
10.33
9.38
8.96
9.88
9.77
10.15
10.17
10.55
9.60
9.95
9.40
10.03
10.68
9.53
8.84
9.70
10.00
10.20
10.87
10.57
9.99
11.15
9.67
9.41
10.71
10.16
10.48
9.38
9.74
10.04
9.18
8.92
10.14
9.63
9.96
10.83
10.05
10.52
11.25
10.24
8.96
9.89
9.51
9.12
8.77
10.09
9.05
10.84
10.28
9.63
9.83
9.45
9.85
10.26
10.22
9.76
10.20
9.46
9.26
9.87
10.28
10.74
9.75
10.18
10.74
11.02
10.56
10.31
9.52
11.31
10.24
9.97
9.64
10.18
10.63
11.04
10.09
11.00
10.60
9.83
10.21
9.74
9.42
10.38
9.90
10.40
10.38
10.83
10.90
11.14
10.31
9.56
10.78
9.88
11.06
10.46
9.77
10.08
10.55
11.27
10.69
11.07
10.47
11.26
10.69
11.07
10.43
10.26
11.26
10.70
11.06
9.27
10.82
9.91
9.76
9.42
9.09
10.24
10.55
10.87
10.56
9.86
10.15
9.55
9.95
9.12
9.84
10.12
9.13
9.44
11.06
8.82
9.88
10.30
10.53
9.78
9.80
11.24
9.51
9.41
9.00
9.94
10.40
10.98
10.75
10.35
9.92
9.43
10.93
10.46
9.16
8.99
9.63
9.87
9.50
9.95
10.87
10.16
9.81
9.95
10.06
10.29
9.11
11.09
9.71
9.70
9.47
9.21
8.85
10.59
9.21
11.37
10.32
9.80
10.88
9.35
9.85
10.30
9.60
9.97
9.38
10.81
10.97
10.42
9.97
10.28
9.46
9.44
9.24
8.89
9.73
10.09
10.87
10.96
10.52
10.13
9.70
10.07
9.04
10.86
10.94
10.50
9.58
9.71
10.12
10.12
9.74
9.41
9.04
10.57
10.02
9.57
10.08
9.72
9.39
9.03
9.09
10.06
9.73
9.42
9.04
9.10
9.68
10.10
9.74
9.44
9.05
9.12
10.68
10.29
9.70
10.12
11.13
10.50
9.07
11.23
9.78
10.98
10.45
9.85
9.19
9.77
10.27
10.35
10.55
10.98
10.90
9.89
9.40
9.20
9.90
9.42
10.31
10.36
8.89
10.93
9.49
8.66
9.06
10.77
9.00
9.90
9.43
10.36
9.97
10.71
9.73
10.25
9.68
9.32
10.17
10.56
9.15
10.06
10.37
9.68
9.61
9.28
10.96
10.09
10.52
9.76
10.16
10.56
9.53
9.44
8.97
11.11
9.90
10.27
9.50
10.81
9.87
10.33
9.52
10.04
9.49
10.81
9.52
9.12
8.92
10.81
10.52
9.08
9.81
9.64
10.22
10.71
10.71
10.90
10.29
11.08
10.52
10.03
10.20
11.06
10.69
11.13
9.46
10.75
8.70
10.27
10.31
10.10
10.39
9.97
9.48
10.97
10.71
9.82
10.08
10.57
11.23
9.41
10.11
9.71
10.02
10.53
9.55
9.78
10.04
10.57
10.55
9.95
10.44
10.91
11.37
10.01
9.98
10.45
9.64
11.07
10.91
11.37
9.87
10.41
8.94
9.74
9.50
8.78
9.82
10.24
10.77
9.89
10.10
10.11
10.59
9.27
9.76
11.39
9.08
9.92
10.42
11.01
10.54
10.32
9.31
10.99
10.83
10.54
10.04
9.49
10.07
8.71
9.27
9.79
8.74
10.49
9.23
9.72
10.04
10.40
10.86
10.36
9.95
10.30
9.90
10.31
9.32
10.69
10.28
9.81
9.96
9.09
9.51
9.86
9.40
9.94
10.57
10.20
8.80
9.82
9.24
10.80
9.70
9.54
9.83
10.31
10.87
9.29
9.78
9.09
9.61
10.59
9.92
10.28
10.77
10.89
11.33
9.97
10.43
9.41
9.69
10.23
11.11
9.61
9.29
10.04
10.48
9.21
8.87
10.18
8.87
9.77
9.37
10.53
10.74
11.00
9.88
10.35
9.42
9.38
9.43
9.00
8.70
11.01
9.00
10.28
10.57
9.59
10.05
10.55
9.42
10.73
10.99
9.98
10.35
9.72
10.00
10.02
10.87
10.44
10.33
9.16
10.13
9.63
9.78
10.75
9.54
9.85
9.76
10.18
10.66
9.77
9.03
9.92
10.13
9.43
10.58
9.49
10.93
9.94
8.84
10.29
10.40
9.82
10.30
9.76
10.33
10.68
11.07
10.85
9.46
9.56
10.03
10.31
9.30
9.08
8.97
9.78
10.24
10.58
9.62
10.19
9.33
10.78
10.01
9.72
8.93
9.75
10.18
9.46
10.26
9.90
10.94
9.51
9.52
9.37
9.05
8.85
9.53
9.37
9.05
8.85
9.69
9.03
10.58
9.57
11.19
10.82
9.11
8.84
9.84
10.31
10.93
9.17
10.56
9.65
9.97
10.40
9.66
9.24
9.95
10.38
9.82
10.34
11.02
10.42
9.31
9.95
9.91
9.42
9.04
10.96
10.12
10.40
9.60
9.96
10.40
10.42
9.69
10.56
11.16
10.83
10.31
11.15
10.56
9.45
9.84
10.62
10.59
10.94
9.99
10.31
10.36
10.31
11.17
10.77
9.96
10.79
9.87
9.45
10.35
9.99
9.83
8.90
9.79
9.43
10.74
9.30
9.72
9.95
10.22
10.89
9.14
10.58
10.21
9.69
11.21
8.95
10.78
9.42
9.75
10.25
10.52
10.87
10.15
9.91
10.49
10.85
10.03
10.56
11.06
9.87
9.23
9.20
9.70
10.49
10.37
10.63
9.71
10.20
9.40
9.86
9.24
9.29
11.11
10.95
11.13
10.97
9.27
8.81
8.87
10.40
11.13
9.44
9.79
10.18
10.53
10.52
9.08
9.05
9.66
9.64
9.28
9.78
10.24
10.12
10.94
10.45
10.10
10.93
10.60
10.16
11.28
10.77
9.41
10.27
9.90
10.16
10.85
10.17
9.86
9.77
10.30
10.51
10.85
9.43
9.23
9.63
10.14
9.00
8.56
9.40
9.84
10.32
10.50
10.85
9.91
9.91
9.33
8.84
9.00
10.07
10.55
9.35
8.85
9.02
9.46
8.85
11.13
9.70
10.18
10.82
10.52
10.20
10.10
10.55
9.18
9.87
10.21
10.15
10.57
9.79
10.04
10.90
9.34
9.69
9.01
10.17
10.60
9.85
10.33
9.44
8.65
9.10
9.75
9.67
9.33
8.99
9.63
10.05
9.41
10.08
10.97
10.66
10.55
10.20
11.29
8.80
9.20
9.67
10.08
10.75
9.09
9.40
10.74
9.92
10.25
10.84
9.97
9.80
10.58
10.27
9.17
9.57
10.02
10.37
10.87
9.77
8.99
10.16
11.08
10.31
10.79
10.47
11.22
9.52
9.97
10.25
10.26
9.19
10.16
9.48
9.85
8.98
9.78
9.85
9.02
10.76
9.41
10.76
10.77
9.99
10.31
8.70
10.89
9.19
9.81
9.29
10.13
10.56
9.89
9.41
9.79
9.32
10.22
9.15
8.74
9.76
9.33
8.80
10.72
10.25
11.10
8.94
10.10
10.51
11.18
9.98
9.50
8.91
9.78
10.42
9.96
10.31
9.12
11.10
10.02
9.70
9.81
10.58
9.07
11.33
10.90
9.52
9.90
10.38
