10.55
10.79
9.83
10.29
9.41
9.05
9.42
10.80
9.52
8.73
8.57
8.59
9.23
9.97
10.40
9.07
9.76
9.61
9.78
10.07
9.45
9.92
10.39
10.72
9.30
9.16
9.69
10.18
9.55
9.19
9.95
9.72
9.02
9.92
10.19
10.58
11.13
10.02
9.29
10.19
10.40
10.81
9.79
10.08
10.57
9.06
9.38
9.90
9.05
9.39
9.43
9.85
9.70
10.18
11.12
9.78
10.23
8.78
9.79
10.68
10.52
9.82
9.38
9.05
10.21
9.43
9.89
10.90
9.86
10.05
10.33
10.86
8.88
9.88
9.07
9.51
9.46
9.11
8.97
9.53
9.63
10.05
10.58
9.20
9.02
10.46
11.06
9.61
10.08
10.32
10.49
9.10
10.67
9.64
9.99
9.37
10.18
10.18
10.49
9.84
9.43
9.48
9.92
9.03
9.56
10.13
10.61
10.09
8.98
10.55
9.72
10.12
9.40
8.73
10.15
10.58
10.75
9.25
9.91
11.12
9.72
10.21
10.18
10.53
10.58
10.04
10.55
10.90
11.15
11.02
9.41
9.34
8.79
8.78
9.33
8.89
10.12
10.51
11.16
9.43
9.90
10.45
10.46
9.87
10.12
9.53
9.06
9.48
9.17
9.14
9.71
9.92
9.62
10.20
9.32
9.74
10.12
10.67
10.95
10.52
10.54
10.26
10.06
11.20
10.54
9.28
9.77
10.24
9.51
10.75
9.85
10.31
10.85
9.96
10.22
10.76
9.91
9.43
10.21
8.74
9.13
10.14
10.58
8.97
8.96
10.63
11.05
9.51
9.79
9.58
10.08
8.84
9.33
9.05
10.44
11.20
10.04
10.59
9.61
10.56
11.18
11.01
10.47
10.56
11.17
11.00
10.41
10.54
11.16
10.99
10.34
9.17
10.50
11.14
10.94
9.78
9.01
9.30
10.08
10.55
11.48
9.82
10.19
9.42
9.94
9.60
10.36
10.50
9.37
8.91
9.77
10.18
10.62
10.88
11.19
10.35
9.13
8.72
10.84
9.70
8.98
9.45
10.26
10.72
11.10
9.89
10.23
9.95
10.46
10.66
9.52
10.09
8.94
9.22
9.70
10.58
9.54
10.87
11.27
9.00
9.88
10.36
10.05
9.73
9.55
9.67
8.82
9.56
9.95
10.04
10.58
9.64
10.07
11.01
10.27
10.49
9.62
10.09
10.55
11.19
9.91
10.93
10.59
10.35
9.41
9.73
10.16
9.37
9.83
10.25
10.63
9.80
10.20
10.23
10.62
9.39
9.84
8.79
9.85
10.04
9.42
10.22
10.59
9.12
8.95
9.59
9.48
9.78
10.18
10.59
9.04
11.36
10.92
9.59
9.20
8.79
10.07
10.33
9.56
9.74
9.21
8.79
10.23
11.05
9.10
10.18
9.77
9.24
8.80
9.11
10.25
10.57
10.23
9.69
10.23
9.89
9.53
9.96
9.41
10.09
8.75
8.29
9.58
9.11
8.57
9.13
10.14
10.02
10.78
10.52
9.68
8.82
9.21
10.59
10.10
9.18
11.09
9.73
10.50
9.94
10.41
11.28
10.40
10.07
9.91
9.41
9.88
8.91
10.19
9.95
9.49
9.40
9.24
8.81
8.59
8.86
9.68
10.10
10.02
9.56
8.58
9.12
8.89
9.38
9.19
10.17
9.70
10.60
9.97
10.36
10.85
11.15
10.68
11.57
10.21
10.21
11.14
11.31
9.88
10.67
11.57
10.21
9.19
10.18
11.13
11.28
11.57
10.60
9.78
10.01
9.70
9.03
10.95
11.12
10.49
10.09
11.05
9.70
9.42
9.39
8.95
8.54
9.27
9.76
8.58
10.98
10.39
10.83
10.91
10.14
10.30
9.82
10.32
10.79
10.68
9.92
10.19
9.35
9.73
9.13
10.26
9.99
10.59
10.33
11.57
10.44
11.78
11.30
11.28
9.80
9.95
9.45
8.52
10.91
10.75
9.88
10.36
10.63
9.63
9.18
10.87
9.73
9.96
10.32
9.01
9.02
10.98
10.04
10.21
10.09
9.83
9.41
10.78
10.71
10.52
10.32
10.92
9.05
10.35
9.05
10.72
11.29
11.27
10.63
11.13
10.87
9.63
9.14
10.34
9.15
10.10
9.72
9.61
9.22
9.76
10.04
9.23
10.09
10.58
9.23
10.90
11.01
9.70
9.92
10.45
10.06
10.65
9.77
9.85
11.03
9.42
10.16
10.44
8.70
10.53
9.15
10.03
10.41
9.80
10.25
10.68
9.99
10.39
10.68
10.84
11.23
10.97
9.70
10.32
10.34
9.48
9.86
10.19
10.61
9.75
9.42
9.29
8.88
10.51
10.18
8.92
10.08
9.80
10.24
10.47
9.43
9.38
9.89
10.11
9.17
8.96
9.67
9.40
10.34
10.57
10.57
10.77
11.26
11.19
10.75
9.85
10.19
10.55
9.07
9.07
11.02
9.68
9.14
8.82
10.51
10.44
11.14
10.92
9.20
9.71
10.19
10.95
9.38
10.36
11.14
10.72
10.82
9.89
9.61
9.43
10.07
10.27
10.80
10.65
9.68
10.15
10.58
10.27
8.84
9.29
9.06
9.65
10.05
10.42
10.19
10.61
10.99
9.87
10.57
10.07
9.21
9.18
10.18
9.17
11.31
9.66
10.83
9.03
9.51
9.78
10.27
10.56
10.16
9.76
10.24
9.44
9.91
9.23
9.24
10.22
8.83
9.75
10.20
9.30
9.64
10.09
10.57
10.79
9.83
10.19
10.58
11.09
9.43
8.81
10.52
10.51
10.44
10.94
11.30
8.90
11.01
9.84
10.19
10.54
9.50
8.90
9.80
10.23
9.03
9.52
10.45
9.66
8.96
10.82
9.49
10.30
9.80
10.72
11.05
10.24
9.73
11.03
9.82
9.41
10.55
8.72
11.43
9.21
9.70
10.08
9.19
9.39
9.86
9.80
10.92
9.19
9.39
9.86
9.82
9.20
9.39
9.86
10.26
10.35
11.16
9.87
10.69
10.19
9.44
9.88
10.23
9.78
8.92
9.53
9.12
8.77
9.54
9.74
9.31
9.13
8.77
9.03
9.66
8.79
9.68
9.27
9.72
10.15
10.19
10.59
10.70
10.24
9.39
10.66
11.17
10.64
11.05
11.46
11.16
10.63
11.04
11.46
10.56
10.16
9.87
9.93
9.51
9.44
10.37
10.23
9.89
9.93
9.52
9.45
10.37
10.21
9.85
10.39
9.57
9.63
9.43
8.31
8.53
9.57
9.13
8.83
10.28
10.43
9.22
10.11
9.74
8.98
10.19
9.40
9.95
9.63
9.06
10.87
11.14
10.34
9.83
9.44
8.90
8.52
9.69
9.42
9.15
8.78
9.69
9.43
8.81
9.82
10.29
10.59
10.30
9.78
9.38
10.81
10.71
11.03
9.83
10.34
10.98
9.43
10.41
9.02
8.58
10.16
8.92
9.91
11.08
9.52
10.33
10.97
10.46
10.14
10.97
10.60
9.61
9.95
10.34
9.14
11.18
9.92
9.75
10.56
10.61
9.83
10.31
9.88
9.40
11.06
11.34
10.74
10.38
10.62
11.04
11.34
10.72
10.56
11.01
11.33
10.69
11.10
8.93
10.48
9.94
10.47
9.90
9.48
9.39
10.92
11.31
10.58
10.31
9.94
10.51
9.44
11.00
11.30
9.94
9.52
10.88
10.55
10.32
9.99
9.95
9.53
8.56
10.88
10.52
9.98
9.06
10.44
9.63
9.17
9.76
9.32
9.03
9.83
9.46
9.03
10.77
10.31
9.82
10.44
9.65
9.42
10.09
9.93
10.40
10.29
9.84
9.44
9.01
10.71
10.97
10.16
9.80
9.46
9.06
9.78
10.58
10.21
9.05
8.66
8.91
8.90
9.75
9.46
9.85
9.51
11.18
8.68
9.94
10.26
10.53
10.21
9.76
11.32
10.35
10.19
9.96
10.66
10.36
10.28
11.25
10.90
11.42
10.76
10.60
10.28
10.31
11.22
10.87
11.42
10.78
9.89
10.94
10.34
11.14
10.74
10.83
10.28
9.20
11.08
10.58
10.19
9.73
10.45
9.00
9.96
9.93
9.40
9.44
8.79
9.71
10.19
10.81
9.98
10.19
10.59
10.71
10.00
11.00
11.35
10.48
10.10
10.61
11.07
11.40
10.60
10.84
9.90
9.43
8.88
10.85
9.54
10.28
10.95
11.30
10.10
8.95
9.93
10.80
9.53
9.88
10.20
9.97
8.79
10.59
11.59
11.01
10.41
11.26
10.88
9.20
10.11
9.69
9.10
10.89
10.30
11.12
9.84
10.09
9.27
9.35
10.74
9.80
10.29
10.56
11.39
10.58
9.99
10.55
9.17
10.92
10.01
9.56
10.43
9.60
10.05
9.16
10.84
9.69
10.33
9.11
9.98
10.38
9.90
9.26
10.15
10.77
10.87
9.68
9.76
10.27
10.60
10.69
9.15
9.20
9.51
9.16
9.92
10.37
10.96
11.22
11.17
9.72
10.17
9.12
10.43
10.57
10.54
10.35
10.89
11.12
11.02
10.15
10.59
9.31
10.28
10.13
10.59
10.29
9.78
10.14
10.60
10.30
9.80
10.15
10.68
11.04
10.97
9.87
10.36
9.39
9.95
9.44
10.98
8.69
10.77
9.13
9.86
10.33
9.16
9.77
9.53
10.79
9.32
9.77
10.23
10.05
10.49
9.51
9.42
8.27
8.50
9.26
8.77
10.06
9.09
9.66
10.18
9.79
10.27
9.72
10.03
10.48
10.77
10.95
9.80
10.28
10.03
10.48
10.75
10.95
10.18
10.58
10.04
10.46
11.20
10.53
10.11
9.88
9.14
8.98
10.59
9.98
10.41
9.68
10.09
10.62
10.90
10.86
11.08
9.55
10.46
9.98
10.28
9.56
9.72
10.10
10.57
10.83
9.93
9.40
9.78
9.76
9.33
9.80
9.12
8.71
11.02
9.66
9.97
10.48
9.98
9.67
10.54
10.84
10.27
10.53
11.03
11.08
10.16
10.56
9.89
9.84
10.36
9.98
10.47
10.81
9.49
9.14
10.94
9.94
9.44
10.37
10.45
8.86
10.12
10.94
9.84
10.30
10.40
9.86
9.43
9.13
10.16
10.69
11.12
10.86
9.46
9.88
10.65
11.11
10.84
9.80
10.14
9.59
9.75
10.27
8.96
9.64
9.47
10.06
10.46
8.79
10.14
9.80
10.22
10.57
11.15
10.70
9.41
8.50
10.48
11.15
8.95
11.05
10.69
9.86
10.49
10.34
8.70
9.52
10.98
9.69
10.01
10.33
10.48
10.35
10.34
10.16
11.01
9.95
10.38
10.60
10.40
10.28
10.81
11.23
9.81
8.99
11.28
10.85
9.40
10.31
9.92
9.41
10.00
9.14
8.73
10.15
9.66
9.95
9.71
10.30
10.50
10.54
11.07
9.77
9.75
10.16
9.67
9.32
9.14
10.11
10.43
9.73
10.06
9.68
9.33
9.14
10.07
10.53
10.33
10.04
10.51
11.27
11.00
10.80
9.42
9.83
10.99
10.51
10.78
10.05
10.06
8.85
10.43
9.64
10.14
8.91
9.55
9.49
9.85
9.80
10.15
9.50
9.16
8.88
9.54
9.50
9.16
8.88
9.00
9.61
10.82
9.65
9.53
9.20
10.03
8.91
9.06
10.19
10.22
9.66
10.51
8.93
10.60
11.32
9.72
9.42
9.90
10.39
10.15
9.40
9.55
8.98
9.95
9.42
8.42
8.90
10.94
8.63
9.08
10.43
10.03
9.62
10.60
9.90
9.50
10.34
8.90
8.98
9.81
9.41
10.25
10.71
11.19
10.87
10.31
10.24
10.66
11.14
9.73
9.10
10.14
10.54
11.28
11.03
9.79
10.22
11.10
9.28
10.49
9.82
9.41
10.02
10.31
10.71
9.93
11.38
10.42
10.93
10.05
10.44
10.78
9.95
9.56
9.07
8.71
11.40
10.43
10.95
9.95
9.43
11.00
11.22
10.74
10.05
9.96
9.58
9.09
8.72
10.44
10.76
9.85
9.39
9.93
9.59
9.10
8.73
8.93
10.97
11.21
10.38
10.66
10.08
10.41
9.94
9.63
9.14
8.74
8.96
10.37
9.68
10.16
8.76
9.93
10.27
9.84
10.83
10.22
10.24
10.31
10.60
10.11
9.83
9.41
9.82
10.34
10.07
8.67
9.81
10.32
10.05
11.26
9.78
10.26
9.78
10.21
9.13
10.78
10.20
10.07
10.76
10.55
9.76
10.23
9.51
9.16
10.03
10.55
10.74
11.12
9.82
10.32
9.10
11.12
10.51
9.40
11.15
9.18
8.83
9.65
10.16
10.98
8.87
10.37
11.16
10.71
9.93
9.42
10.06
10.34
9.83
8.78
10.86
10.75
10.32
10.88
9.55
10.29
8.99
9.55
10.02
8.65
9.09
10.15
9.86
10.88
9.63
9.20
9.05
9.76
10.30
9.68
10.58
10.19
9.28
9.08
9.82
9.66
10.14
9.28
9.07
9.80
10.84
10.32
11.19
10.15
9.87
10.57
9.85
11.33
9.91
11.08
10.81
9.90
9.91
9.60
11.33
11.29
10.37
10.41
10.96
9.41
11.02
10.47
10.62
8.86
10.96
9.73
9.41
10.68
10.37
10.19
11.22
10.76
9.81
10.31
8.75
9.80
10.29
11.15
9.01
10.22
10.12
9.60
9.71
9.37
8.89
9.05
10.74
10.51
10.12
10.89
10.31
9.87
9.27
9.13
9.43
9.82
10.03
9.32
9.15
9.49
9.89
10.08
9.11
10.88
9.61
8.80
8.74
9.23
10.04
10.46
10.54
9.18
9.71
10.17
10.55
9.56
10.85
10.38
9.22
10.08
9.69
9.09
9.57
10.03
9.86
10.76
10.22
9.42
10.51
10.79
9.75
10.12
10.53
9.15
9.62
9.27
8.93
9.68
10.16
8.92
10.59
11.20
10.50
9.80
10.22
9.31
9.83
10.24
9.97
9.46
10.22
9.77
10.16
8.97
10.35
9.66
9.99
10.53
10.82
10.05
10.56
9.47
8.79
9.23
9.06
9.66
11.11
9.36
9.14
9.69
10.09
10.56
9.76
9.16
11.02
10.15
9.66
9.83
8.91
9.49
10.36
10.46
10.34
10.95
10.79
11.06
10.37
10.29
10.75
11.10
10.26
9.65
9.93
10.28
10.74
11.11
10.25
9.84
9.41
9.66
10.60
9.30
9.56
9.97
9.17
8.74
10.15
9.67
9.89
10.59
10.34
9.40
9.58
10.11
11.41
10.63
10.86
9.41
9.79
10.29
10.31
9.69
9.24
10.54
9.71
10.20
9.01
9.56
9.30
9.76
9.01
9.56
9.31
9.96
10.45
9.78
10.11
10.59
9.45
9.45
11.13
9.84
10.24
10.50
9.83
9.91
9.43
9.78
10.20
8.89
10.97
10.36
9.48
11.22
8.65
10.88
9.10
8.99
10.86
9.46
9.92
9.94
10.46
9.71
9.46
10.04
10.53
10.11
10.58
11.13
10.72
10.86
9.14
10.37
9.65
10.08
9.18
8.82
10.01
10.77
9.82
9.30
9.63
10.21
9.41
9.93
10.01
10.82
10.02
10.25
10.82
8.98
9.49
9.76
8.79
9.55
9.99
9.27
9.06
10.59
10.71
10.06
9.25
11.14
11.49
10.61
9.57
10.03
10.25
10.72
11.11
11.47
9.50
10.18
10.62
10.47
9.92
10.17
9.90
10.34
10.09
10.34
9.18
9.79
10.75
9.86
9.72
9.35
9.06
10.10
10.57
9.79
10.07
10.48
9.70
9.36
9.04
10.09
11.41
10.52
10.95
11.01
9.91
9.78
9.96
10.41
9.41
10.17
8.75
9.20
9.77
9.46
9.06
10.71
10.85
10.34
9.84
9.42
9.19
8.89
10.07
9.69
9.42
9.04
10.80
10.20
8.98
10.71
11.04
9.51
9.82
10.24
10.67
8.79
9.72
9.29
9.08
9.65
10.12
10.56
11.37
10.89
10.25
10.32
10.69
11.07
9.98
10.27
10.65
9.88
9.18
9.71
8.95
10.22
9.96
10.60
10.32
10.12
9.70
10.47
10.97
9.68
9.43
10.07
10.26
10.77
10.21
11.14
10.56
11.37
10.98
8.86
8.47
9.38
9.80
10.13
9.75
9.39
9.83
10.15
9.19
8.74
10.24
10.74
10.52
11.37
10.98
8.76
11.11
9.76
10.11
10.24
9.90
11.09
10.47
11.35
10.95
9.48
9.90
10.43
11.34
10.85
10.89
10.28
9.66
9.41
10.13
9.60
10.42
10.01
9.21
8.91
10.22
9.70
9.94
8.97
9.81
9.53
8.90
9.40
8.59
8.84
9.72
9.94
10.59
10.41
11.26
9.87
9.72
10.24
10.71
11.43
10.89
9.80
10.33
9.14
9.64
9.97
10.71
9.01
10.60
10.12
9.67
10.17
10.57
10.00
10.58
11.09
10.26
9.40
9.66
10.12
9.80
9.29
8.82
10.35
9.67
10.14
9.80
9.28
8.83
10.32
9.72
10.21
8.84
9.31
11.07
10.94
10.44
8.49
8.99
9.84
10.28
9.51
10.83
10.44
10.94
10.38
10.01
9.88
9.40
10.39
9.24
9.84
10.11
9.48
10.57
10.43
9.50
9.42
11.04
9.54
8.56
9.07
8.94
11.55
11.36
11.83
9.62
9.93
10.73
9.22
9.08
9.63
10.17
9.13
9.69
9.15
8.94
9.85
10.24
10.84
9.94
10.43
10.20
9.89
10.87
10.33
10.24
11.02
9.89
9.97
10.40
9.41
10.53
11.24
9.96
10.77
8.86
10.82
9.83
10.30
9.45
8.77
10.67
10.15
8.97
9.52
9.73
10.15
9.33
8.89
9.05
10.07
9.75
9.38
8.90
9.06
10.57
10.98
11.42
9.40
8.89
9.05
10.35
11.39
9.59
9.93
10.42
9.83
10.97
10.45
10.14
8.92
10.87
9.75
10.30
10.93
9.17
9.70
10.00
9.63
9.14
9.18
10.67
10.48
9.09
9.58
10.69
9.33
9.11
9.84
9.59
10.70
9.89
10.26
9.14
9.62
10.05
10.72
10.30
9.18
9.67
10.13
10.30
10.69
9.80
10.07
10.55
9.77
9.21
9.78
9.73
9.82
10.21
9.00
9.60
10.91
10.27
9.41
10.90
11.11
9.15
8.75
9.64
9.73
10.07
8.95
9.33
9.87
10.26
9.74
10.08
8.96
9.36
9.86
10.21
10.74
10.26
9.79
10.12
10.48
9.42
9.69
8.76
9.14
9.63
10.60
9.24
8.93
9.25
8.93
9.70
10.88
11.33
9.67
9.94
10.34
9.01
10.16
9.58
10.75
9.08
9.57
9.77
10.18
10.61
10.97
9.75
9.90
10.21
9.84
9.41
10.10
10.33
10.59
11.09
9.80
10.28
10.60
8.89
10.22
10.61
11.16
10.14
9.44
9.90
10.59
9.97
10.39
9.77
10.23
10.44
11.05
10.84
8.93
10.02
10.47
10.25
9.51
9.65
8.75
9.39
10.02
10.91
10.16
9.31
9.76
10.30
10.57
10.11
10.54
11.01
9.30
10.47
10.14
9.75
9.70
10.87
9.41
8.64
9.97
10.40
9.07
9.61
8.82
9.28
9.18
9.71
10.21
9.62
10.77
10.28
10.99
10.56
10.21
9.83
10.07
9.41
9.76
9.44
9.81
10.09
9.78
8.89
9.50
10.00
9.51
10.10
9.09
8.70
10.05
9.79
10.24
10.46
10.82
10.08
10.58
8.71
9.02
9.13
9.36
10.17
11.13
9.60
9.27
9.11
9.63
10.12
10.59
10.98
9.14
10.38
10.36
9.71
10.05
10.39
10.80
11.04
9.74
9.21
8.89
10.33
9.87
10.21
9.37
9.36
9.81
10.27
10.70
11.00
9.91
10.26
9.48
9.43
8.34
8.56
10.99
8.82
10.54
11.36
10.92
9.75
9.89
10.35
11.00
9.57
9.34
9.86
9.59
10.77
9.45
9.85
10.30
10.65
10.91
9.99
10.23
9.92
10.56
10.96
10.55
10.95
9.45
10.10
10.57
10.32
9.91
8.87
11.19
9.82
9.50
9.07
10.20
9.93
9.47
10.37
9.78
10.26
10.75
10.95
9.99
10.37
9.78
10.25
10.75
10.95
10.04
9.76
10.24
9.80
10.59
10.29
9.62
10.11
10.63
9.76
10.24
9.61
10.11
10.62
11.11
10.80
9.76
10.29
11.07
9.11
10.66
10.46
11.24
9.72
9.24
9.76
10.22
10.93
10.32
9.54
9.43
10.42
10.44
10.90
11.20
8.51
9.58
9.02
10.83
9.63
9.15
8.90
9.86
10.32
9.69
9.21
10.58
9.71
10.21
10.26
10.53
10.19
8.99
9.54
9.96
9.42
10.12
9.70
10.19
10.11
9.44
8.57
10.43
10.57
10.98
10.08
10.58
9.09
11.33
10.90
9.04
9.97
10.43
10.96
9.56
10.80
10.22
10.86
10.48
10.09
10.59
9.92
9.60
10.06
11.14
10.03
9.70
9.40
10.52
9.24
8.95
9.75
10.20
8.61
9.13
8.72
9.63
8.25
10.16
11.33
10.53
8.52
10.27
10.42
10.05
9.30
9.65
10.13
10.91
10.26
10.32
9.83
10.31
9.45
9.05
9.80
10.29
9.92
10.40
9.47
9.06
9.81
10.30
11.03
10.76
9.95
9.44
10.44
11.07
10.81
10.39
11.08
10.82
10.35
8.77
9.85
9.84
9.23
9.59
10.10
11.02
10.73
10.60
10.64
11.33
9.85
10.29
9.43
10.13
8.95
9.47
9.84
8.85
9.58
10.04
10.57
10.44
9.20
9.70
10.20
11.07
9.08
9.87
9.75
10.28
10.48
11.18
9.36
9.69
9.14
10.21
9.76
10.26
9.37
9.71
9.15
10.22
9.83
10.35
9.40
9.73
9.17
10.24
10.58
11.04
10.96
9.87
9.45
9.74
9.22
10.21
10.93
10.52
11.01
9.85
10.31
9.44
10.96
9.77
8.87
9.49
10.79
9.64
10.18
9.17
9.52
10.05
10.95
10.88
10.45
9.65
10.18
10.27
9.52
10.05
10.94
10.87
10.45
9.18
9.72
9.24
10.13
10.22
9.18
8.65
9.50
10.01
10.92
10.84
10.40
9.79
9.33
10.13
10.20
9.21
8.68
9.48
8.77
9.99
9.90
9.45
9.23
8.71
9.49
8.79
9.98
10.90
9.11
10.70
10.35
10.13
9.70
8.83
9.30
8.93
9.81
10.71
10.31
10.06
9.53
10.58
8.81
9.26
8.93
11.14
9.77
9.18
10.52
10.16
9.31
9.80
9.64
10.16
11.16
9.70
10.23
9.34
9.05
9.16
11.05
10.59
9.82
10.14
9.32
9.31
9.88
9.90
9.13
9.42
10.52
10.83
9.65
10.02
10.38
9.99
10.45
10.58
9.20
9.70
10.79
9.88
10.33
10.45
9.26
10.72
9.80
9.95
10.40
10.07
10.58
9.95
10.80
11.11
9.84
10.36
9.17
9.53
9.94
9.43
9.91
11.05
9.96
8.89
10.16
10.55
10.31
11.01
9.81
10.90
9.19
9.66
9.42
9.91
10.30
9.99
10.44
10.85
10.84
8.98
9.84
10.03
10.32
9.55
9.82
9.52
9.40
9.10
8.93
9.60
9.98
9.80
9.53
9.41
9.12
8.94
9.97
10.29
9.07
10.79
9.70
9.71
10.20
10.57
11.09
10.10
10.45
10.41
10.41
10.74
9.45
8.68
9.37
9.73
9.80
10.91
9.85
10.32
11.15
10.77
9.23
9.72
9.36
10.19
9.87
9.73
10.60
11.39
10.90
9.50
9.86
10.37
10.30
10.37
10.75
10.20
10.39
9.73
9.41
10.13
10.46
9.53
9.95
10.09
9.73
8.92
9.53
10.41
10.60
9.15
9.03
9.65
10.75
10.73
9.28
11.09
9.14
9.68
10.12
10.58
10.51
10.62
11.04
11.38
9.37
11.00
9.22
9.82
10.46
9.78
9.83
10.19
9.43
9.92
10.23
10.33
9.48
9.97
9.42
10.85
9.10
9.53
9.64
9.83
10.11
10.63
10.59
10.66
11.10
11.49
10.60
11.08
10.10
10.50
9.26
9.24
9.42
10.00
8.84
8.76
10.84
10.91
9.88
10.00
10.33
9.41
10.88
10.36
10.71
10.30
10.79
8.89
10.27
9.56
10.01
9.57
9.20
10.03
9.71
9.53
9.50
9.93
10.52
10.34
10.56
11.36
8.96
9.98
10.19
10.75
10.57
11.23
9.88
9.40
11.10
10.02
9.43
9.01
9.94
10.11
9.17
8.74
10.39
10.85
11.10
11.18
10.40
10.00
9.69
10.73
10.95
11.13
10.34
9.11
10.46
11.12
9.40
10.62
9.79
10.28
8.93
9.52
8.68
10.44
10.76
9.10
10.17
9.14
10.50
9.67
10.05
10.58
11.28
10.20
10.75
11.49
11.05
11.14
10.62
10.39
9.20
9.68
10.15
10.50
10.93
11.07
10.48
10.44
10.12
9.74
9.93
10.94
9.14
9.40
9.65
9.18
10.44
10.13
8.90
8.52
9.61
9.17
8.90
8.51
9.85
9.37
10.32
10.91
10.71
8.78
9.82
10.34
9.42
9.03
8.92
10.24
10.06
9.52
9.96
10.82
9.89
10.25
11.00
9.09
10.19
9.65
9.80
8.88
10.60
10.33
9.14
10.04
9.54
9.11
9.57
9.30
10.05
9.65
10.19
9.62
9.35
9.13
11.05
10.06
10.54
11.05
10.05
10.53
9.72
10.26
11.04
10.05
10.60
11.38
10.20
10.30
10.61
10.99
10.36
9.94
9.91
9.45
8.81
9.83
10.20
10.10
10.74
11.07
9.77
9.44
9.51
9.92
8.99
8.52
8.75
9.79
9.34
9.50
8.99
8.52
8.77
10.56
10.18
9.43
9.93
10.36
11.49
10.09
9.46
9.91
10.38
9.02
10.91
9.96
9.52
9.56
9.17
8.91
9.93
10.41
9.93
10.38
10.41
9.58
10.43
10.95
10.03
10.94
9.10
10.83
9.94
9.69
10.26
10.17
9.80
10.81
10.35
9.85
10.20
8.98
10.60
9.91
11.12
10.05
9.40
10.53
9.11
8.74
10.05
9.69
8.59
9.03
11.22
8.80
9.40
8.62
9.85
8.62
9.72
9.21
9.38
8.92
8.47
8.64
9.30
9.38
8.91
8.45
8.64
10.91
9.72
10.38
9.90
11.07
8.98
10.20
10.00
9.56
9.13
8.80
10.76
10.20
9.17
10.89
10.46
9.67
10.15
10.90
10.60
10.82
11.19
10.28
10.88
10.39
11.17
9.17
9.64
10.13
8.98
10.55
10.18
9.85
9.36
9.85
10.87
11.41
11.26
10.33
10.57
10.10
10.09
9.82
10.86
11.17
10.29
10.18
10.72
11.09
9.43
10.22
10.18
10.70
11.08
10.18
10.12
9.78
9.29
8.84
10.71
10.62
9.20
9.79
10.93
9.88
10.30
9.19
10.25
9.60
10.04
10.82
9.22
10.37
9.19
10.63
9.73
10.25
9.25
9.93
9.77
9.45
9.91
10.36
10.57
10.43
8.87
9.45
9.44
9.84
10.24
8.69
9.47
9.05
9.89
10.40
8.98
9.52
9.93
10.26
10.98
9.96
10.39
9.96
9.97
10.23
10.93
9.91
9.44
10.03
9.96
10.44
10.04
10.60
10.37
9.92
10.34
10.80
11.38
10.85
8.95
9.84
10.34
9.16
9.59
9.97
9.55
10.04
9.99
10.64
9.30
9.70
10.21
9.98
10.14
10.49
9.84
9.73
10.20
9.00
9.91
9.70
10.34
10.59
10.05
9.64
10.03
10.45
10.82
9.43
10.82
11.21
11.21
9.17
8.75
10.26
10.46
10.80
8.77
9.79
8.93
9.35
10.16
9.44
9.61
9.86
10.87
10.03
9.95
10.58
9.17
9.00
10.83
11.11
9.65
10.01
10.32
10.00
10.82
11.02
10.41
11.29
9.19
10.88
9.67
10.12
9.08
10.83
10.13
10.22
9.89
10.65
9.44
10.10
10.59
10.59
9.80
9.32
9.35
8.62
8.95
10.76
11.21
9.83
11.01
10.29
8.94
9.98
10.49
9.53
10.71
10.94
9.94
10.36
9.73
9.69
9.37
9.00
10.82
9.70
9.30
9.81
10.30
11.00
10.15
9.42
9.41
10.76
9.00
9.88
10.17
10.33
9.84
9.59
10.30
10.69
10.99
10.24
9.84
10.29
10.68
10.99
10.20
9.82
11.00
10.56
9.69
9.15
10.90
11.32
9.99
11.11
10.43
9.54
9.24
8.85
9.11
10.52
9.67
10.15
9.59
10.19
9.45
9.91
10.20
9.78
10.20
10.63
10.76
10.05
10.40
11.02
9.89
9.69
9.41
10.59
9.92
9.80
10.35
10.27
10.27
10.71
11.25
11.04
9.38
8.63
10.89
10.16
10.28
10.22
11.15
10.59
10.58
11.48
11.00
9.40
9.79
10.04
9.48
9.93
10.40
10.66
10.95
10.04
10.40
9.49
9.94
10.41
10.08
9.51
9.97
10.43
9.99
9.62
10.85
10.49
10.24
10.95
11.10
10.64
8.94
10.78
9.87
9.41
10.32
10.08
9.96
9.62
9.10
10.75
9.69
10.23
9.86
9.60
9.14
9.47
8.84
9.86
10.76
10.89
10.01
9.83
10.58
10.11
9.41
10.37
11.04
9.13
8.74
10.10
9.69
10.04
8.77
10.17
10.46
10.34
11.17
10.45
9.94
10.11
9.46
9.95
10.40
10.60
10.27
9.83
10.30
10.78
11.15
11.62
10.88
11.36
8.99
10.37
9.92
9.53
8.78
8.99
9.09
9.60
10.79
9.60
8.76
9.14
9.14
10.22
9.69
9.70
9.21
9.76
10.04
10.60
10.40
10.84
11.08
9.41
9.54
9.68
8.93
9.49
10.13
10.49
9.08
8.67
11.33
10.92
9.61
10.05
9.07
10.98
10.39
10.65
10.89
9.80
10.33
9.20
10.90
10.35
9.82
9.43
10.31
8.89
9.27
9.51
9.66
10.22
10.38
8.98
9.63
10.97
10.48
10.12
9.60
10.97
10.20
10.95
8.88
10.60
10.02
10.29
10.04
8.87
9.98
9.62
10.10
10.66
9.98
10.83
10.29
10.19
10.59
11.01
11.48
10.75
10.18
9.90
9.66
9.41
10.34
8.42
11.49
10.35
8.97
8.63
10.32
10.49
9.40
10.81
11.18
10.09
9.81
10.02
9.28
9.88
9.44
8.91
8.61
8.69
10.37
10.81
8.82
10.20
9.97
9.45
10.33
8.75
10.66
10.09
10.59
11.58
11.53
10.97
9.97
10.52
10.92
9.03
10.46
9.99
9.56
10.97
8.92
9.89
10.39
10.94
10.44
10.23
9.19
10.98
10.53
9.76
10.14
9.62
9.12
9.22
10.98
10.66
10.06
10.51
9.85
10.34
10.60
10.53
11.11
11.34
9.09
10.21
9.09
10.83
9.97
9.56
10.01
10.44
10.86
9.94
10.88
9.14
10.35
9.70
10.09
9.79
10.18
9.29
10.94
9.71
10.12
9.29
9.76
10.19
10.41
9.81
9.88
10.18
9.56
10.04
10.45
9.46
9.40
9.62
10.83
9.62
9.19
9.51
9.94
8.89
9.46
10.25
9.27
9.05
9.04
9.94
10.75
10.26
9.06
9.06
9.37
9.79
10.24
10.66
11.03
9.63
10.14
9.05
10.59
11.42
10.95
9.78
10.09
10.44
9.24
10.14
9.80
10.98
10.48
10.28
10.18
9.79
9.88
9.20
9.80
9.43
10.18
9.84
9.93
10.01
10.13
9.40
8.95
8.85
10.56
9.42
10.00
9.64
9.98
10.39
11.13
9.62
9.14
9.15
8.93
9.62
9.61
9.33
9.02
10.58
10.76
9.66
10.07
9.05
9.47
11.08
10.72
9.09
9.90
8.72
10.35
9.72
10.09
10.54
10.78
9.11
10.12
10.58
9.75
9.57
11.00
9.50
10.36
10.85
11.13
9.37
9.87
10.26
10.50
10.75
9.42
10.11
10.50
10.72
10.10
10.49
8.90
10.58
11.52
11.07
9.78
10.22
9.12
9.44
10.36
10.56
10.34
10.75
11.20
11.01
10.06
10.41
9.84
10.34
10.29
9.83
10.32
10.70
10.92
9.80
10.33
8.96
9.38
8.97
9.50
8.67
9.51
9.08
9.06
10.10
9.61
10.88
9.20
9.19
10.30
11.02
9.74
10.14
10.22
10.35
10.59
10.17
10.69
11.17
9.41
10.76
11.21
8.51
10.75
11.21
10.30
10.68
11.20
9.02
10.05
10.03
9.62
10.08
10.54
10.47
10.44
10.40
9.84
10.13
9.28
10.12
9.89
9.46
9.34
8.73
10.61
9.73
10.04
10.59
11.40
10.44
10.90
10.99
10.42
10.07
9.88
10.72
9.89
9.12
9.46
9.89
9.45
10.26
10.64
10.84
10.03
10.40
9.86
8.93
10.79
9.46
9.67
10.22
11.03
9.46
9.92
9.26
8.80
9.00
10.58
9.63
10.19
9.50
9.95
10.36
10.54
10.09
9.92
10.58
10.38
9.53
9.89
10.31
10.98
10.73
10.82
11.23
9.84
11.23
10.30
10.89
10.28
10.25
9.64
10.01
10.30
10.83
10.64
9.20
9.71
10.14
9.04
10.59
10.51
11.02
9.24
10.42
11.15
9.76
10.18
9.04
10.28
9.45
9.45
10.85
9.83
10.35
8.74
9.88
10.26
9.94
10.70
11.10
10.37
10.26
10.34
9.87
10.02
9.42
9.86
10.21
9.37
9.91
10.60
10.36
10.10
9.59
9.64
10.14
10.54
11.06
11.52
10.83
11.30
9.71
10.31
10.12
11.49
11.29
11.48
11.27
8.94
8.74
9.65
11.02
8.82
9.40
9.80
10.60
10.12
10.39
9.69
10.02
11.01
10.46
10.83
11.11
10.39
10.99
10.49
9.73
10.15
10.01
11.01
10.38
9.04
10.49
11.31
11.31
9.96
10.39
10.86
10.56
10.95
9.59
10.85
10.57
10.33
10.55
10.75
9.42
9.72
10.26
9.20
9.80
9.36
9.01
10.60
11.55
11.04
10.55
10.16
9.63
9.57
9.07
9.24
10.09
9.23
9.23
11.08
9.76
10.23
9.10
10.91
10.11
10.41
9.79
9.41
10.49
10.92
10.26
10.94
8.90
9.62
9.48
10.03
9.65
10.17
10.45
9.65
10.44
10.10
9.69
9.59
8.80
10.10
10.23
10.60
10.00
10.49
10.87
10.16
10.60
11.29
10.06
10.47
10.70
10.90
9.82
10.35
10.50
9.42
9.18
8.80
9.73
10.80
9.62
9.14
8.86
9.89
10.22
9.65
9.16
8.68
8.88
10.16
10.98
10.00
9.50
8.71
10.20
10.15
10.77
9.85
10.76
9.16
9.53
9.51
9.90
10.16
10.56
10.69
9.19
9.57
8.85
10.07
9.96
9.24
9.62
10.10
9.19
11.35
9.76
10.18
8.94
10.22
10.77
10.18
10.39
9.41
9.67
10.13
10.01
9.62
9.08
10.46
10.58
9.17
8.75
9.19
8.74
11.53
9.69
10.11
9.12
8.61
9.90
8.76
11.01
10.39
10.66
11.14
10.87
10.38
9.85
9.37
9.95
9.45
9.75
9.17
8.79
8.89
10.29
10.47
10.83
9.86
10.40
10.56
10.93
10.02
10.49
9.99
10.48
9.13
10.41
10.00
9.59
10.88
9.52
9.96
10.39
11.03
9.07
9.18
9.55
10.87
9.73
9.93
10.36
10.82
10.73
10.06
10.20
10.52
10.81
9.84
9.43
8.70
9.78
10.15
10.59
9.82
9.44
9.34
9.72
9.46
11.11
10.10
10.51
9.22
9.73
10.18
11.00
10.32
9.84
10.96
9.57
9.92
10.42
9.95
9.40
10.34
10.32
9.95
9.64
10.07
8.89
10.15
9.42
9.72
10.15
9.19
8.99
9.64
10.12
10.04
10.57
11.06
11.05
9.58
10.09
10.53
11.00
10.12
10.89
9.03
9.90
9.30
9.67
10.10
10.49
10.00
10.37
9.32
9.03
9.69
10.11
9.60
10.04
10.94
10.19
9.11
10.74
9.52
9.92
10.33
9.01
10.23
9.16
10.95
10.54
9.18
9.73
9.86
9.95
11.19
9.93
10.10
9.18
9.62
9.10
10.01
10.43
11.13
10.92
11.34
9.91
10.50
9.08
9.41
11.32
8.70
8.70
10.03
9.26
10.95
10.68
10.31
10.39
9.85
10.03
9.60
9.98
10.37
9.44
10.85
9.85
10.30
10.18
9.80
10.16
10.17
11.06
11.05
10.25
10.59
9.91
9.42
11.31
10.88
9.88
10.35
9.80
11.10
10.68
9.78
9.37
9.38
8.89
8.98
9.94
10.23
9.43
9.46
9.92
10.35
9.59
10.03
9.92
10.37
10.05
9.91
10.38
9.01
9.58
10.03
10.35
10.15
10.58
9.03
9.44
11.11
9.93
10.06
9.40
10.15
10.53
9.18
8.82
9.74
10.03
10.01
10.44
8.87
10.93
9.51
8.59
8.95
10.33
10.37
9.89
10.37
10.82
11.12
9.03
10.85
9.49
9.95
10.80
10.33
10.03
10.34
10.02
10.29
9.79
10.27
10.20
9.81
10.28
10.80
10.11
10.81
9.85
10.31
9.86
10.37
10.56
11.48
9.19
9.75
10.24
10.74
11.17
10.90
9.88
11.15
10.36
9.21
9.81
10.66
9.78
9.87
10.22
9.39
9.44
9.03
8.83
9.52
9.00
10.36
8.86
10.10
10.83
10.59
9.89
9.68
10.14
11.13
9.18
10.11
10.62
11.07
11.09
10.49
9.78
8.88
9.72
10.17
9.27
9.70
10.24
11.00
9.79
10.25
10.88
9.41
10.29
8.64
9.10
10.81
9.68
8.97
9.43
9.75
10.25
10.55
9.27
10.45
11.14
9.74
10.19
9.09
10.56
10.29
9.41
10.44
11.25
9.16
8.82
9.72
10.10
9.06
8.88
9.47
8.67
9.85
9.22
9.05
9.69
10.85
10.32
10.03
11.01
10.27
10.56
10.09
10.58
9.70
10.16
11.28
10.84
9.85
9.24
8.93
10.25
10.98
10.57
9.82
10.24
10.93
9.41
10.59
8.62
9.07
11.15
10.89
9.56
10.02
10.55
9.96
9.12
9.16
11.09
9.67
10.15
10.53
10.54
11.01
11.07
10.29
10.01
10.00
9.44
10.79
9.74
10.25
9.87
9.58
9.19
8.91
10.23
10.75
10.99
10.20
9.65
10.45
9.01
10.59
10.11
9.61
8.82
9.61
11.26
9.78
10.12
10.86
10.59
9.22
11.14
10.83
10.32
10.69
10.07
9.81
11.25
10.78
10.50
9.87
9.12
11.21
9.41
9.20
8.79
10.23
9.93
9.77
9.25
8.65
9.98
10.14
11.03
10.67
10.12
8.99
10.12
10.53
10.08
9.56
9.60
10.58
9.89
10.39
9.56
10.43
10.98
9.98
10.88
11.32
9.86
10.34
10.77
9.13
11.27
11.38
10.56
11.07
11.59
9.72
9.74
9.94
9.45
9.10
9.69
10.57
10.65
10.11
9.90
9.47
9.10
11.26
10.46
11.01
9.19
11.12
9.75
10.09
10.54
9.99
9.55
9.10
9.24
11.10
11.26
10.47
10.96
9.85
10.32
10.59
10.32
9.18
9.91
10.47
10.94
11.06
10.89
9.67
9.88
9.92
10.40
10.38
10.08
10.50
10.90
11.09
9.22
10.84
9.64
9.06
10.00
10.45
10.91
11.19
9.22
10.86
10.04
10.48
9.55
9.79
10.26
9.50
10.43
10.83
9.24
10.27
9.74
9.99
10.29
10.57
11.30
11.22
10.79
9.87
9.86
9.41
8.82
9.41
9.79
10.05
10.54
10.58
9.79
10.11
9.65
9.89
9.42
11.05
9.61
10.14
11.05
9.85
10.36
10.46
9.61
10.40
11.24
10.46
9.05
10.76
10.75
9.52
9.29
9.78
10.26
9.13
9.68
9.13
10.52
9.23
10.59
10.80
11.30
10.12
10.49
10.82
10.95
9.69
10.34
10.80
9.04
10.35
9.90
9.62
10.07
9.75
9.41
10.15
10.56
10.57
10.79
10.05
9.86
10.27
10.08
10.56
9.88
10.30
8.88
10.77
9.44
9.57
10.02
9.36
9.82
10.30
10.51
9.09
8.97
10.27
9.55
10.03
9.55
10.23
9.81
10.22
9.68
9.98
10.44
10.68
10.95
9.81
10.24
9.98
10.44
10.67
10.95
9.11
9.79
9.62
8.85
9.76
10.13
10.59
9.49
10.24
11.13
11.12
10.31
9.94
10.49
9.79
9.78
9.42
9.47
8.85
8.43
9.30
8.68
9.88
10.34
10.70
10.81
9.82
10.30
10.22
10.62
9.65
9.42
10.08
9.80
10.16
10.61
9.43
9.65
10.07
8.90
9.65
10.05
10.54
10.61
9.76
10.20
10.62
10.99
11.01
9.90
10.42
8.93
9.78
9.50
8.69
10.91
9.32
10.10
9.21
9.17
10.19
9.69
10.44
10.59
10.30
10.82
9.65
10.06
10.48
11.37
10.96
10.26
9.89
9.53
9.40
9.35
9.31
8.83
9.04
9.80
9.99
9.31
8.84
9.05
9.78
10.08
9.65
10.37
8.86
11.02
9.73
9.93
10.28
9.17
9.88
10.19
9.66
9.86
11.05
10.64
10.10
10.52
9.03
11.21
10.81
9.02
10.32
11.31
10.18
10.30
11.07
10.76
9.40
9.78
9.28
9.15
8.76
10.13
10.99
10.66
9.70
8.76
8.76
9.34
10.20
9.90
9.42
10.59
8.93
10.79
11.13
8.88
9.88
10.37
9.42
11.08
9.96
10.48
9.92
10.83
10.95
10.35
10.53
10.99
10.20
9.81
9.06
9.65
10.43
9.09
9.87
9.63
9.28
9.84
10.33
10.58
9.62
9.26
9.77
10.24
9.65
9.26
10.23
10.71
11.35
10.85
9.88
10.36
9.43
10.14
8.96
10.13
10.03
9.53
9.69
8.89
10.20
10.88
9.98
10.27
10.24
10.59
9.77
9.59
9.32
8.88
9.03
9.85
9.21
10.80
11.06
9.82
9.16
10.44
11.21
10.93
10.72
9.86
10.37
9.99
9.36
9.44
9.07
8.69
8.92
10.80
9.53
9.20
8.75
10.24
9.03
10.13
9.62
8.79
9.61
10.60
9.98
9.70
9.96
10.40
9.92
10.31
10.01
10.91
10.42
10.15
9.81
10.01
10.90
11.22
11.37
10.41
10.07
10.60
9.24
9.77
9.42
9.04
10.67
11.01
9.80
10.94
10.32
10.44
10.97
9.62
9.90
10.41
11.22
10.68
10.85
10.32
9.93
9.44
9.93
9.81
10.25
8.86
10.77
10.28
10.70
11.09
9.97
8.73
9.46
9.87
10.22
9.95
9.41
8.95
10.09
9.57
8.91
10.16
10.39
10.80
9.11
9.64
8.89
10.11
10.59
9.89
9.91
11.08
9.99
10.46
10.40
11.22
10.20
9.83
9.74
9.36
9.79
9.00
9.19
9.90
9.41
9.22
9.31
10.78
9.00
8.62
9.90
10.26
9.43
9.46
9.01
9.05
10.79
10.42
10.95
9.94
11.06
11.50
9.95
10.42
9.36
9.35
9.19
9.88
10.37
10.06
10.96
10.96
9.68
9.92
10.33
10.49
10.12
9.90
10.47
10.87
10.94
9.89
10.38
10.87
9.25
10.90
9.66
10.07
9.47
9.06
9.94
9.65
9.48
9.06
9.06
9.95
10.39
10.55
10.73
10.90
9.87
10.36
9.44
8.88
10.96
9.87
10.09
10.50
9.76
9.44
10.74
10.83
9.02
10.02
10.30
9.62
9.86
10.30
10.10
9.72
9.63
8.87
9.39
10.71
10.09
9.44
10.68
11.01
8.97
9.79
10.23
10.62
9.43
9.87
9.35
9.24
9.01
10.59
10.12
9.53
11.02
9.91
10.37
10.46
9.49
10.06
10.42
10.75
10.98
9.97
10.93
9.11
9.56
9.73
9.00
10.07
10.32
9.87
9.48
9.26
8.71
9.87
10.86
10.59
11.32
11.38
9.41
10.83
9.85
10.23
10.62
9.78
10.26
9.12
9.31
9.92
9.42
9.78
8.82
9.96
10.41
10.58
9.46
9.80
10.21
9.83
10.28
11.41
9.44
9.80
10.21
10.57
11.00
9.45
10.91
9.84
11.04
10.30
10.30
10.02
9.43
9.72
8.89
9.63
10.78
10.19
10.79
11.00
8.97
9.48
9.58
9.00
8.75
9.76
10.11
10.57
10.28
9.11
9.56
11.33
9.12
9.60
10.88
10.00
9.29
10.30
11.07
9.74
10.14
10.19
9.25
9.79
9.38
9.85
10.33
10.60
9.57
9.36
10.02
10.55
11.13
10.79
9.87
9.62
10.37
9.99
9.67
9.45
9.44
11.11
9.64
9.20
8.92
9.01
10.30
10.51
9.65
9.58
9.66
9.31
9.00
9.10
9.98
9.68
10.77
9.02
10.15
11.09
9.59
9.41
10.73
9.48
8.86
9.34
9.94
9.87
9.15
8.74
9.84
10.55
10.20
9.74
9.80
10.25
9.66
10.13
8.87
9.32
9.79
10.22
8.75
10.22
9.79
8.89
9.36
8.49
8.76
9.80
9.86
8.91
9.38
8.49
8.78
9.80
9.92
9.41
10.91
9.44
9.32
9.75
8.98
10.03
10.39
8.91
10.02
11.22
9.52
9.76
9.69
10.75
9.47
10.03
9.17
9.00
9.69
10.15
9.66
10.51
9.07
10.09
9.77
9.60
10.22
9.79
9.20
10.59
10.27
10.58
11.15
10.06
10.55
10.43
10.39
10.85
10.41
9.27
9.42
9.93
10.13
9.49
9.98
8.82
10.74
10.22
10.77
9.81
10.30
9.71
9.17
10.56
9.68
10.18
10.23
9.50
9.87
9.99
10.42
10.05
10.51
11.07
9.78
10.19
10.58
9.14
9.30
10.09
9.63
9.28
10.09
11.26
10.98
9.74
10.12
10.62
11.26
10.49
10.95
9.14
10.96
10.36
10.24
9.79
9.41
11.25
10.38
8.90
9.64
9.49
8.72
9.42
10.65
9.85
10.07
9.82
9.47
10.19
9.92
10.59
10.44
9.78
9.46
10.10
11.15
10.62
9.83
10.35
9.80
9.49
10.11
11.16
10.65
11.44
9.85
10.37
11.43
11.62
9.82
10.36
11.10
9.57
9.19
10.51
9.68
10.18
9.02
9.91
9.79
9.09
10.58
10.10
9.69
10.17
9.32
11.11
9.81
10.20
9.96
10.44
10.88
10.04
10.58
9.93
11.15
10.23
9.90
10.82
10.05
10.51
11.30
9.99
9.46
8.91
9.49
9.67
10.03
9.54
9.21
8.76
9.00
11.01
10.05
9.98
9.56
9.70
10.99
11.22
10.32
10.81
10.08
9.87
10.40
11.20
10.20
9.15
9.93
9.74
9.02
9.69
9.43
10.60
10.28
10.06
9.66
11.19
9.91
10.41
11.33
9.17
8.72
10.58
9.71
10.19
10.30
9.43
8.67
8.89
10.84
10.56
9.49
8.79
11.17
10.25
9.41
9.97
10.56
9.66
10.70
10.14
9.38
11.05
11.24
10.51
9.96
9.68
10.59
10.09
9.66
8.75
9.49
10.44
9.90
10.96
9.56
9.95
9.38
9.18
10.99
10.46
10.88
11.17
9.13
9.65
10.12
9.00
10.79
10.80
9.92
10.35
9.61
10.75
10.08
10.29
9.79
10.14
10.19
10.68
10.12
9.42
8.60
10.59
9.05
10.00
11.06
9.75
9.34
9.08
9.69
9.95
10.47
9.15
9.67
10.94
10.23
10.96
10.46
9.20
10.05
9.44
9.91
9.79
10.25
10.38
10.87
9.58
9.40
9.16
8.89
9.60
9.70
10.03
9.68
9.52
10.00
9.20
8.83
10.40
11.11
8.84
9.79
10.25
10.53
9.44
9.65
10.08
9.37
9.80
10.24
10.56
9.67
10.09
9.38
9.81
10.24
10.55
9.14
8.99
9.59
9.91
9.87
10.25
10.50
9.88
9.88
10.26
10.50
9.48
9.79
10.29
10.59
9.24
9.06
10.98
9.48
9.91
9.64
10.09
9.48
9.22
9.05
9.91
9.68
10.18
11.21
9.56
9.12
9.98
9.67
10.16
10.33
10.74
10.55
10.00
9.44
9.89
11.02
9.78
9.92
9.52
9.92
10.45
11.23
10.85
9.40
9.17
8.81
10.83
9.66
9.56
9.86
10.32
10.47
10.64
9.75
10.18
10.53
9.22
11.00
9.41
9.71
10.07
11.21
10.46
8.93
9.47
10.72
10.90
9.52
8.70
9.11
9.94
10.36
9.54
9.16
9.10
9.64
9.74
10.81
9.27
9.68
9.84
10.28
10.94
10.17
9.42
9.31
8.87
8.94
9.54
9.93
10.25
10.58
10.78
11.16
9.14
9.03
9.63
11.10
9.76
10.22
10.54
9.59
9.11
10.87
10.91
9.66
8.82
9.66
9.98
10.40
9.55
9.21
10.05
9.82
9.67
10.14
9.39
9.90
9.41
9.07
9.63
10.05
10.10
10.56
10.06
9.53
9.17
8.82
9.09
9.99
9.60
10.07
11.05
8.86
9.53
10.11
10.50
9.84
9.53
9.97
11.13
9.40
9.94
10.05
9.11
8.70
9.69
9.22
8.47
8.83
9.23
9.21
8.47
8.83
8.74
10.84
10.04
10.37
10.98
9.93
9.43
9.86
9.09
8.93
10.39
9.85
9.58
9.44
10.05
10.60
11.13
9.81
9.02
10.08
10.79
10.52
9.60
8.82
9.29
9.10
10.27
9.70
10.97
10.35
10.41
9.92
10.37
9.64
9.87
10.28
9.90
10.36
9.65
9.87
10.28
9.91
10.40
9.66
9.88
10.27
10.76
11.08
9.95
10.42
10.74
11.06
9.92
9.30
9.07
10.55
10.20
9.29
9.95
9.50
10.42
11.38
10.25
10.36
9.80
9.98
9.41
9.60
10.05
10.39
8.71
10.80
9.48
9.80
9.65
10.26
10.54
10.95
9.75
10.24
9.95
9.93
9.40
9.35
9.77
10.22
10.59
11.13
10.35
8.85
11.09
9.72
10.47
9.45
9.45
11.31
10.96
9.83
10.06
9.75
10.32
9.49
9.15
8.75
8.94
9.81
10.48
9.49
9.16
8.76
8.95
10.00
10.98
10.47
11.30
10.90
9.87
9.49
9.18
8.77
8.96
9.99
10.97
10.45
11.29
10.88
9.59
9.96
11.29
10.38
9.60
8.78
9.43
10.69
10.11
10.32
9.18
10.58
11.52
11.01
9.63
10.08
10.48
9.85
10.20
9.20
10.23
10.72
9.91
9.79
10.45
10.74
11.10
10.20
9.74
9.37
9.09
9.77
10.21
9.74
9.37
9.09
10.77
10.30
10.09
9.79
9.07
10.36
10.97
9.41
10.02
9.69
9.11
9.95
9.51
8.57
9.03
10.44
9.81
9.26
10.59
9.79
10.25
8.62
11.19
10.04
9.27
9.03
9.61
10.07
10.54
10.03
9.48
9.65
9.15
8.81
10.06
10.11
9.72
10.08
8.84
11.02
9.27
10.52
9.74
10.15
9.20
9.29
9.71
9.91
9.41
9.31
9.83
10.90
11.08
10.33
11.09
8.54
9.10
9.62
10.01
10.49
8.98
11.05
10.60
8.98
10.82
10.21
9.24
11.00
10.55
9.73
10.05
9.78
9.68
9.23
9.21
10.06
10.60
9.80
9.66
9.22
9.21
10.01
11.21
10.79
11.21
9.81
10.29
9.43
9.45
8.73
9.69
9.26
10.54
10.56
10.11
9.60
9.15
8.71
10.06
11.09
10.54
11.05
10.09
11.09
10.09
11.08
10.54
11.04
10.49
10.04
9.55
8.84
11.05
9.96
9.45
9.69
9.28
8.76
8.86
10.10
10.22
9.66
9.66
9.35
8.96
9.18
10.88
9.96
10.93
10.42
9.29
9.84
10.38
9.32
9.12
9.92
9.07
10.56
11.09
11.16
11.40
10.79
10.51
11.10
11.17
11.04
10.02
9.47
9.18
10.53
10.53
9.60
10.48
10.04
9.24
9.16
10.82
9.67
9.27
9.66
10.07
10.21
9.78
9.21
9.63
10.55
9.19
10.01
9.70
11.04
9.70
9.17
10.02
10.52
10.81
9.24
11.01
10.93
9.83
9.49
9.13
9.44
9.95
10.34
8.81
11.12
10.75
9.89
9.86
9.06
9.44
9.41
9.87
10.27
10.48
8.91
9.81
9.18
9.70
9.45
10.82
10.01
10.05
10.41
10.03
9.83
9.41
9.73
10.03
10.37
9.82
10.30
10.94
9.07
9.45
9.96
9.69
9.96
10.22
10.94
10.56
11.27
10.80
10.20
10.69
11.04
9.70
9.40
9.59
9.34
9.15
10.18
9.68
9.60
9.16
9.63
9.20
8.94
9.61
9.94
9.45
9.23
8.95
9.87
10.37
9.67
10.20
10.57
9.46
9.27
8.97
9.88
10.05
9.23
9.87
10.38
10.26
9.83
11.07
9.36
9.83
10.30
10.56
9.58
9.37
10.07
10.55
10.99
10.80
9.41
9.88
8.63
10.48
10.57
9.08
9.79
9.70
9.80
10.19
10.95
10.39
10.38
10.46
10.84
11.09
10.43
10.47
10.85
11.09
10.86
9.69
9.40
10.22
10.81
9.70
9.85
10.32
10.78
11.10
9.86
10.30
9.69
10.12
10.37
10.75
11.09
9.34
8.95
10.24
9.53
10.03
10.63
10.21
8.96
9.73
9.10
10.57
9.64
9.74
10.10
10.08
10.59
10.40
11.22
9.23
9.51
9.87
10.40
10.63
10.85
11.35
9.79
10.30
9.99
10.23
10.05
10.51
10.90
10.12
10.60
9.43
9.74
9.40
9.29
9.21
8.73
8.94
9.77
9.52
10.06
9.82
11.12
9.26
9.70
9.96
10.14
9.32
9.79
10.28
10.60
9.10
10.11
10.58
8.86
9.13
10.67
11.29
11.02
8.84
9.33
9.10
9.82
10.30
9.64
10.18
11.02
10.42
9.89
10.32
9.48
9.96
10.55
9.87
10.33
9.54
10.47
9.92
9.45
10.67
8.65
9.77
10.10
10.60
11.01
10.16
10.43
9.48
11.19
10.37
10.09
9.83
10.30
10.74
9.82
9.08
9.35
10.26
10.89
9.86
9.46
10.34
10.94
10.34
10.75
10.19
8.86
10.57
10.32
11.23
9.88
10.12
9.90
9.70
9.25
10.28
10.60
9.49
10.08
10.19
10.55
10.57
9.78
9.34
9.76
9.77
9.09
9.35
8.77
10.20
11.40
10.60
10.96
11.07
10.22
9.00
10.50
9.93
10.22
9.77
9.18
9.39
10.11
10.16
9.80
9.75
9.22
9.39
8.81
9.03
10.03
9.66
9.91
9.75
8.85
9.35
9.80
10.86
9.91
10.34
11.18
9.85
10.04
10.58
9.07
11.46
9.74
10.94
9.61
9.41
9.84
9.32
8.90
8.49
10.17
10.41
9.15
8.76
9.74
10.16
10.58
11.04
9.74
9.20
9.35
8.95
8.53
10.32
11.04
8.79
10.12
10.01
9.47
9.81
9.82
10.76
9.13
8.97
10.27
9.99
9.19
9.77
9.55
10.02
10.86
9.85
9.42
8.97
10.23
10.28
10.86
9.93
10.33
10.59
10.38
10.89
9.93
9.65
10.34
10.92
9.91
9.05
10.27
10.91
9.99
11.12
9.64
8.80
10.52
9.78
10.26
10.77
9.87
9.51
9.88
9.34
10.30
11.35
10.83
9.15
11.23
9.73
10.24
10.69
11.33
11.23
10.65
10.30
11.33
11.22
10.83
10.95
9.99
10.34
9.82
11.12
10.71
9.87
8.93
10.82
9.33
9.91
9.54
10.34
8.55
10.38
9.14
9.72
8.95
9.40
10.20
10.79
9.87
10.20
9.57
10.09
10.75
10.59
10.12
9.57
10.08
10.74
10.58
10.58
10.08
9.49
11.39
11.03
9.88
10.01
9.66
9.40
10.08
9.78
9.34
9.02
8.60
8.86
9.43
8.60
9.98
10.09
9.82
10.63
10.31
9.59
10.06
10.55
9.60
9.25
9.07
10.17
10.73
9.49
10.76
11.21
11.03
9.25
10.42
11.14
10.20
10.58
11.12
10.63
11.18
10.14
9.89
10.47
11.10
10.61
11.17
9.80
9.46
10.20
10.93
10.52
9.78
10.18
10.89
10.48
10.10
10.56
11.17
10.54
11.30
10.89
9.91
10.10
11.04
9.97
10.11
9.62
9.23
11.03
11.25
10.56
10.78
9.94
10.44
9.43
10.57
11.22
8.87
9.92
9.45
10.05
10.54
10.16
11.11
10.66
10.89
8.95
10.39
11.12
9.91
9.42
9.69
9.32
8.79
8.92
10.87
10.03
10.55
10.61
9.15
10.66
10.67
9.91
9.51
10.72
10.31
10.70
9.09
9.89
10.31
9.53
9.68
10.03
9.53
10.00
9.35
9.74
9.55
10.09
10.85
10.56
9.20
10.08
11.19
10.78
9.71
9.27
8.94
10.13
10.17
10.52
10.93
9.80
10.15
10.58
10.83
10.97
9.99
10.45
10.51
10.92
9.73
10.00
9.10
9.56
10.00
10.46
9.85
10.38
10.96
10.81
10.29
10.49
10.96
9.41
9.76
9.25
9.78
8.90
10.25
10.14
9.88
9.48
9.74
10.14
9.85
9.73
10.72
9.09
9.16
10.09
10.20
10.60
10.94
9.76
10.08
10.58
9.31
9.32
11.27
10.13
10.85
9.86
10.13
10.35
11.00
9.63
9.40
9.96
10.19
9.74
10.33
10.59
9.89
10.91
11.18
9.75
10.15
10.35
10.17
9.79
10.61
10.99
8.96
11.10
10.20
9.81
9.15
10.06
9.73
10.39
10.02
9.46
9.72
10.53
9.43
9.38
9.92
10.02
9.73
10.03
10.27
9.06
9.92
10.37
10.74
10.26
9.91
10.36
11.24
10.74
11.24
9.65
9.78
10.25
8.90
9.08
9.52
10.56
11.16
9.43
8.52
9.94
11.09
9.70
10.16
10.56
9.22
9.52
9.66
10.96
9.63
10.92
9.91
10.40
10.72
9.22
9.78
8.98
9.40
10.74
9.82
10.24
10.44
10.66
10.60
9.84
11.10
11.20
9.19
10.04
9.46
10.42
10.59
9.73
10.02
8.96
9.13
9.51
9.98
10.44
10.81
11.16
10.98
10.45
9.81
10.11
9.35
9.05
8.67
9.21
9.52
9.44
9.73
9.07
8.68
9.22
8.93
9.51
9.90
9.51
9.82
9.51
8.71
11.09
9.23
9.71
9.97
10.44
10.52
9.70
10.12
10.60
11.30
10.91
10.98
9.18
10.00
10.44
10.07
9.18
9.77
10.11
9.48
9.71
9.43
9.12
8.21
10.83
9.47
9.88
10.22
10.32
9.16
9.65
10.11
11.14
10.41
10.77
10.81
8.64
9.11
8.84
9.51
10.76
9.89
10.32
10.08
9.22
10.57
9.03
11.00
9.62
8.80
9.22
10.09
10.49
9.61
9.23
9.49
9.13
9.72
9.93
10.13
10.84
9.74
10.27
10.99
10.64
10.27
9.79
9.83
10.16
9.79
9.45
9.20
9.41
9.89
8.93
9.54
8.70
9.14
10.10
10.47
10.76
9.08
10.12
10.58
9.27
9.11
9.44
9.86
10.38
10.20
9.64
11.11
9.84
10.31
10.56
10.13
9.55
10.57
9.78
10.24
11.24
9.70
9.17
9.66
9.25
8.96
10.96
9.99
9.61
9.53
9.27
8.96
9.88
9.73
10.35
10.36
9.56
9.32
8.99
9.95
10.30
10.77
10.41
10.30
10.97
10.76
9.95
9.85
10.87
9.02
9.43
9.42
9.93
10.29
9.66
8.71
9.85
9.05
9.65
10.16
9.55
9.26
9.06
9.97
10.89
10.55
10.46
10.09
10.58
9.88
11.20
9.87
9.40
9.17
9.42
9.18
8.85
9.55
9.81
9.46
10.10
9.75
10.19
10.98
8.93
10.58
9.53
9.47
9.96
10.38
9.91
9.52
9.18
8.87
11.16
10.25
10.68
9.01
10.18
9.93
9.63
11.14
10.56
11.40
8.88
11.01
10.86
10.06
10.42
11.00
10.04
9.86
10.36
10.24
9.75
11.12
10.79
9.15
9.73
9.97
10.21
9.76
10.55
10.46
10.11
9.68
10.23
11.04
10.62
9.19
10.97
9.40
10.38
11.08
10.65
10.90
8.87
9.85
11.09
10.30
9.87
9.50
10.03
8.83
9.55
9.06
10.75
9.62
10.76
9.81
10.21
8.92
8.93
10.89
10.59
10.26
10.71
10.21
9.90
9.40
10.93
11.30
8.78
10.03
10.82
9.80
9.98
10.29
9.40
9.90
9.89
9.63
10.60
9.02
11.51
11.02
9.59
9.16
8.77
9.93
10.45
9.41
9.19
9.13
10.36
9.91
9.48
9.28
8.81
10.88
10.94
10.28
10.78
9.87
9.74
10.34
8.84
9.55
9.39
9.20
10.83
10.89
10.25
10.74
9.89
9.22
9.89
10.65
10.36
11.17
11.46
11.22
9.86
9.21
9.03
9.29
9.74
9.84
9.92
9.80
9.26
10.87
9.71
9.79
10.12
10.53
11.14
9.27
9.63
9.90
10.88
9.39
9.43
9.30
8.95
8.94
10.37
11.14
9.54
10.64
9.80
10.23
9.09
10.40
9.23
9.92
9.82
9.14
9.46
9.41
10.16
8.79
9.89
9.69
10.14
10.22
10.55
9.67
10.37
9.42
9.87
10.59
9.26
8.94
10.79
10.89
9.97
10.35
9.55
9.86
10.30
8.92
8.69
9.43
9.97
9.61
10.31
9.01
9.45
9.87
9.17
9.72
10.12
9.09
10.53
10.39
10.93
10.79
10.20
9.99
10.44
10.92
10.15
10.93
10.59
9.81
9.49
9.11
10.85
11.28
9.87
10.34
10.44
10.82
10.23
9.58
9.99
9.90
9.42
10.02
10.18
8.87
9.79
10.03
9.50
8.82
10.59
11.17
11.27
10.11
9.03
9.71
10.05
10.59
9.54
9.72
10.16
9.65
10.04
10.49
9.72
10.15
9.65
10.04
10.49
9.26
8.89
9.08
9.60
10.00
10.89
11.27
10.35
11.25
10.08
10.04
9.22
9.79
8.97
9.36
10.22
9.94
9.77
9.41
8.60
10.49
9.09
10.11
9.63
9.80
10.59
10.26
9.31
9.57
10.08
10.56
9.73
10.24
11.17
9.65
10.55
10.93
9.20
11.03
10.05
9.68
9.86
10.42
9.03
9.36
9.55
9.77
10.22
9.95
9.62
10.40
10.70
8.74
10.94
9.21
10.10
10.46
9.91
9.62
10.37
10.09
9.91
9.63
10.37
9.71
10.19
9.66
9.31
9.12
9.81
10.27
10.83
9.86
9.17
10.33
10.99
10.65
9.44
9.86
10.34
10.98
10.45
10.98
9.41
9.79
10.24
10.65
10.77
8.88
9.77
10.24
11.03
9.37
9.47
9.35
8.99
8.76
10.58
8.95
11.35
10.90
9.50
9.57
10.04
10.32
10.38
9.93
9.46
9.08
8.74
9.54
10.00
8.75
10.88
9.64
9.22
10.20
9.84
9.43
8.45
10.77
10.60
9.80
10.26
9.61
9.14
10.09
10.86
10.54
8.96
11.17
10.74
9.86
10.30
9.73
10.23
9.52
10.01
10.86
10.52
8.74
9.50
9.29
9.05
10.14
10.84
9.63
10.56
10.23
10.31
10.81
9.54
10.21
9.12
10.64
10.34
11.28
10.81
11.27
9.70
9.19
8.95
10.95
9.91
10.32
11.13
10.63
9.75
10.25
10.23
10.02
9.69
9.42
10.07
10.41
10.99
10.38
10.58
11.01
9.92
9.52
8.97
9.73
9.90
9.51
8.99
9.75
10.04
10.58
10.38
9.47
9.20
8.79
9.81
10.34
9.94
10.43
10.92
9.75
10.86
11.35
8.81
9.98
10.29
10.88
9.65
9.45
8.68
9.50
10.15
10.31
10.77
10.02
9.64
10.03
10.30
10.77
10.02
10.57
9.06
10.01
9.06
10.04
9.67
9.62
11.08
9.24
8.93
10.02
10.46
9.15
11.15
9.72
10.14
10.86
10.39
10.24
10.99
10.06
9.74
9.41
8.84
9.46
10.13
9.04
8.63
9.07
8.64
8.97
10.42
10.86
10.56
10.02
8.65
8.98
8.97
9.51
9.11
8.96
9.99
9.98
8.96
9.51
9.11
8.96
9.98
9.55
10.08
11.18
10.11
10.05
10.02
10.89
10.44
10.07
10.56
11.36
10.04
9.76
10.27
10.44
10.93
9.66
10.98
9.16
10.04
10.51
9.81
9.64
10.28
11.21
8.83
9.73
10.94
10.26
10.72
9.82
10.35
9.73
10.82
10.23
10.61
10.98
9.86
9.46
9.18
9.81
9.41
10.14
10.90
8.89
10.59
10.29
9.59
10.14
9.49
10.50
10.99
10.23
11.00
10.49
9.10
8.97
11.15
10.03
9.56
11.12
10.93
11.38
10.08
10.07
11.11
10.91
11.38
11.11
10.89
11.38
10.07
10.57
11.38
10.31
11.02
10.54
10.04
9.07
9.07
9.85
9.43
9.68
8.87
9.80
10.90
9.80
10.34
11.22
10.82
10.79
9.08
10.32
10.02
9.54
10.10
10.15
9.66
9.05
9.93
9.85
9.49
9.17
9.41
9.80
10.13
10.86
10.03
10.33
9.79
10.11
10.02
9.87
10.84
10.60
10.28
8.90
10.75
11.36
10.69
9.79
9.48
10.18
10.11
9.68
9.25
8.77
8.93
11.12
10.56
10.97
11.35
9.82
10.37
9.48
10.47
9.22
10.46
10.88
9.67
10.05
10.49
10.65
11.10
10.91
9.23
9.24
10.41
9.71
10.08
9.14
10.82
10.05
9.85
10.33
11.02
9.40
10.12
8.85
9.74
10.22
9.91
9.43
10.22
9.00
10.18
9.43
9.80
9.89
9.85
9.01
10.57
9.89
10.25
9.52
10.04
9.06
9.59
10.08
10.78
10.90
10.07
10.33
9.87
10.37
10.20
9.32
9.85
9.42
9.08
8.75
10.83
9.18
9.85
10.31
10.25
10.76
11.06
9.76
9.54
9.30
9.74
10.24
10.60
10.12
10.03
10.54
9.99
9.99
10.37
10.59
9.57
10.04
10.48
11.13
10.93
10.54
10.84
11.27
10.31
10.60
9.85
9.43
10.19
9.97
9.23
9.68
9.08
9.68
8.83
9.94
10.22
9.31
9.79
9.81
10.24
10.99
10.60
10.16
9.90
9.40
9.48
8.77
9.20
9.69
10.16
10.89
10.58
9.27
10.84
11.22
10.00
9.77
9.08
10.00
10.35
9.72
9.40
9.69
10.56
9.20
9.75
9.21
8.85
11.02
9.70
11.08
9.22
9.97
10.46
9.43
9.84
9.49
8.97
9.45
9.91
10.26
9.76
10.24
9.87
9.77
10.24
9.41
9.09
8.83
9.05
9.64
8.81
9.80
10.81
9.67
9.56
9.20
9.81
10.25
10.12
9.72
10.07
10.25
9.84
10.58
10.55
9.32
10.61
11.09
11.21
10.98
10.19
10.41
11.14
9.91
9.42
10.66
10.87
9.58
10.00
9.55
9.23
8.78
10.04
10.30
9.06
10.36
9.63
9.98
10.79
9.45
9.91
10.10
10.18
9.44
9.92
10.41
10.17
9.45
9.93
10.42
10.64
11.00
10.21
9.90
9.07
9.40
9.82
9.76
10.19
10.40
8.82
10.18
10.25
9.83
9.94
9.44
8.94
10.22
9.43
9.87
9.36
8.99
10.78
9.60
10.59
9.81
10.18
9.71
10.19
10.51
9.78
10.10
9.72
10.20
10.50
9.82
10.14
11.10
10.49
10.31
11.18
10.76
9.24
9.85
9.40
9.88
9.31
9.34
8.94
8.50
9.86
9.86
9.34
8.52
9.26
10.77
9.58
9.85
10.30
9.34
9.06
9.07
9.85
10.81
10.30
10.15
10.81
9.63
10.59
9.98
10.25
9.45
9.95
10.41
10.92
10.17
10.47
10.93
11.02
9.20
9.64
10.08
10.55
9.08
9.62
9.07
11.27
9.65
10.78
10.93
9.95
10.33
10.04
9.19
10.41
9.78
9.39
8.99
9.79
10.21
9.47
9.02
10.01
9.94
9.41
10.04
9.19
8.76
10.18
9.69
9.07
10.91
10.54
10.03
10.54
10.04
11.23
10.23
10.93
10.55
9.93
9.42
10.19
10.95
10.58
8.96
9.43
9.92
10.56
10.07
9.54
8.87
11.13
9.77
10.26
9.06
10.55
10.18
10.60
9.76
10.08
10.60
11.19
10.57
10.09
9.75
10.07
11.16
10.62
11.17
9.65
10.59
10.18
11.15
10.65
11.18
10.51
9.79
10.06
10.61
8.95
10.34
10.88
9.75
11.05
9.41
8.71
10.55
11.32
9.80
9.99
9.07
10.40
9.40
10.44
9.97
9.16
8.78
10.13
9.71
9.24
8.66
8.80
9.95
10.18
9.66
9.15
9.94
10.60
10.11
9.66
8.67
9.14
8.83
9.94
9.19
10.31
10.21
9.79
9.45
10.01
11.03
10.48
10.61
8.68
11.08
9.97
9.69
10.50
10.67
11.23
11.13
9.66
11.00
8.84
10.39
10.17
11.11
10.28
10.57
10.13
9.82
9.42
9.78
8.73
10.59
11.25
10.86
10.31
10.86
11.38
11.22
9.98
9.54
9.43
8.70
10.21
10.58
9.80
11.30
10.68
10.24
11.27
10.83
11.37
10.39
10.61
10.19
11.24
10.81
11.35
10.39
10.11
10.49
11.35
10.51
9.15
11.19
10.23
9.71
9.72
9.42
9.94
8.89
9.01
9.17
10.74
10.74
10.47
9.25
9.25
9.75
10.52
10.60
10.18
9.14
10.30
11.40
10.03
9.82
10.48
11.01
11.18
9.93
10.52
11.40
10.96
9.64
9.82
9.48
9.97
10.43
10.88
11.23
10.87
9.19
10.06
10.51
9.57
10.78
10.97
10.39
9.17
10.08
10.00
9.64
9.72
10.94
8.89
9.22
10.00
10.41
9.86
9.68
9.45
9.42
10.81
8.56
9.06
9.92
10.36
9.53
10.72
11.09
10.77
9.42
9.73
10.23
9.65
9.18
10.48
10.60
9.61
9.65
10.06
10.44
10.88
11.22
11.30
8.96
9.22
9.79
10.26
10.75
10.04
10.41
10.72
10.85
10.35
9.74
10.19
10.68
9.19
9.72
10.22
8.94
9.28
9.75
9.84
10.60
9.40
10.11
8.65
9.11
10.41
10.07
8.92
9.69
9.75
10.08
10.56
10.00
11.08
9.87
10.16
10.53
9.95
9.47
9.43
8.81
9.70
10.16
11.00
9.82
10.38
10.64
10.84
10.32
9.82
9.93
9.47
9.14
9.80
10.20
9.44
9.94
9.85
10.81
8.87
10.28
10.60
11.02
10.26
9.79
9.59
9.19
9.54
9.95
9.93
10.29
9.00
10.16
9.82
9.47
8.83
9.41
9.86
10.29
10.58
9.37
9.36
9.18
8.77
8.76
9.64
8.85
10.01
10.44
10.90
11.35
10.24
10.80
10.01
10.43
10.89
11.33
11.18
10.17
9.12
10.38
10.52
9.98
10.78
11.04
8.91
9.10
9.38
9.67
9.91
10.33
10.88
9.71
10.16
10.32
9.82
10.58
11.01
9.43
10.74
9.56
9.07
8.61
8.75
10.04
9.80
10.22
10.98
9.07
9.42
10.48
10.49
9.17
8.94
10.08
9.59
9.64
10.08
10.36
10.60
10.20
9.93
9.48
9.17
10.50
10.55
10.83
11.26
10.31
11.26
10.56
9.02
10.16
10.09
9.54
10.00
8.90
9.93
9.15
10.10
10.54
10.02
9.68
9.10
9.92
11.06
10.10
10.52
9.85
9.40
10.36
8.88
9.53
10.88
9.42
9.95
9.72
8.69
10.30
10.47
9.56
9.39
10.34
11.05
10.71
9.97
9.09
9.69
10.08
10.40
9.66
10.13
11.33
9.61
10.11
10.17
9.90
10.93
8.94
10.29
9.44
8.60
10.58
10.11
9.09
9.08
9.60
8.88
9.34
11.12
9.16
9.68
10.14
10.51
9.76
11.02
9.79
9.97
10.47
9.22
11.22
9.87
9.42
9.81
10.27
10.73
9.95
9.46
10.45
10.98
11.43
11.22
10.72
10.86
8.88
9.82
10.30
9.49
10.45
9.16
8.98
9.91
9.57
9.95
9.56
10.35
9.76
10.12
9.97
10.73
11.02
10.58
9.10
10.24
11.36
9.83
9.65
9.68
8.93
9.38
9.82
10.13
9.76
10.60
10.21
10.26
9.87
9.41
10.37
11.03
11.39
11.17
10.21
10.70
11.19
9.43
8.79
9.85
10.12
10.03
10.57
10.53
9.40
9.42
9.90
9.27
8.91
9.67
10.23
9.66
8.99
10.99
9.62
9.62
9.14
9.98
10.40
10.20
9.94
8.91
10.98
10.31
9.42
8.57
9.03
9.98
9.54
8.92
10.28
10.90
10.41
9.89
9.19
10.14
9.68
9.72
10.24
9.73
9.19
10.97
10.06
10.50
9.15
10.57
11.10
9.72
10.16
10.78
10.54
9.24
11.26
9.84
10.27
10.73
10.21
9.44
9.27
8.87
8.91
10.88
9.92
9.43
8.87
8.93
10.33
10.01
10.54
10.16
9.75
9.38
8.86
8.92
11.19
11.10
10.89
10.67
9.59
10.34
9.96
8.92
10.23
8.93
11.20
11.05
10.71
10.24
11.20
9.03
10.01
9.64
10.10
10.55
10.75
10.42
10.43
11.01
11.46
10.93
11.25
10.31
11.23
10.46
10.88
11.43
10.02
9.16
10.48
10.16
10.77
10.00
10.52
11.32
10.99
11.43
10.60
10.07
10.00
10.53
11.30
10.97
11.42
10.63
10.12
10.97
11.42
11.23
10.31
9.92
10.30
9.80
9.28
9.41
10.90
10.76
9.63
9.24
9.00
10.03
9.77
10.34
9.91
9.84
9.36
9.13
9.78
10.31
10.49
10.60
10.83
9.11
9.11
9.92
10.36
9.49
9.87
9.65
10.12
10.54
9.17
9.17
9.73
9.78
9.39
9.21
10.15
9.83
9.75
9.36
9.13
9.83
10.36
10.60
10.89
11.44
11.06
11.39
10.57
10.05
10.58
10.08
11.05
11.37
11.42
9.40
9.75
10.27
8.84
9.89
10.36
10.06
10.39
10.85
10.02
9.82
10.35
9.23
9.64
10.10
9.47
10.03
10.78
10.14
10.22
9.01
10.10
9.60
9.95
10.36
10.77
9.52
9.37
10.16
9.95
10.57
9.41
9.51
9.16
9.03
11.38
9.69
9.59
9.68
10.03
10.46
9.24
9.10
9.58
11.30
9.70
10.47
10.89
10.88
10.26
9.67
9.95
9.86
10.31
10.71
9.19
9.84
9.71
8.95
9.81
10.15
9.40
9.09
8.70
9.68
10.21
8.45
8.82
9.35
8.74
10.10
10.96
10.65
10.56
11.29
9.78
10.19
10.34
10.77
10.24
10.94
10.38
9.41
9.67
10.06
9.34
9.66
9.98
9.41
9.30
9.85
10.25
10.58
8.89
8.71
9.27
9.81
9.37
8.92
11.15
9.52
10.03
9.53
9.72
10.09
10.59
10.54
9.61
10.10
10.60
11.01
11.27
9.75
10.13
10.66
9.64
10.10
10.58
10.99
11.27
9.67
10.03
10.55
8.99
8.84
9.40
9.66
10.07
10.54
11.03
10.96
11.25
9.73
10.43
9.67
9.06
8.88
11.24
9.45
9.16
8.99
10.36
10.85
9.61
10.18
9.94
10.76
9.31
9.05
9.64
10.14
10.56
9.09
10.06
11.04
9.71
8.83
9.22
10.13
10.51
10.22
9.22
9.83
10.32
10.26
10.76
10.91
9.44
9.93
10.38
9.42
9.56
9.28
8.78
9.82
9.13
8.67
9.77
9.25
10.04
9.98
10.42
10.84
9.84
10.33
11.20
10.84
9.50
9.88
10.27
10.37
10.71
10.16
9.93
10.36
10.69
10.08
9.67
9.41
9.98
10.40
9.49
10.00
10.56
10.34
11.45
9.94
10.93
9.95
8.99
10.32
10.28
10.38
10.04
10.63
11.05
10.22
9.80
9.57
8.78
11.05
9.96
9.91
10.58
10.26
10.36
9.85
9.91
10.37
10.82
10.75
11.18
11.46
11.10
10.55
11.40
10.59
11.02
11.00
9.22
10.46
10.15
9.69
10.92
10.83
10.30
10.04
9.57
10.01
10.69
10.57
9.83
10.25
10.92
10.45
11.04
9.44
10.49
8.75
8.75
10.02
9.16
9.89
10.77
10.92
9.81
10.31
9.91
9.54
9.49
8.98
9.98
9.41
10.89
9.21
8.81
10.47
9.62
10.03
11.04
10.86
10.36
10.07
9.44
10.15
10.39
10.88
9.74
9.67
9.21
10.21
10.44
10.88
9.82
8.70
10.25
10.14
10.84
10.09
10.58
9.10
10.13
9.68
9.67
11.09
8.94
10.03
10.49
11.21
10.39
9.24
10.26
9.77
9.06
9.87
10.88
10.31
9.77
9.40
10.28
10.83
9.93
10.51
8.80
9.52
10.07
10.32
8.87
10.94
9.65
9.49
9.49
9.32
9.70
10.59
10.19
10.30
10.07
9.59
9.30
10.89
10.55
8.74
11.23
9.24
9.14
9.67
10.12
9.45
10.59
11.18
10.76
9.03
10.27
9.93
9.51
10.84
8.92
10.59
10.20
9.12
10.18
9.82
10.69
10.19
10.25
10.75
9.71
9.93
10.44
10.23
9.79
9.43
9.03
11.01
10.74
11.23
9.75
10.45
11.21
9.03
9.88
10.08
10.59
10.29
11.25
11.15
10.77
9.70
9.41
9.54
10.34
9.88
10.10
9.00
8.54
9.78
9.19
9.53
10.35
9.87
10.08
9.00
8.56
9.79
9.24
9.53
10.04
9.01
8.58
9.82
9.31
8.55
9.89
10.18
9.68
9.62
9.38
8.99
10.54
11.35
9.91
10.41
11.33
11.04
10.60
11.54
10.31
11.32
11.02
10.61
11.53
10.26
11.31
10.13
11.03
10.63
11.53
10.10
10.60
9.86
10.17
10.66
10.10
9.81
11.10
8.86
9.24
10.55
10.20
9.83
10.33
10.23
11.20
9.94
9.40
8.53
10.43
9.07
10.92
9.56
9.99
10.07
10.96
10.50
11.04
10.00
10.48
9.60
9.06
10.07
9.08
10.96
10.49
11.04
10.42
9.81
10.22
9.23
9.98
9.80
10.43
9.87
10.27
9.28
11.05
10.42
10.43
9.19
10.02
10.91
9.74
10.08
9.47
9.27
9.91
9.77
9.43
9.76
10.18
10.63
10.58
9.80
10.93
10.01
10.26
10.65
9.28
10.32
10.29
10.15
9.81
9.11
9.82
9.42
8.83
9.90
9.31
8.97
9.46
9.30
9.59
10.02
9.66
10.45
10.13
10.58
9.11
9.61
11.16
9.12
9.90
9.83
10.32
9.25
10.16
9.69
9.29
10.56
9.76
10.26
11.01
10.37
10.43
11.12
10.80
9.67
10.09
9.54
9.09
9.83
10.25
10.86
9.85
9.85
10.32
10.65
10.20
9.93
9.45
9.59
9.92
10.59
10.39
8.93
9.59
9.93
10.34
10.81
9.85
10.89
10.34
10.80
9.71
9.47
8.80
9.96
10.21
9.94
10.26
10.20
9.81
10.65
10.93
10.19
10.58
10.13
11.17
9.24
9.78
8.99
9.43
9.88
10.37
10.57
9.64
9.44
10.11
10.60
10.86
11.03
9.89
10.43
9.69
9.40
9.64
10.56
9.49
10.05
9.27
8.82
9.81
9.19
8.75
8.77
9.71
9.35
9.82
10.15
9.50
9.37
9.94
9.89
9.50
9.40
9.94
9.92
9.43
9.93
10.30
10.85
9.92
9.40
9.55
10.21
10.37
9.41
9.09
8.94
9.59
10.40
10.78
10.22
9.96
10.32
9.87
10.55
9.07
11.11
9.51
9.44
9.13
9.92
9.08
10.11
9.64
10.52
9.53
9.16
10.26
9.69
9.81
9.56
9.17
10.27
10.74
9.75
10.26
10.77
9.83
9.28
10.25
10.88
10.36
9.86
9.43
9.84
9.41
10.17
10.35
10.64
9.96
10.27
8.69
9.45
9.07
9.91
8.97
10.32
10.06
9.58
9.48
9.87
10.05
10.55
11.22
10.44
10.18
9.88
10.33
9.94
9.40
8.64
10.11
10.90
9.13
10.60
9.62
10.07
10.23
10.56
11.20
10.85
10.56
10.85
11.08
10.41
10.57
10.27
9.81
9.03
11.09
9.68
9.42
10.49
10.49
9.71
10.22
9.38
9.85
10.31
9.72
10.28
9.42
9.25
8.89
8.52
9.88
10.32
10.68
10.95
11.01
11.22
8.84
10.40
10.30
9.41
9.37
9.85
10.28
10.63
10.89
11.21
9.92
9.51
10.43
8.57
11.21
10.48
10.33
11.21
9.61
9.12
9.52
8.41
8.87
9.43
9.44
9.07
9.05
10.58
8.52
8.48
11.01
9.40
10.22
10.50
9.12
9.47
9.88
8.97
9.36
8.42
9.84
9.12
9.45
9.86
11.09
9.07
9.37
8.75
8.65
9.80
10.10
9.91
10.81
9.40
9.92
10.27
9.98
9.62
10.18
10.96
10.54
8.81
10.09
10.58
9.50
11.25
10.01
10.79
10.29
9.79
10.05
9.05
9.68
9.43
10.01
10.42
9.55
9.07
9.99
10.46
10.88
10.96
9.69
10.87
10.60
9.52
9.05
11.15
8.96
9.89
10.25
10.88
9.56
9.98
10.38
10.09
9.55
9.66
9.97
10.29
10.56
9.56
9.16
9.09
9.89
10.12
10.59
9.09
10.25
9.68
9.14
11.15
10.37
11.17
9.82
8.96
9.44
8.79
8.32
8.50
9.28
10.57
11.45
9.76
10.96
9.87
10.38
10.93
10.00
9.86
10.79
9.52
9.10
9.45
10.77
10.78
9.95
10.30
8.86
10.60
9.97
10.60
9.46
10.19
9.82
10.64
10.32
8.74
11.16
10.13
10.19
10.57
9.02
10.51
10.13
9.00
10.51
10.14
11.25
10.84
11.06
10.08
9.58
9.74
10.56
10.22
9.19
11.21
8.85
10.94
10.04
10.35
9.42
11.06
11.06
10.32
8.65
9.11
9.72
10.00
9.85
9.15
9.73
9.40
9.80
9.40
8.99
8.47
10.21
9.75
9.20
9.80
9.41
9.00
8.48
8.62
10.21
9.27
8.87
9.66
10.17
10.77
8.95
9.55
9.68
10.58
10.14
9.41
9.21
8.74
9.04
10.62
11.09
9.89
10.32
10.58
11.36
10.46
10.27
9.84
9.96
10.49
10.64
9.08
10.79
10.76
10.75
10.32
9.51
9.93
9.72
9.93
9.74
10.25
10.81
9.89
10.14
10.32
9.13
10.07
10.46
10.90
10.21
10.90
9.66
9.95
9.09
10.27
10.58
11.20
11.25
10.04
9.87
10.34
10.68
9.40
9.48
9.11
9.89
10.14
8.77
9.80
9.44
9.09
10.68
10.60
11.16
11.18
9.83
10.30
10.43
10.81
9.41
9.33
9.82
9.72
10.21
8.89
10.69
9.44
9.56
9.99
9.09
9.02
9.55
10.01
9.67
10.14
10.60
9.96
9.61
9.35
9.87
9.25
10.59
9.92
10.31
11.04
10.26
10.32
9.37
9.42
9.52
8.97
8.61
8.94
9.54
11.06
9.64
10.05
9.12
9.99
10.21
10.52
10.90
9.91
9.34
9.92
10.38
10.60
10.31
10.18
10.45
10.01
9.95
9.46
10.84
8.76
10.37
10.09
10.33
9.96
9.87
9.57
9.27
9.44
9.93
10.26
10.73
9.63
9.80
10.24
11.05
8.95
10.61
9.68
9.49
10.11
10.59
9.27
8.88
9.60
9.03
11.32
10.82
9.64
10.79
8.90
9.84
10.24
9.66
10.12
10.60
10.28
10.00
10.52
10.05
10.96
10.77
11.13
10.32
9.91
11.11
9.40
9.27
9.61
10.05
8.80
9.22
10.13
9.70
10.54
9.40
10.78
11.02
9.87
10.38
10.09
10.95
9.63
9.40
9.93
9.77
10.29
9.94
10.34
10.39
9.19
8.93
9.81
9.48
9.69
9.92
9.81
10.28
10.74
11.15
10.90
9.52
9.84
10.29
9.84
9.02
9.56
9.18
8.80
9.09
10.49
10.12
9.66
10.19
9.33
9.76
9.50
10.04
10.53
11.20
10.42
9.25
10.16
9.47
9.93
9.87
10.07
9.42
10.56
9.08
8.68
9.55
9.99
11.17
10.84
10.33
10.74
11.15
10.54
11.24
9.84
9.47
9.99
10.14
10.51
10.92
10.08
9.87
9.11
10.38
9.43
10.91
11.13
10.14
9.78
9.13
8.96
9.58
9.06
8.68
9.97
10.18
9.81
10.58
10.27
10.09
9.71
9.37
9.20
9.79
10.57
11.41
10.91
10.30
9.28
10.68
11.13
9.41
9.81
10.29
9.83
9.50
10.29
10.70
8.92
10.79
9.81
10.30
9.69
9.49
9.62
8.80
10.73
9.67
9.83
10.20
10.08
10.82
10.60
10.28
10.13
11.07
10.63
10.15
10.66
10.50
11.37
10.24
9.72
10.90
10.94
10.54
9.46
9.07
10.03
9.83
10.35
9.03
10.02
9.64
9.46
9.32
9.87
8.59
10.34
10.57
9.89
11.52
11.24
11.25
10.31
11.24
11.48
11.73
9.13
9.04
9.65
9.96
9.04
9.49
9.93
10.06
9.97
9.45
9.53
10.22
9.83
10.89
8.96
9.62
9.59
10.00
10.58
10.23
9.74
10.10
9.59
9.27
9.19
8.92
9.53
10.00
10.09
10.11
9.66
9.20
8.92
9.59
10.03
10.12
9.68
9.24
8.94
9.07
10.45
10.94
11.11
9.65
10.03
10.17
10.50
9.69
11.30
8.92
10.23
9.92
9.43
9.70
9.14
8.64
9.74
9.23
8.32
10.78
9.71
9.49
10.23
9.43
10.61
10.05
9.96
10.59
10.48
9.62
10.13
10.61
11.08
9.95
11.46
10.46
9.68
10.19
10.64
11.12
10.95
9.84
10.36
9.64
11.10
9.23
8.80
9.96
9.84
9.17
10.31
10.23
10.92
9.85
9.95
9.41
9.77
10.23
8.81
10.95
9.43
9.11
8.92
9.58
9.50
9.24
8.97
10.11
10.02
9.68
10.53
10.56
10.04
9.03
10.00
9.61
11.24
8.98
10.20
8.99
10.41
9.84
9.97
9.55
9.17
9.28
10.69
10.50
9.08
10.58
10.89
9.51
9.93
10.40
10.00
10.47
9.99
10.87
9.98
10.42
9.10
9.90
10.35
10.39
10.31
10.82
9.61
9.71
10.79
9.80
10.23
10.76
9.14
9.51
9.93
9.66
8.93
9.28
9.24
10.11
10.58
9.29
9.72
10.14
11.06
9.75
10.14
9.41
10.45
9.90
10.27
10.18
9.40
9.97
9.67
9.53
9.41
9.92
10.20
9.78
8.73
10.47
9.59
10.81
9.94
9.41
10.36
9.81
10.39
9.81
10.30
10.41
10.83
11.02
8.98
10.76
9.56
9.58
9.03
9.95
10.28
9.17
10.69
10.98
9.84
10.56
9.22
11.36
9.73
9.81
10.18
9.62
9.11
9.41
8.78
10.21
9.20
10.97
10.48
9.71
10.14
9.16
10.32
10.59
9.71
9.98
9.20
9.18
9.62
9.72
10.14
9.97
10.38
10.68
11.19
10.26
10.35
9.92
9.45
9.72
8.79
8.53
9.47
9.76
8.79
9.22
8.96
10.52
10.09
9.61
8.83
9.25
9.72
9.38
9.92
9.84
10.25
10.58
9.99
9.38
9.72
9.40
8.94
8.59
9.62
10.02
11.04
10.07
9.78
10.42
9.41
9.11
8.64
9.68
10.51
9.95
10.43
10.78
9.79
10.34
10.90
11.29
9.97
10.97
10.91
10.44
9.25
9.71
10.87
9.41
9.81
10.11
10.64
10.80
9.81
10.59
10.22
9.77
9.81
10.24
10.58
11.12
10.25
9.92
9.97
9.82
10.27
9.91
9.45
10.24
10.44
10.56
10.14
10.58
10.82
11.17
11.04
8.90
10.40
9.92
11.20
9.47
9.82
10.81
9.70
10.21
10.92
9.86
10.02
9.70
10.16
10.60
10.75
9.96
10.28
9.70
10.64
10.18
9.41
10.72
9.79
10.28
10.50
10.11
9.75
10.26
9.86
9.44
10.28
9.97
10.23
8.97
10.15
10.83
9.52
9.87
8.91
9.90
10.28
10.59
9.82
9.47
10.19
10.61
11.14
10.16
11.14
10.16
9.12
10.51
10.55
10.92
9.61
10.10
11.01
9.02
10.41
9.62
10.09
9.20
9.04
9.74
10.13
9.18
10.39
10.69
10.89
9.79
10.32
9.29
9.07
10.10
10.85
9.88
10.03
10.33
9.41
8.76
9.83
8.96
9.46
10.31
9.42
9.96
9.74
9.74
9.24
10.06
10.12
10.15
10.94
10.57
10.13
9.75
10.17
10.94
10.56
9.14
10.06
10.56
9.13
11.30
10.18
9.69
8.94
8.74
9.41
10.77
9.78
9.80
10.16
10.27
9.86
10.22
10.55
10.89
10.14
10.90
10.59
9.95
9.51
9.44
9.86
9.81
9.52
10.21
8.90
9.78
10.27
11.13
9.45
9.93
9.47
9.25
8.78
9.00
10.06
10.56
9.02
9.01
9.47
9.77
10.25
9.09
10.95
9.67
9.23
8.98
9.98
10.42
9.19
9.78
9.25
8.95
10.09
10.14
9.40
9.85
9.83
10.16
9.86
9.82
10.81
8.75
10.20
10.99
10.55
10.17
9.86
9.51
9.21
9.78
10.57
10.29
9.51
9.19
10.09
10.59
11.08
10.77
11.19
10.32
10.70
10.51
11.01
11.45
11.17
9.93
9.16
10.55
9.40
11.41
10.09
10.46
10.96
9.77
10.74
10.22
11.22
11.64
11.42
10.15
9.74
10.19
10.78
11.00
8.89
9.89
10.39
10.59
9.77
9.47
10.15
9.37
10.27
9.86
10.59
8.76
9.79
9.29
9.78
10.87
9.03
9.95
10.44
10.37
10.12
10.56
10.38
10.13
10.54
10.76
11.15
9.57
9.69
10.17
10.90
8.90
9.77
10.31
9.72
11.11
10.57
9.20
10.20
9.84
9.78
9.79
9.44
9.82
10.58
10.13
8.82
10.05
11.13
9.56
8.81
10.78
8.82
11.11
11.51
11.22
10.31
9.69
9.44
9.91
10.05
10.41
10.58
9.01
8.57
8.75
10.38
10.94
9.51
10.00
10.72
11.15
11.62
11.44
10.02
8.99
9.96
9.58
9.60
9.90
9.56
9.18
8.90
11.05
9.06
10.05
10.51
11.27
9.64
9.78
10.25
10.67
11.46
10.60
11.01
11.25
10.16
10.63
11.46
10.14
10.62
11.01
11.22
10.00
10.54
11.47
9.01
10.74
10.54
10.92
11.80
11.42
10.18
9.60
10.09
11.23
9.80
10.30
9.10
10.30
10.62
9.77
9.41
10.18
10.73
10.35
10.59
9.82
9.85
10.26
9.54
10.11
9.81
9.24
9.20
8.85
10.32
10.53
10.74
9.91
10.46
11.09
11.49
9.38
9.06
10.50
10.61
11.18
11.35
11.46
10.94
9.59
10.01
10.43
9.10
9.10
10.38
10.95
9.64
10.08
9.37
10.48
9.12
10.84
10.96
10.05
9.61
10.54
10.77
11.03
9.17
10.31
10.52
9.75
10.10
11.05
10.25
10.47
10.40
10.77
9.81
10.15
9.41
10.00
8.91
10.68
9.82
10.26
9.48
9.98
10.16
9.76
10.21
9.67
9.12
10.48
9.65
9.14
10.05
9.80
10.23
10.58
9.75
10.26
10.57
9.16
9.25
9.30
10.03
9.14
9.29
9.80
10.21
10.22
9.14
9.30
9.78
10.20
10.53
10.84
11.10
9.83
10.37
9.75
9.15
9.47
9.32
9.90
10.04
11.05
10.55
9.83
10.18
9.42
9.87
10.29
10.01
10.47
10.14
8.83
10.46
10.01
9.92
9.44
10.79
10.25
9.84
10.80
10.09
8.92
10.15
10.57
9.90
11.03
9.47
10.04
10.51
9.68
9.41
9.23
8.95
11.07
9.72
9.51
10.91
9.00
9.92
10.39
9.63
9.45
9.89
9.89
9.48
10.31
9.64
8.88
9.92
10.13
9.64
10.01
10.24
10.61
10.57
10.75
10.06
10.60
11.05
11.48
11.12
9.70
10.03
10.52
10.33
9.87
9.66
10.02
10.53
9.89
10.32
9.69
9.40
10.03
9.21
9.36
9.68
8.81
10.18
8.75
9.80
10.04
9.56
9.42
10.09
9.24
10.82
10.06
10.31
10.04
10.53
10.90
10.16
9.77
10.04
10.57
9.06
9.89
10.35
9.65
9.07
11.05
9.18
10.11
10.45
9.78
9.84
10.36
9.47
9.13
9.70
10.16
10.66
10.86
10.95
9.86
10.36
9.72
9.15
10.58
9.43
8.84
9.81
9.85
10.07
9.43
9.51
9.52
10.43
10.15
8.99
9.82
9.54
10.36
10.59
9.15
9.57
9.97
8.81
9.30
8.59
9.85
10.38
10.33
10.86
11.18
9.59
9.92
10.25
9.37
9.90
10.39
10.78
11.11
11.24
9.63
9.92
9.39
9.93
10.38
10.74
9.20
8.87
9.71
10.19
10.49
8.87
9.24
9.43
9.88
10.27
10.52
11.08
10.90
10.30
9.85
9.43
8.54
9.01
11.02
10.80
9.94
10.44
9.50
9.66
9.31
9.95
9.55
8.96
9.11
10.95
10.08
9.60
8.95
10.37
10.37
9.88
10.29
10.87
9.91
9.40
10.60
10.72
11.19
11.04
8.83
9.75
10.16
10.55
10.46
9.44
9.63
10.08
9.60
10.11
10.51
8.66
10.95
9.15
8.96
9.97
10.46
9.46
11.08
10.57
10.97
10.50
11.08
10.58
10.97
10.45
11.08
10.57
10.97
10.90
10.30
9.04
10.33
11.03
10.09
9.59
9.54
9.15
10.17
10.92
9.69
10.03
10.36
10.56
9.08
9.07
11.17
10.53
10.66
11.33
10.73
11.13
9.92
9.41
9.21
9.81
9.41
10.24
10.54
11.03
11.31
11.02
10.14
10.46
8.87
11.31
9.50
8.63
10.24
9.61
9.48
10.78
9.34
9.09
9.68
10.15
10.58
11.62
9.71
9.14
11.05
9.59
10.08
11.06
9.43
10.58
8.88
9.60
9.69
8.86
10.04
10.54
10.23
11.16
10.70
10.95
9.91
10.35
11.12
9.57
10.54
10.24
9.78
9.15
10.05
9.40
9.21
8.83
10.16
9.72
9.26
10.09
8.68
8.85
9.15
9.42
10.57
8.71
9.96
9.78
9.29
9.54
9.05
8.56
8.72
11.16
10.03
10.56
11.32
9.08
10.16
9.65
9.26
8.85
9.19
11.05
10.13
9.53
10.00
10.52
9.64
10.56
10.02
9.54
10.03
9.46
10.55
10.54
9.73
9.23
8.91
8.89
11.11
10.30
10.83
11.14
10.02
10.56
9.54
10.05
9.46
10.56
9.73
9.24
8.92
8.90
10.29
10.82
9.53
10.02
11.09
10.56
11.13
9.98
10.54
9.77
9.06
9.40
10.98
10.99
8.74
9.82
9.97
9.43
9.02
8.54
8.75
9.89
9.34
9.91
9.41
9.03
8.54
8.78
10.65
10.33
9.89
10.85
10.84
9.95
9.10
9.89
10.42
10.54
9.62
10.00
10.37
10.37
10.01
10.80
9.23
10.42
10.93
10.11
9.70
9.11
10.87
10.06
10.33
9.89
10.41
10.87
10.23
9.91
9.94
9.43
8.82
9.48
9.78
10.06
10.57
10.44
11.08
10.13
10.13
9.78
10.29
10.54
9.77
9.87
11.01
9.61
9.31
9.04
10.43
9.84
9.41
9.66
8.77
9.17
10.08
9.75
8.92
9.39
8.57
8.75
9.75
10.17
10.95
10.36
9.48
9.43
10.72
9.18
9.64
10.14
10.85
8.93
10.01
10.28
9.06
9.20
9.65
10.09
10.52
10.08
9.54
9.22
10.53
10.13
10.04
10.56
9.09
11.30
9.53
8.90
8.76
9.47
9.93
8.94
8.77
9.42
9.88
10.82
9.94
10.36
10.87
9.20
9.75
9.06
9.52
9.86
9.74
10.25
10.12
10.58
9.69
9.69
9.78
9.42
11.03
9.75
10.05
10.28
9.49
9.80
10.33
10.55
10.81
9.17
8.95
10.18
10.49
11.16
9.99
10.47
10.25
9.53
9.89
8.78
10.51
9.59
10.81
10.32
10.97
9.12
10.07
10.38
9.92
10.39
10.84
10.96
9.70
9.44
9.87
9.26
8.97
9.25
9.71
10.18
9.39
9.77
10.23
9.27
10.60
9.71
9.09
10.00
10.45
10.00
10.51
10.90
11.20
9.89
10.34
11.13
10.51
11.36
10.94
9.89
10.98
9.46
9.97
10.74
10.86
9.84
10.29
9.95
10.43
8.83
9.85
9.82
9.91
10.29
10.94
10.31
9.46
10.92
10.25
10.37
8.96
9.78
9.51
10.16
8.93
11.06
10.59
11.45
10.80
10.93
9.10
9.97
10.44
9.60
8.92
9.91
9.96
9.55
10.81
10.08
10.20
9.84
10.12
10.58
9.43
8.73
9.18
10.87
11.27
9.84
10.32
9.73
10.28
9.13
9.62
9.20
10.05
10.52
10.77
11.22
9.80
10.15
10.59
10.51
9.19
10.59
10.98
11.03
10.42
9.81
9.41
10.23
8.91
10.23
9.52
8.88
10.82
9.06
10.06
9.69
9.04
10.18
10.59
9.96
10.98
9.67
10.17
10.95
9.02
10.43
11.07
10.46
10.05
9.79
10.23
10.69
10.85
10.32
9.87
9.41
9.22
8.80
8.79
9.39
10.17
9.92
10.82
9.53
9.44
9.61
9.66
9.19
9.01
8.95
10.25
10.03
9.57
9.73
9.43
9.88
10.59
10.30
10.83
11.04
11.28
9.48
10.60
9.19
9.67
10.09
10.54
9.63
9.33
9.06
11.18
9.84
10.31
11.00
10.80
10.07
10.53
9.71
9.33
9.09
9.75
10.65
9.32
9.11
9.41
11.10
9.74
10.15
9.58
10.04
10.54
10.52
9.37
9.73
10.10
9.61
10.50
10.35
8.84
9.59
9.43
10.07
10.45
9.72
11.07
9.24
9.55
10.05
10.57
9.66
9.72
10.12
10.42
9.28
9.57
9.19
8.73
8.94
10.02
10.54
11.04
9.63
9.77
10.35
11.00
8.75
9.56
11.01
9.32
10.60
10.25
11.40
9.13
10.84
9.66
8.88
9.81
10.26
10.10
11.04
9.88
10.60
10.33
9.94
10.23
11.09
10.50
9.86
10.05
11.38
10.91
10.41
9.42
10.20
9.67
9.60
9.10
10.17
10.63
8.85
10.79
9.88
9.25
9.46
10.16
9.90
9.46
8.97
10.59
9.96
10.48
9.74
9.36
9.85
10.32
9.79
9.40
10.33
10.88
10.94
9.52
9.94
10.88
10.95
10.04
8.91
9.83
10.33
10.88
10.98
9.83
10.35
10.25
9.13
10.19
10.72
10.02
9.75
10.68
9.69
9.40
10.05
10.59
8.76
10.48
11.24
10.82
9.81
10.31
11.22
9.41
9.89
10.12
10.55
8.95
10.01
9.65
9.50
9.56
9.23
8.83
8.97
11.10
10.00
10.17
10.64
10.88
10.40
10.29
9.24
10.65
11.01
11.19
10.83
10.24
9.14
9.14
9.13
10.30
10.85
9.57
10.03
10.73
10.18
9.98
10.59
10.28
9.22
11.17
11.17
9.68
10.37
8.95
9.13
10.03
9.89
10.17
10.48
9.86
10.27
10.25
10.29
9.89
9.64
9.37
10.89
10.95
9.43
9.93
10.92
9.79
10.33
10.81
8.68
9.93
10.42
9.08
9.62
9.37
10.64
9.73
10.21
10.32
10.09
9.62
10.07
9.88
9.41
9.99
10.19
9.91
10.39
10.81
9.13
8.77
10.10
9.68
10.58
9.29
9.74
10.23
10.50
11.05
9.98
10.45
11.29
10.30
10.27
9.90
10.72
9.24
10.77
10.87
9.40
10.83
8.48
8.93
9.92
10.34
8.88
9.67
9.41
9.94
9.68
9.44
10.18
10.67
9.50
10.02
9.68
9.66
9.16
9.04
9.61
9.67
10.17
9.95
10.37
10.60
11.33
11.37
10.38
10.87
11.30
11.32
10.02
10.60
11.29
10.16
9.25
9.96
9.87
11.15
9.50
9.13
9.43
9.92
10.22
9.89
10.54
11.19
8.91
9.83
9.92
10.28
9.21
9.57
10.01
9.52
9.96
11.02
10.03
10.25
10.43
10.35
10.50
9.07
11.11
9.60
10.05
10.66
10.18
8.94
10.03
10.59
10.33
10.41
10.01
10.56
10.85
11.23
10.30
10.82
11.61
10.83
11.15
11.16
9.82
10.23
9.79
9.43
9.19
8.77
10.56
9.71
9.41
9.04
10.07
9.85
10.59
10.32
9.45
9.05
9.75
10.20
9.78
10.29
9.48
9.07
9.77
10.21
10.65
10.84
11.17
9.89
10.38
11.19
9.42
9.23
8.92
10.58
9.67
10.03
9.00
10.56
11.31
10.39
10.85
11.05
9.56
9.99
10.46
9.45
10.20
10.27
10.88
9.99
9.17
9.89
9.48
10.34
11.11
9.75
10.15
9.05
10.50
10.00
9.89
9.45
10.71
10.16
10.91
8.89
10.00
10.59
9.71
9.51
10.33
11.12
10.75
8.70
9.36
10.32
9.82
9.17
8.98
10.24
11.09
10.74
9.59
9.38
11.13
10.27
9.80
10.56
9.96
9.48
10.87
11.02
10.49
9.82
10.43
9.48
9.14
9.75
10.29
10.74
10.92
10.32
10.34
9.98
9.73
10.87
10.19
10.36
9.91
9.31
9.04
9.45
10.67
9.81
8.67
10.24
9.69
10.83
9.25
10.11
10.34
9.77
10.17
9.71
9.90
9.32
9.10
10.41
10.86
9.72
10.22
9.87
9.34
9.11
10.38
10.85
9.77
10.19
9.36
9.12
9.82
9.88
9.38
9.14
9.89
9.89
9.39
9.14
9.93
9.40
10.82
8.86
9.49
9.81
8.70
10.59
10.13
9.88
9.39
8.94
11.10
9.96
9.53
10.54
10.25
9.95
9.48
8.86
9.34
9.74
11.29
10.01
8.68
10.44
9.16
10.16
9.73
10.95
9.45
9.41
8.40
9.48
10.29
10.43
9.49
9.82
9.01
10.91
10.70
11.08
10.30
9.60
9.08
8.67
10.33
9.95
11.09
9.71
9.76
9.32
9.95
10.70
10.21
9.41
8.93
8.63
10.12
10.92
10.62
9.89
9.88
9.43
10.60
10.21
9.99
10.40
9.71
9.37
9.37
8.99
8.69
10.97
10.24
10.56
9.68
10.15
11.14
8.71
10.01
9.96
9.81
9.41
9.87
10.07
10.57
9.87
11.04
9.20
8.87
10.53
10.16
9.73
9.49
9.63
9.12
9.96
10.44
11.08
8.90
10.20
9.99
9.48
8.77
10.90
10.32
10.09
9.08
9.84
9.68
8.90
10.05
10.37
10.60
10.72
11.02
11.38
11.18
10.54
10.27
9.11
11.27
10.48
10.13
9.86
9.40
10.55
10.07
10.11
9.33
9.76
9.21
10.79
10.09
10.20
9.57
8.53
9.60
9.09
8.91
9.15
10.73
10.08
10.57
10.96
9.11
9.12
10.01
9.59
10.67
9.15
9.91
10.31
9.56
9.65
10.71
9.73
10.20
9.10
10.57
10.90
11.24
9.64
11.05
9.40
9.76
9.69
10.12
9.98
10.43
10.59
9.28
9.73
9.90
10.81
9.41
9.28
10.03
10.38
9.12
8.72
9.71
9.46
9.80
10.05
9.82
10.49
10.53
10.98
10.88
10.87
10.30
10.97
9.92
9.43
9.90
9.79
10.21
9.54
9.81
8.91
10.12
9.49
10.61
10.84
9.35
9.84
9.16
9.02
9.68
10.14
10.57
9.39
11.13
10.14
10.52
9.90
10.33
9.50
9.95
9.52
10.45
10.85
9.92
10.82
10.96
10.31
10.46
10.85
9.23
9.71
9.83
10.14
9.86
9.46
10.46
10.01
10.44
10.93
9.89
10.42
10.01
10.44
10.90
10.17
8.95
9.94
9.32
9.66
9.59
9.65
8.82
9.84
10.31
10.60
9.90
9.61
10.15
10.62
10.79
11.13
9.73
10.27
11.11
10.56
10.13
10.53
9.08
10.09
9.73
10.64
10.96
11.35
10.08
10.50
10.64
10.94
10.17
10.96
9.61
10.35
9.65
8.88
10.55
10.24
9.76
10.21
9.96
9.35
9.08
9.57
9.44
9.36
9.13
8.35
10.11
8.82
9.28
8.81
10.57
9.31
9.70
9.97
10.09
10.60
8.88
8.85
11.39
9.68
10.16
10.47
10.39
9.94
9.68
10.15
10.45
10.85
10.97
9.46
9.97
10.79
10.93
9.72
10.15
10.38
9.97
10.36
10.14
9.65
9.24
10.10
10.16
10.78
9.90
10.26
9.21
10.04
10.57
10.19
9.78
9.98
10.16
10.51
10.32
10.60
10.54
10.91
11.18
9.87
10.12
10.17
9.70
9.40
9.98
11.22
9.54
9.00
9.80
10.24
11.22
9.79
10.04
9.77
10.21
9.54
8.92
10.02
9.51
8.72
9.66
9.60
9.90
10.08
10.58
9.26
9.81
9.60
10.13
9.89
10.21
9.74
11.03
9.53
9.90
10.42
10.82
10.83
9.71
9.42
10.08
10.61
10.78
8.59
9.66
9.31
10.11
10.10
9.70
10.26
10.64
10.21
10.41
10.60
10.94
10.18
10.67
11.21
11.66
11.46
10.89
9.23
10.31
10.04
9.72
9.86
9.10
9.41
9.11
10.55
8.56
9.40
8.93
9.90
10.16
9.79
9.25
8.62
9.39
8.97
8.92
10.19
9.52
9.73
8.70
9.54
9.96
10.13
9.15
9.06
10.13
9.62
10.06
10.44
10.59
10.04
11.14
10.18
9.78
9.70
9.23
10.51
10.89
11.00
10.00
10.79
9.20
10.41
9.76
9.38
9.94
9.42
9.57
9.01
10.07
9.55
9.31
8.86
8.42
10.05
10.41
10.65
10.89
8.63
9.08
10.45
10.00
9.41
9.97
10.35
9.53
10.89
9.97
10.06
9.64
10.18
10.31
9.63
10.05
10.59
10.94
9.83
10.29
9.17
9.79
9.41
10.10
9.95
9.00
10.98
10.47
10.98
10.57
8.90
8.90
9.57
11.29
9.47
8.66
10.88
9.93
9.62
10.32
10.91
9.47
9.36
9.10
9.68
10.20
10.20
10.08
10.58
10.85
9.84
9.13
9.62
10.14
9.83
10.53
8.96
11.11
10.07
10.53
11.33
10.18
10.16
9.76
10.74
9.89
9.21
9.40
9.80
10.21
10.79
10.66
10.12
10.50
10.87
9.89
10.32
8.88
9.46
8.54
9.84
9.02
10.02
9.06
9.06
9.68
9.68
10.58
10.17
9.17
9.61
9.45
9.15
9.85
11.42
9.62
10.06
9.45
9.85
9.14
9.13
9.73
9.82
9.60
9.23
10.05
10.56
9.76
10.22
11.04
9.21
10.60
11.29
10.93
10.09
10.41
9.86
10.10
11.21
10.14
9.45
9.29
8.80
8.94
10.53
10.18
11.33
9.47
11.08
10.07
10.78
10.56
9.38
9.79
10.83
10.24
10.62
9.78
9.23
8.73
10.14
9.48
9.87
10.51
9.58
8.74
10.08
9.75
9.30
9.80
10.93
9.41
9.13
9.95
10.24
9.79
10.35
10.23
10.39
9.41
11.03
9.69
10.11
9.23
9.46
9.96
9.06
8.65
8.83
10.45
9.98
9.45
10.60
10.39
8.68
8.65
10.81
11.32
11.03
11.47
10.64
10.01
10.52
9.69
10.14
9.30
9.05
11.23
10.99
11.49
10.65
10.04
9.42
9.94
10.49
9.21
10.59
11.06
11.45
10.09
10.58
9.69
10.59
11.01
10.98
9.58
10.04
10.47
9.27
9.26
11.02
10.33
9.75
10.92
9.42
9.86
10.39
9.48
10.38
10.81
10.98
10.84
10.06
10.24
10.41
10.85
11.02
9.83
10.07
10.57
11.36
9.42
10.69
10.87
9.52
9.97
9.76
10.30
8.93
10.36
9.61
9.52
9.69
10.10
9.18
10.73
9.97
10.19
10.52
10.37
10.57
10.05
10.55
11.03
11.32
10.26
10.11
10.58
10.24
10.20
10.65
11.03
10.52
10.09
9.86
10.11
9.93
10.41
9.41
10.04
9.13
8.70
10.90
9.70
10.29
10.85
11.14
9.54
9.88
10.03
10.11
10.39
10.59
9.77
11.39
9.13
10.99
10.12
10.37
11.12
10.65
10.78
10.30
9.82
9.47
9.10
9.43
9.91
9.85
10.31
8.85
10.18
9.80
9.86
9.07
9.39
9.73
9.44
10.18
10.58
9.73
9.72
9.73
9.43
10.05
10.53
8.93
10.26
9.75
9.64
11.08
10.48
9.96
10.45
9.89
10.48
10.89
11.25
9.96
10.47
11.24
9.01
9.54
9.91
8.75
9.84
9.63
10.59
10.04
9.18
11.02
9.98
10.45
9.88
9.99
9.44
10.90
9.88
10.27
8.96
10.79
9.47
9.88
10.78
10.82
9.98
10.37
10.16
10.40
10.79
9.12
9.59
9.74
9.11
8.94
9.52
9.83
9.63
10.07
10.06
10.59
11.26
9.78
10.19
8.98
10.16
9.40
9.51
8.69
9.89
10.06
10.15
9.24
10.96
10.56
9.77
10.10
10.59
10.26
10.28
9.40
9.06
10.79
11.12
10.31
9.43
9.91
10.29
11.09
10.56
10.86
11.10
10.08
9.27
8.86
10.15
9.69
9.63
10.14
9.18
9.05
9.63
10.09
10.50
10.75
8.86
9.68
10.11
10.53
9.15
9.09
9.59
9.67
9.15
9.10
9.59
9.74
9.50
10.97
9.11
9.54
9.49
9.87
10.27
10.39
9.13
9.56
8.80
9.96
10.31
10.71
11.04
10.38
10.32
10.71
11.04
10.87
9.16
10.06
10.27
9.77
10.15
8.87
11.05
10.58
9.42
8.50
11.39
10.99
9.30
8.96
10.50
9.62
10.04
9.02
11.01
9.68
9.62
9.70
10.13
8.93
10.11
10.60
9.41
9.56
11.15
9.67
9.28
8.79
10.18
9.10
8.72
9.67
8.76
9.33
9.79
10.11
9.51
9.28
10.00
10.54
9.87
9.52
9.29
10.01
9.89
9.41
10.36
10.11
10.51
10.99
9.66
10.13
10.45
9.19
9.64
8.96
8.52
10.15
10.56
11.03
11.11
10.85
8.92
10.37
10.11
9.64
9.52
11.01
10.39
10.11
10.26
10.37
10.79
9.92
11.19
9.45
9.89
10.62
9.80
10.19
10.57
9.72
9.41
10.09
10.46
11.42
10.88
8.54
10.45
10.06
10.96
9.97
10.34
9.97
10.77
9.12
9.64
9.48
9.09
9.20
9.70
10.18
9.70
9.54
9.08
9.71
9.54
9.08
9.73
9.08
9.57
9.93
9.08
9.43
9.85
10.33
9.26
8.85
9.67
9.45
9.01
10.13
10.35
10.86
10.06
10.85
8.90
10.59
9.43
9.83
10.30
9.97
10.41
10.95
11.16
10.82
9.86
10.36
10.95
11.15
10.41
9.97
11.10
9.87
10.31
10.52
9.47
9.04
9.99
10.44
9.44
9.89
10.23
9.49
9.05
8.77
9.98
10.42
10.28
11.22
10.45
9.16
9.69
10.14
8.83
10.04
10.36
10.89
9.42
9.86
10.37
9.90
9.62
10.29
10.70
10.96
9.64
9.42
10.09
10.35
10.82
10.92
9.30
8.33
8.78
9.77
10.27
10.65
8.62
8.62
9.17
10.14
9.72
10.27
8.37
8.86
8.65
10.23
10.56
11.24
10.52
10.16
9.56
10.08
9.91
9.43
8.91
10.29
10.57
9.57
9.47
11.24
10.05
9.33
8.91
9.83
10.02
9.35
8.93
9.00
9.86
10.38
9.59
10.08
10.93
8.92
10.34
11.03
10.88
10.01
10.41
9.42
10.98
9.20
9.81
9.46
9.03
10.23
9.82
9.97
9.54
9.06
10.86
9.96
9.40
10.04
8.81
9.73
10.22
10.12
9.71
9.25
9.25
10.70
10.69
10.53
10.73
9.98
10.47
10.68
9.25
9.20
9.75
9.37
9.88
10.79
9.15
9.15
9.95
10.30
9.43
9.87
10.34
10.62
10.79
9.96
10.31
9.33
9.80
10.26
9.64
10.11
9.31
9.23
10.76
9.70
9.97
9.29
9.71
10.28
9.76
10.24
10.73
9.30
9.77
10.23
9.20
10.60
10.15
9.81
9.41
9.00
10.59
9.55
10.81
10.98
9.57
9.21
9.58
10.02
10.47
8.99
9.52
9.54
9.20
8.97
9.15
9.84
9.69
10.16
10.02
10.85
8.97
9.41
10.25
10.65
8.69
9.89
10.23
9.75
10.13
10.73
9.80
10.28
9.28
9.02
10.62
9.49
9.87
10.24
10.53
9.86
10.22
8.85
9.45
10.70
10.27
10.85
9.91
9.48
9.41
9.58
9.45
9.06
8.97
9.59
9.53
9.17
9.09
10.11
9.99
10.76
10.58
9.61
11.10
10.05
9.25
10.49
11.01
9.75
10.01
9.71
10.06
10.39
10.94
9.46
9.84
10.35
10.78
9.90
9.29
9.78
10.25
9.90
9.52
9.44
9.98
10.46
10.60
9.71
9.28
9.76
8.85
9.88
9.34
9.77
10.77
11.01
10.06
10.32
9.40
9.87
10.24
10.53
11.03
9.74
10.21
10.49
10.80
11.23
9.50
10.95
9.90
9.68
10.31
9.68
9.41
8.69
8.63
9.24
9.74
9.14
9.14
9.70
10.12
9.82
9.28
9.51
9.41
9.61
10.12
9.50
9.80
10.21
10.58
11.19
10.06
10.45
10.56
9.59
9.93
10.82
10.42
10.91
11.07
9.04
10.14
10.46
9.12
9.64
9.88
10.72
10.32
10.23
9.64
9.87
10.72
10.32
9.74
10.30
9.73
10.64
10.89
9.23
10.29
9.33
9.40
10.03
9.81
9.62
9.28
8.88
10.06
8.86
10.15
9.44
9.85
9.68
9.56
9.53
9.10
8.99
9.90
9.57
9.87
10.12
10.58
9.04
9.67
10.11
10.64
10.06
10.51
10.98
11.31
10.01
10.59
9.06
10.65
11.10
11.35
10.83
9.89
9.50
10.41
10.32
9.17
9.18
10.16
9.69
10.81
10.21
10.76
9.27
9.41
9.80
10.24
8.91
9.31
10.74
9.51
8.88
10.58
9.39
9.04
10.22
10.73
9.74
10.12
10.73
11.03
9.10
10.45
9.64
9.75
10.26
11.14
9.41
9.03
9.99
10.50
10.23
9.61
10.47
9.07
10.82
9.52
9.60
9.92
10.38
10.95
9.19
8.75
8.76
9.80
10.77
9.50
9.03
8.57
8.80
10.24
9.86
9.41
9.97
10.82
9.30
9.02
9.65
10.13
9.82
10.58
10.70
9.12
9.53
9.93
9.14
9.56
10.08
11.38
9.14
10.16
9.68
10.89
10.87
10.87
8.83
10.26
10.11
9.45
9.34
9.84
8.94
9.19
9.01
8.24
8.68
10.10
9.64
8.52
10.42
9.11
9.63
10.02
10.57
10.39
11.53
11.31
11.51
11.80
9.21
9.80
9.04
9.43
10.79
10.30
9.82
9.93
9.44
10.14
10.10
10.58
8.96
9.53
9.94
8.77
9.55
10.06
10.59
9.14
10.10
9.63
10.04
9.72
10.71
10.18
10.02
9.03
11.03
10.53
11.40
10.59
10.05
9.23
11.37
9.76
9.99
10.44
10.21
9.84
9.36
9.08
10.87
10.68
9.85
10.26
10.15
10.77
10.63
9.42
9.91
10.16
10.46
8.77
10.47
10.58
11.28
11.54
10.86
11.80
10.36
10.89
10.31
10.17
9.82
10.51
9.20
9.41
9.78
10.09
10.19
8.90
9.49
8.82
11.21
10.11
11.20
10.95
11.43
10.62
9.74
9.52
10.58
10.26
11.40
9.53
9.09
8.89
9.04
9.88
9.68
10.96
10.04
9.40
10.40
10.60
9.97
9.89
9.41
9.09
8.64
10.92
11.23
11.18
10.40
10.89
9.13
9.04
9.82
10.15
9.31
9.23
9.17
9.87
9.69
9.84
9.94
9.39
9.95
10.81
9.35
10.31
10.27
10.55
10.22
9.11
9.11
10.23
9.56
10.00
10.79
9.39
9.82
9.92
10.33
9.12
9.65
9.87
9.75
10.57
9.25
10.60
10.06
10.97
9.69
10.34
9.45
9.84
10.20
9.57
10.45
9.84
9.42
8.86
10.80
9.57
9.87
10.35
10.60
9.42
9.50
9.99
9.71
10.21
8.97
9.69
9.55
9.03
9.53
8.79
10.01
9.18
9.68
9.21
9.15
9.66
10.07
9.71
9.98
10.17
10.56
10.14
9.73
11.05
10.00
9.23
10.45
11.16
9.83
9.78
9.01
9.38
10.65
10.86
9.86
10.30
9.43
8.71
9.17
10.81
9.82
10.29
9.81
8.94
9.37
10.21
10.79
11.08
9.90
10.01
9.41
9.18
8.92
10.13
10.36
9.64
10.03
9.79
10.24
10.57
11.35
8.99
10.90
10.26
10.33
9.80
10.26
10.71
11.07
9.55
9.36
9.80
9.66
10.24
11.05
10.60
9.86
10.95
11.22
9.17
10.10
10.52
9.69
9.28
10.15
10.60
9.67
11.18
10.30
9.69
9.29
9.17
10.16
10.61
10.25
9.70
9.29
10.16
10.60
10.77
11.18
9.18
11.19
9.74
10.29
10.68
10.55
11.16
9.35
9.40
10.27
10.65
8.51
10.07
10.48
10.92
11.10
11.04
9.04
10.01
9.60
10.43
10.88
11.03
11.01
10.44
9.64
10.07
10.32
9.88
10.33
10.78
9.35
10.85
10.89
9.77
10.30
10.31
10.25
10.71
10.56
10.13
9.68
9.90
9.66
9.23
9.11
10.13
9.94
9.42
8.78
9.20
9.94
9.72
9.44
10.17
9.85
10.56
9.98
10.37
9.56
9.99
10.43
10.94
10.83
11.04
10.35
9.65
9.42
10.12
9.14
10.09
10.49
8.76
9.26
8.62
9.24
8.94
9.71
9.64
10.19
10.04
10.94
10.33
9.05
10.42
10.79
9.98
10.89
9.52
9.58
9.11
8.88
9.67
9.52
10.03
10.30
9.15
8.90
9.67
10.08
10.42
9.13
10.62
9.73
10.25
9.75
9.29
9.40
8.96
9.90
9.81
9.40
8.99
9.42
10.74
9.81
8.63
9.97
10.26
10.30
10.94
9.18
10.59
9.20
9.64
8.96
11.17
10.83
9.49
9.79
10.29
10.77
10.75
11.21
11.13
9.85
10.19
10.55
9.84
10.22
9.24
11.09
10.29
10.28
9.83
9.96
9.80
10.28
9.88
9.47
9.09
9.80
10.26
10.86
9.87
9.90
10.35
10.22
10.71
10.20
9.72
9.44
9.99
9.41
8.95
9.73
10.26
9.83
9.36
8.63
9.88
10.84
10.54
9.63
10.14
11.18
9.21
9.11
10.13
9.70
10.59
10.02
10.03
10.50
10.17
10.06
10.52
10.94
9.93
10.44
10.82
9.97
10.84
9.85
9.99
10.33
9.51
9.47
9.29
8.94
8.39
8.54
9.10
9.68
9.26
9.01
10.12
10.59
11.41
9.74
10.23
10.53
9.09
10.89
10.34
9.40
10.97
10.10
9.78
9.19
8.89
10.24
9.52
10.15
10.76
10.88
10.24
10.15
9.70
10.25
10.02
9.52
10.74
10.52
9.78
8.75
10.29
10.04
9.55
10.74
10.87
10.52
9.73
10.24
10.57
10.48
11.15
9.13
10.58
10.53
10.97
11.25
10.50
11.05
9.72
9.32
8.99
11.03
10.47
9.18
11.27
10.26
9.72
8.97
10.83
10.82
10.26
10.19
10.08
9.58
9.72
9.41
10.12
9.94
10.45
10.69
9.17
8.60
9.06
8.82
9.45
10.76
8.58
9.00
10.79
10.30
9.82
9.88
9.42
9.83
9.08
10.25
8.94
10.95
9.54
9.86
9.64
9.99
10.33
9.33
9.06
9.66
10.20
10.84
10.60
9.08
10.82
11.20
9.54
10.16
10.59
9.95
10.16
10.39
10.97
10.54
8.93
11.16
9.76
10.05
10.55
11.32
10.02
9.17
9.75
9.12
10.97
9.99
10.38
11.11
9.90
10.05
9.40
10.74
10.36
9.82
9.28
9.45
9.13
8.70
9.89
10.40
8.92
10.01
9.51
8.79
9.71
10.16
9.04
9.69
10.57
10.65
9.77
9.49
9.11
11.11
11.23
10.23
10.56
10.89
9.26
10.41
10.60
10.26
11.37
9.99
10.56
11.05
11.09
10.84
9.27
9.93
10.37
9.72
10.26
9.49
10.73
9.90
9.62
10.10
9.41
9.75
10.19
8.98
9.20
9.70
10.53
10.57
10.06
11.27
9.96
10.78
9.78
10.20
9.05
10.75
10.31
10.09
9.61
9.16
10.03
9.26
10.14
10.43
10.71
10.58
11.17
9.75
9.38
10.13
11.08
9.33
10.29
10.55
9.41
9.83
9.56
10.08
10.57
10.93
11.03
9.88
10.44
8.95
9.52
9.16
9.04
10.11
10.32
9.62
9.44
10.25
10.97
9.86
10.05
10.08
10.39
9.18
10.60
9.73
9.72
9.29
9.02
9.75
10.81
10.05
10.31
9.75
8.99
10.03
10.33
9.43
10.73
8.65
9.05
9.92
10.36
9.47
10.82
11.05
10.81
9.18
10.03
10.24
9.76
10.12
9.70
9.10
9.39
9.24
9.80
9.95
10.58
11.45
10.95
10.12
9.89
10.08
10.42
9.47
8.82
10.33
9.57
9.94
9.49
9.92
10.79
9.42
10.17
9.75
10.77
9.96
10.23
8.66
9.77
10.25
10.39
10.98
10.59
9.26
9.10
9.65
9.91
9.26
9.74
10.26
11.26
10.80
9.43
9.77
10.27
10.13
10.62
10.95
9.84
9.26
10.20
9.73
10.96
9.87
10.57
9.31
9.76
9.47
9.44
9.34
8.88
8.76
9.81
10.84
11.17
9.00
9.94
10.37
11.15
9.52
9.87
10.27
10.54
9.46
9.07
9.84
10.16
10.44
10.94
9.78
9.50
10.02
10.19
9.53
9.91
10.42
10.91
9.17
9.69
10.97
9.24
9.99
10.38
10.81
11.19
9.95
9.88
10.83
9.41
10.80
9.72
8.72
9.20
10.81
9.57
10.04
10.30
9.20
8.57
9.06
9.69
10.14
10.61
10.61
10.19
9.66
9.35
10.08
9.84
10.10
10.57
11.38
9.57
9.92
10.28
10.82
11.20
9.93
9.40
9.49
9.77
8.86
10.14
10.59
9.60
9.42
10.04
11.17
9.28
9.45
9.90
9.78
10.24
9.68
10.13
9.22
8.73
8.96
9.69
10.14
10.09
10.55
9.26
9.03
9.30
9.02
9.70
10.00
9.84
9.32
9.55
10.11
10.54
9.89
10.35
10.07
9.11
10.43
9.72
10.20
8.95
9.51
9.84
10.83
10.19
10.31
10.74
9.85
9.13
9.44
9.42
9.84
10.17
8.86
9.93
10.56
10.23
10.66
9.91
10.40
10.79
11.22
9.43
9.67
11.08
9.72
9.41
9.94
9.12
8.96
9.55
9.93
10.09
10.58
11.16
9.91
10.97
10.21
10.39
9.09
10.47
10.06
9.67
8.84
11.03
9.67
9.98
10.57
9.96
9.96
10.31
10.78
10.40
10.46
11.45
10.06
9.73
9.41
10.68
10.34
8.59
9.68
9.01
11.06
10.45
11.25
11.00
10.26
9.80
9.80
8.93
9.29
9.44
10.98
10.15
9.80
10.44
11.15
9.49
9.54
8.95
8.71
10.47
10.79
9.60
9.30
10.19
9.85
9.65
9.31
11.00
9.86
10.82
11.20
10.32
9.41
10.41
9.90
8.41
11.02
10.85
11.24
9.90
10.33
9.01
9.58
8.85
9.34
9.11
10.18
9.66
10.85
9.92
9.20
10.17
9.67
9.91
10.57
9.10
9.99
11.09
9.60
9.95
10.48
11.27
10.47
9.74
9.40
10.19
9.11
9.68
10.53
10.08
9.78
10.23
8.88
9.83
9.49
9.73
9.30
8.80
10.83
9.06
9.65
10.29
10.14
9.66
9.62
9.23
8.89
10.10
10.56
10.99
9.13
10.22
9.71
11.00
9.65
8.91
9.40
8.57
9.89
9.08
9.85
9.68
9.46
9.09
9.69
10.06
10.57
9.67
9.50
9.12
9.21
11.15
10.74
9.96
10.22
10.39
9.43
9.89
10.42
9.21
9.15
11.25
11.01
10.54
10.88
10.30
9.66
9.32
8.98
9.84
10.85
9.98
10.38
10.31
10.02
10.85
10.03
10.88
9.90
9.17
10.17
10.42
9.43
9.79
10.22
10.62
10.23
9.78
10.22
10.62
10.83
10.96
8.93
9.95
10.40
9.55
10.59
9.06
9.38
9.11
10.94
10.46
9.56
9.99
10.40
10.57
10.88
10.90
9.20
10.31
10.45
9.79
10.22
10.33
9.43
9.53
9.07
8.96
10.00
10.01
10.77
9.51
10.24
10.25
10.48
10.08
10.67
10.89
9.74
9.31
9.78
10.20
10.55
10.85
9.21
9.23
10.16
10.60
9.44
9.93
9.69
10.18
9.45
9.94
10.41
11.19
9.71
10.29
9.50
9.88
10.02
9.67
9.41
9.19
9.66
10.10
9.20
8.83
10.11
10.89
10.57
9.64
9.93
10.17
9.24
11.11
9.49
10.11
9.76
10.21
10.53
10.06
9.06
10.43
10.93
9.60
10.02
9.54
9.99
10.42
8.84
9.14
9.97
10.46
9.56
9.96
10.38
8.86
9.57
9.19
9.99
10.41
10.80
11.08
9.20
10.88
10.03
9.76
10.01
10.30
10.06
9.42
10.59
8.64
9.03
9.82
9.52
10.19
10.97
9.69
9.94
10.35
10.05
9.76
10.65
9.29
10.23
9.80
10.58
10.21
9.42
10.38
10.13
9.48
10.35
9.01
10.74
9.47
10.77
10.33
10.94
9.91
9.71
9.70
9.34
9.80
8.94
10.04
10.08
9.87
10.37
10.11
9.91
10.37
10.54
10.81
10.05
10.59
10.35
11.16
9.67
9.40
9.04
8.73
8.34
9.58
9.75
9.22
8.36
9.04
8.85
8.92
9.42
10.09
9.61
10.57
9.47
9.88
10.29
9.11
8.90
9.38
9.83
10.35
10.66
9.88
9.04
10.10
9.26
8.97
9.05
9.46
9.92
10.37
11.04
10.01
9.30
8.99
9.07
9.48
9.94
10.40
10.56
9.65
9.99
10.57
10.45
10.97
11.17
10.52
9.67
10.96
11.16
10.45
9.54
9.06
10.92
11.12
9.80
9.20
9.64
9.88
9.18
9.41
10.14
10.15
10.67
8.85
9.76
10.15
10.58
11.49
10.94
9.44
10.37
10.43
9.07
8.92
10.33
11.19
10.83
9.48
9.96
10.39
11.18
8.99
10.60
9.53
10.04
8.84
10.25
10.95
11.31
9.85
10.38
10.73
11.47
9.16
10.17
9.70
9.89
11.02
10.90
10.13
10.41
11.01
9.04
10.13
9.43
8.70
9.18
10.37
9.85
9.78
9.45
9.06
10.16
10.78
9.86
10.55
10.22
9.56
9.99
10.43
10.95
9.80
10.17
10.65
11.25
10.44
10.94
10.57
11.24
10.44
10.93
9.66
9.41
9.15
9.69
10.13
10.47
10.98
9.20
8.87
9.66
9.23
10.06
10.46
8.91
11.15
10.77
9.48
9.85
10.82
10.57
10.71
9.64
10.12
9.88
8.81
10.56
10.70
9.64
10.12
9.72
10.26
9.69
9.12
10.49
10.17
9.33
9.61
9.02
9.14
10.08
10.47
9.83
9.67
10.29
10.60
9.66
9.11
11.23
9.41
10.08
9.20
8.75
10.19
8.75
10.92
10.52
9.79
10.21
9.33
9.09
9.75
10.91
10.12
10.49
10.57
10.06
10.01
10.74
11.12
10.33
10.45
10.88
9.93
11.08
9.43
10.07
9.96
11.27
11.06
10.39
10.82
10.49
10.00
11.27
9.94
8.93
9.88
9.47
8.88
10.14
10.18
10.65
10.88
9.90
11.09
10.39
9.11
9.66
9.96
9.08
10.34
9.97
10.98
10.50
10.20
10.97
9.87
9.51
9.20
9.81
10.58
10.32
9.88
9.52
9.19
10.90
10.39
9.78
10.35
9.87
9.51
9.18
10.91
10.38
10.83
11.24
9.85
10.34
10.29
10.00
10.81
10.77
9.19
9.42
10.19
10.29
10.06
10.72
10.77
8.85
10.20
10.13
9.90
10.82
10.29
9.78
9.41
10.65
10.03
9.45
10.62
10.57
8.87
11.21
10.77
10.57
11.21
10.81
10.54
11.19
10.78
11.06
8.93
10.45
10.39
9.90
9.51
11.21
10.50
11.23
10.46
11.20
9.03
10.37
9.13
10.63
10.23
9.70
9.69
9.83
9.40
9.43
9.70
10.17
