9.45
9.07
10.83
9.54
10.00
10.36
8.78
8.53
8.61
9.32
9.10
10.83
9.65
9.82
9.85
10.32
10.80
9.15
10.78
9.56
10.00
10.38
10.82
10.28
10.11
9.68
10.08
10.62
10.59
9.81
9.12
11.00
9.97
10.47
10.37
9.75
9.42
10.13
10.33
9.94
9.49
9.44
10.51
8.88
9.77
10.08
9.96
10.46
9.56
10.84
9.94
9.43
9.61
9.17
9.02
9.61
10.33
9.63
9.73
9.84
10.23
10.07
9.21
10.59
11.34
9.66
10.00
10.22
10.22
10.65
10.26
9.84
9.21
9.43
10.85
10.39
10.58
8.95
9.78
10.24
9.65
9.22
9.59
9.88
10.06
10.45
10.20
9.92
9.27
9.69
9.71
9.42
8.70
9.66
9.36
9.41
8.94
8.90
9.80
10.23
9.42
9.71
10.58
9.43
9.96
9.22
8.96
9.64
10.11
10.59
11.38
10.88
9.53
9.00
9.94
10.36
9.48
9.73
9.20
8.81
9.07
9.68
9.68
8.82
10.77
9.23
9.67
9.82
10.28
9.79
10.90
9.33
9.60
10.07
9.42
9.92
9.06
9.62
9.68
8.76
9.12
9.56
9.73
10.17
10.74
10.57
11.08
9.73
10.16
10.16
10.48
10.86
10.97
9.21
10.49
10.01
10.52
10.53
9.75
10.11
9.86
10.27
10.45
10.92
9.97
10.35
10.32
10.30
10.81
11.08
9.94
10.79
9.87
9.26
9.53
9.43
9.85
10.24
10.76
10.71
9.61
9.98
10.33
9.90
9.61
9.98
9.88
8.96
10.64
9.52
8.80
9.06
10.59
10.09
11.44
9.25
9.53
10.91
9.64
9.92
9.61
9.76
10.18
10.41
9.84
10.32
10.23
9.22
11.06
10.78
10.60
9.69
9.92
10.37
10.47
10.75
9.92
10.37
9.01
9.45
9.93
10.93
11.29
10.43
10.72
9.75
10.31
9.00
9.46
9.94
10.89
11.28
10.41
10.68
9.82
10.35
10.36
10.60
9.78
9.42
10.16
9.95
10.31
10.62
9.81
10.20
9.94
10.29
10.61
9.53
9.80
10.17
8.88
9.91
9.49
9.15
8.70
9.01
9.54
10.01
10.41
10.08
9.76
10.22
10.16
10.89
9.07
10.60
9.57
9.92
9.79
10.16
10.82
11.15
9.88
10.29
10.55
10.99
9.07
11.08
9.21
10.09
10.57
9.70
9.24
9.76
10.27
9.66
9.34
9.42
10.80
9.74
9.22
8.82
8.92
9.84
10.32
9.79
9.43
8.91
10.09
10.22
9.09
10.60
10.42
10.13
11.16
10.64
10.89
11.33
9.56
9.87
10.15
10.35
11.32
11.13
11.57
9.01
10.27
10.59
10.35
11.23
11.69
11.47
10.20
10.70
10.80
10.27
11.22
11.68
11.42
10.75
10.74
11.68
11.23
11.40
10.76
10.36
10.97
9.96
9.78
9.90
10.28
9.50
9.14
10.37
9.90
11.15
11.22
10.29
9.13
10.39
9.44
8.80
9.24
10.09
9.76
9.93
9.41
10.15
10.19
9.74
10.66
9.28
9.80
8.96
10.03
10.56
11.24
10.85
9.29
8.83
8.97
9.92
9.51
10.98
8.84
9.76
10.35
10.12
10.53
11.08
9.78
9.06
9.40
10.77
9.06
8.70
9.97
10.34
9.52
10.93
8.70
10.05
10.13
10.86
10.56
10.58
10.54
10.55
9.89
10.28
9.44
11.14
10.03
9.97
9.46
9.87
10.56
10.27
8.79
11.19
9.96
10.96
10.17
10.41
10.20
11.04
10.58
10.13
9.68
9.42
10.22
10.60
9.71
9.22
9.70
9.21
8.67
9.15
10.18
9.70
9.07
9.52
9.96
9.40
9.65
9.97
10.27
11.06
10.86
10.72
9.64
9.42
10.17
10.04
8.86
10.59
10.22
9.40
9.13
9.52
9.99
9.90
9.61
11.08
10.04
8.95
10.48
10.09
9.68
9.49
10.09
10.74
11.23
10.99
10.51
10.36
10.93
9.03
9.50
10.42
10.89
9.98
9.50
9.20
9.07
10.36
9.65
9.90
10.09
9.71
10.17
10.60
10.81
9.51
9.10
10.72
9.90
10.30
9.63
9.51
9.32
9.02
9.85
9.11
10.68
10.58
9.63
10.06
10.98
10.98
9.03
10.34
9.90
9.50
9.60
10.05
10.31
9.88
10.28
10.41
9.59
9.72
9.42
10.54
8.43
9.22
8.88
8.75
9.69
9.86
9.23
8.90
9.53
10.60
9.78
10.18
10.19
9.94
10.41
8.93
10.23
9.80
9.07
9.56
9.51
9.98
10.10
9.34
9.72
10.19
9.70
10.55
9.22
9.70
10.17
9.50
9.88
10.19
10.59
11.21
10.58
10.20
10.29
9.87
9.16
9.46
9.43
9.83
9.53
9.90
10.19
9.71
8.89
10.16
10.92
10.50
10.05
10.45
9.42
9.62
9.26
9.68
9.68
9.28
9.67
9.13
8.95
11.14
9.61
9.27
9.65
9.73
10.08
9.25
9.66
9.83
10.49
9.24
9.67
10.91
9.07
10.95
9.60
10.06
10.48
9.81
9.35
10.88
9.41
9.80
9.91
10.37
9.45
9.41
9.90
9.04
9.46
9.90
8.95
10.06
9.06
8.97
9.45
9.86
10.23
10.60
9.61
10.19
9.84
9.12
9.04
10.07
9.60
9.76
10.52
10.20
9.80
9.29
9.05
9.53
10.09
10.08
9.69
10.14
11.05
9.66
9.08
10.92
9.55
9.67
10.04
10.49
9.26
8.86
9.51
10.41
10.33
10.84
9.09
10.94
10.89
9.70
9.92
10.30
9.93
10.21
10.27
9.77
10.07
10.63
10.62
10.85
10.23
9.76
10.88
9.42
9.05
9.93
9.42
10.03
8.78
9.21
10.15
9.69
9.05
10.46
10.80
9.64
10.09
10.56
9.25
9.07
9.63
10.05
10.06
11.08
9.43
9.77
9.34
9.69
10.07
9.78
9.35
9.70
10.07
9.73
10.21
10.58
9.35
9.25
8.91
9.68
9.66
10.10
9.68
8.90
9.41
9.47
9.94
9.03
9.34
8.82
9.58
9.98
10.96
9.03
9.68
10.00
10.46
9.48
9.99
9.49
9.63
9.50
10.02
9.65
9.52
10.02
9.65
9.54
10.05
9.63
9.19
9.56
8.83
10.06
9.09
10.22
9.70
10.84
9.36
9.76
9.90
10.32
11.04
10.29
9.43
9.29
8.33
8.78
8.57
9.08
9.62
10.02
10.31
10.34
10.60
10.29
11.11
10.75
11.29
10.22
11.12
10.78
9.21
10.48
9.69
10.17
9.01
9.45
9.82
10.12
10.95
10.58
10.23
9.70
10.12
10.81
11.21
9.88
10.30
9.21
11.17
9.42
10.59
8.90
9.78
10.51
10.32
10.78
10.11
10.47
10.30
10.76
10.98
11.03
9.50
9.68
10.18
10.46
9.00
9.68
10.95
10.35
9.82
9.60
10.45
9.15
9.67
10.15
9.48
8.92
10.79
9.42
9.81
10.18
10.29
9.50
10.72
11.09
9.96
10.35
10.77
8.58
10.21
9.10
10.69
10.32
10.16
9.68
9.47
9.20
8.96
9.80
10.58
11.48
10.99
9.74
10.45
10.00
9.28
8.99
11.02
10.12
9.54
9.91
10.85
9.79
8.80
10.30
10.16
9.77
10.21
10.91
10.57
9.79
10.27
9.20
10.89
10.01
9.88
9.42
9.37
9.34
9.54
9.08
8.75
8.78
9.84
9.81
9.35
8.97
10.59
10.18
10.75
9.26
11.43
11.29
11.01
9.46
9.65
9.68
10.75
10.21
9.79
10.18
11.10
8.84
10.52
11.19
10.64
10.19
10.24
11.43
11.16
10.98
10.58
10.88
9.16
10.42
10.39
9.98
9.58
9.93
10.77
10.34
10.01
10.40
9.07
10.12
9.79
9.01
9.72
9.44
9.30
10.59
8.66
9.06
11.13
11.55
8.83
11.22
9.45
9.56
8.70
10.59
10.35
9.86
11.13
9.88
10.50
10.72
11.12
9.75
9.92
9.98
10.53
9.11
9.10
11.14
10.33
9.65
10.08
11.03
9.02
10.43
10.28
10.04
9.87
9.08
9.29
9.41
9.58
9.07
8.66
8.79
10.77
10.88
10.51
10.09
9.25
9.93
10.61
10.28
11.46
10.94
9.14
10.08
9.93
9.49
10.02
9.53
10.42
9.62
10.05
8.77
9.59
9.17
9.16
10.82
9.70
9.95
10.37
11.00
9.28
9.77
10.74
10.26
9.21
10.45
10.13
9.69
9.73
9.41
8.62
10.04
10.20
9.12
9.78
9.79
10.26
10.69
10.88
9.68
10.13
10.57
11.21
10.63
9.39
9.76
10.16
10.48
9.63
10.50
10.56
10.42
10.85
11.09
11.05
9.83
10.17
10.49
9.24
9.05
9.57
10.03
9.69
10.15
9.26
9.05
9.58
10.04
9.43
9.81
11.09
11.11
8.78
10.21
9.73
10.57
10.60
9.32
11.40
9.72
10.16
10.97
9.79
9.33
9.06
9.53
9.94
10.36
10.68
9.87
9.44
10.26
9.19
8.83
10.17
9.70
8.85
10.75
10.15
9.42
9.77
10.74
9.98
10.21
9.84
10.28
9.51
10.97
10.14
10.19
10.53
10.96
10.59
9.27
9.12
9.69
9.61
10.86
11.24
9.83
10.30
10.24
9.29
9.88
9.09
9.38
10.58
10.19
9.75
10.25
10.74
10.29
9.43
9.86
11.06
8.82
9.95
9.25
9.70
10.15
9.17
9.61
10.13
10.60
10.66
9.74
10.11
10.57
10.64
11.07
11.26
10.54
9.19
10.99
9.41
10.46
9.27
8.92
10.97
11.22
9.71
10.17
8.98
10.22
10.78
9.52
9.85
9.52
10.00
10.20
8.87
9.75
10.24
10.49
10.44
10.59
9.53
9.96
10.37
11.44
10.47
11.13
10.91
10.91
10.34
9.85
9.42
8.71
9.16
10.87
9.59
10.04
10.48
10.32
9.86
9.55
10.13
11.04
10.68
10.87
9.84
11.03
10.31
9.26
9.72
10.11
9.18
10.09
10.22
10.59
10.96
9.89
10.13
9.42
10.54
8.93
11.23
10.79
9.50
9.12
10.24
9.02
10.93
10.46
9.62
10.14
9.42
9.86
10.32
10.60
9.57
10.12
10.58
10.98
9.80
10.24
10.75
11.34
10.58
10.98
9.19
11.02
9.72
9.70
9.21
8.93
10.12
10.52
9.25
10.78
9.89
10.82
9.81
9.39
10.24
9.96
9.44
8.58
9.71
9.12
9.75
9.22
8.87
10.60
10.96
11.06
10.52
9.97
10.99
10.39
11.06
9.92
9.43
10.01
10.47
9.80
11.07
10.39
10.89
10.85
9.08
8.71
9.95
10.37
9.60
9.84
10.36
9.16
10.05
11.02
10.73
10.48
8.51
8.72
10.38
8.97
9.47
9.70
11.02
10.14
10.71
10.81
9.83
10.21
10.99
10.56
10.17
9.82
9.42
10.19
10.00
10.20
9.01
9.52
9.78
10.23
8.78
9.67
10.78
10.24
9.25
9.08
10.11
9.63
10.72
10.55
10.12
10.01
10.52
10.08
10.48
10.03
11.29
10.87
9.23
10.81
9.95
9.75
8.97
9.89
10.25
9.41
9.15
8.71
9.71
9.17
8.56
8.73
9.02
10.60
10.52
10.18
9.30
9.80
10.67
11.15
10.34
11.44
10.92
10.32
11.12
10.66
10.26
9.86
9.43
10.43
10.76
8.90
9.55
10.24
10.90
10.04
9.49
8.77
10.59
10.12
9.98
9.53
10.02
10.01
11.08
10.10
10.47
10.24
10.63
11.20
10.01
9.55
9.42
9.89
10.36
9.45
8.91
10.17
9.63
8.58
9.86
9.41
8.90
9.09
10.26
10.65
10.26
9.68
9.70
8.91
9.75
10.84
9.49
9.80
10.29
10.30
11.04
9.89
9.56
9.18
9.89
9.41
9.80
10.18
10.60
10.25
8.92
10.17
9.86
9.34
9.14
10.36
11.15
10.66
9.75
9.47
10.39
10.66
9.95
9.47
8.76
11.14
9.28
8.99
9.67
10.02
10.51
9.04
9.69
9.43
11.39
10.87
10.99
9.07
10.02
10.48
10.19
9.59
10.76
10.12
10.56
9.59
9.54
10.15
9.70
9.18
8.96
10.73
10.22
9.08
10.08
10.94
9.67
9.24
8.96
9.54
10.33
10.05
9.86
9.30
8.97
10.42
11.10
10.19
9.95
9.71
9.19
10.82
10.54
10.43
10.96
10.38
9.84
10.94
9.29
9.14
9.86
10.94
9.07
9.52
10.07
10.03
10.46
9.55
9.27
9.12
10.92
9.63
10.07
9.52
10.46
10.82
10.89
9.12
9.92
10.37
9.61
9.59
9.01
9.60
9.23
9.88
9.20
10.18
9.71
9.87
9.08
9.63
9.39
10.04
10.42
10.78
9.82
10.28
9.40
10.73
9.19
8.83
9.69
9.96
10.27
9.51
9.78
10.83
10.59
9.63
8.94
11.14
9.04
9.82
10.26
10.95
9.48
10.49
9.39
9.06
9.05
10.55
10.06
9.62
10.78
11.04
10.32
9.97
10.96
9.96
10.45
11.13
10.90
10.71
9.84
10.30
9.19
10.62
9.72
10.20
9.92
10.37
9.98
9.87
10.32
10.21
9.75
9.03
9.43
9.88
10.24
10.58
11.20
9.40
9.16
8.78
10.59
10.66
10.32
10.69
10.56
10.26
10.64
11.04
11.44
10.29
9.64
10.03
11.08
10.23
10.51
10.12
10.50
9.41
9.83
10.19
10.21
10.54
10.13
10.13
8.96
9.42
9.61
9.44
9.96
9.19
8.94
8.78
9.63
10.02
10.35
9.47
9.98
9.69
10.03
10.59
10.25
9.78
9.41
10.98
10.33
9.17
10.91
9.61
10.05
9.18
10.16
10.41
9.66
9.70
10.16
9.22
9.70
10.17
10.54
10.77
11.13
9.78
10.54
10.30
11.13
9.28
10.68
9.81
10.07
9.36
9.44
8.78
9.05
9.61
9.95
9.60
10.00
10.25
10.54
10.00
10.59
8.97
11.39
10.91
9.55
9.67
9.53
10.00
10.37
9.63
10.12
8.83
9.19
9.54
9.05
10.11
9.57
11.01
8.84
9.66
9.42
9.86
10.16
10.59
11.10
10.48
10.95
10.97
10.07
10.13
10.33
10.54
9.93
10.21
9.42
10.77
10.30
8.75
10.15
9.85
9.85
9.38
9.12
9.66
10.04
9.92
9.39
9.13
9.64
10.01
9.95
9.62
9.43
9.95
10.21
10.56
10.60
9.58
10.04
10.44
10.76
11.22
11.02
9.50
9.98
9.90
10.41
8.93
11.14
10.42
9.47
9.16
8.83
9.66
10.06
9.16
8.82
9.00
9.67
10.04
10.35
10.08
9.52
9.98
8.81
10.78
10.22
9.30
9.76
10.23
9.86
9.35
9.30
9.62
10.05
10.30
10.64
10.89
9.84
10.05
10.60
11.17
10.53
9.73
9.42
10.14
9.67
10.12
10.58
8.61
9.37
9.12
10.15
9.69
9.62
9.97
10.39
10.59
9.60
9.96
10.42
9.11
11.05
10.87
10.00
10.47
9.71
9.72
9.54
9.25
9.03
9.72
9.48
9.80
10.09
10.72
10.89
8.75
10.26
11.10
9.78
10.09
10.65
10.23
10.57
10.42
10.20
10.69
11.18
11.38
10.87
9.95
10.32
11.18
9.94
9.80
9.93
9.57
9.20
9.91
9.92
9.57
9.21
9.94
9.91
9.43
10.53
10.07
8.90
9.98
10.59
10.00
9.48
10.47
10.35
10.82
8.77
9.93
11.20
10.41
9.89
11.13
10.52
11.38
11.15
9.12
10.19
10.62
10.08
10.32
10.68
11.35
11.07
9.65
10.93
9.94
9.65
10.23
9.43
9.01
10.01
9.76
9.42
9.01
9.99
10.89
9.72
10.28
9.99
9.02
10.76
9.52
10.03
10.11
10.55
10.85
11.24
9.87
11.03
9.16
9.41
10.02
9.85
11.02
10.77
11.24
10.28
9.99
10.49
9.79
8.84
9.79
9.49
9.12
9.79
10.18
9.54
9.17
10.11
10.60
9.52
10.04
8.70
10.61
10.83
10.23
11.08
9.01
10.66
9.50
9.34
8.86
9.06
10.58
10.08
9.87
9.39
9.99
10.48
10.01
9.93
9.39
11.40
9.52
9.97
9.99
10.50
10.90
10.34
10.07
10.91
9.19
9.78
8.98
9.41
10.22
9.98
9.40
10.79
9.90
9.18
8.75
8.76
9.74
10.19
10.59
9.82
9.17
9.23
9.68
10.07
9.66
10.07
9.52
9.17
10.57
9.78
10.17
11.08
10.03
10.50
10.47
9.79
10.96
10.47
10.21
9.41
11.13
8.69
10.99
8.89
9.99
10.46
9.78
9.80
9.45
10.31
10.38
9.97
9.53
9.41
8.97
8.88
9.05
10.51
11.02
10.76
9.79
10.10
9.08
9.09
10.69
9.59
10.69
9.32
9.12
9.84
9.59
9.82
9.86
10.26
9.12
10.67
9.56
9.95
9.14
10.17
10.23
10.51
9.63
10.06
10.20
10.50
10.60
10.01
10.54
10.82
11.00
10.45
10.29
9.19
10.01
10.46
10.15
10.93
9.73
9.04
10.37
10.39
9.49
10.83
11.15
9.92
10.83
9.42
10.15
8.82
10.26
9.83
10.67
8.97
9.35
10.65
9.48
9.89
10.17
9.48
10.60
9.87
10.47
10.46
10.78
11.24
10.38
9.73
10.76
10.94
9.42
10.39
10.67
10.28
10.33
9.29
9.70
10.17
9.90
9.13
10.78
9.44
10.18
10.30
9.75
10.19
10.26
11.01
10.64
8.95
9.40
10.15
9.55
9.95
8.96
8.76
9.20
9.67
10.20
10.00
9.12
9.58
9.16
10.03
10.59
10.38
9.92
9.55
10.39
10.60
10.84
11.25
9.77
9.08
10.01
10.35
10.36
9.97
9.92
9.43
9.48
8.94
9.42
10.67
10.69
9.07
8.76
9.77
10.19
10.85
9.06
10.59
9.84
9.55
10.15
9.87
10.18
9.87
11.19
10.79
9.12
9.68
9.30
10.16
9.69
9.68
9.30
9.12
10.17
9.67
10.21
10.56
10.87
9.80
10.19
10.81
10.56
10.14
10.65
10.71
11.08
11.37
9.25
11.01
10.32
10.41
11.37
9.77
10.00
10.38
10.54
11.02
10.35
9.64
9.41
9.25
8.91
8.54
10.89
8.79
10.58
10.79
11.19
11.19
10.27
10.53
10.54
11.00
9.78
10.25
11.04
10.43
9.40
10.90
9.51
10.13
10.48
9.21
8.90
10.41
10.86
10.91
10.98
9.69
10.36
8.95
10.36
10.82
9.54
9.79
10.18
8.77
10.88
9.53
9.99
9.98
10.27
10.22
11.08
10.59
9.62
10.05
10.72
9.87
9.10
9.01
9.44
10.76
9.12
10.78
8.62
10.31
10.91
10.42
9.70
10.15
9.37
9.80
9.92
10.59
10.21
11.14
9.35
9.81
10.30
9.40
10.59
9.53
10.06
9.84
10.64
10.34
9.60
10.10
8.87
10.54
9.42
11.03
11.02
10.41
10.94
10.92
9.95
9.76
10.32
9.76
9.32
10.57
10.86
10.20
9.24
10.51
10.90
9.77
10.16
9.85
10.31
10.48
10.08
10.59
9.80
10.25
11.18
10.27
9.82
9.24
9.43
9.81
9.46
9.87
10.31
10.66
9.82
9.46
9.86
10.30
10.66
8.92
9.81
10.20
10.58
9.54
9.46
9.87
10.24
10.51
10.73
9.60
9.24
8.81
10.05
8.98
11.26
10.95
10.60
11.09
10.18
9.57
9.85
10.13
10.39
10.55
8.88
10.41
11.09
9.83
9.90
9.41
8.91
9.16
9.92
10.38
10.27
9.79
9.53
9.23
9.90
9.41
10.16
10.76
10.19
10.05
8.95
10.76
10.57
9.82
9.46
10.29
10.78
11.14
10.50
9.55
9.88
10.34
8.87
9.02
9.54
9.63
8.86
11.13
10.32
11.10
10.52
9.07
11.26
10.99
10.81
10.00
10.96
10.75
10.51
10.34
9.63
9.65
10.15
9.25
10.19
9.79
10.49
9.05
9.15
9.72
10.26
9.36
9.16
10.11
10.79
10.30
9.80
10.09
10.42
9.44
10.94
8.83
10.59
9.89
10.87
11.25
9.54
9.11
9.44
9.91
9.95
10.40
10.95
10.81
9.96
10.37
11.24
10.02
9.82
9.41
9.54
9.07
8.74
9.94
9.08
10.09
10.58
10.76
11.13
10.44
10.36
9.62
9.14
8.78
9.07
10.04
9.63
9.15
8.78
9.07
10.04
10.04
9.54
8.79
11.06
9.98
9.25
9.75
10.53
10.24
9.35
9.23
9.67
10.15
10.46
10.01
11.12
10.02
9.64
9.41
8.43
8.63
9.64
9.11
10.80
8.46
9.62
10.78
9.66
10.06
10.22
10.58
10.90
10.57
9.72
10.18
9.19
9.41
9.93
10.35
10.47
9.78
10.29
9.24
9.42
9.90
10.30
11.21
8.89
9.84
9.48
9.40
8.75
9.88
10.25
9.89
9.41
9.89
10.26
9.80
9.39
9.81
10.11
9.00
10.08
9.60
10.05
10.60
10.57
8.88
9.81
10.17
11.14
10.59
11.11
9.91
10.50
10.21
9.15
11.07
9.68
10.07
9.09
10.82
10.14
10.23
10.94
10.87
10.42
9.86
9.41
9.77
9.26
8.83
10.67
10.10
9.86
10.41
10.38
9.11
9.97
10.51
10.91
10.05
9.46
10.52
9.63
10.46
9.20
10.14
9.72
10.87
9.64
9.98
10.31
9.63
10.02
10.41
10.83
10.15
9.64
10.03
10.41
10.83
9.23
10.14
10.85
9.70
9.05
10.30
10.60
10.33
10.75
10.23
11.12
10.39
10.80
10.57
9.33
9.30
9.30
10.40
10.82
11.04
10.34
9.84
9.99
10.20
10.42
10.89
10.01
9.89
9.40
9.98
10.43
8.84
10.38
10.78
11.14
10.80
10.03
10.27
9.83
9.44
10.09
9.69
10.27
10.52
10.16
9.78
10.07
10.55
9.08
9.08
9.46
10.75
11.26
10.80
9.68
9.95
10.29
9.68
10.08
10.51
10.07
9.78
10.10
10.52
9.82
9.04
9.37
10.14
10.01
9.90
9.44
9.17
8.78
9.67
8.91
8.53
9.34
9.75
8.81
9.76
9.94
10.21
9.56
9.04
9.51
9.00
9.58
10.08
10.11
10.59
9.14
9.10
9.94
10.46
10.23
11.10
9.69
9.20
9.61
9.84
10.30
10.55
9.65
10.14
10.60
10.99
10.81
9.87
10.38
10.60
9.21
9.79
9.80
9.33
9.82
10.17
10.25
9.40
9.83
10.39
10.86
9.43
9.96
8.52
9.07
10.38
10.36
10.26
10.67
10.86
11.07
9.66
10.83
9.15
9.83
10.30
10.69
11.03
9.72
10.17
10.59
11.43
10.93
9.96
10.37
9.41
9.89
10.34
8.91
10.79
9.44
9.89
8.81
9.45
10.31
10.79
11.04
9.07
9.54
9.93
8.97
9.87
10.32
9.85
10.27
10.12
9.16
10.59
9.63
9.93
11.39
9.89
9.10
9.92
10.24
9.83
10.28
10.74
11.11
10.18
10.62
9.80
9.97
9.17
9.40
9.34
8.84
11.19
10.51
10.92
9.83
10.37
9.45
9.55
10.23
9.38
9.06
8.94
11.12
9.54
9.03
10.56
10.12
9.65
9.02
9.56
10.85
10.93
9.87
10.34
10.59
9.10
10.15
10.55
10.15
9.70
8.82
9.68
9.22
9.88
9.31
9.41
8.51
9.74
9.29
10.58
10.12
9.05
8.74
9.51
9.97
9.68
9.51
9.97
9.74
10.22
10.45
9.64
9.09
10.91
9.61
9.29
8.90
9.95
10.41
10.18
9.79
9.34
10.25
11.08
10.65
9.78
10.28
10.27
9.99
10.08
9.77
9.51
9.93
9.57
10.09
9.74
8.89
10.12
10.89
10.51
9.50
9.46
9.95
9.64
8.74
10.11
10.58
9.00
9.43
9.17
9.59
9.45
11.14
9.73
10.14
10.54
10.38
10.05
10.53
10.97
9.22
10.45
11.09
10.25
9.73
8.98
9.50
10.83
9.85
9.73
10.25
10.98
10.61
9.77
9.41
9.90
10.25
10.62
9.23
9.82
9.53
9.18
8.67
8.81
9.75
10.14
10.06
9.92
9.43
9.00
10.60
9.93
10.28
9.79
9.40
10.25
10.93
11.37
9.58
10.67
9.96
10.36
8.86
10.88
11.31
10.26
10.73
11.20
11.10
10.51
10.22
9.09
11.18
9.86
9.69
10.09
10.58
8.93
9.67
9.35
10.81
10.33
9.87
11.00
9.41
8.62
10.80
9.08
9.57
9.96
10.37
10.22
9.95
10.91
10.62
10.35
9.18
10.21
9.94
9.84
9.59
10.14
9.89
10.59
10.21
10.68
9.42
9.41
9.33
9.23
8.83
8.89
9.72
10.23
9.28
9.20
8.83
8.89
10.21
10.58
9.84
9.51
11.35
10.38
9.29
9.50
10.14
8.89
9.57
8.85
10.83
9.26
9.73
9.82
10.33
9.88
9.43
9.52
9.01
9.61
9.17
9.00
8.45
9.62
9.03
9.17
8.48
8.56
9.43
8.96
9.79
10.21
10.91
8.98
9.42
10.00
9.18
8.77
9.69
9.15
9.61
9.25
10.64
9.92
10.17
9.88
9.34
9.74
10.32
11.08
9.16
10.84
10.82
10.05
9.62
10.37
11.06
10.72
10.84
9.15
10.38
9.98
9.69
9.99
9.95
10.65
9.33
10.25
10.30
9.91
9.44
9.11
10.10
9.64
10.75
10.20
10.62
9.34
10.22
9.81
10.71
10.22
10.88
10.44
9.40
9.70
10.07
10.00
9.46
10.42
9.76
10.12
10.59
9.50
10.28
8.94
11.10
10.31
10.06
9.51
9.65
9.91
10.25
10.53
9.05
9.37
9.14
9.66
9.89
10.20
10.60
9.69
10.28
9.71
10.81
10.26
11.08
10.58
11.44
10.31
10.97
10.47
9.62
9.95
9.85
10.26
9.75
9.43
9.91
9.82
9.52
9.95
9.80
9.17
9.73
8.97
10.33
10.76
9.91
10.26
9.83
10.36
10.98
10.77
9.50
9.54
9.93
9.92
10.15
10.31
10.54
9.75
10.27
11.28
9.50
10.84
9.87
10.34
10.57
10.96
9.40
8.55
9.21
9.77
8.90
10.71
10.07
10.55
10.73
9.57
8.85
9.72
10.20
10.59
9.98
10.41
9.89
10.48
11.13
10.85
9.56
9.95
10.42
11.07
9.41
9.71
10.48
10.97
10.82
9.61
9.86
10.37
8.99
9.52
9.19
9.58
9.08
9.19
9.60
9.09
9.65
9.68
10.85
9.17
9.60
9.75
10.27
9.18
10.58
9.84
9.31
9.86
9.93
9.65
10.12
9.34
11.04
9.90
9.38
9.41
9.22
8.76
10.26
10.56
8.96
11.12
9.52
8.85
9.72
9.84
10.82
9.90
10.51
10.20
10.98
9.22
9.73
10.04
9.00
10.59
10.13
10.41
9.46
9.96
10.41
11.16
10.71
9.66
11.22
10.19
10.59
9.67
9.40
10.14
9.55
8.46
9.21
8.85
10.05
10.44
9.24
8.77
8.77
9.23
9.70
10.18
11.01
11.06
9.60
9.31
8.91
10.06
10.38
9.91
10.44
9.65
9.42
10.10
9.96
9.46
10.23
10.57
9.10
8.95
9.63
10.81
9.87
9.71
10.16
10.36
10.18
10.85
9.87
9.85
10.31
9.24
10.12
10.81
10.57
9.24
9.23
9.73
9.46
9.05
9.79
10.27
11.06
10.44
10.88
11.26
10.08
10.87
9.87
10.36
9.44
10.04
9.84
10.28
10.06
9.83
10.23
8.97
10.77
9.91
9.43
10.33
10.62
11.03
9.80
10.26
9.46
9.08
9.64
8.95
9.42
9.71
10.17
10.80
10.59
9.24
9.87
9.73
11.11
10.21
9.84
10.19
10.03
10.52
10.12
10.54
9.04
10.52
10.08
9.81
9.63
9.43
10.50
8.55
9.81
9.45
9.08
10.38
10.85
10.99
11.38
9.89
9.78
8.80
10.94
9.43
9.48
8.92
9.44
9.42
10.75
9.64
9.08
8.82
10.09
10.77
10.32
9.88
9.41
9.10
8.82
9.66
9.02
10.95
10.50
9.62
9.71
10.05
10.59
8.87
10.36
9.64
9.99
9.52
9.27
8.87
10.97
10.47
9.16
9.17
11.22
9.72
10.23
9.56
9.90
10.59
10.37
9.56
10.05
10.55
10.83
11.09
9.44
9.83
10.37
11.01
9.55
10.03
10.42
9.90
10.40
9.57
9.11
10.06
10.53
9.91
10.43
9.59
9.11
10.09
10.54
10.85
11.20
9.94
9.43
10.46
11.21
10.54
10.83
10.95
10.54
10.83
11.22
10.95
8.81
10.35
9.86
10.27
9.44
9.16
8.92
9.65
9.04
9.89
9.73
10.19
9.10
9.67
10.17
9.65
10.15
9.20
8.81
9.21
9.71
10.08
10.57
9.66
11.23
9.66
9.39
9.87
10.34
11.21
10.13
10.96
11.41
10.61
10.26
11.20
10.14
10.96
11.41
10.61
10.13
10.57
11.40
9.95
9.55
9.42
9.45
9.86
8.95
8.43
10.08
8.61
9.47
9.83
8.97
10.22
10.67
10.19
9.71
9.75
9.04
10.93
10.34
11.14
10.64
10.82
9.85
10.31
9.43
10.17
8.89
10.19
10.67
10.92
9.92
9.52
10.35
8.78
10.67
10.95
10.31
10.66
10.94
10.14
9.00
9.73
9.53
9.72
9.34
8.92
9.01
10.61
10.10
9.86
9.10
10.30
10.59
10.54
11.09
11.33
10.86
9.95
9.51
10.41
9.11
9.97
10.87
9.66
10.36
9.98
10.14
10.92
9.88
9.40
9.80
10.24
10.70
10.91
9.75
10.31
9.85
10.25
10.47
9.26
10.85
9.68
9.30
9.99
10.39
10.32
10.40
10.83
11.01
10.02
9.91
10.74
9.41
10.71
9.55
9.99
10.24
9.12
8.75
9.22
10.99
9.70
10.23
10.65
9.68
10.16
9.26
10.58
10.59
10.10
10.45
10.57
10.87
11.23
10.05
10.78
10.30
9.89
9.74
9.43
9.45
8.93
9.80
9.27
8.98
10.03
10.23
9.63
9.81
10.36
10.58
11.28
8.98
10.18
10.58
10.15
10.15
10.48
10.87
9.98
10.32
9.81
9.53
9.15
9.43
9.94
8.85
10.74
10.09
10.26
9.85
9.18
10.64
10.62
9.47
10.13
9.85
10.60
9.02
11.34
10.88
9.57
9.77
10.22
10.27
11.13
10.73
10.27
9.55
9.96
10.41
10.72
9.10
10.24
9.56
9.23
9.11
9.97
10.41
10.70
9.12
9.69
10.18
10.52
10.49
10.60
10.91
11.34
9.90
9.59
10.34
10.14
11.00
9.63
9.99
9.85
10.48
11.18
10.20
9.44
9.75
10.05
9.64
9.15
10.09
10.45
9.82
9.67
9.10
10.84
10.00
9.58
10.40
10.67
11.00
10.84
8.95
9.46
9.78
10.24
10.98
10.54
10.11
9.93
10.60
9.83
9.41
10.34
10.91
10.35
10.83
11.17
11.50
11.20
10.85
9.54
8.93
10.31
11.15
10.04
9.68
9.54
9.50
9.60
8.77
10.13
10.56
9.11
9.62
10.20
9.86
10.31
9.44
10.79
10.99
9.88
10.36
9.65
9.41
8.65
8.56
11.01
9.09
10.36
9.94
10.50
9.76
10.63
9.93
9.40
9.45
8.97
9.42
10.71
9.04
9.54
9.95
10.25
9.11
9.53
9.64
9.55
9.23
9.83
10.29
9.23
10.14
9.69
9.94
10.58
10.41
9.71
10.18
10.68
11.14
11.35
10.85
9.48
9.82
10.30
11.12
10.69
9.82
9.81
9.36
9.09
9.81
9.43
10.08
10.11
10.59
10.34
9.70
9.85
10.33
8.87
10.57
11.08
9.65
9.42
10.12
9.95
10.40
9.49
9.94
10.50
9.22
8.78
8.98
10.03
9.26
9.49
10.54
10.33
11.32
9.48
9.85
10.36
9.52
9.96
10.40
11.01
10.84
9.87
9.56
9.98
10.37
10.99
10.81
9.82
10.33
10.00
9.12
9.60
9.67
8.97
10.10
10.55
10.48
11.16
10.91
9.21
9.90
9.75
9.71
9.30
8.99
10.09
10.56
9.79
10.16
10.29
10.97
9.47
9.42
10.44
9.59
9.90
9.43
8.99
9.93
8.74
10.64
10.85
9.79
10.31
9.09
9.42
10.83
9.65
9.94
9.61
9.09
10.08
10.31
9.79
9.62
9.11
10.08
10.30
9.76
10.27
8.99
10.90
10.56
9.94
9.61
10.37
8.83
10.60
11.17
9.43
10.56
11.30
9.22
9.77
9.93
9.56
10.04
9.41
9.63
10.09
9.61
9.14
8.43
8.97
8.63
10.98
9.12
10.06
10.63
9.64
10.48
9.02
11.15
10.06
9.84
10.35
10.85
9.82
10.32
9.83
10.39
9.55
10.99
10.03
10.93
10.53
9.42
9.12
9.50
9.89
10.38
10.94
10.94
10.49
8.89
10.16
10.12
10.79
9.85
9.50
10.04
10.48
8.86
9.82
10.57
10.23
9.28
9.38
9.96
9.48
8.91
8.70
8.85
10.96
10.41
10.17
11.08
9.03
10.34
10.49
9.95
9.49
10.35
11.27
10.35
10.43
8.92
10.82
10.38
10.42
10.98
10.81
10.37
10.33
10.10
9.45
9.86
10.25
10.21
9.68
9.76
9.00
9.41
10.77
9.81
10.30
10.94
9.12
8.66
9.71
9.56
9.12
9.74
10.21
9.17
10.59
9.84
11.10
10.01
9.76
9.27
10.63
10.15
9.96
10.48
9.26
9.43
9.82
9.31
8.87
11.01
10.60
11.11
10.17
9.32
9.97
9.11
10.96
9.39
10.95
9.62
9.88
10.30
10.49
10.44
10.94
11.29
9.49
10.03
10.58
11.08
10.92
9.88
10.36
9.17
10.87
9.67
10.10
10.43
10.39
10.37
10.89
10.88
10.42
9.99
10.95
9.21
9.66
10.83
9.84
9.22
8.93
10.11
10.34
9.84
10.30
11.01
9.43
10.63
10.79
9.48
9.92
10.79
9.77
10.25
10.29
9.13
10.10
8.88
9.66
10.73
9.34
10.18
10.24
10.61
10.95
9.81
10.05
10.05
10.58
11.28
10.89
10.39
10.53
10.26
9.82
9.09
9.51
9.42
9.93
9.70
10.15
8.83
10.71
9.78
10.25
10.59
10.95
9.41
9.73
10.15
10.01
10.49
9.77
10.17
9.19
8.97
9.67
10.60
10.32
10.43
10.82
11.16
9.93
10.32
10.29
11.14
9.94
9.04
10.31
10.58
9.92
10.31
10.77
9.81
9.47
11.02
10.82
9.87
10.37
9.94
10.77
9.95
10.89
9.67
10.30
9.69
10.07
10.58
9.59
9.40
9.20
9.52
8.80
9.04
9.65
8.79
9.69
10.57
10.21
11.39
9.49
10.86
9.34
9.77
10.20
10.30
10.60
10.68
10.01
10.50
10.84
10.24
10.63
9.99
10.47
10.84
11.16
10.00
11.15
9.69
9.85
10.24
10.59
10.41
9.75
9.42
10.06
10.04
10.48
9.62
8.84
9.37
9.43
8.95
9.78
10.12
8.97
10.95
9.60
10.02
10.46
9.50
9.98
10.48
11.06
9.16
9.05
9.67
9.44
9.86
10.83
9.81
10.26
9.37
10.59
10.41
9.79
10.17
10.64
11.11
10.84
11.23
10.36
9.87
11.21
9.07
9.45
9.54
9.73
10.21
10.95
10.59
8.95
9.85
9.16
9.61
10.86
11.10
9.97
10.43
9.48
10.57
11.05
9.27
9.15
10.52
11.31
10.99
10.20
9.70
10.87
9.83
10.31
10.19
9.96
9.78
10.38
10.52
10.80
10.21
9.74
9.87
9.04
10.58
9.43
11.08
8.70
10.10
10.36
10.82
9.13
10.46
9.69
10.13
9.00
9.94
9.56
9.29
9.78
10.20
9.10
9.42
10.84
9.13
8.78
9.98
9.59
10.31
11.05
8.80
9.96
9.46
9.98
10.59
9.96
9.65
11.49
10.31
11.10
9.55
9.04
9.84
10.24
10.53
9.98
9.67
10.27
9.55
9.07
9.85
10.24
9.93
10.52
9.20
9.04
10.21
9.63
9.86
11.19
9.12
10.54
10.29
10.76
11.31
11.47
10.58
11.02
10.98
9.86
9.31
8.97
10.23
10.42
9.87
11.15
10.39
10.83
10.88
9.99
9.61
11.16
10.89
10.37
10.83
8.62
9.89
10.34
11.20
10.84
9.88
10.29
9.85
10.31
10.71
10.12
9.20
10.56
9.24
11.53
9.79
9.41
9.05
11.00
10.43
9.81
10.14
11.05
9.40
10.10
9.73
10.49
9.90
9.56
9.02
10.31
11.04
11.04
10.82
9.77
8.88
9.52
9.51
10.77
8.64
9.04
9.81
10.29
9.01
10.82
9.64
10.10
9.30
10.56
9.18
10.76
11.33
11.22
9.76
10.07
10.59
9.90
9.39
11.06
10.73
11.16
10.35
9.92
9.90
9.39
11.04
10.71
11.15
10.35
9.88
10.43
9.40
11.12
10.37
9.84
9.04
9.50
10.79
9.84
10.20
9.74
10.81
10.85
10.67
10.32
10.21
10.18
9.74
10.83
10.65
10.22
10.18
9.74
10.82
10.64
10.18
9.77
9.75
9.40
9.82
9.70
9.81
8.57
9.34
8.93
9.70
8.81
9.80
9.68
9.35
8.93
8.88
10.58
9.91
9.47
10.55
10.10
10.58
11.13
10.11
10.51
10.01
10.50
11.35
10.11
9.96
9.46
9.65
8.81
10.00
9.32
10.60
11.56
11.07
9.83
10.09
10.50
11.01
9.59
9.43
8.46
9.98
9.55
9.05
10.45
9.11
9.53
9.05
8.51
8.61
9.11
10.95
9.65
10.43
10.02
9.07
9.06
10.93
10.03
10.82
9.80
10.29
9.42
8.89
9.83
9.52
10.60
9.54
9.33
8.90
8.96
11.21
10.07
10.56
10.80
9.66
9.24
10.55
11.12
11.17
11.11
11.53
10.40
10.52
10.47
11.03
11.09
11.03
9.91
10.41
9.16
10.97
9.63
10.05
10.41
10.48
10.23
10.78
11.03
10.91
9.17
10.01
10.43
9.56
9.69
10.21
11.10
10.72
10.28
9.37
9.10
9.83
10.29
10.70
9.18
9.73
10.24
9.38
9.05
9.82
9.84
10.17
9.02
9.41
10.25
9.63
10.03
9.19
9.63
8.78
10.06
9.83
9.20
10.68
9.97
10.21
10.86
9.61
9.96
9.52
10.42
10.07
9.26
8.93
10.58
9.63
11.14
10.20
8.97
9.86
10.68
10.48
10.12
9.51
9.63
10.83
11.03
9.03
9.99
10.39
10.98
9.81
9.12
10.38
9.79
9.42
8.72
10.90
9.19
9.66
9.78
10.09
10.51
9.29
9.55
9.73
9.56
10.92
10.67
10.30
10.32
10.10
9.28
10.86
9.79
10.27
9.84
9.34
9.07
10.32
11.11
10.70
9.79
10.25
9.41
10.52
10.11
9.74
10.59
10.43
10.05
10.27
10.69
10.61
11.09
10.92
8.92
10.35
11.07
9.75
9.47
10.20
10.83
10.59
9.87
10.30
9.89
9.60
10.78
9.84
10.31
10.37
10.05
10.62
10.99
9.75
10.18
9.65
10.58
9.14
11.26
10.85
10.00
10.02
10.31
9.68
8.92
9.87
9.62
10.06
10.54
10.51
11.08
10.23
9.76
10.18
9.99
9.42
10.18
9.79
10.31
10.58
9.37
9.78
8.87
10.32
10.82
9.76
9.42
9.84
10.16
10.67
11.10
11.02
9.88
10.40
9.48
9.88
9.88
11.11
10.15
9.48
9.63
9.11
9.60
10.41
9.14
8.98
9.60
10.83
9.87
10.32
10.21
10.12
10.71
10.95
10.78
9.14
9.96
9.53
10.05
9.74
10.28
10.51
10.92
10.09
9.84
10.26
10.58
10.79
11.20
9.85
9.43
9.19
10.28
9.86
9.43
10.32
10.89
9.69
10.58
10.10
8.93
10.14
10.50
9.76
9.45
8.78
11.04
10.43
9.93
10.46
9.64
10.43
11.21
9.98
9.45
9.85
10.07
9.46
9.88
10.41
10.76
9.23
9.67
10.14
10.55
9.81
10.98
9.22
10.07
10.36
9.77
9.89
9.42
9.73
9.06
10.20
9.77
10.31
10.68
9.43
9.74
9.06
10.21
10.74
11.16
9.80
10.27
9.77
9.71
9.50
9.34
8.96
9.85
9.22
8.82
9.73
9.39
9.05
8.86
10.03
9.80
9.46
8.66
10.26
10.59
11.02
11.19
9.80
10.26
10.09
10.57
9.08
9.99
9.53
8.87
11.08
10.13
10.20
10.66
10.46
11.15
10.10
9.48
9.84
9.17
9.76
9.00
9.48
10.84
9.84
10.25
10.27
9.89
10.31
11.01
10.67
10.19
9.89
10.31
11.00
10.66
9.70
9.42
10.18
9.93
9.48
9.10
8.59
10.35
11.01
10.66
9.78
9.19
10.25
9.93
9.48
9.11
8.61
10.35
11.01
10.65
8.78
10.20
9.74
9.91
10.99
10.57
10.16
10.39
9.88
9.43
11.07
11.52
10.35
10.66
9.86
10.87
11.28
11.27
10.10
10.23
9.94
10.98
10.36
10.57
10.12
9.93
10.97
10.35
10.55
10.07
8.94
10.60
9.97
9.83
9.49
10.01
10.44
9.56
8.87
10.27
9.94
11.02
9.55
9.98
9.17
10.45
10.12
11.19
9.51
10.00
10.49
9.73
10.23
9.02
10.54
10.89
10.34
9.84
10.20
9.13
10.98
9.40
8.82
9.83
9.33
9.58
9.13
8.67
8.83
9.51
8.67
9.82
8.94
10.60
10.30
9.41
11.20
10.40
9.99
11.16
9.34
9.05
9.67
10.05
10.56
11.21
9.12
10.37
10.16
9.65
11.05
10.52
10.33
10.98
10.12
10.61
10.97
9.96
10.41
9.53
10.58
11.03
9.78
9.13
10.17
10.05
10.50
10.99
10.08
10.57
9.99
11.25
10.79
10.31
9.83
9.93
9.20
9.76
9.35
10.22
9.95
9.41
9.43
10.82
10.17
9.30
8.84
9.47
9.27
8.84
9.49
9.53
9.78
9.28
8.85
8.95
10.63
10.22
10.48
9.38
10.99
9.20
10.44
10.62
11.03
10.93
9.68
9.95
9.96
9.98
10.41
10.92
9.25
10.92
9.67
10.10
10.53
10.82
10.95
9.97
9.25
10.36
9.86
9.86
9.56
9.03
10.05
9.87
9.40
10.89
8.69
9.54
10.38
9.18
10.77
10.84
9.72
9.99
10.30
9.58
10.45
9.79
9.41
9.21
10.73
8.91
9.63
9.90
10.30
10.86
11.08
9.43
9.80
10.26
9.96
9.74
10.18
10.56
9.14
9.61
8.98
11.04
9.40
9.21
10.15
9.68
10.56
9.75
10.94
9.24
10.49
10.11
9.92
9.70
9.66
10.08
9.09
9.39
9.89
10.62
9.82
9.13
10.18
9.44
8.82
9.67
10.04
9.12
9.59
10.08
9.80
10.26
9.42
10.48
10.49
10.11
9.71
10.28
9.43
10.60
10.28
10.18
10.66
9.00
10.27
10.68
11.14
9.53
10.00
10.24
10.70
9.83
10.30
9.18
9.12
10.13
10.56
9.73
10.21
10.08
9.73
10.20
11.12
9.70
10.21
10.98
9.35
10.39
9.86
10.24
11.04
10.25
11.04
9.64
9.40
8.97
8.32
8.52
8.83
10.23
10.35
10.60
10.14
10.53
10.88
10.84
11.29
9.40
10.30
9.78
10.14
9.54
10.59
9.85
9.43
11.12
8.83
10.19
10.37
10.81
10.08
10.55
9.54
10.00
10.03
9.54
9.99
10.01
9.52
9.98
10.70
10.94
9.86
10.34
9.70
9.46
10.17
9.10
9.55
9.94
10.36
10.76
9.22
8.94
10.85
9.64
9.62
8.96
9.83
10.31
9.76
9.50
10.67
10.69
9.35
9.87
9.30
9.04
9.68
10.04
10.55
10.58
9.98
10.44
10.03
10.45
11.01
10.90
11.05
9.18
10.52
9.70
10.20
9.57
10.88
10.96
10.00
10.38
9.58
9.43
9.61
8.41
9.47
9.08
8.57
9.91
9.00
10.44
10.84
10.31
9.97
10.04
10.20
10.57
10.96
9.85
10.57
10.12
9.18
11.24
9.72
9.44
9.28
9.72
10.06
10.74
8.88
9.78
9.99
10.23
9.44
9.45
9.82
9.82
10.21
9.89
9.85
10.21
9.46
9.05
8.72
8.99
10.83
10.54
9.53
9.88
11.18
10.13
10.81
10.56
11.27
11.05
10.72
9.85
10.33
11.00
9.10
10.41
9.97
9.60
8.88
10.81
11.23
10.40
10.02
9.30
9.77
10.59
9.27
11.49
11.04
9.72
10.11
8.98
10.45
9.47
9.89
10.29
10.35
10.80
9.65
9.42
10.15
10.67
9.39
9.87
8.92
8.51
11.23
10.40
10.84
9.20
8.77
8.77
9.72
10.07
8.99
9.41
10.81
10.21
9.09
8.89
9.57
9.68
10.21
9.40
8.94
9.87
10.34
11.08
10.68
9.78
10.19
9.01
9.59
10.34
8.97
8.68
10.13
10.85
10.37
10.45
10.04
10.32
11.11
10.63
10.27
9.68
10.13
10.62
9.20
9.72
10.22
11.13
9.23
10.53
11.41
11.05
9.78
10.18
10.61
11.34
10.92
10.46
10.98
9.43
9.81
9.32
8.88
10.46
10.04
9.49
8.86
10.21
10.17
10.64
10.26
9.84
9.59
10.18
10.99
10.59
9.81
9.23
9.43
9.64
9.95
9.32
10.12
10.83
10.57
9.86
8.93
9.37
9.54
11.11
9.88
10.15
9.69
10.11
9.95
10.13
8.84
10.49
11.22
9.08
9.72
9.64
10.58
10.18
11.32
11.17
10.05
10.79
10.56
10.82
10.23
9.93
9.79
9.25
9.00
10.14
11.11
10.99
10.66
9.96
9.45
8.69
9.41
9.74
10.12
10.82
10.45
10.59
10.14
9.98
9.54
10.43
9.79
10.29
9.99
9.59
9.12
9.33
11.12
10.67
10.31
9.03
9.01
10.35
11.10
11.02
10.54
10.25
10.51
9.74
10.14
9.76
9.34
10.20
10.73
9.93
9.43
10.31
10.78
9.08
10.71
9.90
9.48
10.06
10.29
10.11
9.15
10.82
10.60
9.66
11.14
9.12
9.01
9.58
9.72
10.20
10.47
10.91
10.52
10.04
9.86
9.84
10.69
10.93
10.32
9.41
10.31
8.70
9.14
10.08
10.90
9.73
9.24
9.01
10.09
10.36
10.01
10.45
10.20
10.45
9.93
9.43
9.82
9.82
8.79
9.90
10.39
9.92
9.27
10.12
10.59
11.19
9.73
9.03
9.37
9.77
9.75
10.22
10.73
9.44
10.60
9.82
10.25
11.03
10.53
10.41
11.10
10.64
10.89
9.86
10.34
9.25
9.44
10.87
8.93
9.83
9.12
9.42
9.83
10.37
11.11
10.07
9.58
10.32
9.47
10.63
9.30
9.12
9.67
10.12
10.59
11.34
10.89
10.29
9.15
11.15
11.55
11.32
10.72
9.61
9.89
9.87
9.38
9.75
10.03
10.56
10.41
10.11
10.66
10.91
11.06
10.08
10.55
9.22
10.40
9.78
10.03
10.03
10.51
9.76
10.31
9.91
10.95
10.31
9.43
8.64
9.12
10.75
9.88
9.69
9.89
10.24
9.51
8.96
9.40
9.12
8.81
10.36
10.59
9.65
9.34
9.35
11.18
8.87
9.81
10.23
9.74
9.66
9.44
8.96
9.59
9.77
10.12
10.92
9.36
10.60
9.76
10.18
9.39
9.85
10.21
10.70
10.82
11.16
10.29
11.15
9.90
9.47
9.91
10.06
9.48
9.93
10.58
10.41
10.52
10.07
10.55
9.46
9.92
10.87
10.40
11.02
11.34
9.22
10.15
9.69
10.94
10.35
10.28
9.42
10.77
9.90
9.41
9.45
9.71
9.37
9.90
9.25
8.95
8.99
10.18
9.72
10.19
10.68
10.74
9.58
10.11
9.32
8.99
10.60
9.10
11.01
10.46
11.53
11.02
11.56
10.97
9.59
10.01
10.29
10.48
10.99
8.97
10.86
10.37
9.94
9.57
9.94
10.14
9.86
9.18
10.24
9.79
8.89
9.25
9.40
10.60
9.75
10.23
10.68
8.59
10.12
9.64
10.57
10.88
11.21
9.41
8.98
8.97
11.12
9.57
10.09
10.16
10.12
9.75
11.10
10.49
10.82
11.19
9.14
9.13
10.13
10.50
11.17
9.95
9.66
10.28
10.99
10.66
9.74
10.30
9.28
10.94
10.26
9.86
10.43
9.40
9.88
10.30
9.89
10.33
9.55
10.01
9.47
9.63
8.71
9.94
11.01
10.59
10.16
10.16
11.34
10.89
10.19
9.39
10.30
9.82
10.17
10.99
10.30
10.60
9.98
10.83
11.20
9.86
9.06
10.34
9.53
11.16
9.98
10.33
10.18
9.43
11.36
11.16
10.70
10.94
10.26
10.19
11.36
11.15
10.70
10.92
9.79
9.20
8.77
10.22
10.57
9.23
9.22
9.71
9.14
11.04
10.34
10.61
10.96
10.09
9.95
9.44
10.00
10.39
11.12
10.51
11.10
10.49
10.97
11.39
8.92
10.13
10.86
9.86
9.49
8.84
10.09
10.33
11.00
10.20
9.10
9.90
9.64
10.20
9.75
9.79
9.01
9.67
10.10
10.56
10.55
11.16
10.07
10.58
10.27
9.76
10.33
11.03
10.79
10.40
9.91
9.41
8.90
11.01
10.56
10.25
9.90
10.39
10.20
9.92
10.39
11.19
10.99
10.71
10.41
9.88
9.99
9.57
9.35
10.01
9.89
10.00
9.47
8.85
8.97
9.65
9.60
10.83
8.75
9.56
9.80
10.10
10.21
9.94
10.55
9.70
9.72
11.19
10.15
11.18
10.48
11.33
10.99
11.45
9.65
10.24
10.72
10.06
10.58
11.28
9.75
11.06
10.53
9.83
10.28
9.74
9.23
10.24
9.82
10.24
9.76
9.23
10.24
9.90
10.99
11.18
10.41
11.17
9.27
9.43
9.84
10.24
10.65
10.27
9.79
9.28
11.17
11.27
10.74
9.89
9.37
9.70
9.23
8.77
8.92
10.87
10.08
10.54
9.07
9.73
10.32
9.38
9.21
10.59
9.83
10.75
10.21
10.44
9.90
10.73
10.27
10.96
10.96
11.10
9.70
9.54
9.96
10.11
9.22
9.73
10.74
10.31
10.95
10.86
9.67
10.08
10.40
9.28
9.22
10.60
9.72
9.81
9.17
10.80
9.66
9.41
9.95
8.83
10.35
10.76
9.54
9.86
10.31
10.28
10.64
10.91
9.95
10.25
9.80
10.95
10.52
9.44
9.72
10.10
9.58
9.12
9.96
10.17
10.51
10.11
9.75
10.60
8.97
10.82
11.20
9.58
10.00
10.36
9.52
9.08
9.18
9.71
9.92
10.03
10.59
10.18
10.42
9.97
10.44
10.77
11.09
10.91
10.17
10.48
11.04
10.36
10.49
9.81
9.44
10.92
8.91
10.20
10.65
10.35
9.01
9.86
9.29
8.93
9.02
9.75
9.56
9.81
10.00
9.39
9.94
10.38
10.78
8.93
9.40
9.75
10.22
10.79
9.93
10.21
10.59
9.91
10.16
10.60
9.28
10.20
10.19
10.61
10.99
9.84
9.69
10.15
9.51
9.42
9.99
10.41
10.94
8.76
9.68
10.13
10.85
9.87
10.11
10.32
9.45
9.66
10.47
10.75
9.81
10.29
10.46
10.75
9.81
10.29
9.65
9.89
9.11
9.87
10.69
10.57
11.05
9.25
10.06
10.50
9.75
9.86
10.32
9.42
9.15
9.85
10.29
10.73
9.82
10.29
10.95
9.40
10.26
10.39
9.80
8.87
10.23
10.48
9.99
8.72
9.50
10.81
9.86
9.67
10.34
10.25
9.19
9.70
10.15
10.57
10.72
11.01
9.77
10.25
11.01
9.16
10.57
11.37
9.66
9.28
8.91
10.91
9.20
10.41
11.04
9.64
10.02
9.68
10.78
10.14
10.22
10.65
10.98
9.86
9.17
9.76
9.42
10.14
9.77
9.30
10.20
10.57
9.77
9.31
9.76
10.14
8.88
9.43
8.52
8.82
10.51
9.27
9.09
10.12
9.63
9.61
9.97
9.23
10.14
10.45
10.85
9.74
10.57
10.00
9.18
10.00
11.08
10.13
10.52
10.48
9.78
9.42
10.09
9.90
10.34
10.53
8.95
9.63
10.90
9.47
9.69
10.03
8.76
10.42
10.45
9.48
9.22
9.01
9.66
10.29
11.00
10.79
9.91
10.41
9.53
9.86
10.28
10.89
10.98
10.78
9.86
10.31
10.93
10.61
9.17
9.83
9.70
9.38
9.00
10.10
10.58
9.91
9.94
9.86
10.79
11.21
10.21
9.41
10.49
10.49
9.16
8.72
10.11
9.73
8.45
10.17
9.33
8.88
8.74
10.57
10.30
10.10
10.57
11.05
10.73
10.31
9.91
10.99
9.41
9.59
10.05
9.38
9.31
9.82
10.29
10.53
9.12
8.90
10.00
10.49
10.85
11.25
9.47
9.94
10.46
10.93
10.81
11.24
9.56
9.88
10.25
10.92
10.80
11.23
9.76
10.33
9.92
8.98
10.68
9.49
8.75
9.58
10.03
9.26
9.04
9.68
10.18
9.63
10.44
9.62
9.91
10.58
10.28
11.41
9.24
10.72
9.82
9.77
9.32
8.98
10.17
9.94
8.99
9.41
9.71
8.63
9.13
9.62
10.09
10.59
10.14
9.93
10.07
9.39
9.22
9.88
10.44
9.90
9.40
9.23
9.91
11.09
9.96
9.42
10.51
10.13
8.91
9.52
9.00
8.69
9.98
9.49
9.65
9.20
10.14
8.74
10.88
9.69
9.22
10.31
9.80
9.29
9.89
9.40
8.46
9.46
9.93
9.05
9.60
8.93
10.77
9.45
9.14
9.69
10.21
10.95
10.50
9.18
10.17
9.70
8.99
9.41
9.40
9.44
9.05
8.73
9.53
10.07
8.76
10.57
9.82
9.52
9.12
11.16
10.22
10.73
9.91
9.18
10.57
10.16
11.18
9.87
10.42
10.08
9.86
10.42
9.74
9.42
10.14
11.05
10.50
10.64
9.89
10.32
9.98
10.51
10.63
11.19
11.15
10.78
9.70
10.25
11.02
9.41
10.40
8.97
11.05
10.03
9.56
9.30
8.89
8.87
9.87
9.09
10.86
9.67
9.55
8.99
9.12
10.84
10.29
10.09
9.15
10.61
10.62
9.91
9.54
10.28
10.68
9.87
10.25
9.15
10.50
9.67
10.04
9.76
9.37
9.92
10.23
10.60
9.16
10.80
11.18
10.29
10.71
9.85
9.24
9.43
8.85
10.15
8.80
10.75
10.23
10.59
9.79
10.11
10.55
9.80
9.37
10.20
11.07
9.90
9.42
10.52
11.28
10.90
9.14
8.80
10.97
9.62
10.04
9.75
9.39
9.96
10.46
9.75
9.39
9.95
9.88
10.70
10.26
9.45
9.22
9.72
9.18
8.97
9.59
9.95
10.32
10.78
9.07
10.28
10.83
9.57
10.06
9.02
8.76
9.23
10.01
10.23
9.75
10.14
9.32
9.84
10.28
10.72
10.84
9.18
9.41
9.42
9.89
10.16
10.85
9.80
9.43
9.89
9.84
10.59
9.87
10.25
9.68
10.15
10.59
9.44
8.97
11.11
10.24
9.56
10.45
9.11
9.62
10.06
9.26
10.35
10.57
11.27
10.44
11.03
10.82
10.33
10.09
10.93
10.74
9.89
10.33
9.23
9.79
9.04
10.87
9.43
8.75
10.26
9.16
10.82
9.74
9.12
9.55
10.76
9.83
10.29
10.61
9.41
10.22
9.74
10.28
9.03
10.48
9.59
10.10
8.83
9.27
9.22
9.97
9.81
9.37
9.83
10.13
10.57
9.41
9.82
10.26
11.31
9.43
9.96
10.36
10.86
8.67
9.10
10.30
10.80
11.04
9.61
10.03
10.17
9.38
9.77
10.24
10.97
10.50
10.05
10.58
10.28
10.28
9.87
10.33
11.15
10.27
9.93
9.44
9.87
10.34
10.53
9.26
8.92
9.67
11.06
10.42
10.31
8.95
10.62
9.52
9.79
10.17
9.86
10.29
10.63
8.85
9.65
9.99
10.83
10.25
11.07
10.31
9.95
9.44
10.59
10.36
10.23
10.77
8.67
10.85
11.30
9.91
10.36
9.86
10.69
9.21
9.73
10.23
9.00
10.34
9.98
9.58
10.00
9.41
9.70
9.18
8.82
9.99
9.22
9.19
8.84
8.56
8.94
10.09
10.86
10.54
9.55
9.60
10.12
10.58
10.38
8.69
9.40
9.07
9.05
9.66
11.12
9.47
9.18
9.24
9.70
10.13
9.94
10.35
10.70
10.20
9.64
9.22
9.95
10.36
10.70
10.57
9.25
10.19
9.66
9.22
9.96
10.36
10.68
9.24
9.80
9.26
10.09
11.00
10.03
10.56
9.41
10.35
9.85
9.32
10.06
8.77
11.11
9.72
9.25
10.05
10.42
9.97
9.70
9.24
9.93
9.69
9.24
8.97
9.53
9.97
8.86
10.88
10.30
10.87
11.02
9.18
10.10
9.45
9.78
9.02
9.41
9.95
10.23
11.04
9.70
10.20
10.65
10.10
9.72
10.20
10.64
9.16
8.72
10.15
9.72
9.08
10.57
11.40
10.02
10.90
10.12
10.27
11.10
9.92
9.42
10.17
10.02
10.53
10.65
10.61
10.12
10.00
10.49
8.99
10.05
9.55
8.89
10.17
9.89
10.10
10.58
10.18
10.67
11.33
9.87
9.82
9.41
9.13
9.78
9.78
9.41
9.13
9.77
9.92
9.40
9.98
10.17
10.67
8.86
10.58
11.55
9.46
9.71
9.19
9.41
8.49
8.69
8.92
11.01
9.85
9.88
9.34
9.39
8.49
8.69
8.91
10.40
11.19
10.72
10.89
9.02
10.33
10.01
9.49
8.83
9.03
9.06
9.94
10.44
9.65
10.13
9.50
9.53
8.85
9.06
10.38
9.20
9.89
9.72
8.99
9.36
9.74
10.18
9.84
8.99
9.38
10.87
10.28
10.73
9.85
9.41
10.06
10.59
10.13
9.63
9.38
8.91
9.78
10.24
10.70
8.71
10.19
9.71
11.14
10.54
9.75
11.46
9.98
10.44
10.16
9.79
9.41
10.15
9.45
8.67
8.68
10.48
9.23
9.94
9.83
10.60
10.17
9.80
10.36
10.91
9.87
9.39
10.34
10.75
11.21
11.69
11.37
9.35
9.42
9.93
10.35
9.91
9.41
10.36
10.64
11.10
10.80
8.93
9.82
10.30
9.47
10.01
9.53
9.77
10.31
10.06
9.52
9.77
9.20
8.96
10.30
10.01
9.52
9.21
10.16
9.63
10.06
9.89
9.40
9.26
9.04
9.21
10.84
10.62
10.71
10.41
9.17
9.04
9.72
10.89
9.37
9.86
10.43
10.95
11.15
10.02
10.25
9.23
9.71
10.87
9.80
9.88
9.52
9.86
10.31
10.34
9.48
9.10
10.04
10.53
10.93
11.13
9.23
10.81
9.63
10.00
10.40
9.12
10.79
9.54
9.86
10.31
10.76
9.97
9.79
10.00
10.24
9.43
9.98
10.59
8.96
10.97
11.30
11.05
9.83
9.48
9.55
8.89
10.21
10.54
10.10
9.15
10.15
9.70
9.05
10.01
10.11
10.45
10.92
9.29
10.43
9.27
11.23
9.74
10.14
10.88
9.43
9.14
9.41
10.74
9.85
10.12
8.80
9.79
10.25
10.60
9.76
10.20
9.79
10.22
9.43
9.89
9.31
10.31
10.59
10.47
8.93
9.48
9.72
10.21
9.54
10.41
9.13
10.84
9.68
9.10
10.34
11.05
10.80
9.96
10.38
10.62
9.76
10.21
11.04
10.77
10.24
9.43
9.90
10.64
10.65
8.95
9.85
10.19
9.41
9.86
10.32
10.05
9.51
8.98
8.62
10.28
9.05
9.50
9.68
9.27
9.09
10.18
10.13
10.82
10.59
9.65
10.15
10.59
11.11
9.94
9.60
10.52
11.00
10.84
10.41
10.50
10.92
10.73
9.86
9.34
9.07
9.63
9.84
10.33
9.44
9.61
8.83
10.89
10.29
10.91
11.18
9.55
9.44
10.05
10.18
10.64
10.93
8.95
9.21
9.69
8.98
9.49
9.93
8.91
9.25
9.97
9.14
10.12
9.65
10.58
9.97
8.96
10.99
9.81
10.15
10.44
9.83
10.29
11.10
10.28
11.10
9.86
10.30
10.66
10.28
9.92
9.11
9.42
9.43
9.87
10.53
10.18
9.86
8.83
10.76
10.28
10.91
10.50
9.42
9.48
9.97
9.48
9.97
9.21
8.96
10.15
9.66
9.51
9.86
10.59
10.32
9.84
9.52
10.25
10.98
10.67
10.78
11.16
9.82
10.29
9.01
11.16
9.97
9.58
9.69
9.55
9.25
8.93
9.97
10.54
9.10
10.07
9.99
9.71
8.96
10.95
10.33
10.19
10.56
9.72
9.40
9.36
8.93
11.06
8.74
10.68
10.57
11.41
9.77
10.24
10.49
10.96
10.38
10.99
10.10
9.63
10.13
9.87
9.43
10.81
8.93
10.19
10.95
10.62
9.47
9.94
9.47
9.92
9.45
8.78
9.28
9.03
9.60
10.11
10.59
9.86
10.30
10.01
9.53
9.52
10.86
10.56
11.18
10.80
9.82
10.31
10.07
9.67
10.76
10.53
9.12
10.08
10.57
11.25
9.65
9.57
9.69
9.22
9.03
9.13
11.03
10.49
10.01
9.69
10.41
9.35
9.10
9.71
10.06
10.29
9.84
9.34
9.40
9.11
9.89
10.20
9.84
9.34
9.53
9.17
10.37
9.93
10.24
9.84
9.59
9.19
10.33
10.99
10.72
9.94
10.25
9.44
9.72
9.24
9.29
8.92
8.53
9.79
10.24
10.98
10.66
10.06
9.78
8.82
10.98
10.53
9.88
9.79
9.31
8.99
8.55
8.84
11.38
9.96
9.44
10.89
9.28
9.80
10.32
9.80
11.00
9.80
9.51
9.08
10.60
9.98
10.38
9.95
9.86
9.49
9.50
10.35
10.55
11.09
9.94
9.54
10.33
9.55
9.11
8.87
9.54
9.58
9.13
8.88
9.13
11.15
10.53
9.92
9.65
10.36
11.34
10.40
10.43
10.00
8.95
9.93
9.55
9.43
9.84
10.20
9.41
9.93
10.38
10.78
8.38
10.85
9.79
10.32
9.46
9.97
8.88
9.90
10.28
10.67
10.58
10.32
11.40
10.32
10.86
8.97
11.37
11.13
11.56
10.31
10.60
11.57
9.62
9.55
10.11
9.28
9.82
10.32
9.09
9.05
11.24
11.04
10.11
9.64
9.84
10.37
10.60
9.64
9.56
10.88
11.01
10.42
11.32
9.97
10.19
9.50
9.44
9.74
8.46
9.04
8.26
8.35
10.28
10.68
10.06
9.52
9.65
9.15
8.96
10.17
10.64
8.98
10.06
9.55
10.64
9.08
10.05
10.53
9.54
8.95
9.21
10.06
11.09
11.08
10.58
9.78
10.35
9.45
9.46
10.89
10.89
9.20
10.44
10.45
9.66
10.05
10.90
9.26
10.40
9.76
9.21
10.20
10.49
10.83
10.01
9.81
9.65
9.32
10.30
11.15
10.81
9.41
9.91
9.70
9.28
10.20
9.04
8.91
9.76
9.46
9.81
10.19
9.42
8.98
9.16
10.13
9.65
10.66
10.58
10.05
11.00
9.03
10.39
10.92
11.29
9.65
9.53
8.74
10.91
9.05
9.42
10.04
9.10
10.34
9.74
9.08
9.52
9.83
10.26
10.91
9.85
10.47
9.22
9.43
9.79
10.19
9.42
9.88
9.88
8.99
9.60
10.84
8.97
8.69
9.80
9.91
10.35
10.81
11.11
9.16
9.66
9.92
9.30
10.78
9.75
10.20
9.31
9.76
10.26
10.62
10.08
9.41
8.98
9.41
8.76
9.08
10.49
10.60
9.54
9.96
10.92
11.31
10.30
10.70
9.14
9.90
9.66
8.86
9.90
10.23
9.30
10.16
10.16
9.41
10.72
9.51
9.82
9.07
9.44
9.87
8.64
10.25
9.62
10.12
9.13
9.47
9.14
9.78
10.25
9.92
10.51
10.85
9.71
10.19
10.87
9.91
9.81
10.59
10.29
10.67
11.46
9.41
8.98
8.90
10.97
10.66
11.07
9.92
9.44
9.05
9.48
8.94
9.94
10.35
10.54
9.48
9.93
10.39
10.99
9.47
9.93
10.35
9.97
9.94
10.37
9.95
10.81
9.96
10.37
9.82
10.26
10.87
9.52
9.18
9.74
10.72
9.49
9.79
10.26
10.51
10.87
10.16
10.85
10.58
9.90
9.47
9.15
9.61
9.55
9.71
11.09
10.14
10.12
10.52
10.89
8.88
10.02
10.52
10.89
11.29
11.07
10.45
11.28
10.47
10.80
10.92
9.43
9.90
9.94
10.38
10.80
10.02
10.30
10.75
10.91
10.31
9.02
9.99
9.29
8.85
9.03
9.79
9.67
8.85
10.06
10.19
9.40
9.74
10.20
9.62
11.01
10.55
9.23
11.32
9.69
10.16
9.39
9.21
8.99
10.31
9.80
10.22
10.68
11.09
9.78
10.24
8.95
10.08
10.53
11.00
9.31
10.17
9.86
9.44
9.97
9.41
9.95
8.63
9.11
9.64
8.97
9.43
9.72
10.16
10.58
9.19
11.22
10.83
9.64
9.95
10.34
8.96
10.68
11.06
9.98
9.53
9.98
10.55
10.09
9.95
10.11
9.67
9.41
11.05
10.39
10.77
9.90
10.33
8.85
11.04
9.93
9.46
9.91
10.43
11.23
9.41
9.98
9.50
9.55
10.05
8.68
9.12
8.96
10.07
9.55
10.09
10.42
10.72
10.23
10.23
9.93
10.25
9.68
10.07
10.51
10.67
11.02
10.11
10.56
9.82
9.28
9.79
9.31
10.12
11.26
10.81
11.26
9.52
10.79
8.53
9.91
10.35
9.75
9.82
11.06
9.78
10.56
9.11
10.14
9.67
8.96
9.50
9.84
10.30
10.60
9.70
9.95
9.54
10.04
10.28
10.66
9.80
10.27
10.65
11.06
10.19
10.58
11.22
9.92
10.38
10.23
10.45
9.92
9.43
10.50
10.94
10.95
8.89
9.92
10.41
11.03
10.41
10.82
10.14
10.86
9.81
9.46
9.98
10.42
9.96
10.40
9.70
8.81
10.20
9.76
10.17
10.27
9.88
9.17
10.59
10.07
9.72
11.28
8.96
9.69
9.40
10.75
8.61
9.03
9.85
10.31
10.89
9.60
9.87
9.83
9.17
9.59
10.13
9.73
9.17
9.59
10.12
9.75
9.17
9.60
10.12
9.75
10.06
10.56
9.64
9.18
11.08
10.54
10.03
9.69
11.19
9.86
10.11
9.44
9.78
10.13
10.08
9.66
9.23
10.59
10.10
10.62
10.87
8.92
9.89
10.34
11.07
9.69
9.29
8.79
8.94
9.54
9.97
10.48
8.80
11.13
11.07
10.41
10.14
10.63
11.13
11.05
9.03
10.24
9.89
9.52
10.98
9.04
10.59
11.31
10.02
9.17
10.19
9.67
10.20
9.67
9.73
10.25
10.83
9.18
10.13
9.86
9.43
10.77
9.40
9.26
8.79
9.82
10.27
9.45
8.93
10.60
9.27
9.76
9.26
9.28
10.37
10.47
10.60
9.13
9.73
10.53
10.29
10.91
11.09
10.99
11.42
10.27
10.36
9.85
10.36
10.90
11.09
10.91
9.63
9.40
10.02
10.39
10.87
9.19
10.89
9.64
10.08
10.35
9.26
9.71
10.77
9.43
10.86
9.86
10.34
9.72
10.07
9.14
9.57
10.00
10.41
10.81
9.83
9.41
10.02
10.46
9.59
9.74
10.29
8.88
10.99
9.83
9.16
9.59
10.57
11.40
10.68
10.88
9.89
10.30
10.42
9.42
9.71
10.04
9.45
9.76
10.22
10.46
9.79
9.53
8.94
10.76
9.85
9.75
10.30
10.16
9.76
10.19
10.17
9.76
10.19
10.61
10.94
9.45
9.41
8.78
9.24
9.01
9.75
9.60
10.13
10.59
9.79
9.88
9.48
10.84
11.21
9.93
10.31
9.10
9.53
9.97
10.41
10.13
9.67
8.95
9.14
9.59
9.84
10.19
8.88
10.03
10.82
10.22
10.60
10.04
10.44
10.67
11.11
10.16
9.36
9.88
10.60
10.51
10.42
10.79
11.02
11.22
11.01
9.42
9.87
9.38
8.67
9.12
10.06
10.53
10.18
10.67
9.57
10.86
11.23
10.97
9.95
10.41
9.66
9.23
9.75
10.20
9.15
9.94
10.43
10.80
9.85
10.33
9.46
9.21
9.43
9.89
9.85
10.29
9.91
9.85
10.29
9.55
8.92
10.76
9.83
9.88
10.15
10.71
10.88
9.74
9.48
9.87
10.21
10.60
9.39
9.64
10.11
11.17
9.98
9.15
9.49
9.97
10.25
10.59
9.44
9.43
9.68
10.17
9.95
9.76
10.95
10.05
9.31
9.70
10.43
9.30
9.43
10.70
9.80
10.27
9.00
9.59
9.20
8.82
9.12
10.01
10.78
9.58
10.23
10.16
9.85
10.03
10.10
10.60
9.27
10.51
9.79
10.24
11.13
9.41
10.40
8.72
10.06
9.66
9.70
9.77
8.97
9.44
10.01
9.81
10.28
10.57
9.42
9.70
10.11
10.41
9.78
10.22
10.41
10.71
11.01
10.31
10.06
10.15
9.42
9.65
9.84
8.84
9.74
10.22
9.38
10.91
10.30
10.37
10.16
11.02
10.72
9.02
10.84
9.47
9.94
10.45
9.20
8.79
9.04
10.14
9.64
10.76
9.42
9.73
10.23
10.98
9.58
9.23
10.57
9.23
9.81
11.27
10.83
9.89
10.31
9.70
10.99
10.55
10.58
10.98
11.22
10.54
10.32
10.21
9.85
9.91
9.35
9.16
9.41
10.69
11.10
9.72
9.39
10.08
9.80
10.23
9.71
9.40
10.08
10.56
11.12
9.74
10.18
8.82
9.72
9.42
9.75
10.48
9.51
9.94
10.36
10.93
10.36
9.93
9.63
9.44
9.80
9.46
9.18
8.94
9.99
9.70
9.74
10.54
9.08
9.67
9.10
8.80
10.18
11.01
10.50
9.17
10.14
9.66
10.05
9.83
10.56
9.94
10.28
9.78
10.67
10.27
9.95
10.21
9.78
9.47
10.66
10.29
9.92
11.32
10.19
9.79
9.49
10.66
10.29
9.96
10.21
9.57
9.41
9.66
9.58
9.08
9.93
10.14
8.32
8.52
9.73
10.61
10.44
10.19
9.39
9.88
9.68
9.55
9.11
8.73
10.48
10.04
9.50
10.10
9.14
9.42
10.95
10.35
10.18
8.53
10.26
10.59
9.13
9.81
11.12
9.81
9.22
10.55
10.10
11.00
10.44
9.92
10.31
9.43
11.13
10.91
10.41
8.94
9.89
9.46
9.43
9.42
9.89
8.92
8.91
9.56
9.40
9.88
8.90
8.91
9.03
9.61
10.12
9.51
9.00
9.77
9.06
10.10
10.85
10.58
10.57
10.54
11.19
10.24
9.94
9.41
9.52
8.92
9.44
9.58
9.94
10.56
10.17
9.60
9.49
8.81
9.27
11.05
9.20
10.53
10.14
9.19
9.65
11.20
9.69
9.71
10.87
10.35
10.12
10.23
10.89
9.86
9.90
9.44
9.21
9.37
10.68
10.27
9.82
10.99
9.67
9.22
9.05
9.76
9.89
9.92
10.11
9.38
9.28
9.10
9.75
10.29
10.63
10.56
9.08
10.00
10.48
10.92
9.60
9.95
9.96
10.39
9.15
9.15
9.77
9.76
10.74
9.87
9.94
10.33
9.22
10.14
9.93
10.57
10.73
10.99
9.87
9.95
10.37
9.35
9.40
10.67
8.81
8.88
9.23
9.47
8.84
10.88
9.71
9.75
9.99
10.35
9.08
9.67
8.97
8.88
10.23
9.94
9.47
9.92
9.42
9.71
9.99
10.28
10.60
11.09
9.99
10.46
11.33
9.90
9.07
10.16
9.54
9.74
8.78
10.23
10.14
10.31
10.56
10.87
9.53
9.18
9.10
9.99
10.15
10.56
9.55
9.20
9.13
9.63
10.07
11.08
9.66
9.27
9.82
10.31
10.55
10.71
10.97
10.31
9.41
9.82
9.98
10.91
9.58
9.93
10.31
10.62
9.82
10.26
9.35
9.93
9.45
9.63
10.78
9.00
8.81
10.25
10.12
10.97
10.35
10.59
10.89
11.24
9.56
9.95
10.41
9.61
9.42
9.58
9.69
9.59
9.22
11.22
9.69
9.23
9.60
9.70
8.74
10.10
9.95
10.57
9.25
9.66
9.91
10.28
10.81
11.06
9.89
10.36
9.41
8.93
9.81
11.03
10.19
9.47
9.55
10.44
9.01
10.47
9.92
10.38
9.07
10.56
10.81
11.20
10.93
10.30
9.69
9.19
9.22
10.64
9.72
10.19
9.63
9.18
9.95
10.41
10.58
9.41
9.89
9.60
9.16
10.44
10.12
10.72
11.22
10.94
9.93
9.41
10.40
8.89
9.83
10.29
10.89
9.10
10.32
10.42
9.51
10.87
10.00
9.73
9.46
9.01
10.21
10.31
10.24
10.67
11.03
9.99
10.21
9.69
10.24
10.58
10.18
9.85
9.27
8.97
9.45
8.65
9.78
10.05
9.61
10.15
10.92
10.51
10.54
9.24
10.16
9.78
11.20
9.10
10.07
10.11
10.56
10.56
9.89
9.41
11.05
10.89
10.50
8.88
10.87
11.13
10.02
10.33
9.90
9.45
11.05
9.97
10.24
10.52
9.93
10.29
10.80
11.22
10.69
10.96
10.38
10.01
9.83
9.67
9.22
10.00
10.31
9.00
10.11
8.82
9.65
10.84
10.28
10.73
11.09
9.36
9.80
10.07
10.54
11.46
10.95
10.00
10.48
10.23
10.67
10.86
11.04
9.79
9.40
10.87
10.86
8.79
10.32
10.25
10.75
10.98
10.24
9.61
10.20
10.75
10.98
9.93
9.50
10.74
10.27
10.55
10.73
9.98
10.27
9.90
10.24
10.53
10.72
10.99
10.02
10.26
10.52
10.71
10.99
10.03
9.00
10.16
9.83
9.49
8.88
9.60
10.60
11.19
10.86
10.41
9.98
9.56
10.05
9.99
9.56
10.05
10.08
11.14
9.15
9.51
10.00
9.78
9.00
10.08
10.54
10.15
10.21
9.75
9.42
10.25
10.21
8.52
10.94
9.37
8.92
8.96
9.96
10.94
11.15
9.57
10.06
10.54
10.71
9.57
10.35
10.02
9.55
8.95
9.53
10.03
10.54
9.61
10.12
8.96
9.68
10.55
10.15
9.42
11.02
9.10
8.64
10.60
8.92
10.58
10.10
9.15
9.47
9.96
10.41
11.32
9.48
10.85
9.54
10.01
8.99
10.30
9.66
11.54
11.32
11.08
9.61
9.07
10.40
10.10
9.77
10.30
9.74
9.69
10.93
10.22
10.72
9.68
10.60
10.26
11.17
10.37
9.60
11.08
10.47
10.06
10.63
9.42
8.71
11.19
10.55
10.99
10.27
9.79
9.12
10.06
10.81
9.86
10.00
10.35
9.83
11.05
9.47
8.98
10.26
9.56
9.83
10.31
9.90
10.87
10.32
10.73
9.41
8.94
9.09
10.17
8.94
9.67
10.82
9.93
10.59
10.10
11.28
10.93
10.63
11.25
10.90
9.15
10.40
11.05
9.70
9.57
10.02
9.11
9.19
10.48
10.00
10.43
9.26
10.33
9.17
9.86
9.30
9.87
10.30
10.98
9.17
10.90
10.03
10.35
9.65
9.95
10.40
10.42
10.83
11.01
10.85
9.22
10.27
9.67
9.96
10.80
9.72
10.16
9.96
9.73
10.16
9.90
9.73
10.16
10.08
10.58
11.35
9.69
9.26
10.92
10.39
9.74
10.10
10.92
9.09
10.10
10.14
10.10
9.84
9.41
8.79
10.72
10.13
10.20
10.09
10.52
10.81
9.43
8.91
10.17
8.94
10.87
10.08
10.49
10.03
10.57
9.44
9.23
10.83
11.17
9.55
9.91
10.34
9.02
9.63
10.14
10.53
9.09
9.64
10.70
9.94
11.03
10.12
10.54
10.91
11.08
11.23
10.50
10.17
9.13
10.93
10.02
9.87
9.53
9.69
10.05
10.41
9.11
10.91
11.22
9.97
9.78
9.95
10.26
9.42
9.92
8.94
10.59
11.43
10.92
9.48
8.77
9.68
10.15
10.45
9.48
9.24
9.02
9.96
9.64
10.24
9.95
9.93
10.72
9.61
9.24
10.11
9.75
10.24
10.56
10.89
10.10
10.56
9.34
9.87
9.39
11.17
9.43
10.73
10.74
8.68
9.84
10.27
10.62
10.91
9.13
9.71
8.98
9.35
9.69
10.12
10.58
8.97
9.34
9.85
11.03
9.89
9.40
10.09
10.56
11.18
9.10
8.73
10.07
9.01
9.49
9.95
9.74
9.01
10.01
10.54
10.82
9.42
10.29
9.16
8.93
11.02
9.65
10.13
9.06
10.18
10.58
10.13
11.33
10.88
9.59
8.89
9.84
10.33
11.10
9.42
9.90
9.40
10.28
10.60
8.79
10.95
11.18
9.95
10.17
10.45
9.63
10.11
10.59
11.13
9.83
10.29
9.15
9.43
9.20
8.91
10.49
10.58
9.81
10.13
10.69
11.01
9.60
9.98
10.42
10.90
11.05
10.43
9.36
8.99
9.91
9.53
8.89
9.51
10.01
10.16
9.86
9.51
10.38
10.78
9.16
9.72
9.01
10.76
9.48
9.77
10.23
9.84
10.68
10.58
9.29
10.23
9.75
10.75
9.90
9.45
9.11
9.77
10.20
10.93
10.36
9.86
11.06
9.44
10.12
10.34
8.82
9.84
9.49
9.10
9.46
9.80
10.24
9.89
9.57
9.20
8.97
9.58
10.13
10.84
10.63
10.21
10.60
10.02
10.51
10.18
11.14
9.06
10.06
10.48
10.10
9.60
9.61
9.85
10.57
10.32
10.01
9.60
10.42
11.04
10.81
9.85
10.38
10.07
9.71
10.95
9.80
9.08
10.03
10.44
11.17
10.49
10.15
9.78
9.40
10.32
10.62
9.90
8.86
9.54
10.85
9.88
10.37
11.03
9.41
9.63
10.06
10.01
9.67
10.39
8.67
9.68
9.63
9.18
8.96
9.53
9.93
10.29
9.74
9.81
10.81
10.20
10.72
10.92
9.08
9.58
8.91
9.38
9.15
9.68
10.18
10.94
10.58
9.97
10.33
9.75
10.12
11.05
10.56
10.19
9.76
10.12
10.55
9.21
11.18
10.18
9.79
9.79
10.54
11.39
9.64
9.99
10.41
10.87
10.46
10.26
11.42
9.42
11.41
10.31
9.99
9.01
9.57
9.14
10.06
9.73
9.46
10.13
10.98
10.51
10.35
9.07
8.54
9.63
8.69
10.52
10.07
9.86
9.34
10.21
9.06
8.55
8.70
9.40
11.16
9.52
8.55
9.14
9.68
10.57
10.50
11.52
11.04
10.62
10.08
10.89
8.80
8.53
9.26
8.86
10.02
10.36
9.42
10.99
9.86
9.02
9.49
10.28
9.89
9.97
10.50
10.91
10.18
9.98
10.49
10.90
10.08
9.74
9.40
10.06
10.54
10.75
11.10
9.70
10.20
10.58
8.73
11.21
9.95
9.55
10.01
10.13
10.51
10.79
10.56
9.83
10.25
9.68
9.20
10.02
10.50
9.88
10.26
9.78
9.25
10.02
9.39
11.06
10.46
10.69
10.61
9.79
10.25
10.87
9.99
10.48
9.10
9.10
10.34
9.88
10.82
9.61
9.73
9.88
10.34
10.04
10.94
10.76
9.12
9.92
10.36
9.48
10.10
10.95
9.18
9.11
9.70
9.24
9.64
9.26
9.71
10.16
10.68
10.83
10.19
10.58
10.02
10.52
11.21
10.19
9.95
9.60
9.30
10.02
10.60
10.30
9.98
10.53
10.85
11.13
10.34
9.83
11.12
10.02
10.31
9.43
10.53
9.19
8.84
10.34
10.32
10.89
10.31
9.71
10.37
10.84
11.02
9.49
9.91
10.36
8.89
8.90
9.54
8.69
9.63
10.90
9.50
9.86
9.87
10.31
9.59
10.12
10.54
10.79
9.91
10.25
10.59
10.97
10.36
11.49
11.47
11.13
9.30
9.84
9.93
9.17
9.54
9.93
9.93
9.45
8.86
10.84
9.99
10.40
10.73
11.09
9.94
9.87
9.46
9.85
10.17
8.93
10.59
10.34
10.75
11.14
10.23
10.77
11.14
11.20
9.75
9.46
9.84
10.30
10.57
9.68
9.42
10.14
9.76
10.20
9.68
9.42
10.13
10.56
10.97
11.05
9.79
10.30
9.74
10.87
10.90
10.30
10.77
10.84
9.12
9.92
10.38
9.67
9.88
9.41
9.83
9.95
9.85
10.30
10.16
10.58
9.84
10.31
10.23
11.09
9.88
9.90
9.43
9.85
10.28
10.59
9.53
10.01
10.49
10.74
11.03
9.91
10.37
9.57
9.16
10.97
10.47
9.77
8.99
10.37
10.91
11.14
10.01
9.78
10.21
10.79
9.87
9.53
8.80
9.40
9.18
9.86
10.26
9.69
9.39
9.86
10.26
8.80
10.28
9.70
8.80
11.10
10.74
10.10
9.44
10.33
8.59
10.61
9.49
9.03
8.94
10.04
10.57
8.95
11.42
9.49
10.95
10.19
10.37
9.17
9.07
9.97
9.65
9.97
9.20
10.98
10.60
9.65
9.21
11.28
9.69
9.18
10.05
10.01
10.26
9.78
9.95
9.59
9.90
10.35
9.91
9.61
9.36
9.92
10.35
9.95
9.42
9.74
9.50
9.13
8.53
9.01
9.53
10.02
10.43
9.21
8.72
8.98
10.23
10.57
9.58
10.01
9.84
9.52
11.03
9.88
10.11
10.54
9.52
10.00
10.45
9.17
10.67
10.88
9.77
10.31
9.12
9.52
8.93
9.80
10.26
10.76
10.26
11.07
10.78
9.81
9.41
8.68
9.77
10.16
9.95
9.56
10.54
11.40
10.89
9.20
10.41
10.98
9.72
10.16
9.07
10.01
9.78
9.93
10.25
9.34
9.42
10.77
9.16
8.75
10.09
10.57
10.09
8.92
11.10
9.49
8.81
10.14
9.28
9.01
11.31
11.08
10.89
10.52
9.70
10.08
10.49
9.43
9.70
8.99
8.92
10.14
10.26
9.42
8.60
9.07
10.03
10.84
9.67
10.14
10.31
10.08
10.99
10.59
9.32
10.21
9.86
9.78
9.35
9.40
8.93
8.81
9.73
10.15
8.99
10.80
9.46
10.58
9.88
10.01
10.04
10.54
10.08
9.67
9.42
10.80
10.43
9.57
9.02
9.99
10.49
10.96
11.37
10.15
9.73
9.57
9.04
9.98
10.16
9.73
9.04
11.24
8.88
9.89
9.76
9.51
9.60
9.21
9.85
9.76
9.57
9.19
9.81
8.72
9.79
9.56
9.54
9.16
9.66
10.82
9.02
10.37
9.91
11.05
9.54
9.70
10.12
10.47
11.03
10.14
10.60
11.10
9.62
8.87
9.66
9.30
9.79
10.17
10.59
10.22
9.41
11.20
8.60
9.04
10.21
10.86
9.98
9.60
9.05
9.58
9.93
10.58
10.25
9.49
8.99
9.05
10.02
11.31
10.48
10.99
9.81
10.03
10.07
10.50
9.93
9.63
9.23
10.06
10.46
9.86
10.38
10.44
9.43
8.88
10.75
10.96
10.02
9.49
10.34
10.68
10.97
10.26
8.91
9.04
10.19
10.02
10.51
10.91
10.16
9.65
10.60
9.04
11.27
9.13
10.83
9.67
10.30
9.99
9.03
9.14
10.44
10.81
9.51
10.93
9.96
9.09
9.57
9.97
9.24
9.68
9.99
9.14
10.26
9.58
10.02
8.96
10.43
10.08
10.65
9.81
10.24
9.43
9.90
10.35
9.76
10.20
9.18
10.18
10.87
10.43
9.66
8.90
9.24
10.06
10.34
10.55
10.34
10.83
9.24
9.93
10.28
10.36
10.80
11.07
9.95
10.33
9.78
9.46
11.02
9.93
9.79
9.41
8.67
10.13
10.51
9.14
9.67
9.47
9.84
9.56
10.00
10.92
9.95
10.40
10.92
10.84
9.88
9.42
9.97
10.36
8.90
9.97
9.51
10.00
10.78
10.15
10.79
10.16
8.93
9.06
9.91
10.10
9.58
9.34
9.05
10.10
10.57
9.11
10.60
10.96
11.06
10.43
10.48
9.62
9.99
9.06
10.81
10.95
10.31
10.34
9.79
10.24
9.40
9.11
9.84
9.95
9.45
10.89
8.77
10.39
9.83
10.19
11.06
9.62
10.17
10.63
9.94
10.24
9.67
10.17
10.01
9.60
9.41
9.18
9.56
10.14
8.97
10.58
9.98
9.58
10.01
9.49
10.01
8.71
11.13
9.18
9.05
9.99
9.62
10.14
10.49
11.01
10.97
10.38
10.92
9.21
10.88
9.65
9.82
10.32
9.35
10.99
10.64
9.84
10.22
10.58
9.53
9.41
11.33
9.27
8.85
8.58
9.09
10.88
9.68
8.86
9.28
10.36
11.01
9.20
10.53
9.75
10.25
10.73
9.51
9.81
10.18
9.70
10.13
10.39
10.86
10.10
9.73
10.14
10.56
9.84
10.23
10.57
10.98
11.09
10.48
11.36
9.79
9.42
10.21
8.90
10.29
10.25
10.34
10.75
10.22
9.93
10.35
10.74
9.43
9.94
9.66
10.19
9.62
10.07
10.39
10.73
10.77
9.94
9.55
9.22
8.76
8.97
10.19
9.54
9.85
10.00
10.04
10.48
10.58
9.97
10.47
10.89
9.57
10.97
9.59
9.91
10.42
9.07
9.61
9.24
8.93
10.81
9.13
10.84
9.98
10.28
9.70
9.99
8.95
9.40
10.76
9.10
8.69
9.72
10.12
10.25
9.70
9.30
8.89
10.98
10.55
10.14
9.85
9.41
9.08
8.89
9.45
9.31
9.94
9.04
10.13
10.83
9.62
10.60
9.08
8.74
9.99
9.96
9.20
11.11
9.71
10.19
10.00
10.38
9.93
10.52
9.29
9.44
8.90
10.29
9.83
9.12
9.58
8.67
8.92
9.58
10.43
10.95
9.86
10.39
11.18
10.78
10.84
9.77
10.28
9.76
9.21
10.57
9.72
10.16
9.02
9.48
9.43
9.89
9.78
10.32
9.96
9.80
10.32
9.95
9.82
10.31
8.82
9.74
10.22
10.89
9.49
9.15
10.59
9.88
10.23
9.59
9.19
10.47
10.89
10.06
9.85
10.18
9.47
10.51
10.87
11.10
10.50
10.90
10.33
11.09
10.55
9.80
10.24
9.61
9.10
10.00
9.77
10.19
8.89
11.01
10.33
9.54
9.98
9.95
9.80
9.27
9.00
8.60
9.47
8.79
9.80
9.10
10.94
9.57
10.08
9.79
10.45
11.17
9.70
8.99
9.82
10.00
10.27
10.68
9.93
10.24
9.75
9.93
10.95
10.57
10.22
10.29
9.99
11.02
10.52
9.45
10.25
10.02
10.99
10.48
10.26
9.79
10.01
10.85
11.01
10.51
11.17
8.86
9.88
9.47
8.76
9.77
9.30
10.59
10.11
8.99
8.75
9.75
9.96
9.48
11.08
9.96
8.98
9.60
10.53
10.21
9.98
9.55
9.49
9.99
9.11
8.78
10.02
9.55
9.52
9.16
8.81
9.99
10.39
11.15
9.12
10.09
9.68
10.14
10.84
10.25
9.83
11.00
10.69
9.90
9.41
10.70
9.80
10.19
10.93
8.73
10.00
10.20
10.85
10.50
9.86
10.06
10.47
10.08
10.59
9.45
10.01
11.11
9.80
9.57
9.18
8.90
9.82
9.60
9.21
8.73
8.93
9.54
9.63
9.62
8.76
9.73
10.04
9.63
9.26
9.01
10.18
10.61
10.58
10.47
9.05
9.39
9.05
11.46
10.94
9.96
10.36
9.55
9.08
10.43
9.10
10.96
9.63
10.09
9.86
10.32
10.55
9.31
9.73
10.19
10.65
10.86
10.97
9.13
10.01
10.50
9.61
9.86
10.29
11.00
9.56
10.45
9.23
10.87
10.90
9.77
10.02
10.39
9.43
9.75
9.70
10.07
9.85
10.25
9.16
9.69
9.33
10.66
10.59
11.05
9.73
10.16
11.06
10.24
10.53
10.15
9.32
9.76
10.11
10.42
9.22
10.58
10.80
10.99
10.31
9.43
10.56
8.85
10.97
9.74
9.19
9.48
9.97
10.42
10.78
10.90
9.47
9.85
8.83
8.83
9.71
10.20
9.78
10.29
8.95
9.47
9.68
10.14
10.53
10.61
9.80
10.23
10.53
9.25
9.69
8.93
9.74
10.18
10.76
10.58
9.77
10.19
9.28
9.66
10.12
10.62
10.25
9.41
9.82
11.01
9.00
10.10
10.52
10.93
11.18
10.46
10.03
10.48
10.94
11.18
9.56
10.94
10.03
9.81
10.32
9.16
10.94
11.20
9.21
10.47
10.20
9.75
9.38
10.21
10.70
9.85
10.15
10.58
11.01
9.55
9.40
8.65
8.68
10.41
10.42
10.53
10.85
11.23
10.93
10.10
9.68
10.33
10.04
9.19
9.80
8.94
10.29
9.37
10.73
9.82
10.27
10.74
11.04
10.02
10.05
9.68
9.41
10.08
9.40
9.84
10.27
10.45
9.73
9.43
9.86
10.58
9.19
8.78
9.18
8.78
11.38
9.68
10.06
10.93
10.35
10.30
10.28
10.77
11.10
9.62
10.07
9.40
10.18
9.37
9.80
10.31
9.71
10.16
9.38
9.81
10.31
9.14
8.90
10.63
9.59
10.12
8.94
9.74
9.55
10.17
10.46
10.60
9.22
9.64
10.08
11.12
11.50
10.60
11.22
10.87
10.10
10.34
10.12
10.53
11.18
10.12
10.18
9.11
10.55
10.94
11.05
9.64
10.02
9.91
10.21
10.47
10.25
9.20
9.92
10.51
9.20
10.24
9.88
10.37
9.99
9.46
9.05
8.66
10.89
10.32
8.96
10.33
11.19
10.81
9.97
10.80
9.48
8.76
10.23
10.23
9.76
10.11
10.57
10.56
11.12
10.86
11.01
10.41
10.90
11.12
9.82
10.09
9.04
9.42
10.34
8.71
9.14
9.89
9.67
10.22
11.10
9.48
9.03
10.73
9.83
10.58
10.11
10.70
10.25
11.36
10.87
10.32
11.08
10.62
10.79
9.85
10.30
9.47
8.87
9.99
10.04
9.76
9.42
10.71
8.77
10.72
8.78
9.61
10.06
9.28
8.98
9.63
10.16
10.94
9.62
10.59
9.95
10.36
9.66
9.99
11.01
10.47
9.05
9.94
10.31
10.02
10.99
10.49
9.74
11.15
10.14
9.58
9.75
9.61
10.51
11.02
10.79
9.88
10.36
9.00
10.74
9.74
9.61
9.41
10.85
9.84
9.37
8.97
8.50
9.15
8.72
10.32
9.20
11.12
9.72
9.71
10.16
9.79
9.37
9.01
9.72
9.81
9.41
9.03
9.95
9.40
9.56
9.88
10.60
10.35
9.98
9.54
9.28
8.89
9.70
10.17
8.87
9.99
9.58
11.34
10.99
10.49
9.82
10.84
10.30
11.02
9.75
9.47
8.82
9.64
9.71
10.21
10.83
10.57
9.14
9.65
9.81
10.22
9.72
9.48
9.04
11.13
10.66
10.45
10.08
10.09
9.74
10.51
9.08
11.16
10.08
10.56
10.38
9.08
11.14
10.83
11.19
10.15
10.48
10.98
10.37
10.40
10.72
11.10
10.19
10.42
10.72
11.10
10.19
10.41
9.88
10.99
10.72
11.10
10.20
9.93
9.42
9.86
9.02
8.57
9.34
10.36
9.70
8.74
9.19
10.02
10.93
10.69
11.12
10.50
10.85
8.87
9.87
10.33
9.46
10.81
8.75
10.26
9.79
9.36
9.67
9.18
8.78
9.05
10.74
10.35
9.62
10.12
10.80
10.58
10.67
10.21
10.85
11.29
11.13
10.85
11.29
10.36
10.46
9.12
11.29
10.13
10.37
9.68
8.98
10.35
9.70
10.17
9.08
9.44
9.88
9.78
9.09
9.45
9.88
10.09
9.95
9.43
9.16
8.79
10.75
10.44
9.54
10.07
9.86
10.44
10.32
9.71
10.38
11.08
9.08
9.08
10.43
10.00
9.44
9.20
9.37
9.98
9.98
10.88
9.61
9.52
9.21
10.02
9.95
9.96
10.41
10.94
9.19
10.84
9.67
9.75
10.21
9.90
10.34
11.00
10.18
10.19
10.58
9.86
9.21
10.15
10.22
9.69
9.96
9.69
10.60
10.05
10.40
10.99
9.64
10.11
10.53
11.00
11.45
11.43
10.90
10.37
10.97
10.20
9.72
10.20
9.95
9.74
9.43
10.77
9.94
9.48
9.77
9.93
9.50
9.33
8.80
10.18
9.75
10.29
10.51
10.86
10.12
10.56
11.16
10.18
9.77
9.41
9.25
10.19
9.95
10.13
8.94
10.21
10.77
9.87
10.16
10.56
10.67
9.44
9.37
9.80
8.95
9.40
8.68
9.93
10.99
8.95
10.40
11.13
9.90
10.66
9.47
10.80
10.22
9.19
9.06
9.64
10.02
10.42
10.60
10.61
11.07
11.56
11.36
10.86
10.26
11.07
10.64
9.36
9.77
10.22
9.46
9.40
9.49
9.91
9.03
8.60
9.53
10.07
10.00
9.03
9.64
9.07
10.13
10.41
10.84
10.02
10.40
9.14
9.70
11.07
9.25
9.17
10.11
9.70
9.37
10.65
11.08
11.03
10.48
10.17
10.19
10.99
9.18
10.83
10.03
9.76
9.61
10.30
10.15
9.76
10.12
10.40
10.83
10.14
9.24
10.80
9.86
9.75
9.22
9.56
10.09
9.14
10.59
10.02
10.57
11.00
10.14
10.50
11.06
10.93
11.32
9.40
9.77
8.72
9.19
10.07
10.50
10.55
8.81
8.81
10.09
10.43
9.30
10.02
9.43
8.88
10.77
10.84
9.84
8.99
10.24
10.34
9.61
10.06
8.97
10.10
11.05
10.75
9.43
10.58
10.24
10.14
10.64
8.64
9.04
10.26
10.21
9.59
10.04
10.95
8.99
9.81
10.39
10.01
10.53
9.81
10.30
10.86
11.05
10.06
10.35
9.93
10.77
9.79
9.52
10.00
10.36
9.27
10.26
10.76
10.95
9.42
9.90
9.34
8.76
9.13
8.97
9.66
10.11
9.64
10.09
10.07
10.58
8.80
9.19
9.19
9.13
11.17
9.65
10.06
9.59
10.18
10.57
10.47
9.77
10.21
9.12
10.99
9.93
10.43
9.88
10.33
9.42
11.08
10.92
9.39
9.72
10.35
10.73
10.11
10.91
8.89
9.47
9.95
10.41
9.09
9.35
8.91
9.61
9.19
10.05
10.05
9.80
10.14
10.92
9.46
9.43
9.93
10.14
9.66
9.13
8.67
10.39
8.99
10.56
9.99
9.88
9.66
10.26
10.57
11.05
9.57
10.19
11.01
10.59
11.39
9.23
9.07
10.12
9.65
10.33
10.59
11.02
9.14
10.07
9.66
8.94
9.79
10.55
10.08
10.59
10.29
10.80
11.30
11.52
10.34
10.31
10.81
11.30
11.78
11.50
10.35
10.34
10.81
11.28
11.48
10.90
10.31
10.01
9.81
9.40
9.89
10.64
8.79
10.23
9.79
9.53
9.13
9.41
9.90
10.12
10.16
10.94
10.59
9.84
8.92
10.58
10.12
9.78
9.34
9.20
9.45
8.74
8.75
9.99
9.77
11.19
9.74
9.34
10.05
10.58
9.14
9.69
10.22
8.92
10.18
10.33
10.95
9.51
9.90
10.41
11.19
9.89
10.18
9.69
9.40
10.40
8.93
8.48
8.73
9.55
9.94
10.15
9.78
9.57
10.74
10.75
9.89
10.17
9.43
9.16
8.90
9.64
10.15
10.21
10.35
8.98
10.58
9.50
10.05
9.60
10.11
10.27
10.05
9.73
9.24
8.83
10.26
9.02
11.28
9.98
9.51
10.82
10.25
10.23
10.82
9.87
9.45
9.96
9.15
10.15
9.65
8.92
9.97
10.60
9.62
10.11
11.07
10.56
10.08
9.55
9.55
11.14
9.18
9.72
9.06
10.96
9.91
10.38
11.00
9.94
9.98
9.40
9.17
9.40
10.74
9.89
10.37
9.21
9.85
10.33
10.84
10.26
9.09
10.79
10.30
10.59
10.91
9.54
9.99
10.77
9.14
10.26
9.61
10.00
10.09
10.13
10.04
10.52
10.89
10.11
10.43
10.07
11.16
10.74
9.49
9.81
10.26
10.72
9.77
9.05
9.43
9.84
10.12
9.82
9.46
10.55
10.57
10.16
10.68
9.92
9.42
11.05
11.05
9.89
8.83
10.50
9.25
10.59
10.97
10.98
9.82
10.54
10.95
10.97
10.31
9.54
9.48
10.00
10.34
10.46
10.84
10.89
10.28
9.98
9.91
10.37
8.93
9.32
10.17
10.80
10.30
9.90
9.81
9.40
8.69
10.08
9.11
10.26
9.70
9.39
9.75
9.65
10.11
10.92
10.57
11.25
9.27
10.12
10.51
9.71
10.07
9.81
10.23
10.05
10.50
10.99
10.12
10.59
9.88
11.20
10.89
9.43
9.15
9.84
9.44
9.90
10.46
11.22
11.22
8.84
10.84
9.56
10.59
9.93
10.80
11.12
9.65
9.41
10.32
10.65
11.09
9.45
10.05
10.55
11.30
10.87
10.99
9.04
9.93
10.43
9.90
9.61
9.52
10.17
9.12
8.83
9.47
9.12
8.82
9.47
9.10
10.43
9.72
9.94
9.74
10.13
10.39
9.85
9.24
9.61
10.12
10.37
10.81
9.79
10.29
10.20
9.35
9.43
9.82
10.21
9.00
10.65
9.76
10.59
9.57
9.78
10.13
10.98
9.39
10.36
10.26
10.33
10.71
11.08
10.85
10.23
10.29
9.25
10.60
9.75
10.18
9.74
9.40
9.76
9.24
8.84
9.71
9.81
9.29
9.25
8.87
8.54
8.92
9.62
9.51
9.27
9.28
9.28
8.99
9.54
9.83
10.50
9.70
9.33
9.03
10.02
9.12
10.12
9.64
10.59
11.18
10.54
9.86
9.07
11.09
9.85
9.98
10.49
10.12
10.58
9.86
10.22
9.42
10.47
8.94
9.61
10.84
9.50
9.20
8.80
9.91
10.36
10.40
10.59
11.04
10.78
9.07
9.60
10.35
8.82
11.03
10.77
10.26
11.04
10.77
9.86
10.30
10.59
9.61
10.11
10.59
11.40
10.92
10.65
9.92
10.35
10.58
9.69
10.78
9.40
10.13
9.75
9.28
9.16
8.71
9.70
8.71
10.25
9.70
10.55
10.98
9.36
10.16
9.93
9.50
9.42
10.24
10.59
9.32
9.04
8.92
9.51
10.66
9.38
11.09
9.17
9.00
9.56
10.04
10.56
10.45
10.58
10.39
10.97
10.55
10.87
10.39
10.56
9.03
10.79
9.51
9.83
9.88
9.36
9.18
9.83
10.28
10.46
10.86
9.90
9.85
10.43
10.79
10.85
9.77
10.31
9.09
10.75
9.59
8.86
9.34
9.16
9.68
10.13
10.59
10.99
9.75
10.41
11.06
9.22
10.21
9.92
10.39
9.80
9.91
9.86
10.35
9.41
9.07
9.80
10.28
10.00
9.40
9.68
9.10
10.20
9.79
8.96
8.55
9.49
10.26
10.88
10.61
9.21
8.82
10.15
9.70
10.87
10.49
8.84
10.07
10.56
10.02
9.44
9.72
11.16
8.71
9.58
10.02
9.28
8.96
9.69
9.53
10.08
10.33
10.75
10.00
10.50
11.27
9.97
9.08
9.68
9.15
8.90
10.99
9.96
10.46
10.34
11.11
10.35
9.15
9.69
10.05
10.35
10.95
10.80
10.30
10.45
10.95
10.22
10.96
10.59
10.19
10.00
9.50
9.99
11.27
9.85
10.77
9.05
9.40
10.15
10.87
10.42
10.16
9.72
9.23
8.56
8.77
9.00
10.59
10.25
9.90
10.90
10.57
9.56
9.43
11.28
10.92
10.07
8.90
10.55
10.47
9.99
10.35
9.47
8.55
11.28
10.88
10.95
10.08
9.56
10.58
10.01
9.50
11.07
11.29
10.44
10.95
9.08
8.87
9.98
10.46
8.90
9.44
10.99
11.27
10.88
10.35
11.29
10.83
10.91
10.31
8.96
10.17
9.78
9.90
9.58
8.81
10.11
11.00
10.61
10.12
10.58
10.35
11.29
9.41
10.78
10.80
9.02
8.58
10.30
10.04
9.57
8.93
10.90
10.92
9.17
9.87
9.72
9.75
9.37
9.08
9.20
10.18
10.64
9.10
9.99
10.66
9.59
10.67
9.13
10.27
9.94
9.56
10.69
9.88
10.21
9.68
10.14
10.03
9.11
9.70
9.25
10.07
9.71
9.71
10.19
10.05
9.74
10.15
10.50
10.86
10.05
10.55
9.26
10.14
9.79
9.84
11.12
9.02
9.36
10.19
10.70
11.11
11.11
9.88
10.18
10.65
10.53
9.88
10.86
10.33
10.08
10.62
9.88
10.85
10.33
11.07
10.08
9.44
11.00
9.21
8.91
9.30
9.74
9.16
8.70
9.60
10.40
8.93
10.90
10.91
9.49
9.99
10.31
10.61
10.84
9.86
10.30
9.11
10.19
9.69
9.90
9.48
9.92
10.12
10.79
9.41
9.83
8.91
8.99
9.46
9.90
10.59
11.53
11.01
11.17
10.06
10.57
10.14
9.81
9.41
8.70
11.12
10.81
9.98
10.33
11.10
9.71
9.30
9.87
9.80
10.29
10.56
9.85
9.36
9.62
10.11
10.53
9.85
11.00
9.63
10.12
10.54
10.83
9.89
10.34
9.54
9.41
9.19
9.16
9.01
10.98
9.68
9.29
10.03
10.48
9.79
9.32
9.66
10.12
11.19
10.83
9.09
10.86
9.57
10.00
10.41
9.16
9.82
10.64
9.71
9.85
10.26
9.04
10.34
9.42
9.10
8.74
10.19
9.57
8.75
9.98
10.14
9.93
10.09
10.25
10.59
11.30
10.62
9.82
9.36
9.21
10.17
9.46
9.81
9.56
9.43
9.99
9.84
9.45
9.97
9.87
9.92
8.98
9.47
9.60
8.85
9.80
10.19
10.84
10.58
11.11
10.78
9.12
10.35
10.30
9.65
10.15
11.07
9.33
10.22
10.57
9.70
9.32
9.21
9.69
9.35
9.87
10.37
10.98
10.80
9.75
10.41
10.77
10.86
9.47
9.86
10.34
9.78
10.14
10.37
9.92
10.73
9.86
9.41
9.04
9.54
10.23
10.76
9.88
9.63
8.76
10.06
9.25
10.59
10.17
9.76
10.89
9.61
9.89
10.28
11.06
10.61
10.28
9.81
9.59
9.14
9.45
9.61
9.15
8.85
10.00
9.62
10.18
10.22
8.94
10.63
10.87
9.92
8.72
9.55
10.09
10.59
9.52
11.16
10.52
10.07
9.88
10.36
10.57
9.58
10.02
9.40
9.77
10.24
11.32
9.58
10.03
10.44
11.04
10.84
9.88
9.61
10.04
9.42
10.44
10.84
9.84
10.41
9.69
10.08
9.89
9.28
8.99
9.45
10.15
8.63
9.79
9.73
10.85
10.31
10.62
9.25
9.75
10.24
9.55
9.48
9.15
9.94
10.33
9.91
9.49
9.16
9.93
10.32
9.95
9.42
10.59
10.06
9.35
8.91
9.70
8.91
10.01
11.23
10.25
9.90
10.54
10.98
10.12
10.17
10.53
10.06
9.47
10.59
10.15
8.98
11.13
10.83
9.47
9.91
9.98
10.45
8.90
11.09
10.01
10.48
9.11
10.03
10.96
10.80
9.45
8.98
9.12
9.73
10.02
10.37
10.76
9.02
9.72
10.78
10.15
10.26
10.65
9.88
9.22
9.40
10.11
9.82
9.83
9.47
9.94
9.85
10.59
8.91
10.44
10.06
10.05
9.79
10.63
11.11
11.02
9.51
10.89
11.36
10.36
9.99
9.08
9.06
9.68
10.86
9.35
9.76
10.06
10.57
10.71
10.58
11.06
11.35
9.80
11.07
9.22
10.13
9.65
10.53
9.34
8.90
10.82
11.27
11.37
9.19
10.98
10.66
9.78
10.32
9.70
10.91
9.88
10.33
11.09
9.67
9.97
9.44
8.85
9.59
9.44
9.98
10.53
9.80
10.51
10.16
8.77
10.60
9.57
11.22
9.71
10.20
10.11
10.86
10.57
9.15
9.14
9.84
9.68
11.09
10.30
9.87
9.52
9.12
10.72
10.37
10.13
9.79
10.48
11.21
10.57
9.40
10.08
9.80
9.26
8.79
10.79
11.07
10.58
11.10
9.40
9.93
10.49
10.63
9.20
10.05
10.59
11.06
11.47
10.55
9.69
10.61
11.00
10.97
9.25
10.03
10.48
11.01
10.34
9.70
10.90
10.00
9.51
9.96
10.38
9.88
9.53
10.30
10.94
9.80
10.78
9.56
9.42
9.60
9.98
10.38
10.34
9.17
8.86
9.46
10.30
10.74
11.01
9.70
10.78
8.88
9.55
9.94
10.27
9.46
9.57
9.32
10.60
11.36
10.88
9.70
9.96
10.40
9.11
10.00
9.68
10.05
9.00
8.80
9.84
10.87
9.89
9.44
10.41
10.03
11.09
8.91
9.89
10.62
9.45
10.10
10.12
9.80
9.74
9.31
9.93
10.38
10.58
9.70
9.28
10.31
10.78
10.86
11.26
9.10
9.94
10.37
10.72
9.66
9.39
10.20
9.75
10.03
10.50
10.56
9.88
9.45
10.35
10.83
11.06
11.00
10.05
9.97
10.43
9.44
9.85
10.33
10.34
10.74
11.08
10.90
10.32
10.62
10.24
9.73
9.42
9.06
9.66
8.96
8.67
10.76
10.25
10.25
10.70
10.97
9.55
9.86
9.13
8.78
9.79
9.37
10.12
10.12
10.55
9.29
11.30
9.78
10.02
9.54
9.95
10.78
10.07
10.15
10.59
9.86
9.41
8.92
10.06
9.94
10.34
10.86
11.26
9.49
9.86
10.35
9.62
10.10
9.16
9.70
8.91
9.18
10.07
10.59
9.27
9.73
10.19
11.17
9.95
9.44
10.45
9.75
10.25
9.42
9.89
9.44
9.62
10.24
10.85
8.68
10.37
10.07
9.63
9.70
8.96
9.49
9.95
10.58
9.78
10.24
9.44
9.80
9.87
10.37
10.88
9.75
9.94
10.25
9.83
10.33
10.03
11.01
10.38
9.91
10.74
11.18
10.87
9.41
9.81
9.79
10.33
9.78
9.98
10.27
8.97
9.84
9.70
9.56
9.64
8.79
9.30
9.70
9.27
9.83
10.19
10.88
10.16
9.43
10.60
8.97
10.78
11.20
10.34
9.88
9.43
10.66
10.66
9.49
9.08
8.88
9.87
9.07
10.09
10.28
10.57
9.61
9.83
10.41
10.71
11.18
9.99
10.91
11.09
10.40
10.22
10.44
9.37
8.99
10.00
10.48
10.87
9.97
9.54
8.72
10.30
9.19
9.61
10.06
8.97
10.44
10.82
10.26
10.84
9.95
9.98
10.14
10.56
10.43
10.40
9.85
10.14
9.97
11.01
9.45
10.45
8.91
10.73
11.14
10.92
9.92
9.95
11.13
9.67
9.30
8.79
8.96
10.89
9.98
10.61
10.29
9.48
9.93
10.37
8.80
9.13
9.75
10.24
9.69
10.20
9.32
8.99
10.90
10.64
9.77
10.59
10.06
11.12
10.49
10.97
11.33
9.75
10.20
10.61
9.13
11.28
9.90
10.07
9.41
8.93
9.55
9.96
10.60
9.73
9.23
9.45
8.97
8.57
9.89
11.54
8.77
9.26
9.03
9.68
11.04
10.44
9.94
9.13
9.66
11.12
10.30
10.10
9.78
10.82
9.02
9.23
10.26
10.13
9.67
9.35
9.96
10.82
10.47
10.15
10.57
9.92
9.12
9.48
9.93
9.40
11.16
9.84
8.79
9.95
10.50
10.10
9.96
9.93
10.10
9.58
9.26
9.89
9.46
10.92
10.08
10.25
10.32
8.97
9.85
9.57
10.12
10.00
10.47
10.94
8.98
10.53
11.30
10.81
10.29
10.09
10.89
9.94
9.90
9.43
8.72
10.11
10.65
10.22
10.05
9.66
10.62
10.54
10.70
10.64
10.12
11.18
11.07
10.49
10.15
9.69
10.20
11.13
10.62
10.96
10.35
9.87
9.23
9.42
9.78
9.22
8.83
10.44
10.85
10.20
9.65
10.21
10.00
10.76
9.20
9.15
9.76
9.88
10.46
10.67
9.96
10.75
9.21
9.15
9.36
9.76
9.86
10.40
10.63
9.14
9.14
9.92
10.27
9.41
9.83
10.25
9.61
10.08
10.81
9.29
9.18
10.04
10.44
9.61
10.64
9.82
10.27
9.48
9.25
10.36
10.77
9.73
9.50
9.96
9.77
10.30
10.00
9.95
9.80
9.93
10.25
10.82
9.56
9.15
9.99
9.44
9.93
10.05
8.89
10.58
10.20
9.96
10.49
10.29
11.05
9.89
9.48
10.42
10.48
9.90
10.32
11.22
10.36
9.93
10.11
9.14
9.78
9.20
8.91
10.57
9.43
9.80
10.16
9.67
10.23
10.52
9.88
10.22
9.12
9.67
10.14
10.13
9.64
10.63
9.15
10.58
10.05
9.99
10.44
10.04
9.21
10.87
9.72
9.90
10.31
10.06
10.48
10.74
11.06
10.26
10.10
10.48
10.71
11.04
10.13
10.12
10.56
10.56
9.98
9.32
11.26
10.87
10.37
9.77
10.06
11.19
10.75
9.41
9.93
8.88
9.78
9.54
9.10
10.14
9.51
9.96
10.41
10.57
9.77
10.03
9.93
10.36
9.16
9.71
8.89
9.30
10.86
9.22
10.37
9.70
10.14
9.39
9.84
10.33
10.75
9.75
10.23
10.77
10.60
11.13
10.14
10.29
10.70
10.52
10.28
10.71
11.21
11.09
10.39
10.04
9.86
11.00
10.59
9.27
9.70
10.13
10.47
10.28
10.84
11.12
9.09
10.92
9.56
9.43
9.94
9.85
10.40
8.84
11.12
10.69
10.84
9.85
9.52
9.09
9.52
10.00
10.28
9.92
10.29
10.73
9.77
9.45
10.20
10.70
10.92
10.00
9.80
10.27
9.17
10.97
10.54
9.46
10.12
9.88
9.20
10.01
10.37
10.58
9.38
9.86
9.60
10.11
10.57
11.04
10.82
11.22
9.06
10.31
9.66
10.08
9.66
10.11
8.83
9.29
9.80
9.55
9.34
10.01
10.59
9.84
10.32
9.52
9.35
9.95
10.44
10.96
9.80
9.94
10.27
9.40
9.57
8.99
10.96
9.23
8.41
8.89
9.69
9.09
9.22
8.43
8.87
9.71
9.12
8.44
8.64
9.20
8.87
10.38
11.19
10.88
10.77
10.24
10.65
9.78
10.18
9.90
10.37
10.65
10.04
10.57
10.98
10.38
11.24
10.84
9.97
9.90
9.42
9.95
9.48
9.17
8.84
10.08
9.61
10.82
8.89
9.93
10.32
9.68
9.70
9.44
8.77
10.76
9.95
10.26
9.68
9.47
9.99
10.91
10.46
9.35
9.84
9.58
10.59
10.14
10.46
11.08
10.54
10.05
10.35
9.93
9.64
10.39
10.85
11.35
10.03
10.28
9.95
9.68
10.40
10.86
10.29
9.96
9.70
10.95
10.42
10.88
10.79
10.33
10.90
9.92
9.81
9.40
8.84
10.33
9.40
9.46
10.76
8.98
9.79
10.28
10.13
9.00
11.07
10.55
9.64
10.58
9.99
9.70
10.43
9.92
9.49
9.00
9.20
10.94
11.27
10.42
9.10
9.20
11.41
10.89
9.68
9.97
9.55
10.36
9.84
10.43
10.32
10.33
10.47
10.66
9.75
9.20
10.93
11.20
10.17
9.75
9.41
11.19
10.93
10.93
10.48
10.28
10.56
9.70
10.15
10.23
9.82
9.70
10.13
10.24
9.79
8.98
11.14
9.89
9.57
9.62
10.39
10.55
8.91
9.98
9.55
9.83
9.93
9.58
9.83
10.66
10.18
10.86
11.05
10.41
9.98
9.56
9.87
10.58
9.09
9.40
10.83
10.32
8.74
10.59
10.24
9.84
9.54
9.07
9.42
9.96
9.82
10.19
9.75
10.15
10.11
9.02
10.50
10.86
10.05
9.74
9.63
8.85
10.08
9.72
9.40
10.60
9.18
9.63
11.14
10.03
10.57
11.27
10.07
9.63
9.41
8.97
9.25
8.96
8.55
8.71
9.40
9.85
10.91
8.53
9.02
8.87
10.37
9.87
11.05
9.52
9.87
9.15
10.19
9.93
9.54
9.88
9.17
10.19
9.50
10.02
10.50
11.01
11.04
10.45
11.00
9.91
9.03
9.75
10.26
10.16
9.75
9.61
10.29
9.69
10.69
10.88
10.21
9.68
10.23
9.70
9.32
8.89
9.09
10.67
10.87
10.20
10.20
9.70
9.33
8.90
9.10
10.66
10.87
10.20
9.71
10.14
9.70
9.38
8.90
9.14
10.63
10.65
10.88
10.19
9.56
10.05
10.82
9.85
9.94
9.31
9.78
10.27
10.51
9.26
9.79
9.82
10.37
9.09
10.87
10.86
10.19
10.18
9.50
9.89
9.39
10.42
10.17
10.74
9.08
10.80
9.90
9.50
10.33
9.06
10.69
9.49
10.78
10.79
9.07
9.73
10.23
10.31
9.14
9.55
9.96
10.36
10.69
10.70
10.31
10.56
10.65
10.44
10.95
11.21
9.78
10.23
11.06
9.17
10.41
10.87
9.67
9.98
10.43
10.30
10.70
10.25
10.69
10.15
9.67
9.38
9.03
9.87
10.64
9.85
9.42
10.13
8.71
9.15
9.67
10.07
9.04
10.31
10.22
10.59
9.26
9.77
10.76
9.84
10.30
9.40
9.11
9.83
10.29
9.76
10.26
9.40
9.11
9.84
10.29
10.73
9.82
10.29
9.46
8.77
10.86
9.82
9.91
10.36
10.32
9.24
9.72
10.12
9.12
9.79
10.16
9.82
9.42
10.72
9.40
9.10
9.70
10.18
8.92
9.79
10.15
10.26
10.03
10.46
10.92
10.93
9.51
9.72
10.14
9.92
10.34
10.57
9.47
9.82
10.19
10.49
10.78
11.16
10.80
9.11
9.97
10.28
9.51
9.85
10.34
10.57
9.66
10.13
10.47
10.58
10.11
10.57
9.25
10.70
9.88
9.20
9.49
10.89
10.78
9.46
9.86
9.60
10.10
10.57
10.78
9.78
10.29
10.51
9.06
9.64
9.63
9.23
8.92
9.97
10.74
9.19
9.76
10.21
9.72
10.21
9.38
10.17
10.58
9.87
10.09
11.06
9.89
9.83
9.40
8.80
9.88
10.34
10.56
11.30
9.66
10.13
10.58
10.86
11.01
9.85
9.67
10.15
10.59
10.86
9.90
9.48
9.70
10.13
10.57
10.84
10.99
9.87
10.40
9.72
10.12
10.12
9.74
9.43
9.46
10.32
9.90
10.77
9.11
9.57
9.99
10.25
10.21
10.46
10.79
10.99
9.71
10.00
9.27
10.12
10.38
10.57
11.35
9.77
10.21
10.30
9.42
8.61
10.79
9.08
9.96
9.65
8.97
10.23
10.29
10.34
10.66
10.94
10.13
10.61
10.95
10.57
11.26
10.52
10.84
9.81
10.31
9.15
10.09
9.74
9.41
10.73
10.74
9.43
9.89
10.16
9.73
10.22
8.91
10.59
9.46
9.40
9.86
9.09
9.84
9.49
8.82
10.28
9.00
11.09
9.57
9.88
9.88
10.36
10.56
8.81
10.24
9.83
10.27
10.64
9.64
9.67
11.18
9.34
9.80
10.28
10.89
9.82
9.56
9.11
10.17
10.56
10.32
9.42
9.67
9.66
9.20
8.56
10.90
9.09
10.00
10.44
9.56
9.29
9.12
9.67
9.81
9.91
10.44
11.07
10.74
10.27
9.17
9.91
10.15
9.70
11.07
8.98
9.94
10.58
9.47
9.95
11.36
10.08
10.03
10.80
9.82
10.30
9.07
11.01
9.98
9.69
10.16
10.01
9.41
9.70
10.11
9.92
9.44
8.63
10.12
10.38
10.75
9.11
9.61
10.57
10.08
9.33
9.11
11.08
9.87
9.79
9.41
10.21
10.54
11.15
9.86
9.93
9.40
8.42
10.87
10.88
8.99
9.57
10.32
10.02
9.58
10.00
8.92
9.51
9.94
9.98
9.61
9.21
8.94
10.33
9.11
10.96
9.69
9.98
10.58
10.34
10.73
10.72
9.04
10.96
11.23
10.59
10.99
11.10
9.26
10.14
10.60
9.83
9.10
10.01
10.01
9.71
9.42
10.06
10.30
9.94
10.48
10.88
9.60
9.09
10.09
9.75
8.83
10.10
10.26
9.90
10.39
10.83
9.11
11.07
9.45
8.67
10.05
9.86
11.06
10.33
10.80
11.27
9.63
10.52
10.00
9.22
9.16
8.92
9.59
10.13
10.68
10.17
10.94
8.98
9.95
10.45
11.14
9.46
8.83
11.14
10.03
10.03
10.47
9.08
10.83
9.86
9.66
10.25
11.02
9.06
9.40
10.08
10.57
8.80
9.57
8.80
10.60
11.25
10.17
10.40
9.87
9.44
8.70
9.46
9.26
8.87
10.47
10.65
9.94
9.87
10.37
10.60
11.44
11.43
9.22
9.23
10.97
9.46
9.72
9.50
9.98
10.41
9.79
10.36
10.81
9.94
9.75
10.37
10.66
9.86
9.41
10.21
9.12
8.86
10.07
9.61
10.78
8.87
10.30
10.49
9.76
10.15
9.93
9.23
9.69
10.28
9.44
9.93
10.29
9.99
10.28
10.18
9.00
9.90
9.80
9.59
9.53
9.73
10.09
10.59
9.14
9.68
10.82
11.17
10.30
10.49
11.14
10.09
9.94
9.85
10.36
10.53
9.38
9.87
10.25
10.72
11.28
9.89
11.00
10.79
10.34
10.07
9.62
9.40
10.88
9.25
9.98
10.44
11.03
9.20
9.78
10.80
9.85
10.30
10.95
10.29
9.91
9.75
9.02
9.85
10.13
9.44
9.90
10.82
10.60
11.14
9.87
10.05
10.51
9.54
10.80
11.05
9.90
10.32
10.58
10.99
9.84
10.48
9.19
11.12
10.13
9.78
9.44
9.31
8.93
9.52
10.84
9.76
10.21
10.34
8.89
9.46
9.93
10.35
10.76
11.04
10.81
9.48
9.76
10.25
10.66
9.85
9.23
10.59
11.44
9.69
10.17
10.94
8.99
10.31
9.45
10.35
11.13
9.84
10.21
9.70
9.72
9.40
9.26
8.86
8.53
9.70
9.77
8.88
10.46
10.08
9.89
10.31
9.51
9.84
9.05
9.85
10.29
10.10
10.58
10.71
9.10
11.16
9.64
9.73
10.15
9.16
9.70
9.82
10.57
10.08
10.42
11.41
10.18
9.78
10.56
10.43
10.55
10.91
11.05
9.23
10.16
10.48
10.17
9.40
9.83
9.35
8.63
9.43
9.04
8.94
9.47
9.76
10.12
9.59
9.22
9.03
9.64
9.99
10.78
10.51
10.89
10.31
10.73
10.77
10.32
9.86
9.06
9.64
9.84
9.44
9.92
10.60
11.44
10.95
10.02
10.37
11.00
9.82
9.09
10.00
9.42
9.72
9.36
9.29
8.61
10.04
10.60
9.14
9.03
10.13
9.46
9.18
9.92
9.05
10.39
10.47
9.67
10.22
10.39
11.13
10.52
10.21
11.30
10.56
10.17
9.24
10.43
9.95
9.82
9.63
10.07
10.40
9.34
10.79
9.85
10.31
10.56
10.98
10.82
10.34
9.79
9.40
10.21
10.56
10.98
10.81
9.94
10.33
9.41
10.27
10.95
10.80
8.55
9.06
9.89
10.19
9.89
9.60
10.90
10.74
9.04
9.93
9.58
10.20
10.57
9.54
9.37
8.90
9.06
9.96
10.37
11.19
10.56
9.31
11.01
11.07
9.79
10.07
9.98
11.05
10.44
10.92
9.59
9.15
9.90
10.42
9.14
9.81
9.13
9.42
10.00
10.93
10.73
9.81
10.36
9.42
8.71
10.80
10.30
9.98
10.40
10.90
10.19
9.73
9.08
9.59
9.79
10.18
10.57
9.86
11.06
10.04
9.19
10.45
11.22
9.72
10.05
9.02
9.79
9.55
9.97
10.40
10.29
10.75
11.08
10.33
10.30
10.75
11.07
9.41
9.14
8.75
9.92
8.75
9.72
9.48
9.02
10.19
9.94
11.03
10.61
9.43
10.55
11.37
10.62
11.02
10.33
10.11
9.85
10.32
10.13
9.15
8.89
9.83
9.65
9.50
9.06
9.94
11.31
10.21
9.80
10.28
8.96
9.58
9.76
10.59
9.78
9.29
9.87
10.30
11.15
9.83
10.05
9.15
10.54
11.33
9.69
11.02
10.82
9.83
10.35
10.69
9.75
10.92
9.55
9.88
10.39
10.97
11.03
10.45
10.29
10.16
9.75
9.43
8.79
11.03
9.83
9.27
9.40
10.88
10.60
10.10
9.62
9.15
8.75
8.64
8.91
11.30
10.88
10.38
9.91
10.97
9.17
10.38
10.91
9.62
9.21
9.01
9.80
10.01
10.43
10.87
10.86
9.23
9.98
10.44
9.72
9.40
9.07
11.01
9.72
10.17
10.52
10.83
11.01
10.05
10.44
10.19
9.85
10.97
9.89
9.42
10.31
10.53
11.21
10.16
10.61
10.77
10.95
8.84
9.53
10.37
9.88
10.14
10.56
9.81
9.43
10.80
10.30
10.58
9.84
10.22
8.98
9.24
9.59
8.81
10.60
10.35
10.92
10.02
10.50
10.96
11.41
10.81
11.23
9.31
10.28
9.71
10.06
10.93
10.25
10.56
10.79
11.06
9.31
10.35
10.40
9.84
10.14
10.18
9.64
9.44
9.82
9.85
10.21
9.43
9.00
10.94
10.10
10.39
9.74
9.54
10.82
10.58
9.92
10.28
9.14
9.71
10.08
10.52
10.16
9.73
9.69
11.03
9.63
9.29
10.42
11.28
10.88
9.74
9.73
10.86
9.48
9.84
10.30
9.95
9.40
9.30
8.81
10.06
10.78
9.88
9.43
9.29
9.51
10.02
10.34
9.28
8.95
9.02
9.62
10.20
9.39
9.01
9.73
10.25
10.60
9.53
9.43
9.01
9.21
10.00
10.46
10.00
10.56
11.18
9.73
9.02
10.25
10.47
10.02
10.40
10.58
10.48
10.84
11.05
10.35
10.49
9.91
9.44
8.86
10.17
10.94
9.86
10.32
9.95
9.44
9.41
9.01
8.90
9.68
9.87
10.33
10.46
9.65
10.14
10.65
10.85
10.90
9.80
10.31
10.54
9.19
9.05
9.23
9.07
10.15
9.66
10.01
10.58
10.34
10.31
11.02
9.23
10.12
10.56
9.38
9.28
9.78
10.03
10.36
9.86
9.37
9.27
9.76
10.24
10.75
10.05
10.42
9.85
10.23
10.74
10.03
10.41
10.22
11.01
10.73
10.43
9.67
10.23
11.00
10.73
10.44
9.89
9.40
9.78
10.20
10.98
10.96
10.71
9.88
9.40
9.78
10.18
10.97
10.94
10.69
9.86
9.40
9.78
10.16
10.96
10.92
10.67
9.38
9.86
10.37
10.07
9.62
9.40
10.20
10.64
10.21
10.67
9.00
10.80
10.60
10.25
10.11
10.59
9.18
9.84
11.13
10.19
9.68
9.84
10.50
11.03
10.93
9.99
10.41
10.98
9.95
10.32
9.40
8.80
10.34
10.72
10.87
10.37
9.78
10.12
9.41
9.45
9.41
10.74
8.90
9.82
9.59
10.07
10.04
10.57
10.40
10.96
11.40
9.44
11.03
9.60
10.08
10.42
10.45
9.44
9.92
9.87
9.29
8.92
8.99
10.00
10.49
9.55
8.86
10.94
10.69
9.85
10.33
9.34
9.81
10.88
9.21
10.38
11.11
9.77
10.18
8.97
10.29
9.43
8.67
9.99
9.74
10.16
10.76
9.78
10.17
10.29
10.12
10.57
10.93
9.33
8.96
10.19
10.93
9.90
9.40
10.00
8.88
10.60
9.88
10.26
9.86
10.34
10.42
8.98
8.61
8.88
9.45
9.50
9.92
10.27
11.10
9.18
9.07
10.54
10.27
9.51
9.95
10.14
9.67
10.15
11.21
9.87
9.67
10.01
9.70
10.88
10.22
10.34
10.68
11.05
9.90
10.34
10.15
10.66
11.06
9.31
8.96
9.58
10.79
10.80
8.54
10.28
9.82
9.70
9.14
10.47
10.18
9.68
8.95
9.44
9.78
10.10
10.60
10.48
10.24
11.16
9.90
9.95
9.43
9.46
8.83
9.82
10.04
10.52
10.00
11.20
10.46
11.00
10.48
11.06
10.93
10.59
9.89
9.44
10.27
11.07
10.92
10.56
10.00
10.45
11.08
10.24
8.99
10.86
9.93
9.45
10.28
10.41
8.85
8.86
10.10
9.09
10.45
10.86
9.15
10.19
9.70
10.85
9.02
10.59
10.17
10.68
11.38
9.75
9.40
10.22
8.83
9.98
10.19
10.84
10.38
9.48
9.84
