9.98
10.54
11.23
9.81
8.97
9.16
10.09
9.90
10.43
10.59
10.08
10.46
10.59
10.59
11.14
11.50
11.59
11.55
9.94
9.40
10.06
10.33
10.56
11.16
11.47
11.57
10.49
10.99
10.69
8.77
10.26
9.93
9.38
9.51
9.14
8.65
11.18
11.39
11.45
8.62
10.74
10.99
9.81
10.31
9.31
9.60
8.75
8.69
10.85
10.25
9.75
10.25
10.56
9.63
10.69
10.24
10.54
10.10
11.13
9.98
9.40
10.12
8.43
9.62
9.55
9.01
9.29
9.46
9.04
8.53
9.56
9.97
9.08
9.01
8.45
8.54
9.56
9.71
10.86
9.97
10.26
10.50
10.98
11.45
11.12
9.03
10.01
10.10
10.60
11.33
9.96
10.17
9.40
10.64
10.59
10.01
10.51
10.96
11.16
11.20
11.59
10.36
8.76
9.86
10.08
11.54
9.40
11.07
11.07
10.48
9.34
9.80
10.34
9.14
8.66
9.64
10.20
10.67
8.85
10.96
11.01
9.59
9.98
10.12
10.59
10.98
11.07
9.90
10.48
9.43
9.95
9.51
8.72
9.45
9.80
10.27
9.37
9.87
10.21
10.66
11.54
9.81
10.36
8.96
9.40
9.95
10.82
10.50
10.95
9.87
10.40
9.51
10.07
9.00
9.43
8.27
10.15
8.87
9.62
10.15
10.17
10.12
9.64
10.52
10.91
10.09
9.84
10.21
10.75
10.58
9.13
9.99
9.60
10.58
11.06
11.41
9.91
10.20
10.72
9.98
10.54
11.03
11.40
9.40
10.01
10.57
9.94
10.48
10.96
11.39
10.00
10.55
10.59
11.44
9.29
9.87
9.73
10.28
10.83
10.26
10.99
8.52
9.92
10.24
9.45
9.94
9.20
10.83
10.83
8.80
9.09
9.61
9.99
10.27
8.52
8.86
8.15
9.90
9.42
9.73
9.95
11.06
8.47
9.53
10.15
10.55
11.00
9.13
9.71
9.01
9.52
10.00
10.50
9.57
10.07
9.00
9.50
9.96
10.46
10.95
8.97
9.55
10.58
9.54
9.90
10.40
8.96
8.98
9.49
10.04
10.52
11.04
9.82
11.26
9.70
10.19
10.21
10.61
11.14
9.02
8.89
9.48
10.04
10.79
9.81
9.05
10.12
10.60
10.51
11.04
11.14
11.38
9.76
10.33
10.56
11.34
9.08
9.40
11.06
9.04
8.73
10.04
10.52
9.41
11.02
10.17
10.47
9.76
10.27
10.18
9.79
10.32
10.26
9.82
9.72
8.69
10.63
11.18
9.28
9.54
10.12
9.93
9.29
9.54
10.06
9.97
9.41
9.30
8.92
8.68
9.75
10.25
10.13
9.59
9.73
9.21
8.78
10.21
10.52
11.00
9.06
9.64
10.11
10.46
10.96
10.11
8.77
10.59
10.02
9.59
9.30
8.94
9.86
11.23
9.78
9.29
8.93
10.03
9.31
8.95
10.60
10.21
11.07
9.36
9.92
10.50
9.87
9.31
10.99
9.70
10.23
10.40
10.44
8.69
9.53
10.09
9.57
11.04
9.61
10.11
9.43
9.99
8.94
10.47
11.02
10.87
9.74
10.03
10.60
9.77
10.26
9.86
11.16
9.18
10.15
10.56
9.85
10.34
9.53
9.30
9.40
9.27
10.39
9.85
9.39
10.57
10.60
9.26
10.84
10.61
11.21
9.85
10.40
10.91
10.24
9.97
9.56
9.00
10.54
11.08
11.48
10.05
9.68
10.76
9.86
10.12
10.60
9.42
10.95
11.32
11.20
9.61
10.10
10.59
11.36
9.78
9.13
11.16
10.16
9.80
9.63
10.60
9.70
9.86
10.24
10.80
8.82
9.48
10.02
10.40
10.94
11.42
11.37
10.12
10.71
9.88
9.47
9.33
10.02
10.43
10.93
11.46
11.27
10.22
10.81
9.79
10.17
8.97
10.48
10.66
10.05
10.58
10.60
9.94
10.39
9.32
9.41
10.08
10.60
10.82
11.02
11.19
9.93
10.52
9.29
9.35
8.47
10.10
10.33
11.11
9.44
9.27
9.79
10.23
10.52
8.92
9.47
10.51
10.03
10.85
8.70
8.61
11.42
9.86
10.39
9.69
9.86
8.78
10.36
9.34
9.40
10.48
10.19
8.53
8.39
8.87
9.93
9.41
9.75
10.34
9.93
10.35
10.59
9.74
9.96
10.49
10.81
10.34
9.83
10.19
11.58
10.98
10.08
10.38
9.41
9.96
9.98
10.50
11.29
11.28
9.05
8.53
9.82
9.65
9.41
8.29
9.76
8.98
8.70
10.89
9.82
10.33
11.19
10.60
9.77
10.23
9.04
11.55
11.00
10.40
10.21
9.40
9.76
8.91
9.77
8.09
10.86
8.95
8.69
9.92
10.27
9.40
11.03
10.05
9.89
9.34
8.50
9.77
10.15
10.90
10.31
10.60
10.07
10.59
11.09
9.72
10.23
10.72
10.23
11.34
9.33
9.87
10.03
10.97
10.38
11.24
10.72
10.87
9.76
10.33
10.96
10.03
10.42
9.49
10.08
11.11
10.05
9.49
9.70
9.96
10.24
8.99
10.41
9.40
9.65
9.92
9.07
10.36
10.91
11.20
10.32
9.64
9.09
10.87
8.56
9.58
10.03
10.74
10.58
10.61
9.01
10.96
11.38
10.11
9.56
10.35
9.02
10.92
9.97
9.60
10.36
9.48
8.74
9.18
9.50
8.73
8.93
9.18
9.68
9.70
8.98
9.44
10.22
9.90
8.84
9.07
9.40
9.92
10.18
9.10
9.40
9.75
10.33
10.58
11.06
10.04
10.80
9.39
9.68
10.20
10.60
9.55
10.03
10.46
9.54
8.98
10.93
10.40
11.33
11.06
9.75
10.22
9.65
9.12
10.55
10.01
10.90
9.88
9.39
9.65
9.14
10.14
8.67
10.60
10.67
11.07
8.94
10.51
10.03
9.63
10.56
10.84
9.80
10.21
10.20
9.87
9.56
9.36
10.73
10.66
9.72
9.15
10.09
10.45
10.99
9.70
10.15
9.73
9.87
9.43
9.05
10.00
10.57
9.77
9.50
9.07
9.99
10.04
10.56
10.64
9.82
10.12
10.43
10.60
11.21
11.23
9.81
10.30
9.00
9.40
8.71
9.06
9.57
10.10
10.31
8.75
9.76
10.26
10.09
9.77
9.41
10.73
10.97
9.87
9.81
8.77
9.17
9.71
10.27
10.71
9.29
9.49
9.19
9.70
10.13
10.41
8.77
8.30
9.13
9.22
8.80
8.31
9.17
8.73
11.29
9.45
9.96
9.13
9.66
8.88
9.47
10.03
10.22
8.96
8.88
9.36
9.77
10.23
10.81
11.20
10.60
9.72
9.86
9.02
11.14
10.08
10.56
9.44
9.75
9.82
10.32
10.78
9.20
9.79
10.18
10.70
11.20
11.41
9.70
10.23
10.74
8.21
9.45
9.77
10.14
10.65
11.17
11.39
9.12
8.61
8.90
10.05
8.90
9.13
8.61
9.49
10.02
10.52
9.51
10.10
10.39
11.06
11.39
9.58
9.87
10.35
9.02
10.59
9.61
9.85
8.80
9.61
11.29
9.34
9.72
10.17
11.50
11.27
10.95
10.60
10.84
11.18
10.33
10.47
9.78
10.10
10.66
10.19
10.74
11.04
11.39
10.53
10.43
9.01
10.02
9.64
9.33
8.82
9.03
9.65
10.12
9.72
9.39
8.84
9.10
9.61
10.10
10.63
11.31
10.27
9.96
9.42
10.31
9.88
9.30
9.92
10.61
11.68
9.41
11.10
10.35
8.60
11.09
10.07
10.15
10.48
10.63
11.28
9.85
10.07
9.69
10.04
10.54
10.05
9.60
9.84
10.22
8.81
10.60
9.48
11.37
10.18
11.08
10.60
10.02
10.28
10.85
9.86
10.16
11.54
9.04
9.40
10.83
9.84
9.23
9.75
9.75
10.19
10.08
9.66
10.64
10.75
8.92
8.45
8.73
9.37
10.05
9.40
9.73
10.60
10.60
8.48
11.55
11.75
9.97
10.08
10.80
8.90
9.47
9.79
10.26
10.66
10.84
10.15
9.99
10.00
10.53
10.31
11.04
9.24
10.13
9.61
10.66
8.50
9.44
9.99
9.04
10.52
11.58
11.25
11.03
8.66
9.62
9.91
9.93
10.36
10.66
9.08
9.64
9.91
11.61
8.84
10.04
9.80
10.26
10.73
9.89
10.44
10.35
10.14
9.71
10.71
9.58
9.64
8.76
9.21
9.57
8.70
9.13
11.44
10.87
9.40
10.00
10.39
9.80
9.32
8.98
8.50
9.44
10.03
8.80
10.97
9.94
9.41
10.67
8.50
10.31
9.42
10.03
10.60
9.97
8.96
11.12
9.55
9.99
9.58
10.17
10.56
10.29
9.37
8.80
9.01
9.77
10.85
11.43
10.09
10.60
9.62
11.47
9.07
10.43
9.67
10.08
8.74
10.64
10.07
9.75
9.33
8.98
10.24
10.79
11.26
9.67
10.59
10.03
9.77
9.35
8.99
10.27
10.84
11.31
9.73
10.59
10.04
10.71
11.03
8.99
11.12
10.11
9.66
9.44
11.95
11.32
9.85
9.39
10.24
10.64
8.64
11.17
9.91
10.57
10.42
9.58
11.32
9.50
9.22
8.68
9.79
8.93
9.75
10.93
9.53
9.04
10.06
9.77
10.36
9.08
10.03
10.99
10.17
10.91
9.96
9.41
10.31
9.47
9.23
9.72
10.58
10.23
10.81
9.34
10.93
9.91
10.37
9.60
9.02
10.07
10.34
10.69
10.46
9.74
9.17
10.75
11.03
10.23
10.92
9.82
9.91
10.36
9.46
9.08
9.18
9.89
10.42
10.38
10.91
9.86
10.39
9.50
9.12
9.21
9.91
10.44
10.34
10.89
10.97
9.88
10.38
11.05
9.26
9.40
9.63
9.15
9.81
9.36
9.41
9.84
10.40
10.89
10.61
8.49
9.15
9.05
9.68
10.22
10.72
11.06
11.44
11.34
9.58
10.14
10.73
10.33
10.84
9.80
10.35
8.91
10.42
10.42
11.44
9.57
9.91
9.34
11.19
10.71
8.93
9.27
8.76
10.07
9.53
10.86
8.78
10.59
10.87
11.23
10.39
9.47
10.06
8.98
8.81
9.53
11.22
9.00
8.85
9.50
10.04
9.05
8.84
9.57
10.12
10.55
10.03
9.63
10.11
10.60
10.51
9.81
10.40
10.16
9.87
10.44
9.10
8.87
9.63
9.81
10.25
9.12
8.88
9.68
9.88
10.43
9.87
10.31
9.73
9.40
9.32
8.99
8.12
10.22
8.66
9.50
10.02
10.55
8.51
9.40
10.61
10.49
8.56
11.16
11.45
9.73
9.18
8.29
8.59
9.11
8.84
10.16
9.38
9.60
8.66
9.38
9.39
10.23
10.59
8.69
9.36
11.34
9.76
10.29
11.11
10.59
9.73
10.17
9.06
9.48
9.80
9.42
10.14
8.79
10.66
11.02
9.40
9.97
8.68
8.91
9.49
10.07
10.50
10.07
10.60
9.43
9.99
8.69
9.07
9.62
10.10
9.45
10.00
8.70
9.10
9.52
9.60
8.71
9.18
9.59
10.01
9.57
10.13
10.66
9.65
8.75
11.41
10.13
9.80
10.21
9.14
10.59
10.94
11.29
10.55
9.75
9.94
10.31
10.12
10.63
10.30
10.36
9.54
9.96
8.79
9.00
9.28
9.53
10.03
10.52
11.21
10.64
9.85
10.21
9.08
9.59
9.87
10.40
9.86
10.20
9.68
11.56
8.82
9.10
9.23
9.73
9.79
8.80
9.12
9.22
9.73
10.23
10.95
10.36
10.77
11.15
9.41
9.98
10.43
10.87
11.15
10.38
10.51
9.36
9.43
10.34
11.12
9.84
8.58
9.10
9.40
8.22
10.07
8.84
9.32
9.78
9.81
10.11
10.60
10.16
8.90
8.37
9.49
9.77
10.30
10.83
9.67
10.61
11.50
10.10
11.04
8.76
9.70
10.23
11.23
10.08
9.85
10.45
11.47
11.21
10.03
10.90
10.02
10.60
9.04
9.61
9.96
11.14
8.91
10.17
10.53
9.51
8.79
8.91
9.38
11.28
10.47
9.81
9.93
9.00
9.95
9.55
10.49
10.39
9.89
11.09
9.40
9.84
9.41
8.89
8.56
9.07
9.34
9.61
10.20
10.30
11.05
10.53
9.02
10.15
9.58
10.16
9.77
9.02
9.54
10.10
10.60
10.47
9.14
9.71
10.28
8.79
11.17
10.57
9.90
10.47
10.52
11.27
9.95
9.42
10.05
9.77
9.41
10.30
8.64
9.47
9.95
9.54
10.06
10.65
10.30
10.74
9.77
9.52
9.58
9.54
8.90
9.63
9.23
11.09
11.39
10.10
10.34
9.75
11.02
10.64
9.92
10.05
9.50
9.01
10.56
9.40
10.17
9.80
8.84
9.43
9.75
9.22
10.11
8.78
9.32
8.94
9.75
10.73
10.31
10.17
9.60
8.80
10.60
9.62
9.57
10.59
10.13
8.95
9.35
9.84
10.55
9.85
10.42
9.94
10.44
10.84
9.83
9.41
10.24
11.25
11.57
9.70
8.75
9.86
9.36
9.11
10.30
9.72
10.77
10.38
8.51
9.96
10.99
10.39
11.11
9.13
9.71
8.95
9.98
10.35
10.90
11.19
9.86
9.33
8.98
10.19
9.89
9.40
8.62
9.69
9.82
10.60
9.61
8.96
8.96
10.99
11.48
9.49
9.91
10.42
9.72
10.26
10.16
9.81
9.97
10.49
10.76
11.01
9.96
9.42
9.34
8.71
9.72
10.19
10.97
10.60
9.94
9.67
10.23
9.86
10.40
10.76
11.19
10.33
10.80
10.35
11.46
9.65
9.40
9.97
10.48
9.49
8.83
9.87
9.42
8.49
10.91
9.00
9.54
9.87
10.15
10.60
8.92
9.03
9.46
10.02
9.04
9.64
9.92
11.13
10.24
10.52
11.36
10.67
9.16
9.87
9.56
9.34
8.53
10.92
9.81
10.35
9.65
10.04
10.56
10.21
10.91
10.57
9.13
11.33
9.99
9.69
9.74
9.16
8.73
9.44
9.94
9.13
9.69
10.26
9.27
9.56
9.97
10.27
11.06
11.61
9.73
10.31
10.33
10.70
11.84
11.56
10.74
10.80
11.26
11.67
11.36
10.36
10.75
9.85
10.15
10.59
10.32
10.68
10.13
11.27
11.11
11.19
9.85
10.11
9.02
9.70
10.28
10.67
11.02
10.66
11.03
9.96
9.42
8.89
8.48
10.14
10.67
9.75
10.28
9.26
10.20
9.38
8.91
8.50
9.75
10.09
10.58
10.97
8.84
10.11
9.86
9.42
8.54
9.42
10.97
10.60
10.24
10.74
10.05
8.98
9.40
10.89
10.34
9.99
10.46
10.95
11.35
11.50
10.59
10.04
8.94
11.32
10.02
9.51
8.77
10.26
9.03
9.99
9.62
8.66
9.11
8.97
9.38
9.78
10.13
9.03
9.43
9.99
9.41
9.84
10.39
10.57
11.09
10.96
8.74
10.29
10.57
11.00
10.56
11.05
11.44
11.79
9.92
10.33
11.37
9.41
9.15
9.72
8.53
9.22
10.60
11.75
9.67
8.56
10.15
10.73
10.20
9.84
11.36
9.29
9.46
9.86
10.33
8.53
10.98
9.04
9.59
9.04
10.15
10.88
10.60
10.81
11.18
10.30
10.60
9.92
9.46
9.99
9.07
10.52
11.07
11.10
11.36
9.91
10.50
9.43
10.54
10.90
11.33
9.86
9.28
9.35
9.06
8.58
10.43
10.84
9.92
9.69
10.21
9.34
10.63
9.42
11.62
8.94
8.66
9.93
10.43
10.03
9.47
10.90
9.71
10.26
9.27
9.79
8.73
10.35
10.87
9.11
9.64
10.21
10.96
9.80
10.38
10.12
9.07
10.56
9.64
9.87
10.40
10.45
8.95
10.73
11.26
10.26
11.16
9.85
9.46
9.06
9.81
9.40
10.38
10.59
8.79
10.08
9.75
9.41
10.59
10.84
9.87
9.48
10.35
11.29
9.96
9.76
10.49
9.41
9.39
9.95
8.80
9.75
9.19
8.90
10.32
10.69
9.48
10.05
8.75
9.80
10.65
9.58
9.26
10.14
10.69
11.09
9.34
8.76
9.97
10.52
9.33
9.00
9.85
10.35
10.86
10.98
10.97
10.40
9.85
10.83
9.31
9.98
9.40
8.90
9.77
10.15
9.30
8.92
8.90
9.71
9.82
9.50
10.40
9.77
11.17
10.01
9.73
8.88
9.32
10.22
10.89
11.17
10.60
9.41
9.86
10.41
9.06
8.64
9.72
9.50
9.02
10.10
10.62
9.02
10.91
9.95
10.47
9.08
8.65
9.53
9.02
10.10
10.62
10.88
11.60
11.06
9.58
9.99
10.52
9.65
10.57
10.20
10.18
9.80
10.34
10.92
11.28
9.41
8.31
8.98
8.90
10.93
9.90
10.45
9.40
9.76
10.28
9.65
10.94
9.08
9.29
9.78
10.09
10.42
10.81
9.66
9.85
10.34
9.13
9.32
9.77
10.05
8.91
9.98
9.51
8.34
8.74
10.91
8.96
9.25
9.68
9.81
10.36
9.70
10.20
10.67
10.30
10.80
11.02
11.53
11.25
8.97
8.82
9.37
9.78
9.85
9.82
9.42
9.98
10.44
10.42
10.90
11.23
10.35
10.43
10.90
11.24
8.61
10.32
10.43
10.90
11.24
9.94
9.17
9.70
10.26
10.06
10.06
10.58
10.60
9.67
10.64
10.17
10.92
11.40
11.88
9.96
10.54
11.05
9.65
10.63
10.16
10.90
11.38
11.87
11.62
9.94
10.51
9.39
9.69
10.64
10.20
10.83
11.32
11.86
11.59
9.89
10.38
9.41
8.83
8.87
9.47
9.78
9.73
8.81
9.33
9.72
10.27
10.35
10.18
10.60
10.16
9.73
8.96
9.05
9.51
10.04
11.26
9.97
9.40
10.07
8.73
9.75
10.27
10.33
9.45
9.39
9.83
10.25
10.78
10.59
10.48
11.36
8.79
10.02
9.67
9.59
9.44
9.15
8.89
9.90
10.97
10.41
11.26
9.75
10.29
9.40
8.92
9.98
10.47
10.93
10.71
9.77
10.00
10.34
11.27
9.54
8.95
10.01
10.38
10.89
9.83
8.85
9.22
9.78
10.33
10.75
11.29
10.31
11.11
9.42
10.24
8.81
10.28
10.05
10.64
11.02
9.42
9.76
10.32
10.64
11.01
10.06
9.88
10.33
8.62
9.87
10.43
9.22
9.56
10.08
8.96
8.41
8.62
9.30
9.77
10.30
9.52
9.94
10.95
8.46
8.85
8.97
10.24
10.61
9.55
10.09
10.51
9.80
11.44
9.40
8.54
10.59
10.49
10.73
9.81
10.21
11.11
11.23
9.87
9.40
9.47
10.85
9.83
10.33
8.79
9.42
9.04
8.62
9.86
9.44
9.88
10.29
8.73
11.02
9.74
10.28
9.10
9.69
9.61
10.12
9.29
8.93
9.81
10.21
10.64
11.15
10.78
9.59
10.05
9.34
8.93
9.86
10.21
10.58
11.13
10.59
9.67
10.78
10.20
9.43
8.95
9.94
10.54
11.11
11.48
9.73
10.76
10.26
11.09
11.50
10.69
9.63
10.18
10.56
9.04
10.56
10.93
11.39
9.41
9.15
8.80
9.61
10.15
9.37
9.03
9.92
9.72
9.37
9.06
9.92
10.59
8.82
9.97
9.42
11.15
10.16
10.57
9.44
9.86
10.82
11.11
10.95
8.82
9.79
10.33
11.08
9.04
9.62
10.18
9.93
10.43
9.33
9.01
9.91
10.99
9.82
9.41
9.90
10.13
9.67
9.31
10.41
10.64
10.02
10.60
9.01
9.58
10.15
10.65
9.60
10.69
10.16
10.58
9.45
9.13
11.14
9.43
11.03
11.05
8.65
10.06
10.52
9.57
9.34
9.02
10.32
10.94
10.41
11.20
9.91
9.97
9.40
9.93
10.46
8.79
10.84
9.82
10.36
10.19
9.85
9.41
10.72
10.30
8.77
9.56
10.44
9.43
8.90
8.49
9.44
9.94
8.50
10.27
10.42
10.58
8.48
9.07
9.61
11.12
9.61
10.06
10.33
9.57
9.16
10.05
10.45
9.68
10.13
9.09
9.08
9.57
9.17
10.04
10.44
9.71
10.14
9.57
11.03
10.32
10.55
10.43
9.55
9.41
9.31
9.03
10.04
9.69
8.91
8.49
8.68
9.34
9.82
10.24
10.76
10.80
10.96
9.51
10.08
8.92
8.49
8.68
9.35
9.83
10.23
10.76
10.79
10.96
9.53
10.06
10.59
10.76
11.39
8.47
10.06
10.57
10.22
10.67
9.18
8.84
9.40
9.80
10.09
10.45
8.34
8.94
10.30
10.60
11.09
9.69
9.94
10.40
10.29
9.58
9.45
9.90
9.47
8.99
8.85
9.84
10.30
10.98
10.59
9.08
10.99
11.08
9.66
10.02
10.11
10.67
11.01
10.51
9.34
8.87
10.81
11.00
9.86
10.43
9.26
8.72
9.00
9.84
10.14
10.50
10.98
10.07
10.50
10.84
9.92
9.42
9.12
11.61
10.75
11.07
10.36
9.91
9.41
11.04
10.51
9.72
10.24
8.64
8.75
9.18
9.73
10.28
10.23
9.76
10.31
10.72
11.25
10.98
9.89
10.42
9.21
9.41
9.82
10.12
8.94
8.65
9.49
9.97
10.20
9.40
9.94
9.95
10.87
9.03
8.68
10.86
9.40
9.95
10.30
9.88
11.00
8.76
10.11
10.34
10.93
9.95
10.09
10.59
10.16
9.61
9.03
11.13
9.85
10.24
10.52
11.35
9.96
9.93
8.92
9.27
9.40
10.95
10.41
9.56
10.91
8.64
9.27
9.87
10.32
11.15
9.84
9.43
9.89
10.17
10.06
9.47
9.36
10.95
10.69
10.51
8.19
9.42
9.98
10.49
8.51
11.50
10.55
9.28
8.53
9.40
10.91
9.97
8.59
9.68
8.40
9.32
8.94
8.59
9.81
9.81
9.22
8.37
11.11
9.21
9.99
10.52
9.54
10.05
10.52
10.60
10.62
10.99
11.39
8.76
9.77
10.32
10.14
9.59
11.12
10.68
8.57
9.14
8.77
10.93
9.87
9.40
8.57
10.38
11.20
8.88
9.48
10.07
9.50
9.16
9.56
8.40
10.19
8.98
10.52
11.04
9.58
9.72
10.22
9.37
9.06
10.06
10.60
10.81
10.22
10.09
9.67
10.62
11.08
11.46
9.77
10.27
10.75
10.72
9.21
10.03
10.59
11.31
11.02
11.10
11.54
9.40
9.86
10.33
10.37
11.10
10.09
10.63
10.92
8.94
9.51
10.34
9.93
9.56
10.04
10.37
9.39
8.92
9.35
9.32
9.79
10.70
10.59
10.35
9.98
9.41
10.28
8.92
9.90
10.74
10.29
9.88
9.42
10.41
10.62
9.01
9.87
9.53
10.37
10.59
10.96
11.38
10.87
11.11
10.00
10.51
9.40
9.50
9.86
10.37
10.51
11.02
8.78
8.77
9.40
9.78
9.95
9.55
10.33
9.47
9.45
9.09
9.64
11.17
8.86
10.77
10.02
10.60
10.60
10.40
10.97
11.40
11.63
8.99
8.83
11.03
9.92
10.49
10.15
10.70
9.04
9.98
10.51
11.06
11.61
11.28
10.09
10.61
11.60
9.41
9.13
8.78
9.68
10.02
10.51
9.29
9.07
8.53
9.38
8.54
9.73
10.11
9.23
8.44
8.98
8.57
9.33
10.58
11.46
8.41
10.44
11.46
9.55
9.24
8.68
10.05
9.75
9.51
9.41
10.74
8.27
10.35
9.37
8.75
8.69
10.17
10.60
10.86
11.38
10.88
9.51
10.02
10.34
9.52
8.83
8.73
9.00
9.35
9.89
10.44
10.16
9.58
8.85
8.74
9.07
9.60
10.13
9.38
9.96
8.86
8.75
9.08
9.61
10.13
9.42
9.99
8.88
8.76
9.09
9.61
10.12
10.38
10.02
9.67
9.38
9.07
10.04
8.54
9.07
10.11
10.63
10.03
9.14
9.08
9.28
9.93
9.13
9.07
9.27
9.84
10.35
9.68
10.05
10.28
10.38
11.43
10.80
10.58
11.02
10.09
11.02
11.54
11.71
9.87
9.96
9.25
9.61
10.21
9.89
9.25
9.63
10.21
9.89
9.25
9.62
10.20
9.92
9.25
9.63
10.21
9.94
9.28
9.42
9.65
10.21
10.34
10.50
10.91
10.97
10.17
10.23
10.32
9.22
9.48
10.04
10.45
10.88
10.87
10.62
8.88
9.87
10.24
9.86
9.32
10.28
11.12
11.05
10.23
9.40
9.93
10.88
8.72
9.77
10.19
9.85
9.37
9.81
10.82
10.17
10.73
10.57
10.60
10.13
9.59
9.40
8.56
9.41
9.95
11.30
10.80
10.91
8.85
9.92
10.42
9.70
9.27
9.90
9.68
9.27
9.96
9.43
9.69
9.95
10.45
8.92
9.85
9.53
11.11
8.77
9.65
9.95
10.47
10.99
10.59
10.28
11.65
9.74
10.04
10.34
10.57
9.55
9.85
9.62
11.11
8.77
9.19
9.42
11.00
10.42
10.19
9.84
8.95
8.51
9.85
10.94
9.12
9.71
10.35
10.06
10.46
10.94
10.73
10.07
10.51
11.02
10.18
11.86
9.96
10.02
9.45
8.96
9.38
11.24
8.34
9.84
10.38
10.59
9.33
11.27
8.99
9.52
10.07
10.64
9.97
9.13
10.51
8.91
9.40
9.29
10.63
10.22
10.62
10.80
11.27
10.84
8.86
10.01
10.03
9.44
9.45
10.40
9.71
9.21
8.76
10.28
10.59
9.27
8.36
8.57
9.85
8.69
9.17
10.36
10.93
10.81
9.49
10.50
10.95
8.90
9.42
8.50
10.82
11.15
9.54
10.02
10.32
9.02
9.81
9.59
10.27
10.77
10.19
9.62
9.63
11.11
10.53
11.29
9.64
10.08
10.47
11.18
10.08
10.64
10.02
10.99
11.13
11.14
9.43
9.08
9.90
10.48
9.93
10.40
9.48
9.10
9.95
10.49
11.07
11.08
9.94
10.35
9.41
11.09
11.08
8.75
10.58
11.51
9.83
8.98
8.51
8.73
10.98
9.50
9.89
10.40
10.22
9.70
9.40
8.79
9.53
8.98
11.05
11.07
8.85
10.60
9.41
9.62
10.09
10.47
10.58
11.08
11.02
11.49
8.59
9.16
8.90
10.00
9.47
9.57
10.05
10.40
11.11
9.53
8.98
9.53
10.04
9.27
9.25
9.68
10.01
10.22
9.72
9.25
9.81
8.44
9.43
9.03
8.83
10.97
8.52
9.64
8.26
9.37
10.09
9.64
10.15
10.57
9.05
9.15
9.73
10.31
10.22
10.59
9.64
9.04
9.12
10.28
9.94
10.48
10.29
10.54
9.41
9.84
9.86
10.46
10.64
9.51
8.84
9.45
9.35
9.92
10.46
10.79
10.32
11.22
11.26
11.63
8.97
10.39
10.59
9.64
9.87
10.42
8.70
9.64
9.12
10.75
11.51
11.23
10.61
9.82
9.17
9.62
9.93
10.05
10.60
11.15
11.60
11.91
9.40
10.91
11.56
11.91
11.42
11.04
9.38
9.94
9.81
10.31
10.60
8.58
10.63
11.27
10.10
9.53
9.76
9.27
8.80
10.26
10.17
9.58
8.79
10.96
9.95
10.36
10.49
9.41
10.94
11.34
10.66
10.04
9.56
11.37
11.33
11.66
8.96
8.57
9.99
10.51
10.93
10.06
9.69
9.31
9.09
9.86
10.60
10.32
9.89
10.19
10.68
11.19
9.81
9.77
10.21
9.32
9.16
9.87
11.28
9.93
9.41
8.64
10.59
10.05
8.87
9.61
9.40
9.96
11.11
10.11
10.50
8.73
9.34
9.94
11.20
10.96
10.08
10.36
9.85
9.29
9.24
8.76
8.91
10.43
9.71
10.25
10.06
10.58
11.15
10.94
10.12
10.60
10.85
10.56
11.12
11.46
9.97
9.40
9.74
10.17
9.41
9.91
9.05
9.85
9.44
9.34
11.11
9.75
8.71
10.13
10.51
9.82
9.56
10.34
10.60
8.93
8.93
9.98
11.37
10.22
10.79
11.53
10.62
9.89
10.35
9.23
9.39
9.66
8.61
10.61
10.16
9.86
9.34
10.44
9.84
10.32
9.80
10.22
9.40
8.99
10.88
9.91
9.69
9.35
10.60
10.21
10.06
9.52
10.05
10.47
11.07
10.57
10.25
9.69
10.81
9.91
9.38
10.43
10.47
11.05
9.94
10.00
10.54
10.41
9.61
9.38
10.19
10.75
11.16
11.09
10.00
10.34
9.62
9.39
10.21
10.77
11.17
11.09
10.32
11.20
10.74
9.89
10.22
9.69
9.41
10.60
8.28
11.51
10.99
10.39
9.79
11.30
11.52
9.37
10.39
9.55
10.10
9.09
9.28
9.82
10.31
10.52
9.53
10.11
10.30
9.38
8.96
10.14
9.47
9.94
10.40
10.95
10.13
9.54
9.48
10.98
8.93
8.98
8.51
9.53
9.51
8.96
9.00
8.52
9.55
9.05
9.66
9.03
9.11
9.58
9.15
9.67
9.07
10.19
9.19
9.18
9.18
9.70
10.25
9.79
9.38
9.94
10.37
9.71
10.19
9.13
9.39
9.96
10.37
10.91
9.72
10.14
10.90
9.40
9.13
9.47
8.83
8.48
9.15
9.70
10.21
10.54
10.10
10.60
8.78
9.53
10.11
8.89
8.50
9.19
9.46
9.25
9.59
8.91
8.50
9.22
9.35
9.76
9.34
10.23
9.46
9.74
10.24
10.80
8.54
11.44
10.26
11.20
9.08
10.60
9.99
9.55
11.64
8.74
10.07
10.54
11.75
11.61
10.33
10.54
10.65
10.22
9.85
9.47
8.94
9.60
10.16
10.73
10.29
9.90
9.49
8.70
9.03
8.93
9.56
10.56
10.68
11.23
11.57
9.84
10.29
9.09
10.62
10.93
11.88
9.89
10.16
10.34
9.41
10.89
11.24
10.41
10.85
11.58
11.24
8.70
10.44
9.73
10.21
9.00
8.47
8.72
9.45
9.96
9.95
11.16
9.40
10.24
10.56
11.41
10.64
9.39
9.95
9.16
9.72
10.19
9.81
8.38
10.92
9.73
10.25
10.31
10.30
11.13
9.85
9.41
9.01
8.53
8.09
9.07
8.57
10.60
9.85
9.24
9.60
10.09
11.03
11.43
9.95
10.52
10.46
10.78
9.42
10.68
11.03
11.56
11.37
10.72
10.29
10.15
10.65
10.97
11.55
11.35
10.13
10.76
8.86
10.96
9.45
9.92
10.38
9.35
9.85
8.69
8.77
9.28
9.74
10.26
10.78
10.97
8.99
9.60
9.67
10.18
10.59
11.20
10.35
9.63
11.17
9.80
10.05
10.56
8.82
9.19
9.67
10.62
9.82
9.40
11.12
8.68
10.61
9.68
10.14
9.75
9.04
8.48
8.69
9.47
10.32
10.68
10.08
9.75
9.75
10.31
10.68
8.48
8.70
9.40
8.81
9.40
9.42
9.97
10.11
9.47
10.60
10.25
10.81
9.75
8.70
10.23
9.76
9.33
8.60
8.76
9.52
9.12
9.92
9.42
11.38
9.43
8.61
8.95
9.40
11.02
8.13
8.57
9.95
10.47
8.60
9.10
9.68
9.17
10.99
8.23
8.75
8.60
9.99
10.41
9.96
11.33
10.92
10.01
9.45
9.68
9.40
10.49
10.96
8.63
9.61
10.10
10.16
8.93
10.65
10.61
10.06
9.77
9.84
10.06
9.40
10.16
9.73
9.21
9.06
10.03
9.48
8.38
9.52
10.60
10.47
10.20
9.64
9.65
10.33
9.82
10.12
10.69
9.78
9.22
9.41
11.17
8.64
9.80
9.90
9.00
9.60
10.17
9.08
9.67
10.20
10.73
9.93
11.03
9.01
9.55
9.02
10.39
10.44
10.04
10.57
11.10
11.50
9.75
9.41
10.08
10.65
10.62
11.15
11.52
11.12
11.01
10.52
8.58
10.07
10.74
11.15
11.03
10.14
10.39
9.11
11.15
9.78
10.93
9.56
9.03
9.84
10.39
11.16
10.29
11.19
9.57
9.85
10.30
11.12
10.34
8.68
11.13
10.60
9.17
11.44
10.10
10.87
9.80
10.31
9.25
9.15
9.80
10.28
10.73
11.05
9.88
10.37
9.81
9.40
9.40
9.24
8.95
8.79
8.48
9.46
9.96
9.51
9.34
9.95
10.52
9.41
10.96
10.63
9.03
8.55
10.42
11.22
11.56
9.15
9.06
9.60
10.06
9.10
9.62
10.17
10.24
9.09
8.74
9.71
9.10
8.75
9.63
10.07
10.54
10.82
9.82
8.76
10.82
9.17
10.10
9.41
9.88
8.87
9.66
10.58
11.16
10.04
9.75
9.81
10.32
10.78
11.15
11.34
9.95
10.53
9.79
9.44
9.16
8.69
9.30
9.80
9.92
9.45
10.32
10.74
10.20
10.69
11.15
9.83
10.34
10.78
9.19
8.69
9.30
9.69
10.20
10.70
11.16
11.33
8.90
9.97
9.51
11.09
10.38
8.73
11.07
9.71
10.01
10.47
9.97
8.96
11.34
9.54
9.79
10.34
10.52
10.78
9.95
10.42
11.32
10.01
9.59
8.87
10.06
9.60
9.68
8.59
9.34
9.80
10.13
11.05
9.15
9.41
9.71
9.39
9.93
9.77
8.33
9.39
9.40
10.20
10.39
10.60
10.42
11.65
10.46
10.52
10.09
10.93
10.93
11.30
11.59
10.45
10.90
10.38
9.92
10.89
11.24
11.55
9.21
11.20
9.75
10.05
10.12
10.60
9.92
10.13
10.68
9.95
10.43
10.88
11.38
10.06
10.64
9.97
10.45
10.89
11.38
11.21
10.04
10.61
11.40
10.56
10.88
9.94
9.41
11.00
10.47
9.41
8.63
9.05
10.97
9.59
10.11
10.40
8.70
9.69
9.19
10.26
9.62
10.19
8.71
9.70
9.19
9.09
10.28
11.24
10.24
11.25
8.71
9.69
10.24
9.36
9.84
10.25
10.18
9.81
9.41
10.34
10.98
8.63
10.60
10.90
11.34
10.36
9.95
11.31
10.15
10.60
10.70
10.75
11.22
11.44
11.00
9.93
10.44
9.23
9.40
9.82
10.29
10.02
9.50
8.56
8.93
10.58
11.02
9.24
9.82
10.28
10.01
9.49
8.57
8.94
10.58
11.01
9.28
9.84
9.98
8.59
9.01
9.89
10.44
10.04
9.55
10.36
8.69
11.24
9.91
10.32
9.41
8.40
8.97
9.96
9.55
8.84
9.21
9.78
10.07
10.59
10.81
9.05
11.00
10.59
11.03
11.46
11.82
9.42
10.75
9.29
9.81
10.41
10.34
11.32
9.08
8.63
9.41
9.95
10.44
10.86
10.20
8.87
9.47
9.96
9.11
10.17
9.61
10.61
10.60
11.81
11.72
8.59
8.59
11.21
9.12
9.31
9.46
9.99
10.89
9.81
10.32
8.64
10.98
10.66
10.34
9.90
9.81
9.24
9.42
9.51
10.60
11.23
9.13
8.60
10.60
9.55
10.01
9.54
10.13
10.51
9.92
9.62
9.40
9.15
10.60
8.78
9.17
8.40
10.24
10.58
9.86
9.36
10.39
10.83
11.28
9.24
9.81
9.15
10.30
10.82
9.60
8.86
9.91
9.31
9.35
9.85
10.38
10.56
9.93
10.24
9.83
9.97
9.56
9.44
8.17
8.42
8.75
9.19
10.27
9.93
8.65
9.01
9.15
9.66
10.14
9.67
9.40
10.23
10.66
10.91
8.66
8.24
9.15
9.62
10.07
9.12
9.67
8.65
8.24
9.15
9.63
10.09
9.15
9.69
8.67
8.24
9.16
9.64
10.09
9.14
8.59
9.70
8.76
8.60
10.04
9.99
10.53
10.80
11.20
10.58
10.48
10.90
11.56
9.40
9.51
10.20
9.78
10.39
10.82
10.63
11.09
11.53
11.36
10.33
10.80
10.12
10.66
11.10
11.53
11.33
8.94
9.54
8.76
8.44
10.74
10.17
10.60
11.08
9.04
9.62
9.96
9.52
8.79
11.32
11.76
9.84
10.21
11.09
11.26
10.59
11.74
10.05
10.47
9.62
9.97
10.39
10.89
10.33
9.98
9.39
9.96
10.45
11.53
11.81
10.10
10.89
10.30
9.91
10.64
10.14
10.06
10.56
11.06
11.54
10.61
10.09
10.52
11.02
11.51
11.11
9.41
10.04
9.39
9.96
9.89
10.30
10.59
8.57
10.33
11.28
11.76
11.37
9.88
10.60
10.63
10.63
11.14
11.21
10.58
10.22
10.13
9.63
10.16
9.24
9.61
8.80
9.71
10.03
10.51
10.04
10.51
11.06
11.07
9.99
10.46
8.83
10.99
10.12
9.40
9.58
8.99
10.89
8.71
8.26
8.73
9.23
9.54
10.11
10.91
8.77
9.72
10.24
10.59
9.51
9.07
9.85
10.31
10.90
10.74
11.18
10.31
9.91
11.14
10.06
10.53
9.69
10.19
8.95
9.12
9.53
10.04
9.84
10.35
9.23
9.64
9.95
10.49
11.04
10.02
9.46
10.56
9.35
9.81
9.09
9.40
9.93
10.49
9.49
9.07
9.61
10.08
10.66
8.77
9.43
9.13
9.65
10.17
10.70
10.58
9.43
9.99
10.52
9.86
9.32
9.49
9.11
8.58
8.78
9.98
10.48
10.87
11.36
11.06
9.93
10.46
9.65
9.29
9.90
10.22
10.61
9.41
9.95
10.89
10.53
11.32
9.65
9.36
10.16
10.54
9.39
9.07
8.68
9.93
10.84
10.51
11.31
11.08
8.88
10.16
10.47
9.65
9.47
11.26
9.37
8.70
9.80
10.40
10.24
9.45
9.90
10.46
10.86
11.12
9.79
10.37
9.49
9.29
9.90
10.44
10.79
11.09
9.76
10.34
10.43
9.57
9.81
10.35
11.16
10.58
10.87
11.32
10.17
10.62
9.83
11.26
10.30
9.74
9.39
8.82
9.09
9.78
11.22
9.31
9.40
9.61
10.08
10.07
10.23
10.70
9.63
8.73
10.03
10.58
9.38
9.38
11.20
10.03
10.52
9.80
10.57
9.57
9.87
8.79
10.37
10.60
10.35
10.83
10.60
11.35
9.30
9.40
11.07
9.07
9.57
10.48
9.92
8.94
10.10
9.47
9.97
10.49
10.88
10.10
10.62
9.95
9.71
9.18
9.37
10.23
10.82
9.92
9.55
9.14
9.22
10.04
8.56
10.60
9.71
9.14
10.25
10.79
11.17
9.97
9.41
10.20
9.65
10.31
8.46
10.01
9.50
10.09
10.63
8.68
9.18
9.68
10.12
9.51
9.26
10.25
10.59
10.97
11.47
9.40
9.42
9.98
8.89
8.78
9.30
9.77
10.34
9.92
8.90
8.79
9.32
9.78
10.31
9.93
10.29
9.40
10.46
11.02
9.17
9.72
8.48
8.87
9.34
8.49
8.87
9.40
9.40
9.37
9.79
8.57
8.99
9.17
9.68
10.14
9.09
10.16
9.66
9.42
9.32
9.89
10.42
10.62
10.96
10.03
9.83
9.37
9.90
10.44
10.60
9.26
11.24
9.81
10.10
11.02
10.60
9.86
10.42
9.83
10.38
10.94
9.13
9.46
9.41
9.88
10.38
11.19
10.44
10.92
9.99
8.83
11.16
9.41
9.72
9.84
10.42
9.56
10.13
8.86
9.21
8.86
9.21
9.69
10.09
10.44
10.97
10.58
11.53
11.40
8.65
8.89
9.02
9.66
8.88
11.10
9.48
9.55
10.05
8.62
9.04
9.30
9.81
10.33
10.89
11.10
11.34
9.44
9.94
10.51
9.71
10.23
8.61
9.09
9.35
9.74
10.18
10.77
11.32
8.91
9.42
9.71
10.23
9.56
10.91
9.93
10.35
9.04
9.64
8.82
9.12
10.23
10.66
11.11
9.15
9.69
10.13
10.60
11.48
10.93
10.33
10.16
10.16
11.03
9.87
9.85
9.04
9.68
9.39
10.18
10.59
9.84
10.41
9.05
9.71
9.41
10.06
10.56
10.90
9.79
10.38
9.05
9.72
9.42
10.08
10.58
10.89
9.82
10.40
9.05
9.75
9.45
10.12
10.57
10.86
10.93
11.28
9.89
10.47
10.07
9.07
11.20
9.40
9.72
10.67
10.59
9.16
9.75
10.11
10.60
10.49
9.60
11.32
8.62
10.00
9.27
10.45
10.28
10.74
11.18
9.10
9.64
10.13
9.06
8.53
8.93
9.61
9.70
10.58
9.04
11.52
10.95
9.82
8.93
9.49
9.96
10.50
10.94
11.06
9.79
10.36
11.04
10.25
10.62
10.98
9.89
10.24
10.28
10.60
9.02
11.20
10.60
9.42
9.68
9.17
11.04
11.46
11.13
8.55
9.97
8.99
8.81
10.53
10.74
11.32
11.08
9.57
9.99
10.60
8.87
9.99
9.46
10.15
10.57
8.63
10.76
10.66
10.18
11.56
9.02
9.99
9.54
10.16
9.15
8.64
8.80
9.66
9.54
10.03
10.13
9.14
8.61
8.83
9.63
9.55
10.04
9.13
8.60
8.84
9.61
9.06
10.97
9.65
9.98
9.47
9.17
8.59
9.67
10.04
10.54
11.09
10.96
10.01
9.49
10.38
8.59
9.19
8.89
9.68
11.06
9.15
9.98
9.70
10.28
8.97
10.92
9.93
10.60
10.81
11.23
10.32
9.89
10.14
9.34
10.43
11.02
10.21
8.78
9.75
11.25
10.81
11.66
9.85
9.44
9.55
10.13
9.19
8.80
9.69
10.21
10.75
9.49
10.02
10.52
9.29
8.77
9.77
10.86
11.35
10.28
11.17
9.00
9.60
10.97
10.38
9.91
9.63
9.29
9.43
9.96
9.36
9.33
8.99
10.48
9.89
10.94
9.16
10.25
9.75
10.43
9.93
10.78
10.63
9.70
9.98
9.99
9.37
11.11
11.36
9.77
9.37
10.30
10.42
8.91
9.95
11.00
10.16
9.72
9.06
10.05
10.60
9.90
9.12
9.39
9.59
10.50
9.99
9.83
10.42
10.72
10.12
9.00
9.56
9.20
10.45
10.98
9.09
9.63
11.14
9.77
11.03
9.94
10.48
10.79
10.19
9.92
10.49
10.41
10.90
11.08
9.43
8.46
10.08
9.05
9.67
9.76
8.75
9.41
9.94
10.95
9.50
9.86
10.41
9.75
10.94
8.98
9.51
9.81
10.37
11.17
9.80
9.68
10.12
9.64
9.30
10.49
9.28
9.40
8.82
8.40
9.33
9.32
8.44
8.93
9.45
8.99
9.55
10.11
9.63
9.77
10.05
10.58
9.68
9.80
11.23
9.40
9.92
10.50
11.07
11.42
11.19
10.48
10.60
10.30
8.83
11.43
9.79
9.42
8.66
9.93
9.73
9.51
9.64
10.13
9.22
9.08
8.85
9.65
9.78
9.09
8.85
9.68
10.26
9.84
9.68
10.17
10.58
11.59
9.12
8.79
9.22
9.77
10.14
9.97
9.46
9.40
10.04
10.49
8.71
8.20
8.41
9.19
9.77
10.29
10.65
11.12
9.54
9.02
10.95
8.74
8.22
8.42
9.20
9.76
9.53
10.06
10.40
8.74
8.99
9.24
10.06
9.57
11.11
9.89
8.77
10.03
9.45
9.98
10.15
10.51
10.95
9.78
10.12
10.58
8.99
9.92
11.21
10.05
10.58
11.31
9.84
10.16
9.08
9.80
11.02
10.44
9.90
9.58
10.34
9.40
9.54
11.27
8.57
9.87
9.73
9.74
9.37
9.96
9.40
8.34
9.54
8.97
9.11
8.59
8.38
9.51
9.75
10.10
10.59
10.26
10.84
10.14
9.37
10.46
10.98
8.95
8.50
9.55
9.97
10.75
11.16
11.40
9.78
11.07
8.97
9.55
10.01
10.48
10.23
10.76
9.25
8.68
8.97
9.84
10.40
10.91
11.35
11.49
11.08
9.99
10.43
10.50
11.32
10.81
9.88
10.37
11.29
9.25
9.40
9.28
8.91
8.55
9.78
10.34
11.12
9.10
10.61
9.65
10.17
11.09
9.82
9.26
8.57
8.69
9.32
9.63
9.09
8.57
8.77
9.97
10.05
9.90
10.45
10.79
10.59
10.05
9.29
9.70
10.69
11.10
11.42
9.92
8.90
10.00
10.59
9.41
10.71
10.82
8.51
9.02
9.74
9.63
10.31
9.68
11.64
10.38
10.61
9.71
9.85
9.40
9.39
8.85
8.85
8.90
10.95
8.19
8.93
8.61
8.45
9.65
10.16
10.58
9.39
10.50
9.98
9.87
9.31
10.31
8.48
9.00
10.62
11.03
9.15
10.24
9.68
9.84
10.39
10.59
10.61
9.83
10.55
9.40
9.94
10.22
10.77
8.82
9.95
9.40
10.28
8.92
10.53
10.74
9.08
9.67
10.16
10.61
9.70
10.29
8.74
9.31
8.36
8.57
9.90
10.60
10.92
9.41
9.86
10.32
11.06
9.97
10.48
9.00
10.27
10.82
11.33
11.20
10.53
10.26
10.81
11.33
11.20
11.02
10.47
10.07
10.22
9.54
9.99
10.54
11.24
10.72
9.74
10.28
10.43
10.05
9.64
9.36
8.90
8.91
9.82
10.21
9.91
9.44
8.47
9.62
8.83
10.15
10.59
10.24
9.87
10.78
10.23
11.32
11.23
9.65
9.43
9.74
8.64
10.88
9.86
10.34
10.05
11.28
10.56
10.59
9.86
10.25
11.75
9.04
8.67
9.08
9.56
10.09
10.57
9.87
10.28
9.06
8.65
9.13
9.58
10.09
10.56
10.21
9.73
8.63
9.23
9.41
8.81
9.97
10.65
9.66
10.61
11.43
9.30
8.95
8.53
10.03
10.50
9.95
10.51
11.35
11.01
10.47
8.55
8.08
9.21
8.68
9.78
10.21
10.49
10.44
10.96
10.79
11.13
9.80
10.36
9.81
10.31
10.73
10.13
9.82
10.31
10.72
10.00
10.53
11.28
10.46
10.16
9.89
9.15
9.68
9.41
9.25
9.13
9.64
10.13
10.23
9.34
9.77
10.15
10.60
11.03
8.34
9.82
10.21
9.31
8.34
8.75
8.20
9.40
9.70
10.24
10.60
10.99
11.18
9.23
8.73
9.67
10.13
8.80
10.31
10.74
10.79
11.07
10.06
9.22
10.59
10.69
9.60
10.56
11.40
11.05
9.66
10.19
9.71
8.81
9.17
9.00
10.56
10.25
9.72
9.50
10.08
9.70
8.80
9.16
9.02
10.23
10.56
11.36
10.98
9.79
10.36
9.70
8.78
9.16
9.02
10.23
10.54
11.35
10.96
10.91
9.83
10.38
9.82
8.78
9.26
9.06
10.37
9.83
10.24
11.30
9.37
9.18
8.94
9.27
9.35
9.86
10.37
8.16
10.37
10.09
10.65
10.99
10.60
10.42
10.04
8.90
10.44
9.94
9.50
9.41
11.68
8.68
11.14
11.29
10.60
8.87
10.01
11.03
10.45
11.49
9.71
10.27
10.44
9.41
9.91
9.80
10.25
9.38
9.82
9.42
9.47
10.05
9.11
9.64
8.71
10.79
10.23
9.42
10.00
9.14
9.67
8.72
10.77
10.23
10.13
9.27
9.75
8.75
9.01
10.56
10.30
9.61
10.19
8.76
10.31
10.65
10.99
9.16
11.41
9.71
9.98
8.96
10.21
10.60
10.64
9.90
10.36
9.27
8.91
8.57
8.80
9.52
9.30
9.39
10.07
10.33
11.31
10.59
8.69
8.95
9.45
10.66
8.99
10.96
11.47
9.57
9.94
10.57
9.60
9.44
10.48
11.42
9.99
9.78
10.90
9.40
8.91
10.30
9.89
10.27
8.96
10.62
10.28
9.71
9.76
9.39
11.28
9.43
8.93
10.64
10.05
9.57
9.94
10.41
10.55
9.13
9.72
9.09
10.30
10.77
9.15
9.21
8.81
9.71
10.25
10.84
11.17
11.11
11.15
9.65
10.17
10.56
9.58
9.11
9.19
8.81
9.14
9.68
10.22
10.79
11.10
10.56
10.27
9.70
10.72
11.09
8.81
10.47
8.81
10.69
11.07
10.46
10.65
11.04
9.08
10.43
10.22
9.64
10.16
10.95
9.72
9.41
9.97
10.19
8.51
8.54
8.42
9.04
9.60
9.38
9.94
8.51
8.57
8.44
9.07
10.06
10.26
9.69
8.67
10.70
10.20
9.75
9.63
9.40
9.03
8.62
10.54
9.55
10.12
9.14
8.52
9.19
9.14
9.58
10.12
10.06
9.12
8.66
9.62
10.18
10.67
10.88
9.63
10.20
8.64
9.63
9.18
10.17
10.67
10.89
9.64
10.17
10.59
8.65
8.64
9.61
11.20
10.79
10.58
11.41
10.21
10.79
10.88
10.30
10.82
11.35
11.32
11.71
10.27
11.27
9.91
9.70
10.24
9.43
9.76
9.09
10.35
10.80
10.76
10.14
9.40
9.87
10.58
11.12
8.79
10.01
10.54
9.74
11.05
10.23
9.92
10.48
9.73
9.39
9.04
9.17
9.85
10.37
10.85
11.34
10.98
9.85
10.37
11.32
9.21
9.42
9.38
9.56
10.08
8.63
9.60
9.28
9.03
9.68
10.26
11.18
9.00
10.59
9.75
9.54
10.14
8.69
10.59
10.07
10.62
11.18
10.98
11.51
9.92
10.38
10.53
11.00
10.59
9.13
10.22
9.70
8.83
11.22
10.13
10.60
10.00
10.54
9.37
10.30
9.89
10.77
10.11
10.65
9.43
10.29
9.94
10.75
11.16
11.37
10.28
9.72
9.54
9.39
9.72
8.99
10.13
10.59
11.09
9.80
10.15
9.56
10.67
9.39
9.70
8.85
10.10
10.56
11.08
11.42
9.56
10.14
10.65
9.40
9.69
8.85
10.06
10.53
11.05
11.42
8.98
11.03
9.56
9.89
10.47
10.25
10.83
9.92
10.48
11.05
11.39
11.57
9.64
10.23
10.78
9.33
9.63
9.01
10.18
11.06
11.38
11.58
10.75
11.05
11.37
11.57
10.71
11.04
11.36
11.57
10.55
9.91
9.42
10.91
9.85
10.37
8.68
9.69
8.68
9.80
10.27
9.69
9.20
9.40
9.42
9.19
9.65
10.11
10.60
8.67
11.42
10.25
10.82
10.20
11.73
9.18
10.22
9.02
9.57
9.81
10.27
9.80
10.18
10.69
11.35
11.03
10.82
11.58
9.76
10.21
8.76
10.12
9.91
10.13
10.53
10.92
10.04
10.60
9.12
10.05
9.69
9.00
8.70
11.18
9.29
9.06
10.12
10.58
11.12
10.51
9.76
10.34
9.79
9.20
8.79
9.07
10.33
10.65
10.18
9.85
9.82
9.23
8.81
9.09
10.34
10.64
11.29
10.17
9.91
9.87
10.38
10.67
9.41
9.89
10.44
8.73
10.77
11.25
9.89
10.29
9.77
9.70
9.14
11.18
9.81
9.24
9.40
9.79
10.25
8.72
10.59
10.17
11.28
10.10
10.60
10.47
9.16
10.30
9.73
10.16
10.68
9.90
10.42
10.82
11.35
8.95
11.18
10.03
10.57
11.32
10.33
9.84
9.40
9.59
10.90
9.72
10.31
11.12
8.86
9.88
9.44
9.04
8.52
9.48
8.70
10.19
9.68
9.26
10.27
10.87
9.76
9.07
10.17
9.63
10.95
10.63
10.41
9.13
9.71
10.28
11.16
9.75
9.07
10.57
10.10
10.52
9.69
10.28
10.08
9.53
9.27
10.66
11.24
8.79
9.89
10.89
9.30
10.29
9.44
10.02
9.85
9.45
10.21
9.41
9.82
8.84
10.74
10.36
10.85
9.74
10.27
10.22
9.81
9.29
10.02
10.59
8.88
11.10
9.61
10.55
10.01
10.81
10.81
9.77
10.25
10.97
9.37
9.80
10.26
11.04
10.60
9.92
11.02
11.50
9.40
9.96
10.09
10.06
10.61
10.95
11.18
11.00
11.50
11.70
9.93
10.42
9.36
9.93
8.59
10.90
9.79
10.31
9.66
11.20
10.73
9.24
9.12
9.65
10.22
9.64
9.04
9.57
9.71
10.03
9.84
9.32
10.35
10.79
9.71
10.06
9.84
9.32
10.35
10.79
9.72
10.08
10.39
9.29
8.79
11.13
10.60
11.48
10.93
9.70
10.05
10.32
10.27
11.04
9.91
10.60
8.96
9.36
10.40
9.41
9.89
10.26
11.22
10.60
10.61
10.09
8.68
11.17
9.73
10.02
10.56
10.58
8.44
9.39
8.97
8.69
9.62
9.80
10.10
8.45
8.71
11.47
9.41
9.59
9.81
9.39
9.45
9.97
8.54
10.72
9.94
10.05
10.60
9.02
9.53
10.55
9.68
11.45
10.30
10.87
11.69
10.80
11.16
10.64
9.92
10.04
10.58
9.46
10.41
10.03
10.76
9.96
10.55
9.48
9.38
10.33
11.53
9.54
10.12
11.37
8.73
9.53
10.02
10.03
10.61
9.82
10.33
9.70
9.09
9.97
10.42
9.96
10.49
10.91
11.07
10.46
9.89
9.98
9.12
9.22
10.11
9.63
9.90
9.98
9.28
9.41
8.26
10.10
8.68
9.17
11.14
9.05
10.11
9.59
10.60
8.54
9.15
8.78
9.53
9.73
9.13
9.16
8.78
9.70
10.14
9.61
9.20
8.80
9.62
9.74
9.10
9.66
10.11
9.23
8.80
11.14
9.09
9.60
10.13
9.27
8.90
9.84
10.77
10.43
10.04
9.90
10.79
10.46
10.03
10.59
9.12
9.71
9.94
9.51
11.07
8.97
8.67
8.99
9.47
9.99
10.48
9.99
10.45
10.78
11.24
11.05
9.86
10.42
9.10
9.63
9.90
10.38
9.82
10.15
11.22
9.18
8.80
9.23
9.40
9.19
10.88
8.85
8.45
9.87
10.28
8.91
9.83
9.52
10.27
10.63
10.75
10.60
10.60
9.83
10.33
10.58
10.91
10.78
11.78
9.11
10.37
10.28
9.70
9.70
8.85
11.15
10.12
10.55
10.65
11.50
11.01
10.70
11.20
10.91
9.85
10.33
11.20
9.92
9.41
10.81
10.46
9.38
8.98
8.65
9.34
10.42
9.87
11.07
10.38
11.06
10.63
9.83
10.32
9.56
9.05
8.68
9.60
9.63
9.20
8.75
9.06
9.89
9.65
10.22
9.67
11.21
11.00
10.22
10.79
10.18
9.77
8.80
11.24
10.84
10.60
10.54
10.24
9.73
11.29
9.34
9.68
10.24
10.58
8.66
9.84
11.19
9.90
10.60
10.25
9.41
9.76
10.29
10.54
9.84
9.26
9.30
11.18
10.36
9.84
9.68
10.47
8.81
10.11
11.18
9.69
10.60
9.26
9.04
10.71
10.16
9.99
9.40
10.44
11.40
9.04
10.96
9.87
9.58
8.70
8.34
10.38
11.15
9.83
10.30
10.81
10.09
9.73
10.73
10.68
10.01
10.44
10.99
11.37
10.00
10.42
10.98
11.38
11.09
9.95
9.92
9.39
10.42
10.28
9.98
9.48
8.94
11.08
9.67
10.24
10.71
9.77
9.21
9.63
9.84
10.14
10.56
9.95
9.78
10.40
10.66
11.54
11.65
8.93
9.43
9.28
8.49
8.91
8.83
9.70
9.44
9.51
11.14
9.95
9.60
8.54
10.47
10.52
9.36
9.73
10.25
9.45
9.13
9.96
10.98
9.50
9.87
9.69
10.91
10.32
10.75
11.21
10.85
9.82
10.37
9.41
9.30
9.93
9.48
10.01
10.24
9.06
8.57
9.01
9.70
9.28
10.17
10.39
10.53
11.03
10.21
9.11
8.59
9.02
9.72
9.31
10.20
10.38
10.50
11.02
10.18
9.12
9.03
9.73
9.31
10.20
10.37
10.50
11.02
10.20
9.60
10.22
11.02
10.33
10.20
10.86
10.56
11.61
9.86
10.26
9.84
8.80
9.41
9.41
9.71
8.60
9.20
8.99
9.72
9.48
9.78
9.51
9.10
10.97
8.65
9.19
9.55
9.82
10.13
9.22
9.64
10.15
9.41
9.89
8.31
10.95
10.11
10.97
10.96
10.21
8.95
9.54
8.74
9.23
10.58
9.48
10.16
10.05
10.63
9.28
9.76
8.70
9.24
9.71
8.74
11.46
10.10
10.98
9.08
10.17
9.67
8.86
10.23
9.98
9.59
8.77
8.94
9.87
9.31
9.66
8.76
8.95
9.88
9.33
9.40
9.77
10.60
8.68
10.10
10.67
11.31
10.42
10.76
10.25
9.82
9.42
10.15
9.86
10.44
10.85
8.85
9.45
9.58
9.11
10.06
9.50
8.52
9.06
10.05
10.23
10.69
8.61
9.57
9.73
10.23
11.07
10.24
8.98
9.73
9.53
10.11
9.95
9.38
10.58
9.71
9.38
9.86
8.45
11.22
9.03
9.40
9.51
9.93
10.18
9.30
9.86
10.32
10.84
9.70
10.10
9.27
8.76
10.82
8.16
8.25
8.69
10.09
10.60
11.14
9.85
10.24
10.55
11.28
9.42
9.55
9.99
8.93
8.82
9.40
9.82
10.31
9.63
9.69
10.28
10.43
11.40
9.91
11.08
9.40
10.60
9.73
8.58
9.25
9.11
8.70
8.34
8.58
10.09
10.91
10.32
10.47
11.02
10.99
10.74
11.14
11.43
11.86
10.01
10.51
10.72
9.41
10.27
9.96
10.62
11.01
11.32
11.84
9.51
9.39
10.10
8.41
10.15
10.61
9.36
9.84
10.34
10.65
10.51
10.92
11.35
10.28
10.61
10.69
11.28
10.05
9.52
8.63
10.03
10.24
9.78
10.16
10.12
10.58
10.52
10.18
11.21
9.81
9.91
10.41
10.60
9.39
11.33
9.87
8.73
11.08
10.49
10.81
11.33
9.92
10.45
9.59
9.39
9.38
9.93
10.90
9.79
8.75
8.92
10.30
9.69
10.26
9.48
8.90
10.96
9.12
10.19
9.73
9.63
10.13
10.10
10.60
10.69
10.52
9.15
9.40
9.77
9.20
10.27
10.81
9.31
9.63
8.99
11.00
10.15
10.74
9.74
9.08
10.13
10.60
9.92
10.11
9.66
9.22
9.37
11.13
10.56
11.06
10.17
10.53
9.80
8.86
9.31
10.80
11.04
9.83
10.35
9.40
9.74
11.01
8.52
8.99
9.50
10.01
9.07
11.03
11.19
10.16
10.60
9.72
10.09
8.71
8.20
8.52
9.61
10.14
10.60
9.74
10.09
10.59
9.96
10.44
10.89
11.43
11.21
10.09
10.56
9.91
10.40
10.85
11.17
10.08
10.52
9.93
10.39
10.84
11.15
10.99
9.97
10.37
9.90
11.17
10.60
10.35
11.49
9.75
10.95
9.89
10.36
9.82
10.35
9.48
9.00
9.92
10.40
10.80
11.21
11.47
11.73
9.80
10.28
10.79
9.01
10.37
11.44
10.03
10.88
9.85
9.90
10.27
9.40
10.90
10.06
8.81
10.80
9.81
10.34
9.77
9.22
9.40
9.82
9.71
10.17
10.59
10.58
8.77
10.20
10.58
11.37
10.29
10.81
9.14
9.67
10.06
8.87
10.95
9.71
10.11
10.35
10.49
10.30
10.68
11.05
11.52
11.04
10.36
10.31
10.67
11.04
11.51
11.03
9.87
9.90
9.12
9.41
9.40
9.45
9.14
9.70
10.16
8.85
8.47
9.19
9.58
10.14
8.83
10.60
10.72
9.83
10.25
11.76
9.05
8.54
8.84
9.43
9.73
10.52
10.19
9.92
10.35
8.53
9.43
10.35
10.63
10.15
9.75
11.14
10.28
8.97
9.50
10.06
10.90
10.30
9.78
10.32
9.19
9.60
10.12
10.63
11.02
10.24
10.03
9.53
10.12
8.79
9.24
9.56
10.02
10.50
11.02
9.59
10.18
8.79
9.02
9.25
9.56
10.02
10.50
11.02
10.18
9.63
9.55
8.78
9.25
9.13
10.17
9.67
10.27
10.76
11.18
10.79
10.13
10.76
11.24
11.50
10.77
11.18
10.69
10.58
10.60
11.02
10.74
11.77
10.43
10.99
11.33
9.72
10.23
8.77
9.24
9.63
10.11
10.57
10.95
11.31
10.37
10.10
10.55
10.93
11.31
10.15
8.95
9.40
10.58
11.74
9.01
9.55
10.11
8.79
8.39
9.32
9.90
9.01
9.55
10.13
8.79
8.38
9.30
9.89
10.42
9.06
9.64
10.20
11.11
8.75
8.33
10.57
10.18
9.79
10.01
10.52
10.42
9.94
10.66
11.16
9.98
10.46
10.64
9.51
10.44
9.94
11.29
10.95
11.14
11.01
9.90
10.41
8.85
9.44
8.99
9.54
10.52
10.02
11.30
10.99
9.82
9.26
10.28
9.35
8.25
9.78
10.32
10.09
9.61
10.52
11.02
10.60
9.69
10.27
10.80
11.43
10.75
10.17
11.35
8.84
9.81
9.95
10.51
10.38
10.74
11.21
9.86
10.07
11.11
9.07
10.60
11.50
10.40
10.13
10.63
11.10
11.49
11.66
10.90
10.31
10.70
11.09
9.40
10.34
9.99
8.99
8.59
9.92
9.48
10.17
10.67
11.08
10.17
8.86
9.87
9.45
11.05
9.46
8.65
9.43
9.82
9.02
9.54
10.09
10.55
11.01
10.64
11.12
8.98
10.07
9.54
10.54
9.77
9.25
8.89
11.06
10.45
9.76
10.27
10.61
10.46
10.97
11.39
11.18
8.98
10.30
9.88
9.43
10.70
11.04
9.23
8.66
8.84
9.45
8.66
8.85
10.29
9.72
9.60
9.98
10.97
8.79
9.51
10.39
9.88
10.60
11.15
10.55
9.77
10.25
10.75
11.28
9.86
10.37
9.85
10.28
9.78
9.01
9.23
9.41
9.94
10.88
9.51
10.06
10.63
10.05
9.61
10.29
10.82
9.18
9.53
10.11
10.66
11.12
10.94
9.78
9.16
9.51
10.08
10.63
11.13
10.94
9.78
10.36
11.14
9.13
9.50
9.37
9.92
8.77
9.36
9.94
10.09
9.91
9.42
8.91
10.40
10.83
10.65
9.93
10.41
9.30
9.85
8.85
9.35
9.90
8.64
8.85
9.62
9.06
10.15
9.38
9.95
8.63
8.85
9.05
9.50
9.41
8.11
9.50
10.02
10.22
8.64
8.63
10.55
9.42
9.25
10.58
11.39
8.92
10.90
10.86
8.80
9.77
10.33
8.88
9.47
9.56
10.08
10.60
9.95
10.17
10.05
10.44
10.55
10.88
9.09
11.61
10.56
10.15
10.30
9.29
9.09
9.74
10.10
9.79
10.28
10.34
10.62
11.41
10.06
11.41
9.40
10.51
8.67
9.69
10.19
9.26
9.54
10.45
10.15
11.07
8.71
9.10
10.56
9.59
10.08
8.95
8.47
9.23
9.78
9.18
9.68
8.95
8.48
9.23
9.79
8.75
10.10
9.43
10.01
8.67
9.03
9.57
8.93
9.53
8.61
8.95
9.49
9.07
10.16
9.64
8.66
9.07
9.81
9.44
10.37
10.66
11.18
10.86
9.11
10.16
10.49
9.67
10.57
10.06
9.55
10.09
8.78
9.48
9.07
9.66
8.77
9.49
9.08
11.19
9.82
8.80
9.94
10.41
10.58
9.40
8.33
10.57
11.36
9.94
8.96
9.72
9.55
9.42
10.09
9.89
8.86
9.41
9.95
10.25
10.75
11.22
9.74
8.94
10.25
10.08
9.83
8.72
9.23
9.13
9.74
10.31
9.98
9.41
9.18
9.71
8.44
8.79
9.63
9.31
10.16
10.21
10.83
9.77
9.69
9.28
10.28
10.32
8.54
9.09
9.47
8.76
10.07
10.64
10.95
10.24
9.82
9.40
10.06
9.41
9.68
9.17
10.95
10.58
10.27
10.87
8.68
10.67
9.82
10.38
10.69
11.56
9.37
10.98
10.74
10.42
11.37
11.00
11.54
10.11
9.83
10.39
9.46
10.76
9.74
10.13
10.43
9.01
9.83
9.47
10.39
9.92
10.24
9.08
11.19
9.68
9.09
9.40
9.62
8.51
9.80
9.71
10.05
10.94
10.60
9.62
10.94
11.20
11.60
10.28
10.77
10.93
9.67
10.62
10.56
11.56
10.18
9.78
9.26
9.40
8.57
9.93
10.16
10.63
10.75
10.04
9.77
10.26
10.79
11.10
10.41
9.28
9.82
10.96
11.24
9.99
10.42
9.31
9.39
9.89
9.48
10.55
11.52
9.03
8.58
11.01
9.08
9.40
9.02
8.62
8.27
9.94
10.27
10.90
9.92
10.07
10.85
10.52
9.73
10.60
10.21
11.15
9.17
10.55
10.10
9.79
10.33
10.38
10.19
9.68
9.20
11.19
10.71
9.89
10.47
10.21
9.70
9.19
11.19
10.71
11.03
9.91
9.35
10.47
10.95
8.87
10.42
9.94
9.45
10.03
9.91
9.45
9.40
10.02
10.37
9.41
9.73
8.72
10.46
9.93
9.60
10.59
9.86
9.32
9.26
9.24
10.19
10.58
9.87
9.29
9.07
10.72
9.39
9.97
10.56
9.52
8.99
10.06
10.42
9.24
9.83
10.36
10.43
9.69
10.23
9.27
9.17
9.81
10.36
10.95
9.66
10.21
11.15
9.27
9.41
8.58
9.85
10.23
9.51
8.59
8.38
9.16
8.98
9.71
9.59
9.17
8.98
9.72
10.12
10.16
10.60
10.68
10.99
11.49
9.87
10.42
9.93
9.93
9.40
9.43
9.03
10.33
10.00
9.85
9.37
9.40
9.89
10.85
10.28
10.73
11.06
8.83
9.96
8.51
9.42
10.20
10.67
11.10
10.24
9.74
9.01
9.83
9.48
10.42
10.81
11.31
11.01
8.88
9.48
9.84
10.29
9.90
10.30
9.88
10.25
10.81
10.99
8.95
10.08
9.53
8.63
9.73
9.53
10.07
10.59
10.05
9.63
10.17
11.29
9.17
9.68
10.22
8.79
10.08
10.59
9.42
9.96
11.22
9.37
9.51
9.40
10.18
9.02
10.48
10.87
11.42
11.20
8.84
8.32
8.46
9.34
9.02
9.90
9.69
8.30
8.29
10.05
10.60
9.51
10.08
9.18
9.07
8.57
8.35
8.62
11.12
9.99
10.06
10.54
11.33
10.57
11.03
10.44
9.89
10.26
11.18
9.42
9.21
9.79
9.00
8.94
8.53
8.14
9.36
9.87
9.42
8.98
8.56
8.15
9.39
9.92
10.23
9.81
11.07
9.42
9.47
8.74
9.76
10.28
11.05
9.81
9.41
8.60
9.29
9.32
9.83
10.35
10.57
11.49
11.60
9.80
10.37
8.97
8.66
9.40
9.82
10.30
10.87
10.27
10.83
9.05
10.00
9.29
8.78
9.05
9.71
10.30
9.65
10.08
8.79
10.15
10.13
10.65
9.60
10.03
10.54
11.05
11.35
10.62
10.97
10.60
10.30
9.63
9.68
9.67
9.81
10.38
10.76
9.29
9.69
10.26
10.77
11.28
11.15
11.62
9.76
10.32
9.28
9.67
10.22
10.72
11.27
11.10
11.61
9.40
8.69
9.78
10.18
10.60
11.37
10.71
9.81
10.26
8.78
9.34
9.85
10.22
10.74
9.73
10.21
8.78
10.20
10.33
10.72
11.20
10.18
10.33
10.72
11.20
10.10
11.16
9.27
9.40
10.36
10.66
9.00
8.55
8.83
9.40
9.54
9.87
10.09
10.60
8.60
10.16
10.61
9.57
10.74
11.36
10.39
9.06
9.59
11.05
9.92
10.32
10.48
9.91
9.64
10.44
11.20
9.77
9.39
10.91
10.41
9.92
8.51
9.07
9.68
10.89
9.87
10.29
9.07
10.77
10.34
10.98
11.29
9.80
10.21
9.86
10.38
9.40
9.41
9.90
9.23
8.67
9.06
8.87
8.88
10.62
10.29
10.83
9.59
10.05
10.62
9.37
9.22
9.96
10.50
10.32
11.02
9.40
9.36
9.92
9.47
9.03
8.62
10.06
10.55
9.48
9.74
10.60
10.20
9.39
8.60
10.17
11.21
10.76
10.60
9.01
9.61
10.01
10.95
11.27
9.07
9.66
11.06
9.99
8.93
10.44
9.77
10.32
10.12
9.09
10.77
9.53
10.01
10.14
9.46
10.70
10.55
11.24
9.81
9.54
9.02
9.24
10.05
10.99
10.64
9.07
9.76
10.32
10.42
9.20
10.25
10.49
11.34
10.08
9.73
10.21
8.92
9.56
9.33
10.07
10.59
10.84
9.40
9.27
9.79
10.28
8.94
8.60
9.56
9.43
10.05
10.58
10.86
9.23
9.78
8.96
8.61
9.57
9.46
10.02
10.58
10.86
9.29
9.84
10.20
8.99
8.62
9.56
9.50
10.04
10.56
10.85
9.87
9.32
9.56
10.13
10.67
10.58
9.12
8.66
8.81
10.60
9.41
9.15
8.63
8.83
9.44
9.21
9.75
11.17
11.09
10.49
9.57
10.02
10.57
9.30
9.82
10.34
10.86
11.32
9.55
9.97
10.54
8.55
11.31
9.60
9.31
10.71
8.77
9.40
8.29
9.80
10.27
9.35
9.75
10.27
10.55
9.87
10.28
9.38
8.86
8.76
9.25
9.46
9.43
9.16
9.96
8.88
9.79
10.11
10.58
11.22
9.41
8.48
8.46
10.07
10.60
9.57
10.13
10.86
11.22
10.32
10.20
9.79
10.19
10.39
10.90
11.19
9.22
10.09
10.59
9.85
9.30
9.74
9.79
10.22
10.78
9.30
9.73
10.11
10.65
11.20
11.38
9.87
10.28
10.80
10.13
10.66
11.20
11.38
10.15
10.73
10.24
11.12
11.26
9.56
9.41
10.09
10.64
8.72
8.30
10.73
11.10
11.26
8.56
10.24
9.65
10.11
10.27
9.89
10.13
9.72
9.15
9.43
9.26
8.55
9.58
10.01
10.20
10.41
10.33
10.66
10.15
11.29
10.19
10.19
11.09
9.05
10.07
9.63
8.86
9.46
9.05
8.61
8.87
9.53
9.55
9.04
8.60
8.87
9.53
10.58
9.65
8.97
9.43
10.00
10.89
11.30
10.33
11.09
9.77
10.47
10.05
10.74
10.49
11.08
11.05
11.51
10.48
10.74
10.09
9.62
10.94
9.26
9.07
10.21
9.76
11.61
10.41
9.89
9.45
9.12
9.97
10.56
11.10
11.36
10.46
9.92
11.02
11.32
9.41
8.67
10.98
9.92
10.43
9.61
11.29
9.27
8.40
10.53
10.95
8.72
10.38
10.19
11.14
9.89
9.40
9.42
8.86
8.60
9.27
9.07
10.20
9.65
11.10
9.59
9.95
10.41
10.21
10.75
11.02
9.63
9.18
8.78
10.59
10.02
9.76
9.30
8.90
9.89
9.84
11.26
9.25
8.84
10.09
9.90
10.29
10.59
10.83
9.40
8.94
10.16
9.82
10.65
11.18
11.46
9.91
9.41
8.94
9.84
9.87
10.25
10.80
9.40
8.94
10.15
9.83
10.62
11.15
11.44
9.97
8.96
9.40
10.13
10.71
10.14
8.58
9.77
10.08
10.35
10.90
11.08
11.55
9.05
11.36
10.54
9.92
10.25
9.38
9.01
9.40
9.92
10.42
10.77
9.71
10.13
9.35
9.04
9.88
10.37
10.74
9.24
9.69
10.11
9.34
9.04
8.61
9.87
10.36
10.73
10.03
10.60
9.81
8.65
9.46
11.68
9.32
9.15
9.82
8.86
9.97
9.21
8.67
9.76
8.86
10.25
9.48
10.05
10.56
10.77
11.22
8.66
11.08
8.65
10.10
10.48
11.17
10.24
8.99
10.13
9.58
9.64
8.74
9.78
10.24
10.79
11.18
10.82
10.60
10.51
11.10
11.44
11.23
9.16
9.68
10.21
9.73
9.97
10.49
10.59
10.55
9.71
9.35
8.92
9.41
11.39
9.65
9.28
10.13
10.71
8.63
11.23
10.72
10.24
8.97
10.08
9.54
10.34
9.76
9.21
8.95
9.02
9.96
10.47
10.88
10.38
9.48
9.28
10.10
10.43
9.13
10.87
9.80
9.11
10.63
10.09
9.85
9.38
8.68
9.04
10.14
10.61
10.10
8.99
9.90
9.59
10.70
10.44
9.92
10.96
10.49
10.03
10.30
10.41
10.59
9.87
10.35
10.84
11.59
10.34
9.83
9.25
9.88
9.40
10.29
10.37
10.95
8.74
9.40
10.22
9.34
9.89
9.84
8.82
9.74
10.31
8.85
10.32
10.60
11.43
10.92
9.80
10.35
10.03
9.54
9.88
10.41
10.10
9.62
9.81
9.15
8.92
9.11
9.65
10.15
10.14
11.07
10.75
9.93
9.42
8.53
9.09
9.99
10.26
9.67
8.81
10.38
9.86
9.87
9.09
9.36
9.41
9.67
10.16
10.33
10.77
10.84
9.36
9.89
10.32
8.72
9.11
10.14
10.86
9.60
8.75
10.10
9.62
10.08
10.60
8.78
9.00
9.37
8.47
9.33
9.76
10.32
9.69
9.63
10.16
8.78
9.33
9.00
8.47
9.76
10.33
10.69
11.18
11.55
10.89
9.85
10.30
11.08
11.42
9.43
10.35
11.36
8.82
10.60
9.97
9.41
9.88
10.21
10.73
10.09
11.10
10.64
11.52
11.23
10.05
10.62
8.91
11.54
9.48
9.78
10.08
9.99
10.50
8.72
9.59
9.82
10.38
9.98
9.63
10.44
11.03
9.83
10.39
10.75
10.36
10.93
9.15
9.74
10.01
8.91
9.69
10.23
10.11
10.60
9.82
9.63
9.17
11.62
9.90
9.60
9.11
11.03
9.95
10.48
9.69
10.09
9.42
8.84
9.10
9.82
9.69
10.09
9.43
8.84
9.10
9.80
9.78
10.19
9.42
9.55
9.20
8.79
10.98
10.60
9.87
10.39
10.58
11.14
9.48
10.26
10.84
10.23
9.63
9.99
11.48
9.43
9.83
11.38
8.55
8.60
9.17
9.72
10.25
10.71
9.66
9.11
9.19
10.14
10.59
11.69
11.31
11.14
9.91
10.02
10.56
9.68
9.12
10.08
10.48
11.23
11.00
9.35
9.40
9.92
10.48
10.07
11.21
10.94
9.79
9.22
8.83
9.02
8.59
8.85
9.54
9.98
10.32
9.43
9.83
9.55
9.02
8.23
9.12
8.72
8.47
9.51
9.88
10.17
9.59
10.07
9.28
8.87
9.84
10.58
9.14
9.37
8.91
9.88
11.64
9.13
9.14
9.15
9.70
10.11
10.63
11.87
11.62
9.49
9.99
8.80
9.35
9.85
8.93
10.17
9.70
10.33
11.21
9.43
9.78
8.69
9.86
9.17
9.58
9.65
9.89
10.30
8.87
9.85
9.47
10.61
8.69
9.43
11.27
10.11
10.59
9.96
9.40
9.97
9.92
10.76
10.18
11.38
10.72
9.44
10.02
11.37
10.94
10.50
9.05
9.62
10.18
11.12
8.93
9.52
10.05
10.53
9.74
8.90
9.16
11.05
9.62
10.48
10.15
9.79
8.89
9.26
10.26
9.09
11.18
10.22
9.68
10.12
10.29
9.01
9.93
10.93
9.42
9.13
9.69
9.69
10.01
10.58
10.09
9.57
9.00
8.50
8.90
10.57
10.87
11.39
11.19
10.03
10.12
9.61
9.03
8.50
8.90
10.59
10.87
11.39
11.19
10.05
10.14
9.62
9.05
8.51
8.91
10.59
10.87
11.40
11.18
9.60
10.02
10.19
9.64
10.62
11.41
11.11
9.85
10.35
10.51
9.43
10.45
11.20
10.09
10.42
8.86
10.28
10.70
10.10
9.85
9.65
9.34
10.34
11.38
8.82
9.69
9.45
10.22
9.52
10.84
10.45
10.07
9.59
10.14
9.58
9.15
8.64
10.64
10.73
10.08
10.97
8.89
10.39
9.47
10.03
10.61
10.46
9.94
9.42
9.42
10.42
9.89
9.57
9.36
8.90
9.21
9.16
10.85
10.38
10.77
10.11
9.74
9.50
8.92
10.47
10.80
10.12
9.40
9.80
10.80
10.37
9.76
10.34
9.37
8.94
9.96
10.55
10.89
11.18
9.77
10.34
8.94
11.14
9.40
9.42
8.93
9.91
8.74
8.33
9.64
9.27
9.90
10.45
10.46
10.01
9.63
9.08
9.94
10.42
10.56
8.80
8.36
9.35
9.79
8.77
8.34
9.76
9.30
10.26
10.85
8.58
9.73
10.41
10.95
11.07
11.12
9.93
10.35
10.84
10.20
9.70
9.06
9.40
9.78
10.28
10.74
9.93
9.40
10.97
9.58
10.06
10.45
8.95
9.13
9.68
10.22
10.63
11.06
11.22
9.55
9.56
10.16
10.58
8.94
9.12
9.68
10.22
10.62
11.05
11.22
10.03
9.56
10.12
10.13
9.71
9.14
9.67
9.27
8.51
10.92
9.57
10.10
10.37
10.09
11.26
9.25
10.80
9.97
9.55
8.50
8.79
10.07
9.93
10.59
10.13
10.58
9.52
10.04
10.56
10.90
11.30
11.06
10.10
10.45
10.39
11.27
10.67
10.67
11.18
11.56
11.26
9.61
9.89
9.06
9.06
9.59
10.13
9.42
10.01
10.89
10.31
8.74
10.69
11.18
10.84
9.78
10.30
9.24
9.42
9.92
10.29
8.78
8.54
8.78
9.84
9.34
10.39
10.69
11.07
9.75
10.22
8.78
8.53
8.80
9.84
9.33
10.38
10.67
11.07
9.41
9.83
10.23
10.37
9.88
9.37
11.09
8.89
9.05
8.56
9.57
10.08
10.33
9.00
10.56
10.05
9.56
10.60
10.42
10.99
9.08
10.88
11.32
11.72
11.36
9.65
9.98
8.77
9.05
8.78
9.06
9.11
10.15
10.59
10.05
10.38
10.28
10.63
11.11
9.67
9.06
9.42
9.74
10.04
10.80
11.10
10.34
10.65
11.16
9.40
9.96
11.05
10.34
11.13
8.73
10.01
10.55
11.54
10.99
10.05
9.93
10.50
9.43
9.37
9.86
9.32
8.68
10.89
10.31
11.30
10.80
9.96
10.18
9.61
9.29
10.48
9.83
9.96
10.46
10.59
9.05
9.40
10.18
9.71
10.94
11.00
9.27
9.23
9.76
10.24
8.63
9.38
9.01
9.92
10.50
8.78
9.41
9.67
10.12
10.61
10.54
10.89
8.73
9.54
8.42
8.95
9.40
9.98
10.44
9.83
10.89
10.35
10.89
11.61
10.60
10.95
8.91
9.40
8.97
9.54
8.26
8.56
9.02
9.45
11.48
9.90
9.35
10.36
9.51
8.80
9.23
8.32
8.72
10.04
9.59
9.40
10.12
10.52
10.49
10.40
10.57
11.03
11.37
10.81
11.06
9.97
8.95
9.55
10.31
9.74
10.58
8.72
11.31
9.50
9.74
10.06
10.77
10.59
10.77
10.90
10.39
11.68
10.80
11.12
10.44
9.86
9.02
9.56
10.52
9.97
10.74
11.21
10.45
9.40
9.71
8.75
10.24
11.20
10.11
9.95
9.41
10.49
9.46
9.72
9.19
8.72
8.89
10.59
11.29
9.89
11.10
10.01
10.49
10.18
9.10
11.26
10.14
9.70
10.67
11.02
9.69
11.01
9.91
10.06
9.64
10.59
11.04
11.00
9.84
10.42
9.32
9.51
9.23
9.40
9.69
9.72
9.45
10.04
10.60
9.11
11.06
9.67
10.06
10.49
11.17
9.61
10.06
8.99
9.36
9.48
9.92
10.57
10.38
11.32
9.77
10.25
8.86
11.08
10.03
10.50
8.98
9.40
9.07
9.56
10.08
8.84
8.40
9.35
9.17
9.70
8.34
11.02
8.71
10.01
10.45
9.26
9.82
8.96
8.74
9.48
9.97
8.75
9.84
10.28
9.40
10.43
8.92
8.77
9.44
10.02
10.21
10.39
10.78
11.25
8.87
10.60
9.47
8.86
11.65
11.13
8.90
10.55
9.46
10.01
10.44
11.05
11.08
10.50
9.46
8.54
8.94
10.04
10.62
8.93
9.48
10.01
10.96
11.33
9.04
8.94
9.56
10.09
9.77
9.05
8.95
9.56
10.10
9.83
9.27
9.02
9.77
10.19
10.57
9.56
10.01
9.26
8.98
9.78
11.03
10.43
10.80
11.31
10.93
9.84
10.40
9.67
10.13
10.43
8.97
10.10
10.11
9.82
8.68
9.68
9.13
9.16
10.25
9.91
9.57
9.61
10.87
8.39
10.08
10.30
9.67
9.62
8.70
9.13
11.05
9.91
10.42
10.59
10.94
9.69
11.63
9.29
9.86
10.15
10.56
9.31
9.36
9.80
10.35
11.12
10.84
11.05
9.92
10.46
9.35
9.41
10.52
8.43
9.66
9.96
8.96
9.88
10.14
10.69
10.38
9.90
10.35
10.79
11.24
11.72
10.16
10.72
9.90
10.36
10.79
11.24
11.72
11.22
9.62
9.95
9.40
10.70
10.60
9.67
10.14
10.69
11.13
9.08
8.63
9.54
9.87
10.43
10.65
11.16
11.64
11.68
10.08
10.54
11.09
8.88
11.67
10.01
9.46
8.74
10.02
10.56
10.98
11.56
11.54
8.98
11.03
9.57
10.09
11.02
8.86
9.93
9.09
10.19
9.70
10.03
10.58
10.20
10.78
9.01
10.49
11.39
9.91
10.35
9.40
9.66
9.11
9.27
8.97
8.55
9.96
10.01
9.16
9.69
10.25
10.35
10.85
10.57
10.83
11.00
10.13
10.67
11.87
9.86
9.98
9.04
10.30
9.04
9.63
9.41
10.90
10.45
8.74
9.99
10.56
10.75
11.28
10.90
10.35
9.94
9.20
9.41
9.76
9.97
10.04
10.21
9.57
9.62
8.69
9.46
10.94
9.23
9.79
10.20
10.60
10.59
9.96
11.02
11.33
11.03
10.43
10.06
10.34
9.40
9.57
8.58
10.14
11.13
9.88
9.40
10.12
9.33
8.83
9.92
10.66
9.48
10.03
9.63
10.61
10.18
9.92
9.37
8.81
9.63
10.67
11.12
10.37
11.21
10.30
10.93
9.90
10.21
9.85
9.38
10.92
8.85
9.46
8.97
9.56
10.13
10.61
10.03
9.08
9.67
10.74
10.23
9.59
10.17
9.20
10.22
10.80
9.38
8.84
10.25
11.20
9.68
10.83
9.75
9.06
9.53
9.92
9.44
10.98
11.00
9.10
8.66
9.61
10.04
10.26
10.63
9.94
10.05
9.80
9.37
9.95
9.79
9.39
10.25
10.62
10.83
10.24
10.00
11.04
10.01
10.42
10.20
10.62
11.04
11.02
9.71
9.37
10.00
9.14
10.15
9.70
9.99
8.86
10.60
10.20
10.75
9.61
10.16
10.68
11.06
11.45
10.07
10.67
9.62
10.16
10.67
11.06
11.45
10.03
10.59
10.17
11.41
9.68
9.85
9.14
9.41
10.23
8.37
9.60
9.89
10.42
9.62
11.22
10.54
10.87
11.39
11.18
9.07
9.81
10.34
10.23
10.58
11.06
11.39
11.84
11.50
9.84
9.16
9.41
9.20
8.73
8.72
10.78
10.78
10.20
9.88
9.40
9.58
9.03
10.10
9.57
8.42
9.17
8.76
9.56
9.97
10.39
10.79
9.68
9.16
10.09
9.39
9.54
10.58
11.28
11.72
8.46
11.21
9.84
10.04
11.09
11.19
10.60
9.67
9.63
8.96
10.08
10.44
11.10
9.87
9.67
9.16
9.40
9.61
10.87
8.46
9.92
10.30
9.93
9.61
10.16
10.60
9.13
11.11
10.51
10.80
11.30
10.99
9.92
10.48
9.09
9.40
10.14
10.66
9.83
9.35
10.90
9.88
10.30
11.09
8.68
10.19
9.81
9.39
9.01
8.47
8.78
9.56
10.12
10.60
10.21
9.83
10.24
11.23
9.40
9.35
9.11
8.60
9.68
8.60
10.09
9.77
10.24
10.79
10.03
10.58
9.84
11.18
10.08
10.58
11.27
9.83
10.05
10.64
10.29
10.88
11.07
11.26
10.46
10.56
9.68
10.00
8.96
9.79
10.84
10.96
11.16
9.74
9.26
9.40
10.46
10.29
8.60
9.17
10.51
8.99
9.11
9.44
10.00
10.38
10.94
10.74
9.56
9.67
10.22
9.42
8.92
10.00
10.51
11.03
9.60
10.17
11.00
8.86
10.27
10.59
11.12
11.44
10.73
10.99
10.30
9.85
9.94
10.50
10.34
9.83
9.51
9.02
10.89
11.28
9.93
9.40
10.49
9.56
9.31
8.94
9.60
9.79
9.31
8.96
9.90
8.79
10.22
9.75
9.41
10.16
11.20
9.50
9.30
8.77
9.81
10.34
10.06
9.62
9.61
9.84
9.56
8.97
10.77
11.38
11.04
9.38
9.93
10.49
8.83
9.87
10.34
10.70
9.79
10.07
9.01
10.31
11.35
10.61
9.95
9.40
11.15
10.61
8.87
9.67
10.12
9.42
11.17
10.70
9.83
9.56
10.10
10.08
10.07
9.53
10.12
10.06
9.54
10.54
10.81
9.40
9.43
9.31
8.91
9.51
9.96
10.25
8.92
9.82
9.31
9.76
9.19
8.41
9.74
10.28
10.60
11.48
9.32
10.27
10.88
8.88
10.37
9.88
10.31
8.92
8.49
8.87
9.45
8.91
9.97
10.46
9.89
10.33
9.97
9.54
10.44
10.76
11.15
9.97
10.37
9.46
9.63
8.51
8.95
10.02
10.36
9.48
9.64
9.23
8.98
9.77
11.06
10.20
10.60
9.97
9.55
10.11
10.94
11.41
9.88
10.33
11.23
11.68
10.86
9.66
11.22
11.68
11.38
10.65
9.20
9.73
10.20
9.77
9.24
9.04
9.71
9.77
9.25
9.05
9.78
9.42
9.88
10.43
10.60
9.11
8.37
8.69
8.77
10.25
9.40
8.41
9.98
9.42
8.42
8.83
9.71
11.09
10.00
10.50
11.44
9.98
10.28
10.76
9.85
10.38
10.88
11.13
11.66
11.36
9.11
9.69
8.66
9.04
10.16
9.85
9.40
10.38
9.84
10.35
10.90
11.24
9.78
10.32
10.33
9.78
9.77
9.44
10.33
10.30
8.77
9.20
10.25
9.68
8.81
9.74
9.40
9.43
8.59
9.83
9.49
10.28
10.44
10.60
11.85
9.05
10.58
11.16
11.09
11.49
11.77
9.63
9.79
10.14
9.95
10.46
11.04
10.03
10.61
10.91
11.00
11.40
11.72
10.47
10.80
8.77
9.93
11.72
11.34
9.07
9.60
9.91
10.37
10.23
10.75
10.88
9.44
9.88
10.29
8.70
8.87
9.67
9.26
10.21
10.73
10.84
10.17
9.59
10.04
8.94
9.63
9.35
10.15
10.67
10.60
9.71
10.09
8.96
9.63
9.46
10.17
10.73
9.19
9.19
11.60
9.71
11.05
8.96
9.93
10.47
11.23
9.15
9.66
10.15
9.62
10.18
10.63
8.71
10.76
11.21
10.36
9.05
9.82
9.27
11.00
10.40
9.81
10.29
9.88
11.12
10.50
10.20
11.27
11.09
10.76
10.35
10.41
10.11
9.87
11.25
11.05
10.74
10.37
9.42
9.37
9.55
10.19
10.08
9.41
9.47
8.59
10.91
9.77
10.33
9.92
9.45
11.05
10.91
10.47
10.60
9.73
10.87
10.31
11.49
10.81
10.98
10.43
10.88
11.24
9.09
9.65
10.17
9.83
9.34
10.32
10.87
10.36
9.02
11.06
10.05
9.52
8.83
9.78
10.39
10.05
10.67
9.08
9.97
9.67
10.50
11.41
9.64
10.21
9.53
9.07
10.57
10.09
11.08
10.87
9.76
10.28
11.07
9.40
10.19
10.07
8.70
9.79
9.31
10.60
9.35
8.56
10.26
9.81
10.30
10.75
10.93
10.50
11.39
10.22
10.69
8.85
9.68
8.87
10.03
9.49
9.47
11.34
10.06
11.00
10.39
10.02
9.59
11.15
9.80
9.71
10.19
8.93
10.05
9.62
9.40
10.88
9.74
8.44
8.70
10.21
10.62
10.06
9.50
9.13
10.15
9.36
10.60
9.30
9.12
8.58
8.73
10.65
9.01
9.62
10.55
10.06
11.14
9.40
9.11
10.13
10.86
10.60
10.88
11.19
10.45
9.89
9.26
9.41
9.69
10.11
10.59
9.57
10.11
9.53
9.09
11.08
9.53
8.76
10.05
10.63
9.97
9.42
11.11
8.93
10.40
10.08
9.52
11.08
10.60
11.68
10.58
10.52
10.93
11.12
9.95
10.52
9.19
11.10
10.07
10.51
11.15
9.96
9.42
9.57
10.93
8.82
9.86
10.40
9.40
10.07
9.83
10.47
9.77
9.34
10.00
8.69
10.58
10.71
11.69
11.23
10.24
10.68
9.68
10.77
11.02
9.94
10.43
10.56
10.96
9.77
10.16
10.60
10.28
10.16
10.72
11.61
10.92
10.08
9.74
10.53
8.95
10.38
10.89
9.88
9.65
10.18
10.82
9.17
9.42
9.23
10.87
8.46
9.43
9.88
10.33
10.37
11.07
10.60
11.10
11.59
11.50
9.13
9.40
9.21
9.79
10.60
10.07
10.55
8.77
8.78
9.78
9.29
10.20
10.61
11.03
11.56
11.17
9.97
10.52
9.78
9.29
9.39
8.68
9.71
9.19
10.57
10.12
9.93
9.37
8.66
8.81
9.63
9.19
10.04
9.95
9.37
8.64
9.60
9.71
10.04
10.52
10.30
10.81
10.82
11.17
10.82
11.92
10.25
9.75
11.35
10.04
10.07
10.66
9.16
11.24
10.09
9.74
8.87
9.64
10.59
11.50
10.97
10.36
11.68
11.50
9.79
10.65
11.17
9.70
10.22
9.24
9.08
9.68
11.07
9.85
9.13
9.41
8.82
8.47
9.39
9.40
9.40
9.17
8.70
10.21
10.91
9.69
10.12
10.83
11.10
11.44
11.22
10.73
10.59
10.95
10.65
11.16
11.42
11.74
10.94
9.88
10.43
9.94
9.41
10.94
9.57
9.96
10.37
11.24
9.46
9.66
9.26
8.69
9.78
10.34
9.21
9.72
10.21
10.64
11.09
9.13
9.69
10.23
9.93
11.10
9.56
9.63
9.40
10.05
9.97
8.55
10.58
10.28
10.80
9.70
10.22
10.73
11.05
11.46
9.12
11.21
10.15
9.26
9.04
9.81
9.12
10.26
10.65
10.94
11.48
9.76
10.32
10.63
9.68
10.29
11.46
11.07
10.20
10.46
9.39
9.98
11.25
9.61
9.29
8.75
9.01
10.86
9.85
10.29
11.11
9.39
9.58
8.73
9.03
10.19
10.57
10.99
9.75
10.17
8.86
10.25
10.60
11.28
9.91
9.16
9.72
9.32
8.95
10.04
9.87
9.36
10.40
10.88
10.59
9.80
11.17
10.01
10.60
11.32
9.84
11.14
10.01
10.53
9.05
10.45
11.20
10.97
10.49
9.92
9.33
8.96
9.32
10.15
9.09
10.72
9.69
10.12
10.13
9.65
10.68
10.66
9.85
9.27
9.40
8.68
10.16
9.63
11.13
9.03
9.59
9.42
9.98
10.20
9.03
9.63
10.67
9.91
10.41
9.17
10.19
9.61
10.77
9.97
10.49
9.16
10.20
9.62
9.40
10.76
11.05
9.12
10.62
10.23
9.65
10.81
10.94
10.34
10.64
11.15
10.28
11.16
9.79
9.24
9.46
9.79
9.28
9.76
8.99
9.54
9.80
8.73
8.73
9.26
9.03
9.61
10.18
9.35
9.92
8.83
8.74
9.40
9.89
10.29
10.01
9.60
9.49
9.01
8.87
9.20
9.76
10.33
10.59
9.67
10.24
11.65
11.66
9.74
10.30
9.75
10.29
10.68
9.23
8.82
10.01
9.50
10.51
10.82
11.16
11.25
9.76
10.26
10.62
9.25
8.82
10.01
9.52
10.51
10.78
11.13
11.24
9.78
10.25
10.61
8.82
8.80
9.67
10.49
10.51
9.40
9.51
8.99
8.45
11.27
9.58
8.92
8.51
8.47
9.39
9.11
10.21
9.64
9.70
9.49
10.04
10.60
9.31
9.94
10.12
10.58
10.38
9.56
9.41
10.41
9.94
8.61
9.83
10.17
10.66
11.14
10.86
10.27
9.72
11.04
9.96
9.71
9.82
10.22
10.85
10.26
10.59
10.81
9.43
10.58
9.25
9.81
10.31
10.21
8.42
11.39
8.97
8.91
9.50
9.80
9.76
10.30
10.59
11.65
8.94
10.06
9.52
8.68
11.07
10.05
10.50
9.19
9.70
8.91
8.36
8.65
9.47
9.90
11.11
9.78
10.18
10.53
10.46
9.99
10.67
11.23
11.10
10.92
10.04
10.31
10.22
11.00
9.77
9.86
10.59
9.64
10.29
10.24
8.91
10.76
9.53
9.77
8.74
8.94
9.57
9.20
10.10
10.57
10.92
11.43
11.25
10.12
10.08
9.79
10.55
10.89
11.43
11.24
10.06
10.59
10.53
10.44
9.96
10.08
9.41
10.64
11.10
10.62
11.41
11.18
8.82
9.42
9.12
9.64
9.76
10.20
11.05
9.48
10.02
10.43
9.29
8.99
8.69
9.83
10.36
10.73
11.26
11.04
9.92
9.14
9.66
9.80
10.19
9.44
10.00
10.41
10.93
9.76
10.13
10.89
9.94
10.23
10.60
10.37
11.37
9.42
9.92
10.06
9.63
8.67
9.07
9.43
10.19
10.58
8.55
11.00
10.42
9.97
10.35
10.94
11.15
9.06
9.65
10.96
9.85
10.35
8.88
9.59
10.05
9.10
8.79
9.19
9.41
9.14
11.02
9.40
8.48
8.76
8.85
9.43
9.30
9.80
8.49
9.82
9.41
8.89
10.35
10.46
8.88
9.46
10.19
9.72
9.81
9.54
10.32
10.36
10.89
8.58
8.96
9.11
10.06
9.64
10.03
10.60
9.89
11.16
10.18
10.58
10.71
9.86
9.57
10.85
11.39
11.29
10.44
10.18
9.68
8.90
9.97
10.53
10.19
10.05
10.62
10.99
9.40
9.73
9.16
10.18
8.47
10.00
9.41
8.85
10.57
11.01
9.13
8.73
9.63
10.18
9.72
9.34
11.01
8.62
9.16
8.98
9.50
10.05
10.94
9.60
10.60
10.23
9.74
9.83
8.84
10.13
10.63
10.52
9.60
11.12
9.62
9.13
10.90
10.30
9.88
10.20
9.81
9.36
10.90
8.83
9.43
9.64
10.15
10.86
8.66
10.25
9.75
10.60
9.07
9.65
8.86
9.83
10.29
9.81
10.14
9.17
10.00
9.45
10.60
10.45
10.82
9.52
10.04
10.88
9.82
10.35
10.12
9.65
9.01
9.42
8.32
9.42
8.90
9.37
10.87
9.81
10.31
11.14
9.82
9.04
9.56
9.05
9.65
9.78
10.35
10.72
11.09
9.05
9.60
10.15
9.74
10.29
10.71
11.09
10.28
9.08
10.60
11.52
9.20
9.73
10.29
9.16
9.42
9.94
10.42
9.80
9.96
10.38
10.37
9.44
10.17
9.20
9.63
9.91
10.37
10.88
10.99
9.81
10.29
9.45
8.65
9.95
10.60
10.83
11.40
10.91
9.84
10.38
9.50
8.73
9.85
9.30
8.50
9.40
8.96
9.73
10.26
10.16
8.18
9.26
9.51
8.26
8.86
9.44
10.56
9.02
11.38
9.93
8.58
8.57
9.70
10.05
10.58
10.34
10.58
11.26
10.36
9.41
9.44
9.95
11.22
10.12
10.59
10.60
10.31
11.48
8.83
9.95
9.41
8.58
9.85
9.79
10.26
9.03
9.63
9.79
10.60
8.82
9.56
8.82
10.10
10.67
11.39
9.77
10.22
9.02
9.63
9.14
9.40
9.60
10.08
9.39
10.60
10.54
11.09
8.82
9.49
8.95
8.51
9.96
10.74
10.43
11.25
11.61
11.76
9.91
10.49
8.82
9.49
8.95
8.50
9.96
10.72
10.43
11.22
11.60
11.77
9.96
10.51
8.82
9.53
8.98
8.50
10.00
10.73
10.45
11.22
11.60
11.77
9.63
9.96
10.48
10.04
10.72
10.47
11.24
9.91
9.50
8.47
10.44
11.18
10.40
10.44
9.98
10.36
10.82
11.06
11.26
10.23
9.03
11.07
10.08
9.61
11.06
9.08
8.65
9.30
8.88
10.06
9.35
9.89
10.60
9.80
9.40
8.97
9.93
9.72
10.26
9.40
8.96
9.93
10.45
10.96
9.84
8.97
10.14
10.71
9.71
10.26
9.89
9.40
9.05
10.45
9.76
10.34
9.43
11.34
8.72
9.74
9.84
9.40
9.01
8.63
9.37
9.79
10.34
10.63
11.13
10.29
9.99
10.51
9.22
9.80
9.54
8.98
8.49
8.71
11.17
10.60
10.88
11.39
10.30
9.72
10.04
10.56
8.84
10.26
10.81
11.09
11.55
11.33
10.60
10.32
10.35
9.85
9.88
9.37
8.86
9.04
10.44
11.03
11.33
11.01
10.40
9.86
9.55
9.14
9.95
10.50
10.97
11.52
9.88
11.28
9.41
10.00
10.19
8.83
9.61
10.89
9.79
9.33
10.05
10.30
9.73
9.14
11.00
8.52
9.00
8.83
9.28
10.14
9.77
10.03
10.59
9.77
9.64
10.06
10.65
9.40
10.76
8.84
9.40
10.44
9.97
10.83
11.51
