9.06
9.65
10.22
9.93
9.71
9.41
10.46
10.04
9.95
10.54
10.91
10.02
10.57
9.69
10.06
10.62
9.51
10.83
11.15
11.33
9.98
10.08
10.64
9.72
9.42
10.07
11.40
9.39
9.59
10.14
10.62
8.61
8.23
9.19
9.75
10.32
11.31
9.08
9.52
10.07
10.66
9.89
9.40
9.49
9.14
10.08
10.43
10.66
9.58
9.31
10.17
10.71
11.11
9.70
9.25
10.30
10.90
8.79
9.32
9.92
10.51
11.08
9.33
9.88
10.27
10.73
11.23
11.20
11.32
10.13
9.56
9.04
9.60
10.19
9.62
9.79
10.62
10.23
10.08
9.61
9.20
9.96
10.47
10.60
8.62
9.18
9.76
10.32
10.69
9.47
9.06
10.06
10.63
11.01
8.39
9.85
10.29
10.29
10.20
10.84
9.64
9.92
10.46
10.75
11.27
11.64
9.03
9.62
10.19
9.09
9.34
10.34
8.28
8.86
9.45
9.93
10.50
10.83
10.43
11.03
9.97
11.84
9.78
10.19
11.17
11.38
9.63
9.87
10.33
10.62
10.29
9.39
9.83
10.05
10.79
9.73
10.29
9.91
9.56
9.45
10.10
10.32
10.71
9.27
9.84
10.40
10.84
8.99
8.67
9.55
10.14
9.54
10.12
10.70
9.43
9.22
10.03
10.57
11.33
9.23
9.79
10.31
10.66
9.11
9.64
10.21
10.71
11.09
11.64
9.75
10.34
9.16
9.72
9.29
9.74
10.26
8.98
8.81
8.51
9.57
9.82
10.34
10.04
10.58
10.63
9.84
11.37
9.08
9.65
9.43
9.05
9.98
10.16
9.60
10.05
10.63
10.64
9.57
9.40
10.12
10.68
11.09
10.92
9.78
10.32
9.38
9.82
9.33
8.65
9.92
9.59
10.10
10.63
9.49
8.91
10.07
10.66
8.52
9.02
9.60
10.13
10.73
9.23
9.75
10.33
10.78
10.97
11.01
8.79
9.89
10.48
9.40
9.91
9.51
9.91
9.37
9.71
10.30
10.47
9.81
9.30
10.40
9.13
9.61
10.18
10.75
9.67
8.92
9.49
10.07
8.94
9.48
10.03
10.62
8.46
8.51
9.08
9.65
10.18
10.62
9.64
9.21
10.12
9.01
9.59
10.11
10.68
9.50
10.07
10.65
10.20
11.28
9.57
10.08
10.64
10.94
9.03
9.62
9.46
9.98
10.17
10.73
9.73
10.21
9.22
9.77
10.15
10.62
10.91
10.73
11.03
9.76
9.20
9.90
10.45
11.03
11.39
11.74
9.86
9.43
10.43
10.83
10.04
10.54
11.04
9.11
9.69
8.72
8.44
9.29
9.83
10.38
10.95
11.38
9.23
9.82
10.41
9.10
9.69
10.27
10.81
9.26
8.74
9.85
10.45
10.98
9.32
9.68
8.47
10.03
10.40
10.52
10.68
10.60
11.58
11.96
10.52
10.98
8.99
9.59
10.00
9.17
8.72
10.88
9.06
9.63
10.21
9.57
9.90
10.71
8.89
9.96
10.51
11.05
9.34
9.72
10.19
10.78
9.55
9.94
10.36
10.95
10.20
10.36
9.85
9.35
10.65
9.49
9.10
10.07
10.66
9.41
8.83
9.87
10.46
10.76
9.11
9.64
10.19
10.10
9.32
9.91
10.41
10.91
10.65
8.92
9.49
10.05
10.60
9.63
10.13
10.03
10.60
10.16
9.65
11.20
9.24
10.06
10.41
8.82
9.83
9.67
10.08
10.67
9.79
9.33
10.31
10.64
9.26
9.84
10.33
10.84
10.00
10.58
10.85
9.80
10.92
11.04
11.49
9.81
10.40
9.67
9.26
10.16
9.36
10.34
10.80
8.98
9.50
10.02
10.61
9.11
9.70
10.25
10.84
11.27
8.86
8.55
10.02
9.43
11.05
10.58
10.09
10.50
11.03
9.05
9.64
10.03
9.27
9.99
10.36
9.30
9.73
10.29
10.76
9.72
9.14
10.29
11.02
9.34
8.88
9.90
10.41
8.59
8.23
9.72
10.31
10.83
9.07
9.46
9.94
10.49
11.09
8.13
9.52
9.06
8.54
10.91
9.32
9.79
10.32
10.04
9.60
10.59
10.80
9.84
9.35
10.41
10.99
9.71
9.13
8.70
10.24
10.84
9.42
8.49
8.94
9.96
10.48
11.05
9.41
9.80
10.37
8.89
9.57
9.64
10.20
10.56
10.82
11.26
11.65
9.56
10.08
9.97
10.07
10.59
10.35
9.65
9.16
9.85
10.34
10.60
9.95
10.52
9.81
10.92
11.19
8.65
9.85
9.27
10.41
10.28
10.79
10.72
9.24
9.81
10.40
10.97
9.65
9.07
10.19
10.74
10.30
9.36
9.73
10.20
10.76
10.83
9.27
9.69
10.26
10.81
9.09
9.18
9.76
10.77
10.24
10.02
9.49
10.57
9.74
10.00
10.35
9.64
9.66
10.13
10.45
9.78
9.37
9.96
10.23
10.77
9.27
9.84
9.40
8.87
9.98
10.57
11.56
9.16
9.40
9.99
10.59
10.99
10.67
9.51
10.07
10.62
9.56
11.14
11.59
11.98
9.26
9.63
10.21
10.71
9.67
10.27
9.77
9.18
10.36
10.90
9.31
9.71
10.74
10.31
9.93
9.03
9.40
11.19
8.98
9.54
10.14
9.60
10.14
10.72
8.83
9.86
9.42
10.38
11.29
9.00
9.98
9.52
10.56
10.72
9.08
9.42
10.00
10.53
10.84
9.22
9.68
10.24
10.82
9.71
10.30
10.83
9.16
9.55
10.14
10.72
11.28
11.56
8.68
9.22
9.76
10.25
10.84
9.74
10.33
9.66
10.21
8.98
9.39
9.37
9.84
10.31
10.59
9.24
10.10
10.28
10.70
9.53
9.76
10.34
10.40
9.65
9.07
10.22
10.69
9.37
9.12
9.91
10.48
10.83
9.78
10.36
9.32
9.85
10.45
10.90
9.39
9.96
10.36
9.85
10.23
10.65
10.87
9.40
9.54
10.09
11.25
11.78
11.43
9.52
9.19
8.45
8.90
9.94
9.58
10.12
10.70
10.56
9.73
10.30
10.87
9.31
9.63
10.65
9.75
10.24
9.13
9.81
10.26
10.74
10.64
8.76
9.91
9.34
10.46
9.63
9.11
10.16
10.76
8.57
9.95
10.24
10.81
9.83
10.40
10.22
9.65
9.27
9.92
10.46
10.76
11.19
10.10
10.63
11.17
9.76
9.22
10.34
9.81
10.23
10.95
9.77
10.34
10.54
10.93
9.63
9.89
10.47
11.05
11.38
9.55
9.26
10.17
9.65
10.72
11.52
11.64
8.84
9.35
9.82
8.87
10.34
10.70
9.31
9.66
10.24
10.64
10.95
9.45
10.02
10.60
9.94
10.40
9.56
10.12
10.66
9.90
9.35
9.45
9.28
9.82
10.24
10.83
9.36
9.48
10.08
10.56
11.03
9.26
9.81
10.80
11.24
10.29
9.16
8.60
9.75
10.33
11.77
11.09
9.79
10.13
9.64
9.23
9.09
8.48
9.52
10.11
9.93
9.06
9.30
9.35
9.69
10.29
10.42
10.43
10.80
9.24
9.83
10.35
10.83
9.58
9.10
10.15
10.74
10.66
9.19
9.78
10.30
10.90
9.53
10.12
10.70
11.07
9.35
9.86
10.43
10.84
9.53
9.99
10.10
10.65
10.93
10.94
11.39
11.61
9.56
10.41
10.55
9.66
10.00
9.76
10.04
10.62
9.37
8.89
8.68
10.38
10.87
9.19
9.78
10.21
10.77
9.64
9.39
10.23
10.66
9.79
8.95
9.54
10.13
9.43
10.01
10.35
9.14
9.65
10.12
11.02
10.71
8.98
9.60
10.08
10.50
9.68
10.25
10.83
11.32
11.33
9.64
10.18
10.77
9.81
9.21
10.85
10.27
9.51
10.07
9.49
10.05
10.62
9.10
9.81
9.61
10.39
11.80
9.06
9.56
10.07
10.65
9.16
9.54
10.10
10.65
11.21
8.53
9.15
9.05
9.70
10.09
10.60
11.06
10.46
11.38
10.29
9.80
9.73
8.95
9.21
9.77
9.82
9.25
9.93
10.50
8.94
9.22
9.79
10.32
10.79
8.62
8.70
9.81
11.19
9.85
9.29
9.51
10.35
10.17
10.43
10.96
8.92
10.03
9.68
10.14
10.63
11.20
8.92
9.48
10.07
8.98
8.67
9.60
10.18
10.54
10.67
9.45
8.91
9.99
10.46
9.86
9.32
10.45
10.93
9.02
9.55
10.06
10.53
11.13
9.86
9.35
10.45
10.99
9.37
10.35
9.46
10.01
9.71
10.25
9.57
9.20
10.13
10.61
11.00
9.68
10.22
9.56
9.20
10.12
10.60
11.00
8.64
10.17
9.84
9.31
8.60
9.33
9.90
10.09
10.61
9.77
9.33
8.61
9.89
10.77
10.19
9.37
9.81
10.10
10.60
11.20
11.51
11.21
9.47
10.01
10.59
8.97
10.13
10.43
9.38
9.86
9.50
9.20
10.08
10.30
10.72
9.39
9.97
10.56
10.60
9.42
10.00
10.51
9.16
9.75
10.28
10.75
9.80
9.25
10.20
10.58
11.06
11.42
9.76
9.25
10.02
10.60
11.05
9.58
9.08
10.12
10.70
8.81
8.37
9.39
9.89
10.32
10.73
9.43
9.71
10.43
11.00
11.11
10.79
9.31
8.60
9.40
8.99
9.22
9.70
10.26
10.78
10.07
9.76
10.83
9.63
9.21
10.21
10.58
9.53
10.12
10.71
9.34
9.80
10.38
9.14
9.74
10.29
10.79
9.49
10.75
9.63
9.18
10.15
10.57
11.14
9.94
9.37
10.46
10.86
8.81
8.49
9.35
9.91
10.50
10.86
9.64
10.16
10.89
11.46
11.17
8.70
10.42
9.75
10.89
11.12
10.08
10.61
10.54
9.86
9.32
9.56
10.15
10.73
10.93
9.74
10.32
10.84
11.78
10.43
10.33
9.97
9.40
10.13
10.46
8.74
9.35
9.89
9.68
10.27
10.66
9.48
9.36
9.98
10.96
10.53
10.50
9.39
9.71
10.28
10.82
9.69
10.25
9.61
9.30
10.11
10.66
9.33
9.24
9.50
10.08
11.20
11.30
9.29
9.39
10.13
10.45
11.02
9.62
9.85
10.32
10.84
11.89
9.87
10.44
11.37
10.65
9.06
9.65
10.22
8.50
9.20
10.28
9.34
9.90
10.36
10.62
9.60
10.19
10.76
9.34
9.77
10.37
9.43
9.88
8.89
9.48
10.46
9.92
8.57
9.11
9.68
10.26
8.67
9.32
9.80
10.81
10.24
9.40
9.73
10.30
10.79
9.72
10.28
8.90
10.14
10.46
10.80
9.80
9.84
10.41
10.73
11.28
9.32
9.15
9.30
10.50
9.90
11.08
11.48
9.77
10.29
10.88
11.24
9.78
10.35
9.40
9.42
10.02
10.61
9.59
10.16
9.31
9.82
10.33
10.89
11.41
9.31
9.63
10.22
10.66
9.71
10.29
9.49
9.06
10.07
10.65
10.73
9.22
9.68
10.24
10.83
11.14
9.83
9.28
10.32
11.22
9.74
9.49
9.23
10.03
10.30
10.61
10.39
10.71
8.89
9.19
9.29
9.86
10.40
10.95
11.12
11.21
9.11
8.78
9.67
10.26
8.84
9.07
9.66
10.13
10.70
9.63
9.89
10.46
9.88
9.03
9.21
9.75
10.13
10.28
10.87
9.80
10.22
11.28
11.58
9.78
10.35
10.00
10.26
9.85
10.38
10.22
9.29
9.70
10.27
10.82
9.56
10.12
9.57
10.15
10.72
10.74
9.38
9.65
10.16
10.74
11.20
9.54
9.21
10.08
10.60
10.15
10.23
10.58
8.82
9.96
10.86
11.16
10.68
9.81
9.29
8.59
9.82
10.14
10.53
10.63
10.85
11.33
11.73
9.89
9.30
10.36
8.44
8.05
9.01
10.07
10.63
10.60
9.36
9.94
10.48
10.93
8.92
9.52
9.83
11.31
9.39
9.02
9.95
10.49
9.26
9.79
9.01
8.66
9.28
9.85
10.22
10.63
9.50
9.11
8.27
9.05
9.71
10.08
8.90
9.95
10.15
10.71
9.41
9.90
10.16
11.37
8.97
9.35
9.92
10.47
10.65
9.84
10.31
9.09
9.39
9.77
10.16
10.58
11.68
9.59
10.18
10.77
9.68
9.13
10.27
10.85
9.28
8.85
8.47
9.82
10.41
10.65
8.92
10.06
9.51
8.39
8.71
9.75
10.04
10.54
11.13
9.55
9.63
10.21
10.50
9.73
10.31
11.70
9.09
9.11
9.65
10.23
10.54
9.39
9.93
10.46
10.98
8.60
9.40
9.89
10.48
9.44
9.99
10.35
9.28
9.82
10.36
10.80
9.85
10.43
9.40
9.76
10.36
10.70
9.81
10.25
11.36
10.62
9.39
9.98
10.34
10.90
11.27
10.23
9.07
9.66
10.81
11.40
9.82
10.38
9.12
9.41
9.51
8.48
9.23
9.80
10.19
8.99
9.58
9.99
10.55
10.68
10.96
9.49
9.81
10.40
11.67
9.77
10.32
9.30
9.88
10.43
9.14
9.57
10.14
10.69
10.29
9.28
9.83
9.78
9.58
9.88
10.45
9.05
9.64
10.12
