0 9.4 10 0 0 0 559.335 35484.8 0 
0 10 10.3733 0 0 0 449.264 2827.59 598.188 
0 10 9.62666 0 0 0 449.264 2827.59 -598.188 
0 9.40631 10 2.52064 0 0 598.041 35073.2 0 
0 10 10.3733 0 0 0 468.617 2857.14 619.733 
0 10 9.62666 0 0 0 468.617 2857.14 -619.733 
0.005 9.42515 10 5.00729 0 0 729.28 34526.5 0 
0.005 10 10.3733 0 0 0 534.237 2956.43 691.558 
0.005 10 9.62666 0 0 0 534.237 2956.43 -691.558 
0.01 9.45631 10 7.44808 0 0 1008.27 33770.9 0 
0.01 10 10.3733 0 0 0 673.732 3163.36 857.605 
0.01 10 9.62666 0 0 0 673.732 3163.36 -857.605 
0.015 9.49952 10 9.82292 0 0 1564.41 32641.5 0 
0.015 10 10.3733 0 0 0 951.802 3561.82 1198.79 
0.015 10 9.62666 0 0 0 951.802 3561.82 -1198.79 
0.02 9.55396 10 11.4935 0 41669.5 2668.63 -10758.8 0 
0.02 10 10.3733 0 0 32460.4 1503.91 25144.8 -22959.2 
0.02 10 9.62666 0 0 32460.4 1503.91 25144.8 22959.2 
0.025 9.60428 10 7.90355 0 99977.9 4271.23 -70625 0 
0.025 10 10.3733 0 0 72844.4 2305.21 55328.9 -49939.1 
0.025 10 9.62666 0 0 72844.4 2305.21 55328.9 49939.1 
0.03 9.63239 10 3.72637 0 69071 5490.78 -40528.4 0 
0.03 10 10.3733 0 0 48466.8 2914.99 40573.1 -30024.1 
0.03 10 9.62666 0 0 48466.8 2914.99 40573.1 30024.1 
0.035 9.64573 10 1.93079 0 41610.8 6165.45 -13521.6 0 
0.035 10 10.3733 0 0 28681.4 3252.32 27195.6 -15219.9 
0.035 10 9.62666 0 0 28681.4 3252.32 27195.6 15219.9 
0.04 9.6537 10 1.36456 0 31960.6 6600.28 -4239.51 0 
0.04 10 10.3733 0 0 21796.4 3469.74 22594.2 -9945.6 
0.04 10 9.62666 0 0 21796.4 3469.74 22594.2 9945.6 
0.045 9.65997 10 1.16938 0 29151.1 6959.41 -1771.23 0 
0.045 10 10.3733 0 0 19714.9 3649.3 21373.8 -8110.18 
0.045 10 9.62666 0 0 19714.9 3649.3 21373.8 8110.18 
0.05 9.66555 10 1.07106 0 28167.5 7292.65 -1111.76 0 
0.05 10 10.3733 0 0 18908.5 3815.92 21050.9 -7178.56 
0.05 10 9.62666 0 0 18908.5 3815.92 21050.9 7178.56 
0.055 9.67072 10 1.00114 0 27622.6 7612.8 -876.377 0 
0.055 10 10.3733 0 0 18415.6 3976 20938.1 -6483.78 
0.055 10 9.62666 0 0 18415.6 3976 20938.1 6483.78 
0.06 9.67558 10 0.94351 0 27196.1 7923.47 -746.179 0 
0.06 10 10.3733 0 0 18014.7 4131.33 20877 -5860.35 
0.06 10 9.62666 0 0 18014.7 4131.33 20877 5860.35 
0.065 9.68017 10 0.893712 0 26817.9 8226.1 -652.214 0 
0.065 10 10.3733 0 0 17656.5 4282.65 20833.5 -5282.57 
0.065 10 9.62666 0 0 17656.5 4282.65 20833.5 5282.57 
0.07 9.68453 10 0.849881 0 26470 8521.59 -577.656 0 
0.07 10 10.3733 0 0 17327.3 4430.39 20799.3 -4729.85 
0.07 10 9.62666 0 0 17327.3 4430.39 20799.3 4729.85 
0.075 9.68868 10 0.810874 0 26145.7 8810.6 -516.445 0 
0.075 10 10.3733 0 0 17021.6 4574.9 20771.5 -4207.09 
0.075 10 9.62666 0 0 17021.6 4574.9 20771.5 4207.09 
0.08 9.69264 10 0.775865 0 25840.9 9093.68 -465.266 0 
0.08 10 10.3733 0 0 16735.6 4716.44 20748.3 -3700.9 
0.08 10 9.62666 0 0 16735.6 4716.44 20748.3 3700.9 
0.085 9.69644 10 0.744222 0 25552.8 9371.28 -421.895 0 
0.085 10 10.3733 0 0 16466.7 4855.24 20728.8 -3218.68 
0.085 10 9.62666 0 0 16466.7 4855.24 20728.8 3218.68 
0.09 9.70009 10 0.715447 0 25279.2 9643.78 -384.728 0 
0.09 10 10.3733 0 0 16212.8 4991.49 20712.3 -2748.4 
0.09 10 9.62666 0 0 16212.8 4991.49 20712.3 2748.4 
0.095 9.7036 10 0.689141 0 25018.6 9911.51 -352.571 0 
0.095 10 10.3733 0 0 15972.2 5125.35 20698 -2298.37 
0.095 10 9.62666 0 0 15972.2 5125.35 20698 2298.37 
0.1 9.70698 10 0.664982 0 24769.5 10174.7 -324.514 0 
0.1 10 10.3733 0 0 15743.6 5256.97 20685.7 -1857.21 
0.1 10 9.62666 0 0 15743.6 5256.97 20685.7 1857.21 
0.105 9.71025 10 0.642702 0 24530.9 10433.8 -299.853 0 
0.105 10 10.3733 0 0 15525.9 5386.47 20674.9 -1433.74 
0.105 10 9.62666 0 0 15525.9 5386.47 20674.9 1433.74 
0.11 9.71341 10 0.622078 0 24302 10688.7 -278.033 0 
0.11 10 10.3733 0 0 15318.2 5513.97 20665.5 -1016.99 
0.11 10 9.62666 0 0 15318.2 5513.97 20665.5 1016.99 
0.115 9.71647 10 0.602926 0 24081.9 10939.9 -258.612 0 
0.115 10 10.3733 0 0 15119.5 5639.55 20657.1 -616.048 
0.115 10 9.62666 0 0 15119.5 5639.55 20657.1 616.048 
0.12 9.71944 10 0.585085 0 23870.1 11187.4 -241.235 0 
0.12 10 10.3733 0 0 14929.3 5763.32 20649.7 -220.2 
0.12 10 9.62666 0 0 14929.3 5763.32 20649.7 220.2 
0.125 9.72233 10 0.568422 0 23666 11431.5 -225.61 0 
0.125 10 10.3733 0 0 14746.9 5885.35 20643 161.245 
0.125 10 9.62666 0 0 14746.9 5885.35 20643 -161.245 
0.13 9.72513 10 0.552819 0 23469.1 11672.2 -211.499 0 
0.13 10 10.3733 0 0 14571.8 6005.71 20637.1 538.852 
0.13 10 9.62666 0 0 14571.8 6005.71 20637.1 -538.852 
0.135 9.72786 10 0.538176 0 23279 11909.7 -198.703 0 
0.135 10 10.3733 0 0 14403.6 6124.47 20631.7 903.173 
0.135 10 9.62666 0 0 14403.6 6124.47 20631.7 -903.173 
0.14 9.73051 10 0.524406 0 23095.3 12144.2 -187.056 0 
0.14 10 10.3733 0 0 14241.7 6241.7 20626.8 1264.66 
0.14 10 9.62666 0 0 14241.7 6241.7 20626.8 -1264.66 
0.145 9.7331 10 0.51143 0 22917.8 12375.7 -176.419 0 
0.145 10 10.3733 0 0 14085.9 6357.45 20622.4 1613.75 
0.145 10 9.62666 0 0 14085.9 6357.45 20622.4 -1613.75 
0.15 9.73563 10 0.499182 0 22746.1 12604.3 -166.674 0 
0.15 10 10.3733 0 0 13935.7 6471.77 20618.4 1960.82 
0.15 10 9.62666 0 0 13935.7 6471.77 20618.4 -1960.82 
0.155 9.7381 10 0.487601 0 22580 12830.2 -157.718 0 
0.155 10 10.3733 0 0 13791 6584.72 20614.7 2296.25 
0.155 10 9.62666 0 0 13791 6584.72 20614.7 -2296.25 
0.16 9.74051 10 0.476634 0 22419.2 13053.5 -149.466 0 
0.16 10 10.3733 0 0 13651.3 6696.33 20611.4 2630.33 
0.16 10 9.62666 0 0 13651.3 6696.33 20611.4 -2630.33 
0.165 9.74286 10 0.466234 0 22263.5 13274.1 -141.841 0 
0.165 10 10.3733 0 0 13516.6 6806.67 20608.3 2953.39 
0.165 10 9.62666 0 0 13516.6 6806.67 20608.3 -2953.39 
0.17 9.74517 10 0.456357 0 22112.7 13492.3 -134.781 0 
0.17 10 10.3733 0 0 13386.4 6915.75 20605.4 3275.67 
0.17 10 9.62666 0 0 13386.4 6915.75 20605.4 -3275.67 
0.175 9.74743 10 0.446967 0 21966.6 13708.1 -128.227 0 
0.175 10 10.3733 0 0 13260.6 7023.63 20602.8 3587.47 
0.175 10 9.62666 0 0 13260.6 7023.63 20602.8 -3587.47 
0.18 9.74964 10 0.438028 0 21825.1 13921.5 -122.131 0 
0.18 10 10.3733 0 0 13139.1 7130.34 20600.4 3898.98 
0.18 10 9.62666 0 0 13139.1 7130.34 20600.4 -3898.98 
0.185 9.75181 10 0.42951 0 21688 14132.6 -116.449 0 
0.185 10 10.3733 0 0 13021.5 7235.91 20598.2 4200.45 
0.185 10 9.62666 0 0 13021.5 7235.91 20598.2 -4200.45 
0.19 9.75394 10 0.421384 0 21555.1 14341.6 -111.143 0 
0.19 10 10.3733 0 0 12907.9 7340.38 20596.1 4502.07 
0.19 10 9.62666 0 0 12907.9 7340.38 20596.1 -4502.07 
0.195 9.75602 10 0.413624 0 21426.3 14548.4 -106.179 0 
0.195 10 10.3733 0 0 12797.9 7443.78 20594.1 4794.05 
0.195 10 9.62666 0 0 12797.9 7443.78 20594.1 -4794.05 
0.2 9.75807 10 0.406208 0 21301.5 14753.1 -101.527 0 
0.2 10 10.3733 0 0 12691.4 7546.13 20592.3 5086.55 
0.2 10 9.62666 0 0 12691.4 7546.13 20592.3 -5086.55 
0.205 9.76009 10 0.399114 0 21180.6 14955.7 -97.161 0 
0.205 10 10.3733 0 0 12588.4 7647.47 20590.6 5369.75 
0.205 10 9.62666 0 0 12588.4 7647.47 20590.6 -5369.75 
0.21 9.76206 10 0.392322 0 21063.4 15156.5 -93.0563 0 
0.21 10 10.3733 0 0 12488.7 7747.82 20589.1 5653.8 
0.21 10 9.62666 0 0 12488.7 7747.82 20589.1 -5653.8 
0.215 9.76401 10 0.385814 0 20949.8 15355.2 -89.1919 0 
0.215 10 10.3733 0 0 12392.1 7847.21 20587.6 5928.87 
0.215 10 9.62666 0 0 12392.1 7847.21 20587.6 -5928.87 
0.22 9.76592 10 0.379575 0 20839.8 15552.1 -85.5485 0 
0.22 10 10.3733 0 0 12298.6 7945.67 20586.2 6205.07 
0.22 10 9.62666 0 0 12298.6 7945.67 20586.2 -6205.07 
0.225 9.76781 10 0.373588 0 20733.2 15747.2 -82.1089 0 
0.225 10 10.3733 0 0 12208 8043.21 20584.9 6472.57 
0.225 10 9.62666 0 0 12208 8043.21 20584.9 -6472.57 
0.23 9.76966 10 0.36784 0 20630 15940.5 -78.8575 0 
0.23 10 10.3733 0 0 12120.2 8139.86 20583.7 6741.46 
0.23 10 9.62666 0 0 12120.2 8139.86 20583.7 -6741.46 
0.235 9.77148 10 0.362319 0 20530.1 16132.1 -75.7803 0 
0.235 10 10.3733 0 0 12035.2 8235.64 20582.5 7001.89 
0.235 10 9.62666 0 0 12035.2 8235.64 20582.5 -7001.89 
0.24 9.77328 10 0.357011 0 20433.3 16322 -72.8644 0 
0.24 10 10.3733 0 0 11952.9 8330.58 20581.4 7263.96 
0.24 10 9.62666 0 0 11952.9 8330.58 20581.4 -7263.96 
0.245 9.77505 10 0.351906 0 20339.6 16510.2 -70.0984 0 
0.245 10 10.3733 0 0 11873.1 8424.68 20580.4 7517.79 
0.245 10 9.62666 0 0 11873.1 8424.68 20580.4 -7517.79 
0.25 9.7768 10 0.346993 0 20249 16696.8 -67.4715 0 
0.25 10 10.3733 0 0 11795.9 8517.99 20579.4 7773.46 
0.25 10 9.62666 0 0 11795.9 8517.99 20579.4 -7773.46 
0.255 9.77852 10 0.342264 0 20161.4 16881.8 -64.9743 0 
0.255 10 10.3733 0 0 11721 8610.5 20578.5 8021.1 
0.255 10 9.62666 0 0 11721 8610.5 20578.5 -8021.1 
0.26 9.78022 10 0.337709 0 20076.7 17065.3 -62.5979 0 
0.26 10 10.3733 0 0 11648.5 8702.24 20577.7 8270.78 
0.26 10 9.62666 0 0 11648.5 8702.24 20577.7 -8270.78 
0.265 9.7819 10 0.333319 0 19994.8 17247.3 -60.3342 0 
0.265 10 10.3733 0 0 11578.3 8793.23 20576.8 8512.61 
0.265 10 9.62666 0 0 11578.3 8793.23 20576.8 -8512.61 
0.27 9.78356 10 0.329087 0 19915.7 17427.8 -58.1759 0 
0.27 10 10.3733 0 0 11510.2 8883.48 20576.1 8756.65 
0.27 10 9.62666 0 0 11510.2 8883.48 20576.1 -8756.65 
0.275 9.78519 10 0.325006 0 19839.3 17606.8 -56.1161 0 
0.275 10 10.3733 0 0 11444.4 8973.02 20575.3 8993.01 
0.275 10 9.62666 0 0 11444.4 8973.02 20575.3 -8993.01 
0.28 9.78681 10 0.321068 0 19765.6 17784.5 -54.1487 0 
0.28 10 10.3733 0 0 11380.6 9061.85 20574.6 9231.74 
0.28 10 9.62666 0 0 11380.6 9061.85 20574.6 -9231.74 
0.285 9.7884 10 0.317268 0 19694.5 17960.8 -52.2679 0 
0.285 10 10.3733 0 0 11318.8 9149.99 20573.9 9462.95 
0.285 10 9.62666 0 0 11318.8 9149.99 20573.9 -9462.95 
0.29 9.78998 10 0.313599 0 19625.9 18135.7 -50.4683 0 
0.29 10 10.3733 0 0 11259.1 9237.46 20573.3 9696.67 
0.29 10 9.62666 0 0 11259.1 9237.46 20573.3 -9696.67 
0.295 9.79154 10 0.310056 0 19559.9 18309.3 -48.7452 0 
0.295 10 10.3733 0 0 11201.2 9324.27 20572.7 9923.02 
0.295 10 9.62666 0 0 11201.2 9324.27 20572.7 -9923.02 
0.3 9.79308 10 0.306634 0 19496.4 18481.7 -47.0939 0 
0.3 10 10.3733 0 0 11145.3 9410.44 20572.1 10152 
0.3 10 9.62666 0 0 11145.3 9410.44 20572.1 -10152 
0.305 9.79461 10 0.303327 0 19435.3 18652.8 -45.5102 0 
0.305 10 10.3733 0 0 11091.2 9495.97 20571.5 10373.8 
0.305 10 9.62666 0 0 11091.2 9495.97 20571.5 -10373.8 
0.31 9.79612 10 0.300131 0 19376.6 18822.6 -43.9903 0 
0.31 10 10.3733 0 0 11038.9 9580.89 20571 10598.3 
0.31 10 9.62666 0 0 11038.9 9580.89 20571 -10598.3 
0.315 9.79761 10 0.297041 0 19320.3 18991.2 -42.5305 0 
0.315 10 10.3733 0 0 10988.3 9665.2 20570.5 10815.7 
0.315 10 9.62666 0 0 10988.3 9665.2 20570.5 -10815.7 
0.32 9.79909 10 0.294054 0 19266.2 19158.7 -41.1274 0 
0.32 10 10.3733 0 0 10939.4 9748.93 20570 11036 
0.32 10 9.62666 0 0 10939.4 9748.93 20570 -11036 
0.325 9.80055 10 0.291165 0 19214.5 19324.9 -39.778 0 
0.325 10 10.3733 0 0 10892.3 9832.07 20569.5 11249.3 
0.325 10 9.62666 0 0 10892.3 9832.07 20569.5 -11249.3 
0.33 9.802 10 0.28837 0 19164.9 19490.1 -38.4792 0 
0.33 10 10.3733 0 0 10846.7 9914.64 20569.1 11465.6 
0.33 10 9.62666 0 0 10846.7 9914.64 20569.1 -11465.6 
0.335 9.80343 10 0.285667 0 19117.6 19654.1 -37.2284 0 
0.335 10 10.3733 0 0 10802.8 9996.65 20568.6 11674.9 
0.335 10 9.62666 0 0 10802.8 9996.65 20568.6 -11674.9 
0.34 9.80485 10 0.283051 0 19072.5 19817 -36.023 0 
0.34 10 10.3733 0 0 10760.4 10078.1 20568.2 11887.4 
0.34 10 9.62666 0 0 10760.4 10078.1 20568.2 -11887.4 
0.345 9.80626 10 0.280519 0 19029.5 19978.9 -34.8606 0 
0.345 10 10.3733 0 0 10719.5 10159.1 20567.8 12093.1 
0.345 10 9.62666 0 0 10719.5 10159.1 20567.8 -12093.1 
0.35 9.80766 10 0.27807 0 18988.6 20139.7 -33.7391 0 
0.35 10 10.3733 0 0 10680.2 10239.5 20567.4 12302 
0.35 10 9.62666 0 0 10680.2 10239.5 20567.4 -12302 
0.355 9.80904 10 0.275699 0 18949.9 20299.5 -32.6562 0 
0.355 10 10.3733 0 0 10642.4 10319.4 20567 12504.1 
0.355 10 9.62666 0 0 10642.4 10319.4 20567 -12504.1 
0.36 9.81042 10 0.273404 0 18913.1 20458.3 -31.6101 0 
0.36 10 10.3733 0 0 10605.9 10398.7 20566.7 12709.6 
0.36 10 9.62666 0 0 10605.9 10398.7 20566.7 -12709.6 
0.365 9.81178 10 0.271182 0 18878.4 20616.1 -30.5989 0 
0.365 10 10.3733 0 0 10570.9 10477.6 20566.3 12908.4 
0.365 10 9.62666 0 0 10570.9 10477.6 20566.3 -12908.4 
0.37 9.81313 10 0.269032 0 18845.8 20772.9 -29.6208 0 
0.37 10 10.3733 0 0 10537.4 10556.1 20566 13110.5 
0.37 10 9.62666 0 0 10537.4 10556.1 20566 -13110.5 
0.375 9.81447 10 0.26695 0 18815.1 20928.8 -28.6743 0 
0.375 10 10.3733 0 0 10505.1 10634 20565.6 13306.2 
0.375 10 9.62666 0 0 10505.1 10634 20565.6 -13306.2 
0.38 9.8158 10 0.264935 0 18786.3 21083.7 -27.7578 0 
0.38 10 10.3733 0 0 10474.2 10711.4 20565.3 13505.2 
0.38 10 9.62666 0 0 10474.2 10711.4 20565.3 -13505.2 
0.385 9.81712 10 0.262984 0 18759.6 21237.7 -26.8699 0 
0.385 10 10.3733 0 0 10444.7 10788.5 20565 13697.8 
0.385 10 9.62666 0 0 10444.7 10788.5 20565 -13697.8 
0.39 9.81843 10 0.261095 0 18734.7 21390.8 -26.0091 0 
0.39 10 10.3733 0 0 10416.4 10865 20564.7 13893.9 
0.39 10 9.62666 0 0 10416.4 10865 20564.7 -13893.9 
0.395 9.81973 10 0.259267 0 18711.7 21543.1 -25.1743 0 
0.395 10 10.3733 0 0 10389.4 10941.1 20564.4 14083.6 
0.395 10 9.62666 0 0 10389.4 10941.1 20564.4 -14083.6 
0.4 9.82102 10 0.257498 0 18690.7 21694.4 -24.3642 0 
0.4 10 10.3733 0 0 10363.7 11016.8 20564.2 14276.9 
0.4 10 9.62666 0 0 10363.7 11016.8 20564.2 -14276.9 
0.405 9.8223 10 0.255786 0 18671.5 21844.9 -23.5777 0 
0.405 10 10.3733 0 0 10339.2 11092.1 20563.9 14463.8 
0.405 10 9.62666 0 0 10339.2 11092.1 20563.9 -14463.8 
0.41 9.82358 10 0.25413 0 18654.1 21994.6 -22.8137 0 
0.41 10 10.3733 0 0 10316 11166.9 20563.6 14654.4 
0.41 10 9.62666 0 0 10316 11166.9 20563.6 -14654.4 
0.415 9.82485 10 0.252527 0 18638.6 22143.4 -22.0711 0 
0.415 10 10.3733 0 0 10293.9 11241.3 20563.4 14838.8 
0.415 10 9.62666 0 0 10293.9 11241.3 20563.4 -14838.8 
0.42 9.8261 10 0.250976 0 18624.9 22291.5 -21.3489 0 
0.42 10 10.3733 0 0 10273.1 11315.3 20563.1 15026.8 
0.42 10 9.62666 0 0 10273.1 11315.3 20563.1 -15026.8 
0.425 9.82736 10 0.249476 0 18613 22438.7 -20.6464 0 
0.425 10 10.3733 0 0 10253.4 11389 20562.9 15208.6 
0.425 10 9.62666 0 0 10253.4 11389 20562.9 -15208.6 
0.43 9.8286 10 0.248026 0 18602.9 22585.2 -19.9625 0 
0.43 10 10.3733 0 0 10234.9 11462.2 20562.6 15394.2 
0.43 10 9.62666 0 0 10234.9 11462.2 20562.6 -15394.2 
0.435 9.82984 10 0.246624 0 18594.6 22730.9 -19.2965 0 
0.435 10 10.3733 0 0 10217.5 11535 20562.4 15573.6 
0.435 10 9.62666 0 0 10217.5 11535 20562.4 -15573.6 
0.44 9.83107 10 0.245269 0 18588 22875.8 -18.6476 0 
0.44 10 10.3733 0 0 10201.2 11607.5 20562.2 15756.8 
0.44 10 9.62666 0 0 10201.2 11607.5 20562.2 -15756.8 
0.445 9.83229 10 0.24396 0 18583.2 23020 -18.015 0 
0.445 10 10.3733 0 0 10186.1 11679.6 20561.9 15934 
0.445 10 9.62666 0 0 10186.1 11679.6 20561.9 -15934 
0.45 9.83351 10 0.242695 0 18580.2 23163.5 -17.398 0 
0.45 10 10.3733 0 0 10172 11751.3 20561.7 16115 
0.45 10 9.62666 0 0 10172 11751.3 20561.7 -16115 
0.455 9.83472 10 0.241474 0 18578.9 23306.2 -16.7959 0 
0.455 10 10.3733 0 0 10159.1 11822.7 20561.5 16289.9 
0.455 10 9.62666 0 0 10159.1 11822.7 20561.5 -16289.9 
0.46 9.83592 10 0.240295 0 18579.3 23448.2 -16.2081 0 
0.46 10 10.3733 0 0 10147.2 11893.7 20561.3 16468.8 
0.46 10 9.62666 0 0 10147.2 11893.7 20561.3 -16468.8 
0.465 9.83712 10 0.239158 0 18581.4 23589.6 -15.634 0 
0.465 10 10.3733 0 0 10136.4 11964.4 20561.1 16641.6 
0.465 10 9.62666 0 0 10136.4 11964.4 20561.1 -16641.6 
0.47 9.83831 10 0.238062 0 18585.2 23730.2 -15.0729 0 
0.47 10 10.3733 0 0 10126.6 12034.7 20560.9 16818.4 
0.47 10 9.62666 0 0 10126.6 12034.7 20560.9 -16818.4 
0.475 9.8395 10 0.237005 0 18590.7 23870.2 -14.5244 0 
0.475 10 10.3733 0 0 10117.9 12104.7 20560.7 16989.3 
0.475 10 9.62666 0 0 10117.9 12104.7 20560.7 -16989.3 
0.48 9.84068 10 0.235987 0 18598 24009.5 -13.9879 0 
0.48 10 10.3733 0 0 10110.3 12174.4 20560.5 17164.1 
0.48 10 9.62666 0 0 10110.3 12174.4 20560.5 -17164.1 
0.485 9.84186 10 0.235006 0 18606.9 24148.2 -13.4628 0 
0.485 10 10.3733 0 0 10103.6 12243.7 20560.3 17333.1 
0.485 10 9.62666 0 0 10103.6 12243.7 20560.3 -17333.1 
0.49 9.84303 10 0.234063 0 18617.5 24286.2 -12.9487 0 
0.49 10 10.3733 0 0 10098 12312.7 20560.1 17506.1 
0.49 10 9.62666 0 0 10098 12312.7 20560.1 -17506.1 
0.495 9.8442 10 0.233156 0 18629.8 24423.6 -12.4452 0 
0.495 10 10.3733 0 0 10093.4 12381.4 20559.9 17673.2 
0.495 10 9.62666 0 0 10093.4 12381.4 20559.9 -17673.2 
0.5 9.84536 10 0.232285 0 18643.7 24560.4 -11.9517 0 
0.5 10 10.3733 0 0 10089.8 12449.8 20559.7 17844.4 
0.5 10 9.62666 0 0 10089.8 12449.8 20559.7 -17844.4 
0.505 9.84652 10 0.231449 0 18659.3 24696.5 -11.4679 0 
0.505 10 10.3733 0 0 10087.2 12517.8 20559.5 18009.7 
0.505 10 9.62666 0 0 10087.2 12517.8 20559.5 -18009.7 
0.51 9.84768 10 0.230646 0 18676.6 24832 -10.9933 0 
0.51 10 10.3733 0 0 10085.6 12585.6 20559.4 18179.2 
0.51 10 9.62666 0 0 10085.6 12585.6 20559.4 -18179.2 
0.515 9.84883 10 0.229878 0 18695.6 24967 -10.5275 0 
0.515 10 10.3733 0 0 10085 12653.1 20559.2 18342.8 
0.515 10 9.62666 0 0 10085 12653.1 20559.2 -18342.8 
0.52 9.84998 10 0.229142 0 18716.2 25101.3 -10.0703 0 
0.52 10 10.3733 0 0 10085.4 12720.2 20559 18510.7 
0.52 10 9.62666 0 0 10085.4 12720.2 20559 -18510.7 
0.525 9.85112 10 0.228439 0 18738.5 25235 -9.62106 0 
0.525 10 10.3733 0 0 10086.7 12787.1 20558.8 18672.7 
0.525 10 9.62666 0 0 10086.7 12787.1 20558.8 -18672.7 
0.53 9.85226 10 0.227768 0 18762.4 25368.2 -9.17963 0 
0.53 10 10.3733 0 0 10089 12853.7 20558.6 18839 
0.53 10 9.62666 0 0 10089 12853.7 20558.6 -18839 
0.535 9.8534 10 0.227127 0 18788 25500.8 -8.74561 0 
0.535 10 10.3733 0 0 10092.3 12920 20558.5 18999.5 
0.535 10 9.62666 0 0 10092.3 12920 20558.5 -18999.5 
0.54 9.85453 10 0.226518 0 18815.2 25632.8 -8.31869 0 
0.54 10 10.3733 0 0 10096.5 12986 20558.3 19164.2 
0.54 10 9.62666 0 0 10096.5 12986 20558.3 -19164.2 
0.545 9.85566 10 0.225939 0 18844.1 25764.3 -7.89855 0 
0.545 10 10.3733 0 0 10101.7 13051.7 20558.1 19323.2 
0.545 10 9.62666 0 0 10101.7 13051.7 20558.1 -19323.2 
0.55 9.85679 10 0.22539 0 18874.7 25895.2 -7.4849 0 
0.55 10 10.3733 0 0 10107.8 13117.2 20558 19486.5 
0.55 10 9.62666 0 0 10107.8 13117.2 20558 -19486.5 
0.555 9.85792 10 0.22487 0 18906.9 26025.6 -7.07745 0 
0.555 10 10.3733 0 0 10114.9 13182.4 20557.8 19644.1 
0.555 10 9.62666 0 0 10114.9 13182.4 20557.8 -19644.1 
0.56 9.85904 10 0.224378 0 18940.8 26155.4 -6.67592 0 
0.56 10 10.3733 0 0 10122.9 13247.3 20557.6 19805.9 
0.56 10 9.62666 0 0 10122.9 13247.3 20557.6 -19805.9 
0.565 9.86016 10 0.223916 0 18976.4 26284.7 -6.28004 0 
0.565 10 10.3733 0 0 10131.9 13311.9 20557.5 19962.1 
0.565 10 9.62666 0 0 10131.9 13311.9 20557.5 -19962.1 
0.57 9.86128 10 0.223481 0 19013.6 26413.5 -5.88956 0 
0.57 10 10.3733 0 0 10141.8 13376.3 20557.3 20122.7 
0.57 10 9.62666 0 0 10141.8 13376.3 20557.3 -20122.7 
0.575 9.8624 10 0.223074 0 19052.5 26541.7 -5.50423 0 
0.575 10 10.3733 0 0 10152.7 13440.4 20557.1 20277.6 
0.575 10 9.62666 0 0 10152.7 13440.4 20557.1 -20277.6 
0.58 9.86351 10 0.222695 0 19093 26669.4 -5.1238 0 
0.58 10 10.3733 0 0 10164.5 13504.3 20557 20436.8 
0.58 10 9.62666 0 0 10164.5 13504.3 20557 -20436.8 
0.585 9.86462 10 0.222342 0 19135.3 26796.6 -4.74805 0 
0.585 10 10.3733 0 0 10177.2 13567.9 20556.8 20590.4 
0.585 10 9.62666 0 0 10177.2 13567.9 20556.8 -20590.4 
0.59 9.86573 10 0.222016 0 19179.2 26923.3 -4.37674 0 
0.59 10 10.3733 0 0 10190.9 13631.2 20556.6 20748.4 
0.59 10 9.62666 0 0 10190.9 13631.2 20556.6 -20748.4 
0.595 9.86684 10 0.221717 0 19224.8 27049.4 -4.00966 0 
0.595 10 10.3733 0 0 10205.5 13694.3 20556.5 20900.8 
0.595 10 9.62666 0 0 10205.5 13694.3 20556.5 -20900.8 
0.6 9.86795 10 0.221443 0 19272.1 27175.1 -3.6466 0 
0.6 10 10.3733 0 0 10221 13757.2 20556.3 21057.6 
0.6 10 9.62666 0 0 10221 13757.2 20556.3 -21057.6 
0.605 9.86906 10 0.221196 0 19321.1 27300.3 -3.28734 0 
0.605 10 10.3733 0 0 10237.5 13819.7 20556.2 21208.9 
0.605 10 9.62666 0 0 10237.5 13819.7 20556.2 -21208.9 
0.61 9.87016 10 0.220974 0 19371.8 27424.9 -2.9317 0 
0.61 10 10.3733 0 0 10254.9 13882.1 20556 21364.5 
0.61 10 9.62666 0 0 10254.9 13882.1 20556 -21364.5 
0.615 9.87127 10 0.220777 0 19424.2 27549.1 -2.57948 0 
0.615 10 10.3733 0 0 10273.2 13944.1 20555.8 21514.6 
0.615 10 9.62666 0 0 10273.2 13944.1 20555.8 -21514.6 
0.62 9.87237 10 0.220605 0 19478.3 27672.8 -2.23048 0 
0.62 10 10.3733 0 0 10292.5 14006 20555.7 21669.1 
0.62 10 9.62666 0 0 10292.5 14006 20555.7 -21669.1 
0.625 9.87347 10 0.220458 0 19534.2 27795.9 -1.88453 0 
0.625 10 10.3733 0 0 10312.7 14067.6 20555.5 21818.1 
0.625 10 9.62666 0 0 10312.7 14067.6 20555.5 -21818.1 
0.63 9.87458 10 0.220336 0 19591.8 27918.6 -1.54145 0 
0.63 10 10.3733 0 0 10333.9 14128.9 20555.3 21971.6 
0.63 10 9.62666 0 0 10333.9 14128.9 20555.3 -21971.6 
0.635 9.87568 10 0.220238 0 19651.1 28040.8 -1.20107 0 
0.635 10 10.3733 0 0 10356 14190 20555.2 22119.5 
0.635 10 9.62666 0 0 10356 14190 20555.2 -22119.5 
0.64 9.87678 10 0.220164 0 19712.2 28162.5 -0.863213 0 
0.64 10 10.3733 0 0 10379 14250.9 20555 22271.9 
0.64 10 9.62666 0 0 10379 14250.9 20555 -22271.9 
0.645 9.87788 10 0.220114 0 19775 28283.7 -0.52772 0 
0.645 10 10.3733 0 0 10403 14311.5 20554.9 22418.8 
0.645 10 9.62666 0 0 10403 14311.5 20554.9 -22418.8 
0.65 9.87898 10 0.220089 0 19839.6 28404.5 -0.194428 0 
0.65 10 10.3733 0 0 10428 14371.8 20554.7 22570.2 
0.65 10 9.62666 0 0 10428 14371.8 20554.7 -22570.2 
0.655 9.88008 10 0.220087 0 19906 28524.7 0.136818 0 
0.655 10 10.3733 0 0 10453.8 14431.9 20554.5 22716.1 
0.655 10 9.62666 0 0 10453.8 14431.9 20554.5 -22716.1 
0.66 9.88118 10 0.220108 0 19974.2 28644.4 0.46617 0 
0.66 10 10.3733 0 0 10480.7 14491.8 20554.4 22866.6 
0.66 10 9.62666 0 0 10480.7 14491.8 20554.4 -22866.6 
0.665 9.88228 10 0.220153 0 20044.2 28763.7 0.79378 0 
0.665 10 10.3733 0 0 10508.5 14551.4 20554.2 23011.5 
0.665 10 9.62666 0 0 10508.5 14551.4 20554.2 -23011.5 
0.67 9.88338 10 0.220222 0 20115.9 28882.5 1.11979 0 
0.67 10 10.3733 0 0 10537.2 14610.8 20554 23161 
0.67 10 9.62666 0 0 10537.2 14610.8 20554 -23161 
0.675 9.88448 10 0.220313 0 20189.5 29000.8 1.44435 0 
0.675 10 10.3733 0 0 10566.9 14670 20553.9 23305 
0.675 10 9.62666 0 0 10566.9 14670 20553.9 -23305 
0.68 9.88559 10 0.220428 0 20265 29118.5 1.7676 0 
0.68 10 10.3733 0 0 10597.6 14728.9 20553.7 23453.6 
0.68 10 9.62666 0 0 10597.6 14728.9 20553.7 -23453.6 
0.685 9.88669 10 0.220566 0 20342.3 29235.8 2.08967 0 
0.685 10 10.3733 0 0 10629.3 14787.5 20553.5 23596.7 
0.685 10 9.62666 0 0 10629.3 14787.5 20553.5 -23596.7 
0.69 9.88779 10 0.220726 0 20421.4 29352.6 2.4107 0 
0.69 10 10.3733 0 0 10661.9 14845.9 20553.3 23744.3 
0.69 10 9.62666 0 0 10661.9 14845.9 20553.3 -23744.3 
0.695 9.8889 10 0.22091 0 20502.4 29468.9 2.73082 0 
0.695 10 10.3733 0 0 10695.5 14904.1 20553.2 23886.6 
0.695 10 9.62666 0 0 10695.5 14904.1 20553.2 -23886.6 
0.7 9.89 10 0.221116 0 20585.3 29584.7 3.05016 0 
0.7 10 10.3733 0 0 10730.1 14962 20553 24033.3 
0.7 10 9.62666 0 0 10730.1 14962 20553 -24033.3 
0.705 9.89111 10 0.221346 0 20670.1 29700 3.36885 0 
0.705 10 10.3733 0 0 10765.7 15019.6 20552.8 24174.7 
0.705 10 9.62666 0 0 10765.7 15019.6 20552.8 -24174.7 
0.71 9.89221 10 0.221598 0 20756.9 29814.8 3.68702 0 
0.71 10 10.3733 0 0 10802.3 15077 20552.6 24320.6 
0.71 10 9.62666 0 0 10802.3 15077 20552.6 -24320.6 
0.715 9.89332 10 0.221872 0 20845.5 29929.1 4.00479 0 
0.715 10 10.3733 0 0 10839.9 15134.2 20552.5 24461.1 
0.715 10 9.62666 0 0 10839.9 15134.2 20552.5 -24461.1 
0.72 9.89443 10 0.22217 0 20936.1 30042.9 4.32228 0 
0.72 10 10.3733 0 0 10878.5 15191 20552.3 24606.2 
0.72 10 9.62666 0 0 10878.5 15191 20552.3 -24606.2 
0.725 9.89554 10 0.22249 0 21028.6 30156.1 4.63961 0 
0.725 10 10.3733 0 0 10918.1 15247.7 20552.1 24745.8 
0.725 10 9.62666 0 0 10918.1 15247.7 20552.1 -24745.8 
0.73 9.89666 10 0.222833 0 21123.1 30268.9 4.9569 0 
0.73 10 10.3733 0 0 10958.7 15304 20551.9 24890.1 
0.73 10 9.62666 0 0 10958.7 15304 20551.9 -24890.1 
0.735 9.89777 10 0.223198 0 21219.6 30381 5.27427 0 
0.735 10 10.3733 0 0 11000.4 15360.1 20551.7 25028.9 
0.735 10 9.62666 0 0 11000.4 15360.1 20551.7 -25028.9 
0.74 9.89889 10 0.223586 0 21318.1 30492.7 5.59183 0 
0.74 10 10.3733 0 0 11043.1 15415.9 20551.6 25172.4 
0.74 10 9.62666 0 0 11043.1 15415.9 20551.6 -25172.4 
0.745 9.90001 10 0.223997 0 21418.7 30603.8 5.90971 0 
0.745 10 10.3733 0 0 11086.8 15471.5 20551.4 25310.4 
0.745 10 9.62666 0 0 11086.8 15471.5 20551.4 -25310.4 
0.75 9.90113 10 0.22443 0 21521.2 30714.4 6.228 0 
0.75 10 10.3733 0 0 11131.6 15526.8 20551.2 25453 
0.75 10 9.62666 0 0 11131.6 15526.8 20551.2 -25453 
0.755 9.90225 10 0.224887 0 21625.9 30824.4 6.54683 0 
0.755 10 10.3733 0 0 11177.4 15581.8 20551 25590.2 
0.755 10 9.62666 0 0 11177.4 15581.8 20551 -25590.2 
0.76 9.90338 10 0.225366 0 21732.6 30933.8 6.8663 0 
0.76 10 10.3733 0 0 11224.3 15636.5 20550.8 25732.1 
0.76 10 9.62666 0 0 11224.3 15636.5 20550.8 -25732.1 
0.765 9.90451 10 0.225868 0 21841.4 31042.7 7.18653 0 
0.765 10 10.3733 0 0 11272.2 15691 20550.6 25868.5 
0.765 10 9.62666 0 0 11272.2 15691 20550.6 -25868.5 
0.77 9.90564 10 0.226392 0 21952.2 31151 7.50762 0 
0.77 10 10.3733 0 0 11321.3 15745.1 20550.4 26009.5 
0.77 10 9.62666 0 0 11321.3 15745.1 20550.4 -26009.5 
0.775 9.90677 10 0.22694 0 22065.3 31258.7 7.82969 0 
0.775 10 10.3733 0 0 11371.4 15799 20550.2 26145.1 
0.775 10 9.62666 0 0 11371.4 15799 20550.2 -26145.1 
0.78 9.90791 10 0.227511 0 22180.4 31365.9 8.15283 0 
0.78 10 10.3733 0 0 11422.6 15852.5 20550 26285.4 
0.78 10 9.62666 0 0 11422.6 15852.5 20550 -26285.4 
0.785 9.90905 10 0.228105 0 22297.8 31472.4 8.47716 0 
0.785 10 10.3733 0 0 11475 15905.8 20549.8 26420.2 
0.785 10 9.62666 0 0 11475 15905.8 20549.8 -26420.2 
0.79 9.91019 10 0.228722 0 22417.3 31578.3 8.80279 0 
0.79 10 10.3733 0 0 11528.4 15958.7 20549.6 26559.6 
0.79 10 9.62666 0 0 11528.4 15958.7 20549.6 -26559.6 
0.795 9.91133 10 0.229362 0 22539 31683.5 9.12982 0 
0.795 10 10.3733 0 0 11583 16011.4 20549.4 26693.7 
0.795 10 9.62666 0 0 11583 16011.4 20549.4 -26693.7 
0.8 9.91248 10 0.230026 0 22663 31788.2 9.45835 0 
0.8 10 10.3733 0 0 11638.7 16063.7 20549.2 26832.3 
0.8 10 9.62666 0 0 11638.7 16063.7 20549.2 -26832.3 
0.805 9.91363 10 0.230714 0 22789.1 31892.1 9.78849 0 
0.805 10 10.3733 0 0 11695.5 16115.7 20549 26965.5 
0.805 10 9.62666 0 0 11695.5 16115.7 20549 -26965.5 
0.81 9.91479 10 0.231425 0 22917.6 31995.4 10.1203 0 
0.81 10 10.3733 0 0 11753.5 16167.3 20548.7 27103.3 
0.81 10 9.62666 0 0 11753.5 16167.3 20548.7 -27103.3 
0.815 9.91595 10 0.232159 0 23048.3 32098.1 10.454 0 
0.815 10 10.3733 0 0 11812.6 16218.6 20548.5 27235.7 
0.815 10 9.62666 0 0 11812.6 16218.6 20548.5 -27235.7 
0.82 9.91711 10 0.232918 0 23181.4 32200 10.7896 0 
0.82 10 10.3733 0 0 11872.9 16269.6 20548.3 27372.7 
0.82 10 9.62666 0 0 11872.9 16269.6 20548.3 -27372.7 
0.825 9.91828 10 0.233701 0 23316.7 32301.3 11.1272 0 
0.825 10 10.3733 0 0 11934.4 16320.2 20548.1 27504.3 
0.825 10 9.62666 0 0 11934.4 16320.2 20548.1 -27504.3 
0.83 9.91945 10 0.234508 0 23454.4 32401.8 11.467 0 
0.83 10 10.3733 0 0 11997.1 16370.5 20547.9 27640.5 
0.83 10 9.62666 0 0 11997.1 16370.5 20547.9 -27640.5 
0.835 9.92062 10 0.235339 0 23594.5 32501.6 11.809 0 
0.835 10 10.3733 0 0 12061 16420.4 20547.6 27771.2 
0.835 10 9.62666 0 0 12061 16420.4 20547.6 -27771.2 
0.84 9.9218 10 0.236195 0 23737 32600.6 12.1533 0 
0.84 10 10.3733 0 0 12126 16469.9 20547.4 27906.5 
0.84 10 9.62666 0 0 12126 16469.9 20547.4 -27906.5 
0.845 9.92298 10 0.237075 0 23881.9 32698.9 12.5001 0 
0.845 10 10.3733 0 0 12192.4 16519 20547.2 28036.4 
0.845 10 9.62666 0 0 12192.4 16519 20547.2 -28036.4 
0.85 9.92417 10 0.237981 0 24029.2 32796.4 12.8494 0 
0.85 10 10.3733 0 0 12259.9 16567.8 20546.9 28170.8 
0.85 10 9.62666 0 0 12259.9 16567.8 20546.9 -28170.8 
0.855 9.92536 10 0.238911 0 24178.9 32893.1 13.2013 0 
0.855 10 10.3733 0 0 12328.7 16616.1 20546.7 28299.8 
0.855 10 9.62666 0 0 12328.7 16616.1 20546.7 -28299.8 
0.86 9.92656 10 0.239867 0 24331.2 32989 13.556 0 
0.86 10 10.3733 0 0 12398.7 16664.1 20546.4 28433.4 
0.86 10 9.62666 0 0 12398.7 16664.1 20546.4 -28433.4 
0.865 9.92776 10 0.240848 0 24485.9 33084 13.9136 0 
0.865 10 10.3733 0 0 12470 16711.6 20546.2 28561.5 
0.865 10 9.62666 0 0 12470 16711.6 20546.2 -28561.5 
0.87 9.92897 10 0.241854 0 24643.2 33178.2 14.2741 0 
0.87 10 10.3733 0 0 12542.6 16758.7 20545.9 28694.1 
0.87 10 9.62666 0 0 12542.6 16758.7 20545.9 -28694.1 
0.875 9.93018 10 0.242887 0 24803 33271.5 14.6377 0 
0.875 10 10.3733 0 0 12616.5 16805.3 20545.7 28821.2 
0.875 10 9.62666 0 0 12616.5 16805.3 20545.7 -28821.2 
0.88 9.9314 10 0.243945 0 24965.3 33363.8 15.0045 0 
0.88 10 10.3733 0 0 12691.6 16851.5 20545.4 28952.9 
0.88 10 9.62666 0 0 12691.6 16851.5 20545.4 -28952.9 
0.885 9.93262 10 0.24503 0 25130.3 33455.3 15.3745 0 
0.885 10 10.3733 0 0 12768.1 16897.3 20545.2 29079.1 
0.885 10 9.62666 0 0 12768.1 16897.3 20545.2 -29079.1 
0.89 9.93385 10 0.246142 0 25297.8 33545.8 15.7479 0 
0.89 10 10.3733 0 0 12845.9 16942.5 20544.9 29209.8 
0.89 10 9.62666 0 0 12845.9 16942.5 20544.9 -29209.8 
0.895 9.93508 10 0.24728 0 25468 33635.4 16.1248 0 
0.895 10 10.3733 0 0 12925.1 16987.3 20544.6 29334.9 
0.895 10 9.62666 0 0 12925.1 16987.3 20544.6 -29334.9 
0.9 9.93632 10 0.248446 0 25640.8 33723.9 16.5053 0 
0.9 10 10.3733 0 0 13005.6 17031.6 20544.4 29464.6 
0.9 10 9.62666 0 0 13005.6 17031.6 20544.4 -29464.6 
0.905 9.93757 10 0.249638 0 25816.3 33811.5 16.8895 0 
0.905 10 10.3733 0 0 13087.4 17075.3 20544.1 29588.7 
0.905 10 9.62666 0 0 13087.4 17075.3 20544.1 -29588.7 
0.91 9.93882 10 0.250858 0 25994.5 33897.9 17.2774 0 
0.91 10 10.3733 0 0 13170.6 17118.6 20543.8 29717.3 
0.91 10 9.62666 0 0 13170.6 17118.6 20543.8 -29717.3 
0.915 9.94008 10 0.252106 0 26175.4 33983.3 17.6693 0 
0.915 10 10.3733 0 0 13255.2 17161.3 20543.5 29840.3 
0.915 10 9.62666 0 0 13255.2 17161.3 20543.5 -29840.3 
0.92 9.94134 10 0.253383 0 26359 34067.6 18.0652 0 
0.92 10 10.3733 0 0 13341.2 17203.4 20543.2 29967.7 
0.92 10 9.62666 0 0 13341.2 17203.4 20543.2 -29967.7 
0.925 9.94261 10 0.254687 0 26545.4 34150.8 18.4653 0 
0.925 10 10.3733 0 0 13428.6 17245 20542.9 30089.6 
0.925 10 9.62666 0 0 13428.6 17245 20542.9 -30089.6 
0.93 9.94389 10 0.256021 0 26734.6 34232.8 18.8695 0 
0.93 10 10.3733 0 0 13517.4 17286 20542.6 30215.9 
0.93 10 9.62666 0 0 13517.4 17286 20542.6 -30215.9 
0.935 9.94517 10 0.257383 0 26926.5 34313.6 19.2781 0 
0.935 10 10.3733 0 0 13607.7 17326.4 20542.3 30336.6 
0.935 10 9.62666 0 0 13607.7 17326.4 20542.3 -30336.6 
0.94 9.94646 10 0.258775 0 27121.3 34393.2 19.6912 0 
0.94 10 10.3733 0 0 13699.4 17366.2 20542 30461.6 
0.94 10 9.62666 0 0 13699.4 17366.2 20542 -30461.6 
0.945 9.94776 10 0.260196 0 27318.9 34471.6 20.1088 0 
0.945 10 10.3733 0 0 13792.5 17405.4 20541.7 30581 
0.945 10 9.62666 0 0 13792.5 17405.4 20541.7 -30581 
0.95 9.94906 10 0.261648 0 27519.4 34548.6 20.5311 0 
0.95 10 10.3733 0 0 13887.2 17443.9 20541.4 30704.7 
0.95 10 9.62666 0 0 13887.2 17443.9 20541.4 -30704.7 
0.955 9.95037 10 0.263129 0 27722.7 34624.3 20.9582 0 
0.955 10 10.3733 0 0 13983.3 17481.7 20541.1 30822.8 
0.955 10 9.62666 0 0 13983.3 17481.7 20541.1 -30822.8 
0.96 9.95169 10 0.264642 0 27928.9 34698.6 21.3902 0 
0.96 10 10.3733 0 0 14080.9 17518.9 20540.8 30945.2 
0.96 10 9.62666 0 0 14080.9 17518.9 20540.8 -30945.2 
0.965 9.95302 10 0.266185 0 28138 34771.6 21.8272 0 
0.965 10 10.3733 0 0 14179.9 17555.4 20540.5 31061.8 
0.965 10 9.62666 0 0 14179.9 17555.4 20540.5 -31061.8 
0.97 9.95436 10 0.26776 0 28350 34843.1 22.2694 0 
0.97 10 10.3733 0 0 14280.6 17591.1 20540.1 31182.8 
0.97 10 9.62666 0 0 14280.6 17591.1 20540.1 -31182.8 
0.975 9.9557 10 0.269367 0 28565 34913.1 22.7167 0 
0.975 10 10.3733 0 0 14382.7 17626.1 20539.8 31298 
0.975 10 9.62666 0 0 14382.7 17626.1 20539.8 -31298 
0.98 9.95705 10 0.271005 0 28782.9 34981.6 23.1695 0 
0.98 10 10.3733 0 0 14486.4 17660.4 20539.4 31417.4 
0.98 10 9.62666 0 0 14486.4 17660.4 20539.4 -31417.4 
0.985 9.95841 10 0.272677 0 29003.7 35048.5 23.6277 0 
0.985 10 10.3733 0 0 14591.6 17693.9 20539.1 31531 
0.985 10 9.62666 0 0 14591.6 17693.9 20539.1 -31531 
0.99 9.95978 10 0.274381 0 29227.5 35113.8 24.0915 0 
0.99 10 10.3733 0 0 14698.3 17726.5 20538.7 31648.8 
0.99 10 9.62666 0 0 14698.3 17726.5 20538.7 -31648.8 
0.995 9.96115 10 0.276118 0 29454.3 35177.5 24.561 0 
0.995 10 10.3733 0 0 14806.7 17758.3 20538.4 31760.7 
0.995 10 9.62666 0 0 14806.7 17758.3 20538.4 -31760.7 
1 9.96254 10 0.27789 0 29684.1 35239.5 25.0363 0 
1 10 10.3733 0 0 14916.6 17789.3 20538 31876.8 
1 10 9.62666 0 0 14916.6 17789.3 20538 -31876.8 
1.005 9.96393 10 0.279695 0 29916.9 35299.7 25.5176 0 
1.005 10 10.3733 0 0 15028.1 17819.5 20537.7 31987 
1.005 10 9.62666 0 0 15028.1 17819.5 20537.7 -31987 
1.01 9.96533 10 0.281535 0 30152.7 35358.1 26.0049 0 
1.01 10 10.3733 0 0 15141.2 17848.7 20537.3 32101.3 
1.01 10 9.62666 0 0 15141.2 17848.7 20537.3 -32101.3 
1.015 9.96675 10 0.28341 0 30391.6 35414.7 26.4984 0 
1.015 10 10.3733 0 0 15255.9 17877 20536.9 32209.7 
1.015 10 9.62666 0 0 15255.9 17877 20536.9 -32209.7 
1.02 9.96817 10 0.285321 0 30633.4 35469.4 26.9983 0 
1.02 10 10.3733 0 0 15372.3 17904.3 20536.5 32322.1 
1.02 10 9.62666 0 0 15372.3 17904.3 20536.5 -32322.1 
1.025 9.9696 10 0.287267 0 30878.2 35522.2 27.5045 0 
1.025 10 10.3733 0 0 15490.2 17930.7 20536.1 32428.5 
1.025 10 9.62666 0 0 15490.2 17930.7 20536.1 -32428.5 
1.03 9.97104 10 0.28925 0 31126.1 35572.9 28.0173 0 
1.03 10 10.3733 0 0 15609.8 17956.1 20535.7 32538.8 
1.03 10 9.62666 0 0 15609.8 17956.1 20535.7 -32538.8 
1.035 9.97249 10 0.29127 0 31377 35621.6 28.5368 0 
1.035 10 10.3733 0 0 15731 17980.4 20535.3 32643.1 
1.035 10 9.62666 0 0 15731 17980.4 20535.3 -32643.1 
1.04 9.97395 10 0.293327 0 31630.9 35668.2 29.0631 0 
1.04 10 10.3733 0 0 15853.9 18003.7 20534.9 32751.3 
1.04 10 9.62666 0 0 15853.9 18003.7 20534.9 -32751.3 
1.045 9.97543 10 0.295422 0 31887.8 35712.6 29.5963 0 
1.045 10 10.3733 0 0 15978.4 18025.9 20534.5 32853.4 
1.045 10 9.62666 0 0 15978.4 18025.9 20534.5 -32853.4 
1.05 9.97691 10 0.297555 0 32147.8 35754.8 30.1366 0 
1.05 10 10.3733 0 0 16104.6 18047 20534.1 32959.3 
1.05 10 9.62666 0 0 16104.6 18047 20534.1 -32959.3 
1.055 9.9784 10 0.299728 0 32410.7 35794.7 30.6841 0 
1.055 10 10.3733 0 0 16232.4 18067 20533.7 33059.1 
1.055 10 9.62666 0 0 16232.4 18067 20533.7 -33059.1 
1.06 9.97991 10 0.301939 0 32676.6 35832.3 31.2389 0 
1.06 10 10.3733 0 0 16361.9 18085.7 20533.2 33162.6 
1.06 10 9.62666 0 0 16361.9 18085.7 20533.2 -33162.6 
1.065 9.98142 10 0.30419 0 32945.5 35867.4 31.8011 0 
1.065 10 10.3733 0 0 16493.1 18103.3 20532.8 33259.8 
1.065 10 9.62666 0 0 16493.1 18103.3 20532.8 -33259.8 
1.07 9.98295 10 0.306482 0 33217.3 35900 32.371 0 
1.07 10 10.3733 0 0 16626 18119.6 20532.4 33360.8 
1.07 10 9.62666 0 0 16626 18119.6 20532.4 -33360.8 
1.075 9.98449 10 0.308815 0 33492 35930.1 32.9485 0 
1.075 10 10.3733 0 0 16760.5 18134.7 20531.9 33455.4 
1.075 10 9.62666 0 0 16760.5 18134.7 20531.9 -33455.4 
1.08 9.98604 10 0.311189 0 33769.7 35957.6 33.5339 0 
1.08 10 10.3733 0 0 16896.7 18148.4 20531.4 33553.7 
1.08 10 9.62666 0 0 16896.7 18148.4 20531.4 -33553.7 
1.085 9.9876 10 0.313606 0 34050.3 35982.4 34.1273 0 
1.085 10 10.3733 0 0 17034.5 18160.8 20531 33645.5 
1.085 10 9.62666 0 0 17034.5 18160.8 20531 -33645.5 
1.09 9.98917 10 0.316065 0 34333.7 36004.4 34.7288 0 
1.09 10 10.3733 0 0 17174.1 18171.8 20530.5 33740.8 
1.09 10 9.62666 0 0 17174.1 18171.8 20530.5 -33740.8 
1.095 9.99076 10 0.318567 0 34619.9 36023.6 35.3386 0 
1.095 10 10.3733 0 0 17315.3 18181.4 20530 33829.7 
1.095 10 9.62666 0 0 17315.3 18181.4 20530 -33829.7 
1.1 9.99236 10 0.321113 0 34909 36039.9 35.9568 0 
1.1 10 10.3733 0 0 17458.1 18189.5 20529.5 33922 
1.1 10 9.62666 0 0 17458.1 18189.5 20529.5 -33922 
1.105 9.99397 10 0.323704 0 35200.8 36053.2 36.5836 0 
1.105 10 10.3733 0 0 17602.7 18196.2 20529 34007.8 
1.105 10 9.62666 0 0 17602.7 18196.2 20529 -34007.8 
1.11 9.99559 10 0.32634 0 35495.3 36063.4 37.2191 0 
1.11 10 10.3733 0 0 17748.9 18201.3 20528.5 34096.8 
1.11 10 9.62666 0 0 17748.9 18201.3 20528.5 -34096.8 
1.115 9.99723 10 0.329021 0 35792.4 36070.5 37.8634 0 
1.115 10 10.3733 0 0 17896.7 18204.8 20528 34179.2 
1.115 10 9.62666 0 0 17896.7 18204.8 20528 -34179.2 
1.12 9.99888 10 0.331749 0 36092.2 36074.4 38.5168 0 
1.12 10 10.3733 0 0 18046.2 18206.8 20527.5 34264.9 
1.12 10 9.62666 0 0 18046.2 18206.8 20527.5 -34264.9 
1.125 10.0006 10 0.334524 0 36394.5 36074.9 39.1793 0 
1.125 10 10.3733 0 0 18197.3 18207.1 20527 34343.8 
1.125 10 9.62666 0 0 18197.3 18207.1 20527 -34343.8 
1.13 10.0022 10 0.337346 0 36699.3 36072.1 39.8512 0 
1.13 10 10.3733 0 0 18350 18205.7 20526.5 34425.8 
1.13 10 9.62666 0 0 18350 18205.7 20526.5 -34425.8 
1.135 10.0039 10 0.340217 0 37006.6 36065.8 40.5325 0 
1.135 10 10.3733 0 0 18504.3 18202.5 20525.9 34501 
1.135 10 9.62666 0 0 18504.3 18202.5 20525.9 -34501 
1.14 10.0056 10 0.343137 0 37316.2 36056 41.2235 0 
1.14 10 10.3733 0 0 18660.2 18197.6 20525.4 34579.2 
1.14 10 9.62666 0 0 18660.2 18197.6 20525.4 -34579.2 
1.145 10.0074 10 0.346106 0 37628.1 36042.5 41.9244 0 
1.145 10 10.3733 0 0 18817.7 18190.8 20524.8 34650.5 
1.145 10 9.62666 0 0 18817.7 18190.8 20524.8 -34650.5 
1.15 10.0091 10 0.349126 0 37942.3 36025.2 42.6352 0 
1.15 10 10.3733 0 0 18976.8 18182.2 20524.2 34724.7 
1.15 10 9.62666 0 0 18976.8 18182.2 20524.2 -34724.7 
1.155 10.0108 10 0.352197 0 38258.5 36004.2 43.3563 0 
1.155 10 10.3733 0 0 19137.3 18171.7 20523.7 34791.7 
1.155 10 9.62666 0 0 19137.3 18171.7 20523.7 -34791.7 
1.16 10.0126 10 0.35532 0 38576.8 35979.2 44.0877 0 
1.16 10 10.3733 0 0 19299.4 18159.2 20523.1 34861.7 
1.16 10 9.62666 0 0 19299.4 18159.2 20523.1 -34861.7 
1.165 10.0144 10 0.358496 0 38897.1 35950.2 44.8298 0 
1.165 10 10.3733 0 0 19463 18144.7 20522.5 34924.4 
1.165 10 9.62666 0 0 19463 18144.7 20522.5 -34924.4 
1.17 10.0162 10 0.361725 0 39219.2 35917 45.5826 0 
1.17 10 10.3733 0 0 19628 18128.1 20521.9 34989.8 
1.17 10 9.62666 0 0 19628 18128.1 20521.9 -34989.8 
1.175 10.018 10 0.365008 0 39543 35879.7 46.3463 0 
1.175 10 10.3733 0 0 19794.5 18109.5 20521.3 35047.9 
1.175 10 9.62666 0 0 19794.5 18109.5 20521.3 -35047.9 
1.18 10.0199 10 0.368346 0 39868.4 35838.1 47.1213 0 
1.18 10 10.3733 0 0 19962.4 18088.6 20520.7 35108.5 
1.18 10 9.62666 0 0 19962.4 18088.6 20520.7 -35108.5 
1.185 10.0217 10 0.37174 0 40195.3 35792.1 47.9078 0 
1.185 10 10.3733 0 0 20131.6 18065.6 20520 35161.8 
1.185 10 9.62666 0 0 20131.6 18065.6 20520 -35161.8 
1.19 10.0236 10 0.37519 0 40523.7 35741.6 48.7059 0 
1.19 10 10.3733 0 0 20302.2 18040.4 20519.4 35217.4 
1.19 10 9.62666 0 0 20302.2 18040.4 20519.4 -35217.4 
1.195 10.0255 10 0.378698 0 40853.2 35686.4 49.5159 0 
1.195 10 10.3733 0 0 20474 18012.8 20518.7 35265.6 
1.195 10 9.62666 0 0 20474 18012.8 20518.7 -35265.6 
1.2 10.0274 10 0.382264 0 41183.9 35626.6 50.3381 0 
1.2 10 10.3733 0 0 20647.1 17982.9 20518.1 35316 
1.2 10 9.62666 0 0 20647.1 17982.9 20518.1 -35316 
1.205 10.0293 10 0.38589 0 41515.5 35562 51.1728 0 
1.205 10 10.3733 0 0 20821.5 17950.6 20517.4 35358.7 
1.205 10 9.62666 0 0 20821.5 17950.6 20517.4 -35358.7 
1.21 10.0312 10 0.389575 0 41847.9 35492.5 52.0202 0 
1.21 10 10.3733 0 0 20996.9 17915.8 20516.7 35403.6 
1.21 10 9.62666 0 0 20996.9 17915.8 20516.7 -35403.6 
1.215 10.0332 10 0.393321 0 42180.9 35418 52.8807 0 
1.215 10 10.3733 0 0 21173.5 17878.6 20516 35440.7 
1.215 10 9.62666 0 0 21173.5 17878.6 20516 -35440.7 
1.22 10.0351 10 0.39713 0 42514.4 35338.3 53.7546 0 
1.22 10 10.3733 0 0 21351.2 17838.8 20515.3 35479.9 
1.22 10 9.62666 0 0 21351.2 17838.8 20515.3 -35479.9 
1.225 10.0371 10 0.401001 0 42848.2 35253.5 54.6422 0 
1.225 10 10.3733 0 0 21529.9 17796.4 20514.6 35511 
1.225 10 9.62666 0 0 21529.9 17796.4 20514.6 -35511 
1.23 10.0392 10 0.404936 0 43182.1 35163.4 55.5438 0 
1.23 10 10.3733 0 0 21709.5 17751.3 20513.9 35544.1 
1.23 10 9.62666 0 0 21709.5 17751.3 20513.9 -35544.1 
1.235 10.0412 10 0.408936 0 43515.9 35067.8 56.46 0 
1.235 10 10.3733 0 0 21890 17703.5 20513.1 35569.1 
1.235 10 9.62666 0 0 21890 17703.5 20513.1 -35569.1 
1.24 10.0432 10 0.413002 0 43849.4 34966.7 57.3911 0 
1.24 10 10.3733 0 0 22071.3 17653 20512.4 35595.8 
1.24 10 9.62666 0 0 22071.3 17653 20512.4 -35595.8 
1.245 10.0453 10 0.417135 0 44182.5 34860.1 58.3375 0 
1.245 10 10.3733 0 0 22253.4 17599.6 20511.6 35614.3 
1.245 10 9.62666 0 0 22253.4 17599.6 20511.6 -35614.3 
1.25 10.0474 10 0.421336 0 44514.8 34747.7 59.2997 0 
1.25 10 10.3733 0 0 22436.2 17543.4 20510.9 35634.5 
1.25 10 9.62666 0 0 22436.2 17543.4 20510.9 -35634.5 
1.255 10.0495 10 0.425607 0 44846.2 34629.4 60.2782 0 
1.255 10 10.3733 0 0 22619.6 17484.3 20510.1 35646.2 
1.255 10 9.62666 0 0 22619.6 17484.3 20510.1 -35646.2 
1.26 10.0517 10 0.429948 0 45176.4 34505.3 61.2737 0 
1.26 10 10.3733 0 0 22803.5 17422.3 20509.3 35659.5 
1.26 10 9.62666 0 0 22803.5 17422.3 20509.3 -35659.5 
1.265 10.0538 10 0.434361 0 45505.2 34375.2 62.2865 0 
1.265 10 10.3733 0 0 22987.9 17357.2 20508.5 35664.2 
1.265 10 9.62666 0 0 22987.9 17357.2 20508.5 -35664.2 
1.27 10.056 10 0.438847 0 45832.3 34238.9 63.3175 0 
1.27 10 10.3733 0 0 23172.7 17289 20507.6 35670.3 
1.27 10 9.62666 0 0 23172.7 17289 20507.6 -35670.3 
1.275 10.0582 10 0.443407 0 46157.5 34096.4 64.3673 0 
1.275 10 10.3733 0 0 23357.7 17217.8 20506.8 35667.7 
1.275 10 9.62666 0 0 23357.7 17217.8 20506.8 -35667.7 
1.28 10.0605 10 0.448042 0 46480.5 33947.7 65.4365 0 
1.28 10 10.3733 0 0 23542.9 17143.4 20505.9 35666.3 
1.28 10 9.62666 0 0 23542.9 17143.4 20505.9 -35666.3 
1.285 10.0627 10 0.452755 0 46801.1 33792.5 66.5261 0 
1.285 10 10.3733 0 0 23728.3 17065.9 20505 35656.1 
1.285 10 9.62666 0 0 23728.3 17065.9 20505 -35656.1 
1.29 10.065 10 0.457547 0 47118.9 33630.9 67.6368 0 
1.29 10 10.3733 0 0 23913.6 16985 20504.2 35647.1 
1.29 10 9.62666 0 0 23913.6 16985 20504.2 -35647.1 
1.295 10.0673 10 0.462418 0 47433.7 33462.7 68.7696 0 
1.295 10 10.3733 0 0 24098.9 16900.9 20503.2 35629 
1.295 10 9.62666 0 0 24098.9 16900.9 20503.2 -35629 
1.3 10.0696 10 0.467371 0 47745.1 33287.8 69.9255 0 
1.3 10 10.3733 0 0 24283.9 16813.5 20502.3 35611.9 
1.3 10 9.62666 0 0 24283.9 16813.5 20502.3 -35611.9 
1.305 10.072 10 0.472408 0 48053 33106.2 71.1056 0 
1.305 10 10.3733 0 0 24468.6 16722.7 20501.4 35585.8 
1.305 10 9.62666 0 0 24468.6 16722.7 20501.4 -35585.8 
1.31 10.0743 10 0.47753 0 48356.8 32917.8 72.311 0 
1.31 10 10.3733 0 0 24652.9 16628.5 20500.4 35560.5 
1.31 10 9.62666 0 0 24652.9 16628.5 20500.4 -35560.5 
1.315 10.0767 10 0.482739 0 48656.5 32722.5 73.543 0 
1.315 10 10.3733 0 0 24836.7 16530.9 20499.4 35525.9 
1.315 10 9.62666 0 0 24836.7 16530.9 20499.4 -35525.9 
1.32 10.0792 10 0.488037 0 48951.5 32520.3 74.8031 0 
1.32 10 10.3733 0 0 25019.8 16429.7 20498.4 35492.1 
1.32 10 9.62666 0 0 25019.8 16429.7 20498.4 -35492.1 
1.325 10.0816 10 0.493426 0 49241.6 32311 76.0926 0 
1.325 10 10.3733 0 0 25202.2 16325.1 20497.4 35449 
1.325 10 9.62666 0 0 25202.2 16325.1 20497.4 -35449 
1.33 10.0841 10 0.498908 0 49526.5 32094.7 77.4133 0 
1.33 10 10.3733 0 0 25383.6 16216.9 20496.4 35406.5 
1.33 10 9.62666 0 0 25383.6 16216.9 20496.4 -35406.5 
1.335 10.0866 10 0.504485 0 49805.7 31871.2 78.7669 0 
1.335 10 10.3733 0 0 25564 16105.2 20495.3 35354.5 
1.335 10 9.62666 0 0 25564 16105.2 20495.3 -35354.5 
1.34 10.0891 10 0.510161 0 50079 31640.5 80.1554 0 
1.34 10 10.3733 0 0 25743.3 15989.9 20494.2 35303.1 
1.34 10 9.62666 0 0 25743.3 15989.9 20494.2 -35303.1 
1.345 10.0917 10 0.515937 0 50346.1 31402.6 81.5807 0 
1.345 10 10.3733 0 0 25921.2 15870.9 20493.1 35242.1 
1.345 10 9.62666 0 0 25921.2 15870.9 20493.1 -35242.1 
1.35 10.0943 10 0.521816 0 50606.4 31157.4 83.0453 0 
1.35 10 10.3733 0 0 26097.8 15748.3 20492 35181.6 
1.35 10 9.62666 0 0 26097.8 15748.3 20492 -35181.6 
1.355 10.0969 10 0.527802 0 50859.7 30904.9 84.5515 0 
1.355 10 10.3733 0 0 26272.8 15622.1 20490.8 35111.4 
1.355 10 9.62666 0 0 26272.8 15622.1 20490.8 -35111.4 
1.36 10.0996 10 0.533896 0 51105.7 30645.1 86.1021 0 
1.36 10 10.3733 0 0 26446.1 15492.1 20489.6 35041.6 
1.36 10 9.62666 0 0 26446.1 15492.1 20489.6 -35041.6 
1.365 10.1023 10 0.540103 0 51343.9 30377.9 87.7 0 
1.365 10 10.3733 0 0 26617.5 15358.5 20488.3 34962.1 
1.365 10 9.62666 0 0 26617.5 15358.5 20488.3 -34962.1 
1.37 10.105 10 0.546426 0 51574 30103.3 89.3484 0 
1.37 10 10.3733 0 0 26787 15221.3 20487.1 34882.8 
1.37 10 9.62666 0 0 26787 15221.3 20487.1 -34882.8 
1.375 10.1077 10 0.552868 0 51795.6 29821.3 91.0508 0 
1.375 10 10.3733 0 0 26954.3 15080.3 20485.8 34793.9 
1.375 10 9.62666 0 0 26954.3 15080.3 20485.8 -34793.9 
1.38 10.1105 10 0.559435 0 52008.4 29532 92.811 0 
1.38 10 10.3733 0 0 27119.3 14935.6 20484.4 34705.1 
1.38 10 9.62666 0 0 27119.3 14935.6 20484.4 -34705.1 
1.385 10.1133 10 0.566129 0 52211.9 29235.2 94.6332 0 
1.385 10 10.3733 0 0 27282 14787.2 20483.1 34606.6 
1.385 10 9.62666 0 0 27282 14787.2 20483.1 -34606.6 
1.39 10.1162 10 0.572955 0 52405.9 28931.1 96.5219 0 
1.39 10 10.3733 0 0 27442 14635.1 20481.6 34508.3 
1.39 10 9.62666 0 0 27442 14635.1 20481.6 -34508.3 
1.395 10.119 10 0.579919 0 52589.9 28619.6 98.482 0 
1.395 10 10.3733 0 0 27599.4 14479.4 20480.2 34400.2 
1.395 10 9.62666 0 0 27599.4 14479.4 20480.2 -34400.2 
1.4 10.122 10 0.587026 0 52763.6 28300.8 100.519 0 
1.4 10 10.3733 0 0 27753.8 14320 20478.6 34292.3 
1.4 10 9.62666 0 0 27753.8 14320 20478.6 -34292.3 
1.405 10.1249 10 0.594281 0 52926.6 27974.8 102.639 0 
1.405 10 10.3733 0 0 27905.3 14157 20477.1 34174.6 
1.405 10 9.62666 0 0 27905.3 14157 20477.1 -34174.6 
1.41 10.1279 10 0.601691 0 53078.5 27641.5 104.848 0 
1.41 10 10.3733 0 0 28053.6 13990.3 20475.5 34057.2 
1.41 10 9.62666 0 0 28053.6 13990.3 20475.5 -34057.2 
1.415 10.1309 10 0.609262 0 53219.1 27301 107.154 0 
1.415 10 10.3733 0 0 28198.6 13820.1 20473.8 33930 
1.415 10 9.62666 0 0 28198.6 13820.1 20473.8 -33930 
1.42 10.134 10 0.617001 0 53348 26953.4 109.563 0 
1.42 10 10.3733 0 0 28340.1 13646.3 20472 33803 
1.42 10 9.62666 0 0 28340.1 13646.3 20472 -33803 
1.425 10.1371 10 0.624916 0 53464.8 26598.8 112.086 0 
1.425 10 10.3733 0 0 28478 13469 20470.2 33666.3 
1.425 10 9.62666 0 0 28478 13469 20470.2 -33666.3 
1.43 10.1403 10 0.633016 0 53569.3 26237.2 114.731 0 
1.43 10 10.3733 0 0 28612.2 13288.2 20468.3 33529.9 
1.43 10 9.62666 0 0 28612.2 13288.2 20468.3 -33529.9 
1.435 10.1434 10 0.64131 0 53661 25868.7 117.509 0 
1.435 10 10.3733 0 0 28742.5 13104 20466.4 33384 
1.435 10 9.62666 0 0 28742.5 13104 20466.4 -33384 
1.44 10.1467 10 0.649806 0 53739.7 25493.5 120.43 0 
1.44 10 10.3733 0 0 28868.8 12916.3 20464.3 33238.4 
1.44 10 9.62666 0 0 28868.8 12916.3 20464.3 -33238.4 
1.445 10.1499 10 0.658518 0 53805.1 25111.6 123.508 0 
1.445 10 10.3733 0 0 28990.9 12725.4 20462.1 33083.3 
1.445 10 9.62666 0 0 28990.9 12725.4 20462.1 -33083.3 
1.45 10.1532 10 0.667455 0 53856.8 24723.2 126.757 0 
1.45 10 10.3733 0 0 29108.8 12531.2 20459.9 32928.8 
1.45 10 9.62666 0 0 29108.8 12531.2 20459.9 -32928.8 
1.455 10.1566 10 0.67663 0 53894.7 24328.4 130.192 0 
1.455 10 10.3733 0 0 29222.2 12333.8 20457.5 32764.9 
1.455 10 9.62666 0 0 29222.2 12333.8 20457.5 -32764.9 
1.46 10.16 10 0.686058 0 53918.5 23927.3 133.831 0 
1.46 10 10.3733 0 0 29331.1 12133.2 20455.1 32601.7 
1.46 10 9.62666 0 0 29331.1 12133.2 20455.1 -32601.7 
1.465 10.1635 10 0.695754 0 53927.8 23520.1 137.691 0 
1.465 10 10.3733 0 0 29435.4 11929.6 20452.5 32429.3 
1.465 10 9.62666 0 0 29435.4 11929.6 20452.5 -32429.3 
1.47 10.167 10 0.705734 0 53922.5 23106.9 141.795 0 
1.47 10 10.3733 0 0 29534.9 11723.1 20449.7 32257.7 
1.47 10 9.62666 0 0 29534.9 11723.1 20449.7 -32257.7 
1.475 10.1705 10 0.716017 0 53902.3 22687.9 146.165 0 
1.475 10 10.3733 0 0 29629.5 11513.6 20446.8 32077.2 
1.475 10 9.62666 0 0 29629.5 11513.6 20446.8 -32077.2 
1.48 10.1741 10 0.726622 0 53867.1 22263.3 150.829 0 
1.48 10 10.3733 0 0 29719.1 11301.2 20443.7 31897.8 
1.48 10 9.62666 0 0 29719.1 11301.2 20443.7 -31897.8 
1.485 10.1778 10 0.737571 0 53816.5 21833.2 155.815 0 
1.485 10 10.3733 0 0 29803.7 11086.2 20440.5 31709.6 
1.485 10 9.62666 0 0 29803.7 11086.2 20440.5 -31709.6 
1.49 10.1815 10 0.74889 0 53750.5 21397.9 161.156 0 
1.49 10 10.3733 0 0 29883.2 10868.5 20437 31522.7 
1.49 10 9.62666 0 0 29883.2 10868.5 20437 -31522.7 
1.495 10.1853 10 0.760603 0 53668.9 20957.5 166.891 0 
1.495 10 10.3733 0 0 29957.4 10648.3 20433.3 31327.4 
1.495 10 9.62666 0 0 29957.4 10648.3 20433.3 -31327.4 
1.5 10.1891 10 0.772742 0 53571.5 20512.2 173.061 0 
1.5 10 10.3733 0 0 30026.3 10425.7 20429.4 31133.7 
1.5 10 9.62666 0 0 30026.3 10425.7 20429.4 -31133.7 
1.505 10.193 10 0.785338 0 53458.1 20062.2 179.712 0 
1.505 10 10.3733 0 0 30089.8 10200.7 20425.2 30931.8 
1.505 10 9.62666 0 0 30089.8 10200.7 20425.2 -30931.8 
1.51 10.197 10 0.798428 0 53328.7 19607.8 186.9 0 
1.51 10 10.3733 0 0 30147.8 9973.49 20420.7 30731.9 
1.51 10 9.62666 0 0 30147.8 9973.49 20420.7 -30731.9 
1.515 10.201 10 0.812052 0 53183.1 19149.1 194.686 0 
1.515 10 10.3733 0 0 30200.4 9744.16 20415.8 30524.1 
1.515 10 9.62666 0 0 30200.4 9744.16 20415.8 -30524.1 
1.52 10.2051 10 0.826256 0 53021.2 18686.4 203.14 0 
1.52 10 10.3733 0 0 30247.4 9512.82 20410.6 30318.6 
1.52 10 9.62666 0 0 30247.4 9512.82 20410.6 -30318.6 
1.525 10.2093 10 0.84109 0 52842.9 18220 212.343 0 
1.525 10 10.3733 0 0 30288.8 9279.58 20405 30105.7 
1.525 10 9.62666 0 0 30288.8 9279.58 20405 -30105.7 
1.53 10.2135 10 0.856611 0 52648.1 17749.9 222.388 0 
1.53 10 10.3733 0 0 30324.6 9044.55 20398.8 29895.4 
1.53 10 9.62666 0 0 30324.6 9044.55 20398.8 -29895.4 
1.535 10.2178 10 0.872882 0 52436.8 17276.5 233.383 0 
1.535 10 10.3733 0 0 30354.7 8807.86 20392.2 29678.1 
1.535 10 9.62666 0 0 30354.7 8807.86 20392.2 -29678.1 
1.54 10.2222 10 0.889977 0 52208.7 16800 245.452 0 
1.54 10 10.3733 0 0 30379.1 8569.61 20385 29463.8 
1.54 10 9.62666 0 0 30379.1 8569.61 20385 -29463.8 
1.545 10.2267 10 0.907976 0 51963.8 16320.6 258.743 0 
1.545 10 10.3733 0 0 30397.8 8329.91 20377.1 29242.9 
1.545 10 9.62666 0 0 30397.8 8329.91 20377.1 -29242.9 
1.55 10.2313 10 0.926973 0 51702.1 15838.6 273.427 0 
1.55 10 10.3733 0 0 30410.8 8088.89 20368.4 29025.5 
1.55 10 9.62666 0 0 30410.8 8088.89 20368.4 -29025.5 
1.555 10.236 10 0.947075 0 51423.2 15354.1 289.708 0 
1.555 10 10.3733 0 0 30417.9 7846.66 20358.9 28801.9 
1.555 10 9.62666 0 0 30417.9 7846.66 20358.9 -28801.9 
1.56 10.2408 10 0.968403 0 51127.1 14867.4 307.828 0 
1.56 10 10.3733 0 0 30419.2 7603.31 20348.3 28582.2 
1.56 10 9.62666 0 0 30419.2 7603.31 20348.3 -28582.2 
1.565 10.2457 10 0.991101 0 50813.6 14378.7 328.076 0 
1.565 10 10.3733 0 0 30414.7 7358.97 20336.6 28356.7 
1.565 10 9.62666 0 0 30414.7 7358.97 20336.6 -28356.7 
1.57 10.2507 10 1.01533 0 50482.4 13888.2 350.803 0 
1.57 10 10.3733 0 0 30404.1 7113.72 20323.5 28135.6 
1.57 10 9.62666 0 0 30404.1 7113.72 20323.5 -28135.6 
1.575 10.2558 10 1.04128 0 50133.2 13396.2 376.432 0 
1.575 10 10.3733 0 0 30387.6 6867.68 20308.9 27909.1 
1.575 10 9.62666 0 0 30387.6 6867.68 20308.9 -27909.1 
1.58 10.2611 10 1.06919 0 49765.4 12902.6 405.484 0 
1.58 10 10.3733 0 0 30364.8 6620.92 20292.4 27687.4 
1.58 10 9.62666 0 0 30364.8 6620.92 20292.4 -27687.4 
1.585 10.2665 10 1.09931 0 49378.6 12407.9 438.603 0 
1.585 10 10.3733 0 0 30335.6 6373.54 20273.7 27460.6 
1.585 10 9.62666 0 0 30335.6 6373.54 20273.7 -27460.6 
1.59 10.2721 10 1.13196 0 48971.9 11912 476.591 0 
1.59 10 10.3733 0 0 30299.7 6125.6 20252.5 27238.7 
1.59 10 9.62666 0 0 30299.7 6125.6 20252.5 -27238.7 
1.595 10.2779 10 1.16753 0 48544.4 11415.1 520.465 0 
1.595 10 10.3733 0 0 30256.8 5877.17 20228 27012 
1.595 10 9.62666 0 0 30256.8 5877.17 20228 -27012 
1.6 10.2838 10 1.20648 0 48094.7 10917.4 571.52 0 
1.6 10 10.3733 0 0 30206.3 5628.29 20199.8 26790.1 
1.6 10 9.62666 0 0 30206.3 5628.29 20199.8 -26790.1 
1.605 10.2899 10 1.24939 0 47621.1 10418.8 631.436 0 
1.605 10 10.3733 0 0 30147.3 5378.99 20166.8 26563.1 
1.605 10 9.62666 0 0 30147.3 5378.99 20166.8 -26563.1 
1.61 10.2963 10 1.29695 0 47121.2 9919.36 702.417 0 
1.61 10 10.3733 0 0 30078.9 5129.28 20128 26340.4 
1.61 10 9.62666 0 0 30078.9 5129.28 20128 -26340.4 
1.615 10.3029 10 1.35007 0 46591.9 9419.07 787.411 0 
1.615 10 10.3733 0 0 29999.4 4879.13 20081.8 26111.4 
1.615 10 9.62666 0 0 29999.4 4879.13 20081.8 -26111.4 
1.62 10.3098 10 1.40987 0 46028.8 8917.81 890.419 0 
1.62 10 10.3733 0 0 29906.5 4628.5 20026.1 25884.8 
1.62 10 9.62666 0 0 29906.5 4628.5 20026.1 -25884.8 
1.625 10.317 10 1.47783 0 45425.8 8415.37 1017 0 
1.625 10 10.3733 0 0 29796.9 4377.28 19958.1 25648.7 
1.625 10 9.62666 0 0 29796.9 4377.28 19958.1 -25648.7 
1.63 10.3246 10 1.5559 0 44774.3 7911.46 1175.05 0 
1.63 10 10.3733 0 0 29665.8 4125.33 19873.6 25410.2 
1.63 10 9.62666 0 0 29665.8 4125.33 19873.6 -25410.2 
1.635 10.3326 10 1.64671 0 44061.7 7405.61 1376.09 0 
1.635 10 10.3733 0 0 29505.5 3872.4 19766.7 25154.5 
1.635 10 9.62666 0 0 29505.5 3872.4 19766.7 -25154.5 
1.64 10.3411 10 1.75391 0 43269.2 6897.2 1637.44 0 
1.64 10 10.3733 0 0 29304.6 3618.2 19628.5 24883.6 
1.64 10 9.62666 0 0 29304.6 3618.2 19628.5 -24883.6 
1.645 10.3502 10 1.8827 0 42367.6 6385.31 1986.1 0 
1.645 10 10.3733 0 0 29044 3362.25 19445.2 24574.7 
1.645 10 9.62666 0 0 29044 3362.25 19445.2 -24574.7 
1.65 10.36 10 2.04074 0 41310.2 5868.67 2465.95 0 
1.65 10 10.3733 0 0 28692.6 3103.93 19194.2 24215.3 
1.65 10 9.62666 0 0 28692.6 3103.93 19194.2 -24215.3 
1.655 10.3707 10 2.23984 0 40017.6 5345.5 3151.98 0 
1.655 10 10.3733 0 0 28195.1 2842.34 18837.2 23755.3 
1.655 10 9.62666 0 0 28195.1 2842.34 18837.2 -23755.3 
1.66 10.3825 10 2.49908 0 38346.9 4813.2 4180.28 0 
1.66 10 10.3733 0 0 27448.9 2576.2 18304.9 23128.4 
1.66 10 9.62666 0 0 27448.9 2576.2 18304.9 -23128.4 
1.665 10.3958 10 2.85129 0 36021.6 4268.03 5816.88 0 
1.665 10 10.3733 0 0 26248.4 2303.61 17462 22168.8 
1.665 10 9.62666 0 0 26248.4 2303.61 17462 -22168.8 
1.67 10.4112 10 3.35758 0 32453.1 3704.33 8632.7 0 
1.67 10 10.3733 0 0 24140.6 2021.76 16018.7 20536.8 
1.67 10 9.62666 0 0 24140.6 2021.76 16018.7 -20536.8 
1.675 10.4298 10 4.14385 0 26227.2 3113.32 14009.7 0 
1.675 10 10.3733 0 0 19997.8 1726.26 13275.1 17335.6 
1.675 10 9.62666 0 0 19997.8 1726.26 13275.1 -17335.6 
1.68 10.4536 10 5.50745 0 13348 2481.04 25876.6 0 
1.68 10 10.3733 0 0 10502.3 1410.12 7246.31 9911.92 
1.68 10 9.62666 0 0 10502.3 1410.12 7246.31 -9911.92 
1.685 10.487 10 7.98962 0 0 1790.07 37939.6 0 
1.685 10 10.3733 0 0 0 1064.63 1041.11 1343.68 
1.685 10 9.62666 0 0 0 1064.63 1041.11 -1343.68 
1.69 10.5336 10 10.6517 0 0 1118.32 36616.3 0 
1.69 10 10.3733 0 0 0 728.756 1516.4 923.91 
1.69 10 9.62666 0 0 0 728.756 1516.4 -923.91 
1.695 10.5933 10 13.2252 0 0 600.287 35486.5 0 
1.695 10 10.3733 0 0 0 469.741 1901.15 618.496 
1.695 10 9.62666 0 0 0 469.741 1901.15 -618.496 
1.7 10.6657 10 15.7278 0 0 275.658 34631.7 0 
1.7 10 10.3733 0 0 0 307.426 2153.4 446.76 
1.7 10 9.62666 0 0 0 307.426 2153.4 -446.76 
1.705 10.7505 10 18.1784 0 0 107.982 34017.6 0 
1.705 10 10.3733 0 0 0 223.588 2288.88 362.516 
1.705 10 9.62666 0 0 0 223.588 2288.88 -362.516 
1.71 10.8475 10 20.5912 0 0 36.0344 33559.7 0 
1.71 10 10.3733 0 0 0 187.614 2348.92 333.375 
1.71 10 9.62666 0 0 0 187.614 2348.92 -333.375 
1.715 10.9564 10 22.9745 0 0 10.2442 33181.9 0 
1.715 10 10.3733 0 0 0 174.719 2371 320.7 
1.715 10 9.62666 0 0 0 174.719 2371 -320.7 
1.72 11.0772 10 25.3323 0 0 2.48377 32838.2 0 
1.72 10 10.3733 0 0 0 170.839 2377.79 320.449 
1.72 10 9.62666 0 0 0 170.839 2377.79 -320.449 
