0 9.4 10 0 0 0 441.082 22852.6 -3.78293e-11 
0 10 10.4082 0 0 0 291.549 1883.72 367.671 
0 10 9.59183 0 0 0 291.549 1883.72 -367.671 
0 9.40407 10 1.62355 -2.73631e-15 0 459.994 22597.6 -3.92088e-11 
0 10 10.4082 0 0 0 301.005 1897.68 378.83 
0 10 9.59183 0 0 0 301.005 1897.68 -378.83 
0.005 9.4162 10 3.22683 -5.76037e-15 0 521.105 22283.4 -4.61467e-11 
0.005 10 10.4082 0 0 0 331.56 1942.51 412.884 
0.005 10 9.59183 0 0 0 331.56 1942.51 -412.884 
0.01 9.43629 10 4.80505 -9.48583e-15 0 639.436 21891.3 -6.00635e-11 
0.01 10 10.4082 0 0 0 390.726 2028.13 487.29 
0.01 10 9.59183 0 0 0 390.726 2028.13 -487.29 
0.015 9.4642 10 6.3514 -1.45875e-14 0 846.101 21382.3 -8.59522e-11 
0.015 10 10.4082 0 0 0 494.058 2174.34 614.699 
0.015 10 9.59183 0 0 0 494.058 2174.34 -614.699 
0.02 9.49974 10 7.85531 -2.23055e-14 0 1199.32 20688.8 -1.34781e-10 
0.02 10 10.4082 0 0 0 670.669 2415.81 848.423 
0.02 10 9.59183 0 0 0 670.669 2415.81 -848.423 
0.025 9.54265 10 9.29999 -3.50775e-14 0 1803.84 19701.4 -2.32697e-10 
0.025 10 10.4082 0 0 0 972.926 2808.39 1263.47 
0.025 10 9.59183 0 0 0 972.926 2808.39 -1263.47 
0.03 9.59136 10 9.48925 9.73239e-13 51022.8 2808.81 -32570 1.84724e-08 
0.03 10 10.4082 0 0 36099.4 1475.41 28930.6 -23542.4 
0.03 10 9.59183 0 0 36099.4 1475.41 28930.6 23542.4 
0.035 9.63014 10 5.74244 1.53769e-12 74447.5 3924.42 -56731.7 -1.71778e-09 
0.035 10 10.4082 0 0 50232.6 2033.22 41273.6 -30881.4 
0.035 10 9.59183 0 0 50232.6 2033.22 41273.6 30881.4 
0.04 9.65026 10 2.65498 1.11558e-12 45919.9 4634.33 -28471 -7.74827e-09 
0.04 10 10.4082 0 0 30235.7 2388.17 27359.5 -16237.8 
0.04 10 9.59183 0 0 30235.7 2388.17 27359.5 16237.8 
0.045 9.65981 10 1.38883 6.25429e-13 27007.8 5005.7 -9716.76 -5.52548e-09 
0.045 10 10.4082 0 0 17579.1 2573.86 18071.1 -7504.8 
0.045 10 9.59183 0 0 17579.1 2573.86 18071.1 7504.8 
0.05 9.66553 10 0.975937 3.31478e-13 20262.6 5238.96 -3122.95 -2.86314e-09 
0.05 10 10.4082 0 0 13098.3 2690.49 14803.1 -4350.79 
0.05 10 9.59183 0 0 13098.3 2690.49 14803.1 4350.79 
0.055 9.67001 10 0.835055 1.87589e-13 18208.9 5427.14 -1219.35 -1.33595e-09 
0.055 10 10.4082 0 0 11707.8 2784.58 13861.2 -3252.4 
0.055 10 9.59183 0 0 11707.8 2784.58 13861.2 3252.4 
0.06 9.67401 10 0.770706 1.20899e-13 17533.1 5599.77 -689.32 -6.29022e-10 
0.06 10 10.4082 0 0 11219.4 2870.89 13600.7 -2744.42 
0.06 10 9.59183 0 0 11219.4 2870.89 13600.7 2744.42 
0.065 9.67775 10 0.728499 8.84246e-14 17223 5765.09 -519.679 -3.26158e-10 
0.065 10 10.4082 0 0 10971.9 2953.55 13518.8 -2403.14 
0.065 10 9.59183 0 0 10971.9 2953.55 13518.8 2403.14 
0.07 9.6813 10 0.694393 7.02095e-14 17010.8 5925.49 -442.578 -2.01735e-10 
0.07 10 10.4082 0 0 10790.9 3033.75 13482.7 -2105.62 
0.07 10 9.59183 0 0 10790.9 3033.75 13482.7 2105.62 
0.075 9.6847 10 0.664663 5.79675e-14 16830.5 6081.81 -392.407 -1.4727e-10 
0.075 10 10.4082 0 0 10633.6 3111.91 13459.7 -1833.2 
0.075 10 9.59183 0 0 10633.6 3111.91 13459.7 1833.2 
0.08 9.68796 10 0.63808 4.84105e-14 16665.8 6234.51 -353.232 -1.22285e-10 
0.08 10 10.4082 0 0 10489.1 3188.26 13441.9 -1568.9 
0.08 10 9.59183 0 0 10489.1 3188.26 13441.9 1568.9 
0.085 9.69108 10 0.614047 4.02511e-14 16512.1 6383.92 -320.613 -1.04771e-10 
0.085 10 10.4082 0 0 10354 3262.97 13427.3 -1319.63 
0.085 10 9.59183 0 0 10354 3262.97 13427.3 1319.63 
0.09 9.6941 10 0.592165 3.29531e-14 16367.2 6530.3 -292.797 -9.64734e-11 
0.09 10 10.4082 0 0 10226.8 3336.16 13414.9 -1074.51 
0.09 10 9.59183 0 0 10226.8 3336.16 13414.9 1074.51 
0.095 9.69701 10 0.572129 2.62693e-14 16229.9 6673.87 -268.773 -9.00806e-11 
0.095 10 10.4082 0 0 10106.4 3407.95 13404.3 -842.061 
0.095 10 9.59183 0 0 10106.4 3407.95 13404.3 842.061 
0.1 9.69982 10 0.553695 2.00661e-14 16099.3 6814.84 -247.832 -8.73931e-11 
0.1 10 10.4082 0 0 9992.08 3478.43 13395.2 -611.986 
0.1 10 9.59183 0 0 9992.08 3478.43 13395.2 611.986 
0.105 9.70255 10 0.536664 1.42488e-14 15974.6 6953.37 -229.435 -7.74837e-11 
0.105 10 10.4082 0 0 9883.18 3547.69 13387.1 -393.157 
0.105 10 9.59183 0 0 9883.18 3547.69 13387.1 393.157 
0.11 9.70519 10 0.520868 8.75966e-15 15855.2 7089.61 -213.162 -7.48962e-11 
0.11 10 10.4082 0 0 9779.17 3615.81 13380.1 -175.509 
0.11 10 9.59183 0 0 9779.17 3615.81 13380.1 175.509 
0.115 9.70776 10 0.506169 3.54906e-15 15740.6 7223.68 -198.68 -7.23477e-11 
0.115 10 10.4082 0 0 9679.62 3682.85 13373.9 31.9043 
0.115 10 9.59183 0 0 9679.62 3682.85 13373.9 -31.9043 
0.12 9.71026 10 0.492449 -1.4124e-15 15630.5 7355.72 -185.721 -6.71055e-11 
0.12 10 10.4082 0 0 9584.15 3748.87 13368.4 239.007 
0.12 10 9.59183 0 0 9584.15 3748.87 13368.4 -239.007 
0.125 9.71269 10 0.479607 -6.17211e-15 15524.5 7485.81 -174.068 -6.64392e-11 
0.125 10 10.4082 0 0 9492.45 3813.91 13363.5 436.631 
0.125 10 9.59183 0 0 9492.45 3813.91 13363.5 -436.631 
0.13 9.71505 10 0.467556 -1.07481e-14 15422.2 7614.07 -163.54 -6.39795e-11 
0.13 10 10.4082 0 0 9404.24 3878.04 13359 634.607 
0.13 10 9.59183 0 0 9404.24 3878.04 13359 -634.607 
0.135 9.71736 10 0.456221 -1.5159e-14 15323.4 7740.57 -153.991 -6.1543e-11 
0.135 10 10.4082 0 0 9319.28 3941.29 13355.1 823.69 
0.135 10 9.59183 0 0 9319.28 3941.29 13355.1 -823.69 
0.14 9.71962 10 0.445536 -1.94398e-14 15228 7865.39 -145.297 -6.09437e-11 
0.14 10 10.4082 0 0 9237.35 4003.7 13351.5 1013.65 
0.14 10 9.59183 0 0 9237.35 4003.7 13351.5 -1013.65 
0.145 9.72182 10 0.435446 -2.35857e-14 15135.6 7988.61 -137.353 -5.49062e-11 
0.145 10 10.4082 0 0 9158.27 4065.32 13348.2 1195.17 
0.145 10 9.59183 0 0 9158.27 4065.32 13348.2 -1195.17 
0.15 9.72397 10 0.425899 -2.76311e-14 15046.2 8110.3 -130.071 -5.79779e-11 
0.15 10 10.4082 0 0 9081.86 4126.16 13345.2 1377.99 
0.15 10 9.59183 0 0 9081.86 4126.16 13345.2 -1377.99 
0.155 9.72608 10 0.416851 -3.15751e-14 14959.5 8230.51 -123.375 -5.74257e-11 
0.155 10 10.4082 0 0 9007.98 4186.26 13342.5 1552.76 
0.155 10 9.59183 0 0 9007.98 4186.26 13342.5 -1552.76 
0.16 9.72814 10 0.408261 -3.54308e-14 14875.5 8349.3 -117.202 -5.14289e-11 
0.16 10 10.4082 0 0 8936.48 4245.66 13340 1729.17 
0.16 10 9.59183 0 0 8936.48 4245.66 13340 -1729.17 
0.165 9.73016 10 0.400096 -3.92041e-14 14793.9 8466.72 -111.496 -5.36291e-11 
0.165 10 10.4082 0 0 8867.25 4304.37 13337.7 1897.85 
0.165 10 9.59183 0 0 8867.25 4304.37 13337.7 -1897.85 
0.17 9.73214 10 0.392323 -4.29199e-14 14714.8 8582.83 -106.209 -5.21994e-11 
0.17 10 10.4082 0 0 8800.16 4362.42 13335.6 2068.45 
0.17 10 9.59183 0 0 8800.16 4362.42 13335.6 -2068.45 
0.175 9.73409 10 0.384915 -4.65817e-14 14637.9 8697.67 -101.298 -5.16867e-11 
0.175 10 10.4082 0 0 8735.12 4419.84 13333.7 2231.58 
0.175 10 9.59183 0 0 8735.12 4419.84 13333.7 -2231.58 
0.18 9.73599 10 0.377844 -5.01924e-14 14563.2 8811.28 -96.7269 -5.20907e-11 
0.18 10 10.4082 0 0 8672.03 4476.65 13331.9 2396.88 
0.18 10 9.59183 0 0 8672.03 4476.65 13331.9 -2396.88 
0.185 9.73786 10 0.371089 -5.37359e-14 14490.6 8923.7 -92.4639 -4.43186e-11 
0.185 10 10.4082 0 0 8610.81 4532.86 13330.3 2554.94 
0.185 10 9.59183 0 0 8610.81 4532.86 13330.3 -2554.94 
0.19 9.7397 10 0.364628 -5.72441e-14 14420.1 9034.97 -88.4803 -5.0194e-11 
0.19 10 10.4082 0 0 8551.37 4588.49 13328.7 2715.39 
0.19 10 9.59183 0 0 8551.37 4588.49 13328.7 -2715.39 
0.195 9.74151 10 0.358443 -6.0724e-14 14351.5 9145.13 -84.7513 -4.78878e-11 
0.195 10 10.4082 0 0 8493.64 4643.57 13327.3 2868.78 
0.195 10 9.59183 0 0 8493.64 4643.57 13327.3 -2868.78 
0.2 9.74329 10 0.352516 -6.41647e-14 14284.7 9254.21 -81.2544 -5.19536e-11 
0.2 10 10.4082 0 0 8437.55 4698.11 13326 3024.74 
0.2 10 9.59183 0 0 8437.55 4698.11 13326 -3024.74 
0.205 9.74504 10 0.34683 -6.75807e-14 14219.8 9362.24 -77.97 -5.32944e-11 
0.205 10 10.4082 0 0 8383.03 4752.13 13324.7 3173.83 
0.205 10 9.59183 0 0 8383.03 4752.13 13324.7 -3173.83 
0.21 9.74676 10 0.341372 -7.09725e-14 14156.7 9469.26 -74.8804 -4.4634e-11 
0.21 10 10.4082 0 0 8330.03 4805.64 13323.5 3325.64 
0.21 10 9.59183 0 0 8330.03 4805.64 13323.5 -3325.64 
0.215 9.74845 10 0.336129 -7.4337e-14 14095.2 9575.28 -71.9697 -4.7801e-11 
0.215 10 10.4082 0 0 8278.49 4858.65 13322.5 3470.73 
0.215 10 9.59183 0 0 8278.49 4858.65 13322.5 -3470.73 
0.22 9.75012 10 0.331087 -7.76897e-14 14035.4 9680.34 -69.2237 -5.00601e-11 
0.22 10 10.4082 0 0 8228.36 4911.18 13321.4 3618.68 
0.22 10 9.59183 0 0 8228.36 4911.18 13321.4 -3618.68 
0.225 9.75176 10 0.326236 -8.10243e-14 13977.2 9784.47 -66.6298 -4.59552e-11 
0.225 10 10.4082 0 0 8179.58 4963.24 13320.5 3760.04 
0.225 10 9.59183 0 0 8179.58 4963.24 13320.5 -3760.04 
0.23 9.75338 10 0.321565 -8.43393e-14 13920.6 9887.68 -64.1763 -4.82196e-11 
0.23 10 10.4082 0 0 8132.12 5014.85 13319.6 3904.4 
0.23 10 9.59183 0 0 8132.12 5014.85 13319.6 -3904.4 
0.235 9.75498 10 0.317065 -8.76527e-14 13865.4 9990.01 -61.8527 -5.04843e-11 
0.235 10 10.4082 0 0 8085.92 5066.01 13318.7 4042.28 
0.235 10 9.59183 0 0 8085.92 5066.01 13318.7 -4042.28 
0.24 9.75655 10 0.312726 -9.09668e-14 13811.8 10091.5 -59.6498 -4.63823e-11 
0.24 10 10.4082 0 0 8040.95 5116.74 13317.9 4183.26 
0.24 10 9.59183 0 0 8040.95 5116.74 13317.9 -4183.26 
0.245 9.75811 10 0.308541 -9.42581e-14 13759.5 10192.1 -57.5588 -4.6831e-11 
0.245 10 10.4082 0 0 7997.16 5167.05 13317.2 4317.88 
0.245 10 9.59183 0 0 7997.16 5167.05 13317.2 -4317.88 
0.25 9.75964 10 0.304501 -9.75528e-14 13708.7 10291.9 -55.572 -5.18267e-11 
0.25 10 10.4082 0 0 7954.53 5216.95 13316.5 4455.7 
0.25 10 9.59183 0 0 7954.53 5216.95 13316.5 -4455.7 
0.255 9.76115 10 0.3006 -1.00847e-13 13659.2 10390.9 -53.6821 -4.77275e-11 
0.255 10 10.4082 0 0 7913.01 5266.45 13315.8 4587.26 
0.255 10 9.59183 0 0 7913.01 5266.45 13315.8 -4587.26 
0.26 9.76264 10 0.29683 -1.04144e-13 13611.1 10489.1 -51.8828 -4.3628e-11 
0.26 10 10.4082 0 0 7872.58 5315.55 13315.2 4722.11 
0.26 10 9.59183 0 0 7872.58 5315.55 13315.2 -4722.11 
0.265 9.76412 10 0.293186 -1.07443e-13 13564.3 10586.5 -50.168 -4.6804e-11 
0.265 10 10.4082 0 0 7833.2 5364.27 13314.6 4850.78 
0.265 10 9.59183 0 0 7833.2 5364.27 13314.6 -4850.78 
0.27 9.76558 10 0.289661 -1.10739e-13 13518.7 10683.2 -48.5323 -4.81616e-11 
0.27 10 10.4082 0 0 7794.84 5412.62 13314 4982.83 
0.27 10 9.59183 0 0 7794.84 5412.62 13314 -4982.83 
0.275 9.76702 10 0.286251 -1.14037e-13 13474.4 10779.2 -46.9705 -4.58809e-11 
0.275 10 10.4082 0 0 7757.47 5460.6 13313.4 5108.78 
0.275 10 9.59183 0 0 7757.47 5460.6 13313.4 -5108.78 
0.28 9.76844 10 0.28295 -1.17355e-13 13431.3 10874.4 -45.4782 -4.72354e-11 
0.28 10 10.4082 0 0 7721.07 5508.22 13312.9 5238.19 
0.28 10 9.59183 0 0 7721.07 5508.22 13312.9 -5238.19 
0.285 9.76985 10 0.279752 -1.20664e-13 13389.3 10969 -44.0511 -4.85912e-11 
0.285 10 10.4082 0 0 7685.61 5555.49 13312.4 5361.57 
0.285 10 9.59183 0 0 7685.61 5555.49 13312.4 -5361.57 
0.29 9.77124 10 0.276655 -1.23991e-13 13348.6 11062.8 -42.6851 -5.17633e-11 
0.29 10 10.4082 0 0 7651.07 5602.42 13312 5488.47 
0.29 10 9.59183 0 0 7651.07 5602.42 13312 -5488.47 
0.295 9.77261 10 0.273653 -1.27324e-13 13309 11156 -41.3768 -4.76587e-11 
0.295 10 10.4082 0 0 7617.43 5649.02 13311.5 5609.41 
0.295 10 9.59183 0 0 7617.43 5649.02 13311.5 -5609.41 
0.3 9.77397 10 0.270743 -1.30672e-13 13270.5 11248.5 -40.1226 -4.3552e-11 
0.3 10 10.4082 0 0 7584.65 5695.28 13311.1 5733.94 
0.3 10 9.59183 0 0 7584.65 5695.28 13311.1 -5733.94 
0.305 9.77532 10 0.26792 -1.34037e-13 13233.1 11340.4 -38.9196 -5.0357e-11 
0.305 10 10.4082 0 0 7552.72 5741.23 13310.7 5852.57 
0.305 10 9.59183 0 0 7552.72 5741.23 13310.7 -5852.57 
0.31 9.77665 10 0.265182 -1.37413e-13 13196.7 11431.7 -37.7648 -4.80652e-11 
0.31 10 10.4082 0 0 7521.63 5786.86 13310.3 5974.85 
0.31 10 9.59183 0 0 7521.63 5786.86 13310.3 -5974.85 
0.315 9.77797 10 0.262524 -1.40805e-13 13161.5 11522.3 -36.6555 -4.94095e-11 
0.315 10 10.4082 0 0 7491.34 5832.18 13309.9 6091.29 
0.315 10 9.59183 0 0 7491.34 5832.18 13309.9 -6091.29 
0.32 9.77928 10 0.259944 -1.4421e-13 13127.3 11612.4 -35.5892 -4.34757e-11 
0.32 10 10.4082 0 0 7461.85 5877.2 13309.6 6211.43 
0.32 10 9.59183 0 0 7461.85 5877.2 13309.6 -6211.43 
0.325 9.78057 10 0.257439 -1.47635e-13 13094.1 11701.8 -34.5637 -4.66342e-11 
0.325 10 10.4082 0 0 7433.13 5921.92 13309.3 6325.77 
0.325 10 9.59183 0 0 7433.13 5921.92 13309.3 -6325.77 
0.33 9.78185 10 0.255006 -1.51091e-13 13061.9 11790.7 -33.5767 -4.97883e-11 
0.33 10 10.4082 0 0 7405.17 5966.35 13308.9 6443.88 
0.33 10 9.59183 0 0 7405.17 5966.35 13308.9 -6443.88 
0.335 9.78312 10 0.252641 -1.5456e-13 13030.6 11879 -32.6261 -4.93027e-11 
0.335 10 10.4082 0 0 7377.94 6010.5 13308.6 6556.24 
0.335 10 9.59183 0 0 7377.94 6010.5 13308.6 -6556.24 
0.34 9.78438 10 0.250344 -1.58029e-13 13000.4 11966.7 -31.7103 -5.24551e-11 
0.34 10 10.4082 0 0 7351.45 6054.37 13308.3 6672.4 
0.34 10 9.59183 0 0 7351.45 6054.37 13308.3 -6672.4 
0.345 9.78563 10 0.248111 -1.61535e-13 12971.1 12053.9 -30.8272 -4.65071e-11 
0.345 10 10.4082 0 0 7325.66 6097.96 13308 6782.86 
0.345 10 9.59183 0 0 7325.66 6097.96 13308 -6782.86 
0.35 9.78686 10 0.245939 -1.65069e-13 12942.8 12140.5 -29.9754 -4.96504e-11 
0.35 10 10.4082 0 0 7300.56 6141.28 13307.8 6897.17 
0.35 10 9.59183 0 0 7300.56 6141.28 13307.8 -6897.17 
0.355 9.78808 10 0.243828 -1.686e-13 12915.3 12226.7 -29.1532 -5.0975e-11 
0.355 10 10.4082 0 0 7276.15 6184.34 13307.5 7005.83 
0.355 10 9.59183 0 0 7276.15 6184.34 13307.5 -7005.83 
0.36 9.7893 10 0.241774 -1.72189e-13 12888.8 12312.3 -28.3591 -5.04726e-11 
0.36 10 10.4082 0 0 7252.4 6227.14 13307.3 7118.37 
0.36 10 9.59183 0 0 7252.4 6227.14 13307.3 -7118.37 
0.365 9.7905 10 0.239776 -1.75795e-13 12863.2 12397.3 -27.592 -5.36058e-11 
0.365 10 10.4082 0 0 7229.31 6269.68 13307 7225.29 
0.365 10 9.59183 0 0 7229.31 6269.68 13307 -7225.29 
0.37 9.7917 10 0.237832 -1.79416e-13 12838.5 12481.9 -26.8503 -5.49179e-11 
0.37 10 10.4082 0 0 7206.86 6311.98 13306.8 7336.15 
0.37 10 9.59183 0 0 7206.86 6311.98 13306.8 -7336.15 
0.375 9.79288 10 0.235939 -1.83069e-13 12814.7 12566 -26.133 -4.89494e-11 
0.375 10 10.4082 0 0 7185.04 6354.02 13306.5 7441.42 
0.375 10 9.59183 0 0 7185.04 6354.02 13306.5 -7441.42 
0.38 9.79406 10 0.234098 -1.86759e-13 12791.7 12649.6 -25.4389 -5.57088e-11 
0.38 10 10.4082 0 0 7163.84 6395.83 13306.3 7550.65 
0.38 10 9.59183 0 0 7163.84 6395.83 13306.3 -7550.65 
0.385 9.79522 10 0.232305 -1.90467e-13 12769.5 12732.8 -24.7669 -5.33707e-11 
0.385 10 10.4082 0 0 7143.25 6437.39 13306.1 7654.35 
0.385 10 9.59183 0 0 7143.25 6437.39 13306.1 -7654.35 
0.39 9.79638 10 0.230559 -1.94193e-13 12748.2 12815.4 -24.116 -5.4668e-11 
0.39 10 10.4082 0 0 7123.25 6478.73 13305.9 7762.03 
0.39 10 9.59183 0 0 7123.25 6478.73 13305.9 -7762.03 
0.395 9.79753 10 0.228859 -1.9796e-13 12727.8 12897.7 -23.4853 -5.05026e-11 
0.395 10 10.4082 0 0 7103.84 6519.83 13305.7 7864.21 
0.395 10 9.59183 0 0 7103.84 6519.83 13305.7 -7864.21 
0.4 9.79867 10 0.227204 -2.01763e-13 12708.1 12979.4 -22.8739 -5.17892e-11 
0.4 10 10.4082 0 0 7085 6560.71 13305.5 7970.41 
0.4 10 9.59183 0 0 7085 6560.71 13305.5 -7970.41 
0.405 9.7998 10 0.225591 -2.05606e-13 12689.3 13060.7 -22.2808 -6.03463e-11 
0.405 10 10.4082 0 0 7066.74 6601.37 13305.3 8071.13 
0.405 10 9.59183 0 0 7066.74 6601.37 13305.3 -8071.13 
0.41 9.80092 10 0.22402 -2.09472e-13 12671.3 13141.6 -21.7054 -5.61669e-11 
0.41 10 10.4082 0 0 7049.03 6641.81 13305.2 8175.91 
0.41 10 9.59183 0 0 7049.03 6641.81 13305.2 -8175.91 
0.415 9.80204 10 0.22249 -2.13383e-13 12654 13222 -21.1469 -5.56195e-11 
0.415 10 10.4082 0 0 7031.86 6682.03 13305 8275.24 
0.415 10 9.59183 0 0 7031.86 6682.03 13305 -8275.24 
0.42 9.80315 10 0.220999 -2.17321e-13 12637.5 13302.1 -20.6045 -5.87061e-11 
0.42 10 10.4082 0 0 7015.24 6722.04 13304.8 8378.65 
0.42 10 9.59183 0 0 7015.24 6722.04 13304.8 -8378.65 
0.425 9.80425 10 0.219546 -2.21295e-13 12621.8 13381.7 -20.0775 -5.45117e-11 
0.425 10 10.4082 0 0 6999.15 6761.84 13304.7 8476.64 
0.425 10 9.59183 0 0 6999.15 6761.84 13304.7 -8476.64 
0.43 9.80534 10 0.21813 -2.2531e-13 12606.9 13460.9 -19.5654 -5.57686e-11 
0.43 10 10.4082 0 0 6983.58 6801.44 13304.5 8578.75 
0.43 10 9.59183 0 0 6983.58 6801.44 13304.5 -8578.75 
0.435 9.80643 10 0.216751 -2.29357e-13 12592.8 13539.7 -19.0674 -6.24781e-11 
0.435 10 10.4082 0 0 6968.53 6840.84 13304.4 8675.45 
0.435 10 9.59183 0 0 6968.53 6840.84 13304.4 -8675.45 
0.44 9.80751 10 0.215406 -2.33435e-13 12579.3 13618.1 -18.5831 -6.19072e-11 
0.44 10 10.4082 0 0 6953.99 6880.04 13304.2 8776.29 
0.44 10 9.59183 0 0 6953.99 6880.04 13304.2 -8776.29 
0.445 9.80859 10 0.214096 -2.37576e-13 12566.7 13696.1 -18.1118 -5.58705e-11 
0.445 10 10.4082 0 0 6939.94 6919.04 13304.1 8871.76 
0.445 10 9.59183 0 0 6939.94 6919.04 13304.1 -8871.76 
0.45 9.80965 10 0.212818 -2.41752e-13 12554.7 13773.7 -17.6531 -6.25617e-11 
0.45 10 10.4082 0 0 6926.4 6957.85 13303.9 8971.39 
0.45 10 9.59183 0 0 6926.4 6957.85 13303.9 -8971.39 
0.455 9.81071 10 0.211573 -2.4596e-13 12543.5 13850.9 -17.2064 -5.46966e-11 
0.455 10 10.4082 0 0 6913.34 6996.47 13303.8 9065.67 
0.455 10 9.59183 0 0 6913.34 6996.47 13303.8 -9065.67 
0.46 9.81177 10 0.21036 -2.50217e-13 12533 13927.8 -16.7712 -5.95577e-11 
0.46 10 10.4082 0 0 6900.76 7034.91 13303.7 9164.13 
0.46 10 9.59183 0 0 6900.76 7034.91 13303.7 -9164.13 
0.465 9.81282 10 0.209177 -2.54519e-13 12523.2 14004.3 -16.3472 -6.62313e-11 
0.465 10 10.4082 0 0 6888.65 7073.16 13303.5 9257.26 
0.465 10 9.59183 0 0 6888.65 7073.16 13303.5 -9257.26 
0.47 9.81386 10 0.208024 -2.58851e-13 12514.2 14080.4 -15.9338 -6.19868e-11 
0.47 10 10.4082 0 0 6877.01 7111.23 13303.4 9354.6 
0.47 10 9.59183 0 0 6877.01 7111.23 13303.4 -9354.6 
0.475 9.8149 10 0.206901 -2.63271e-13 12505.8 14156.2 -15.5307 -5.95491e-11 
0.475 10 10.4082 0 0 6865.84 7149.12 13303.3 9446.64 
0.475 10 9.59183 0 0 6865.84 7149.12 13303.3 -9446.64 
0.48 9.81593 10 0.205806 -2.67698e-13 12498.1 14231.7 -15.1375 -6.80244e-11 
0.48 10 10.4082 0 0 6855.12 7186.83 13303.2 9542.89 
0.48 10 9.59183 0 0 6855.12 7186.83 13303.2 -9542.89 
0.485 9.81696 10 0.204738 -2.72181e-13 12491.2 14306.7 -14.7538 -6.19398e-11 
0.485 10 10.4082 0 0 6844.85 7224.38 13303 9633.87 
0.485 10 9.59183 0 0 6844.85 7224.38 13303 -9633.87 
0.49 9.81798 10 0.203698 -2.76739e-13 12484.9 14381.5 -14.3792 -6.31206e-11 
0.49 10 10.4082 0 0 6835.03 7261.75 13302.9 9729.08 
0.49 10 9.59183 0 0 6835.03 7261.75 13302.9 -9729.08 
0.495 9.81899 10 0.202684 -2.81319e-13 12479.3 14455.9 -14.0134 -6.97554e-11 
0.495 10 10.4082 0 0 6825.66 7298.95 13302.8 9819.03 
0.495 10 9.59183 0 0 6825.66 7298.95 13302.8 -9819.03 
0.5 9.82 10 0.201696 -2.85956e-13 12474.3 14529.9 -13.6561 -5.81922e-11 
0.5 10 10.4082 0 0 6816.71 7335.98 13302.7 9913.24 
0.5 10 9.59183 0 0 6816.71 7335.98 13302.7 -9913.24 
0.505 9.82101 10 0.200733 -2.90664e-13 12470.1 14603.7 -13.307 -6.4809e-11 
0.505 10 10.4082 0 0 6808.2 7372.85 13302.6 10002.2 
0.505 10 9.59183 0 0 6808.2 7372.85 13302.6 -10002.2 
0.51 9.82201 10 0.199794 -2.95422e-13 12466.5 14677.1 -12.9657 -6.23239e-11 
0.51 10 10.4082 0 0 6800.12 7409.56 13302.5 10095.4 
0.51 10 9.59183 0 0 6800.12 7409.56 13302.5 -10095.4 
0.515 9.82301 10 0.19888 -3.00233e-13 12463.6 14750.2 -12.632 -6.89264e-11 
0.515 10 10.4082 0 0 6792.46 7446.11 13302.4 10183.5 
0.515 10 9.59183 0 0 6792.46 7446.11 13302.4 -10183.5 
0.52 9.824 10 0.19799 -3.05104e-13 12461.3 14823 -12.3056 -6.46064e-11 
0.52 10 10.4082 0 0 6785.21 7482.5 13302.3 10275.8 
0.52 10 9.59183 0 0 6785.21 7482.5 13302.3 -10275.8 
0.525 9.82499 10 0.197122 -3.10035e-13 12459.7 14895.5 -11.9863 -6.93731e-11 
0.525 10 10.4082 0 0 6778.38 7518.74 13302.2 10362.9 
0.525 10 9.59183 0 0 6778.38 7518.74 13302.2 -10362.9 
0.53 9.82597 10 0.196277 -3.15011e-13 12458.8 14967.6 -11.6737 -6.68575e-11 
0.53 10 10.4082 0 0 6771.96 7554.82 13302.1 10454.3 
0.53 10 9.59183 0 0 6771.96 7554.82 13302.1 -10454.3 
0.535 9.82695 10 0.195454 -3.20032e-13 12458.5 15039.5 -11.3677 -6.61545e-11 
0.535 10 10.4082 0 0 6765.95 7590.75 13302 10540.5 
0.535 10 9.59183 0 0 6765.95 7590.75 13302 -10540.5 
0.54 9.82793 10 0.194653 -3.25152e-13 12458.8 15111.1 -11.068 -7.27138e-11 
0.54 10 10.4082 0 0 6760.34 7626.54 13301.9 10631 
0.54 10 9.59183 0 0 6760.34 7626.54 13301.9 -10631 
0.545 9.8289 10 0.193873 -3.30316e-13 12459.8 15182.3 -10.7745 -6.28957e-11 
0.545 10 10.4082 0 0 6755.13 7662.17 13301.8 10716.3 
0.545 10 9.59183 0 0 6755.13 7662.17 13301.8 -10716.3 
0.55 9.82986 10 0.193114 -3.35565e-13 12461.4 15253.3 -10.4868 -7.12559e-11 
0.55 10 10.4082 0 0 6750.31 7697.66 13301.7 10806 
0.55 10 9.59183 0 0 6750.31 7697.66 13301.7 -10806 
0.555 9.83083 10 0.192375 -3.40872e-13 12463.7 15324 -10.2048 -7.23319e-11 
0.555 10 10.4082 0 0 6745.88 7733 13301.6 10890.5 
0.555 10 9.59183 0 0 6745.88 7733 13301.6 -10890.5 
0.56 9.83179 10 0.191656 -3.46264e-13 12466.5 15394.4 -9.92825 -6.612e-11 
0.56 10 10.4082 0 0 6741.85 7768.2 13301.5 10979.4 
0.56 10 9.59183 0 0 6741.85 7768.2 13301.5 -10979.4 
0.565 9.83274 10 0.190956 -3.51694e-13 12470.1 15464.5 -9.65703 -8.53689e-11 
0.565 10 10.4082 0 0 6738.2 7803.26 13301.5 11063.1 
0.565 10 9.59183 0 0 6738.2 7803.26 13301.5 -11063.1 
0.57 9.8337 10 0.190276 -3.57211e-13 12474.2 15534.4 -9.39094 -7.36825e-11 
0.57 10 10.4082 0 0 6734.93 7838.19 13301.4 11151.2 
0.57 10 9.59183 0 0 6734.93 7838.19 13301.4 -11151.2 
0.575 9.83465 10 0.189615 -3.62805e-13 12479 15603.9 -9.12979 -7.65373e-11 
0.575 10 10.4082 0 0 6732.05 7872.97 13301.3 11234.2 
0.575 10 9.59183 0 0 6732.05 7872.97 13301.3 -11234.2 
0.58 9.83559 10 0.188972 -3.68468e-13 12484.4 15673.2 -8.87341 -7.39255e-11 
0.58 10 10.4082 0 0 6729.54 7907.62 13301.2 11321.5 
0.58 10 9.59183 0 0 6729.54 7907.62 13301.2 -11321.5 
0.585 9.83654 10 0.188347 -3.74223e-13 12490.4 15742.2 -8.62166 -8.58528e-11 
0.585 10 10.4082 0 0 6727.4 7942.13 13301.1 11403.7 
0.585 10 9.59183 0 0 6727.4 7942.13 13301.1 -11403.7 
0.59 9.83748 10 0.18774 -3.80041e-13 12497.1 15811 -8.37436 -7.77623e-11 
0.59 10 10.4082 0 0 6725.64 7976.51 13301 11490.2 
0.59 10 9.59183 0 0 6725.64 7976.51 13301 -11490.2 
0.595 9.83841 10 0.18715 -3.85947e-13 12504.3 15879.5 -8.13137 -8.42114e-11 
0.595 10 10.4082 0 0 6724.25 8010.76 13301 11571.7 
0.595 10 9.59183 0 0 6724.25 8010.76 13301 -11571.7 
0.6 9.83935 10 0.186578 -3.91939e-13 12512.2 15947.7 -7.89255 -8.51916e-11 
0.6 10 10.4082 0 0 6723.22 8044.88 13300.9 11657.6 
0.6 10 9.59183 0 0 6723.22 8044.88 13300.9 -11657.6 
0.605 9.84028 10 0.186023 -3.97978e-13 12520.7 16015.7 -7.65776 -7.5251e-11 
0.605 10 10.4082 0 0 6722.57 8078.87 13300.8 11738.3 
0.605 10 9.59183 0 0 6722.57 8078.87 13300.8 -11738.3 
0.61 9.84121 10 0.185484 -4.04163e-13 12529.8 16083.5 -7.42686 -8.71182e-11 
0.61 10 10.4082 0 0 6722.27 8112.74 13300.7 11823.5 
0.61 10 9.59183 0 0 6722.27 8112.74 13300.7 -11823.5 
0.615 9.84214 10 0.184962 -4.10389e-13 12539.5 16150.9 -7.19972 -1.00799e-10 
0.615 10 10.4082 0 0 6722.34 8146.47 13300.7 11903.6 
0.615 10 9.59183 0 0 6722.34 8146.47 13300.7 -11903.6 
0.62 9.84306 10 0.184455 -4.16709e-13 12549.8 16218.2 -6.97622 -9.62758e-11 
0.62 10 10.4082 0 0 6722.76 8180.09 13300.6 11988.1 
0.62 10 9.59183 0 0 6722.76 8180.09 13300.6 -11988.1 
0.625 9.84398 10 0.183965 -4.23145e-13 12560.7 16285.1 -6.75623 -8.44608e-11 
0.625 10 10.4082 0 0 6723.54 8213.58 13300.5 12067.5 
0.625 10 9.59183 0 0 6723.54 8213.58 13300.5 -12067.5 
0.63 9.8449 10 0.18349 -4.29665e-13 12572.3 16351.9 -6.53965 -1.05376e-10 
0.63 10 10.4082 0 0 6724.68 8246.94 13300.4 12151.4 
0.63 10 9.59183 0 0 6724.68 8246.94 13300.4 -12151.4 
0.635 9.84581 10 0.183031 -4.36313e-13 12584.4 16418.4 -6.32635 -9.89883e-11 
0.635 10 10.4082 0 0 6726.17 8280.19 13300.3 12230.2 
0.635 10 9.59183 0 0 6726.17 8280.19 13300.3 -12230.2 
0.64 9.84673 10 0.182586 -4.43006e-13 12597.2 16484.6 -6.11624 -8.89562e-11 
0.64 10 10.4082 0 0 6728.02 8313.31 13300.3 12313.4 
0.64 10 9.59183 0 0 6728.02 8313.31 13300.3 -12313.4 
0.645 9.84764 10 0.182157 -4.49803e-13 12610.5 16550.6 -5.90919 -1.04376e-10 
0.645 10 10.4082 0 0 6730.21 8346.32 13300.2 12391.6 
0.645 10 9.59183 0 0 6730.21 8346.32 13300.2 -12391.6 
0.65 9.84855 10 0.181742 -4.56716e-13 12624.5 16616.4 -5.70512 -9.79508e-11 
0.65 10 10.4082 0 0 6732.76 8379.21 13300.1 12474.2 
0.65 10 9.59183 0 0 6732.76 8379.21 13300.1 -12474.2 
0.655 9.84946 10 0.181342 -4.63744e-13 12639.1 16681.9 -5.50392 -9.87859e-11 
0.655 10 10.4082 0 0 6735.65 8411.98 13300.1 12551.7 
0.655 10 9.59183 0 0 6735.65 8411.98 13300.1 -12551.7 
0.66 9.85036 10 0.180956 -4.70888e-13 12654.2 16747.2 -5.3055 -9.05097e-11 
0.66 10 10.4082 0 0 6738.89 8444.63 13300 12633.7 
0.66 10 9.59183 0 0 6738.89 8444.63 13300 -12633.7 
0.665 9.85127 10 0.180584 -4.78163e-13 12670 16812.3 -5.10976 -1.00405e-10 
0.665 10 10.4082 0 0 6742.48 8477.17 13299.9 12710.7 
0.665 10 9.59183 0 0 6742.48 8477.17 13299.9 -12710.7 
0.67 9.85217 10 0.180226 -4.85527e-13 12686.4 16877.2 -4.91661 -1.01193e-10 
0.67 10 10.4082 0 0 6746.41 8509.6 13299.8 12792.2 
0.67 10 9.59183 0 0 6746.41 8509.6 13299.8 -12792.2 
0.675 9.85307 10 0.179881 -4.92983e-13 12703.4 16941.8 -4.72598 -9.46924e-11 
0.675 10 10.4082 0 0 6750.68 8541.91 13299.8 12868.6 
0.675 10 9.59183 0 0 6750.68 8541.91 13299.8 -12868.6 
0.68 9.85397 10 0.179551 -5.00599e-13 12721 17006.2 -4.53776 -1.0454e-10 
0.68 10 10.4082 0 0 6755.3 8574.11 13299.7 12949.4 
0.68 10 9.59183 0 0 6755.3 8574.11 13299.7 -12949.4 
0.685 9.85487 10 0.179233 -5.08316e-13 12739.2 17070.4 -4.35189 -1.0346e-10 
0.685 10 10.4082 0 0 6760.26 8606.2 13299.6 13025.3 
0.685 10 9.59183 0 0 6760.26 8606.2 13299.6 -13025.3 
0.69 9.85576 10 0.178929 -5.16153e-13 12757.9 17134.3 -4.16828 -1.15096e-10 
0.69 10 10.4082 0 0 6765.56 8638.17 13299.6 13105.6 
0.69 10 9.59183 0 0 6765.56 8638.17 13299.6 -13105.6 
0.695 9.85666 10 0.178638 -5.24137e-13 12777.4 17198.1 -3.98686 -1.13978e-10 
0.695 10 10.4082 0 0 6771.2 8670.04 13299.5 13180.9 
0.695 10 9.59183 0 0 6771.2 8670.04 13299.5 -13180.9 
0.7 9.85755 10 0.178359 -5.32252e-13 12797.4 17261.6 -3.80754 -1.29213e-10 
0.7 10 10.4082 0 0 6777.18 8701.8 13299.4 13260.7 
0.7 10 9.59183 0 0 6777.18 8701.8 13299.4 -13260.7 
0.705 9.85844 10 0.178094 -5.40474e-13 12818 17324.9 -3.63027 -1.24424e-10 
0.705 10 10.4082 0 0 6783.5 8733.45 13299.3 13335.5 
0.705 10 9.59183 0 0 6783.5 8733.45 13299.3 -13335.5 
0.71 9.85933 10 0.177841 -5.48891e-13 12839.2 17388 -3.45496 -1.15969e-10 
0.71 10 10.4082 0 0 6790.15 8764.99 13299.3 13414.8 
0.71 10 9.59183 0 0 6790.15 8764.99 13299.3 -13414.8 
0.715 9.86022 10 0.1776 -5.57424e-13 12861 17450.8 -3.28155 -1.22051e-10 
0.715 10 10.4082 0 0 6797.15 8796.42 13299.2 13489.1 
0.715 10 9.59183 0 0 6797.15 8796.42 13299.2 -13489.1 
0.72 9.8611 10 0.177372 -5.66082e-13 12883.5 17513.5 -3.10997 -1.24477e-10 
0.72 10 10.4082 0 0 6804.48 8827.75 13299.1 13567.9 
0.72 10 9.59183 0 0 6804.48 8827.75 13299.1 -13567.9 
0.725 9.86199 10 0.177156 -5.74925e-13 12906.5 17575.9 -2.94016 -1.26877e-10 
0.725 10 10.4082 0 0 6812.15 8858.97 13299.1 13641.7 
0.725 10 9.59183 0 0 6812.15 8858.97 13299.1 -13641.7 
0.73 9.86288 10 0.176952 -5.83944e-13 12930.1 17638.1 -2.77206 -1.40166e-10 
0.73 10 10.4082 0 0 6820.15 8890.08 13299 13720 
0.73 10 9.59183 0 0 6820.15 8890.08 13299 -13720 
0.735 9.86376 10 0.17676 -5.93081e-13 12954.4 17700.2 -2.60559 -1.31611e-10 
0.735 10 10.4082 0 0 6828.5 8921.09 13298.9 13793.3 
0.735 10 9.59183 0 0 6828.5 8921.09 13298.9 -13793.3 
0.74 9.86464 10 0.176579 -6.02376e-13 12979.3 17762 -2.44071 -1.35766e-10 
0.74 10 10.4082 0 0 6837.17 8951.99 13298.9 13871.1 
0.74 10 9.59183 0 0 6837.17 8951.99 13298.9 -13871.1 
0.745 9.86553 10 0.176411 -6.1184e-13 13004.8 17823.6 -2.27736 -1.38079e-10 
0.745 10 10.4082 0 0 6846.19 8982.79 13298.8 13943.9 
0.745 10 9.59183 0 0 6846.19 8982.79 13298.8 -13943.9 
0.75 9.86641 10 0.176254 -6.21478e-13 13030.9 17884.9 -2.11547 -1.38549e-10 
0.75 10 10.4082 0 0 6855.54 9013.48 13298.7 14021.3 
0.75 10 9.59183 0 0 6855.54 9013.48 13298.7 -14021.3 
0.755 9.86729 10 0.176109 -6.31288e-13 13057.6 17946.1 -1.955 -1.51728e-10 
0.755 10 10.4082 0 0 6865.23 9044.07 13298.6 14093.7 
0.755 10 9.59183 0 0 6865.23 9044.07 13298.6 -14093.7 
0.76 9.86817 10 0.175975 -6.41271e-13 13084.9 18007.1 -1.79588 -1.39416e-10 
0.76 10 10.4082 0 0 6875.25 9074.56 13298.6 14170.6 
0.76 10 9.59183 0 0 6875.25 9074.56 13298.6 -14170.6 
0.765 9.86905 10 0.175852 -6.51464e-13 13112.9 18067.9 -1.63807 -1.3617e-10 
0.765 10 10.4082 0 0 6885.61 9104.94 13298.5 14242.5 
0.765 10 9.59183 0 0 6885.61 9104.94 13298.5 -14242.5 
0.77 9.86993 10 0.175741 -6.61824e-13 13141.5 18128.4 -1.48152 -1.51091e-10 
0.77 10 10.4082 0 0 6896.31 9135.22 13298.4 14319 
0.77 10 9.59183 0 0 6896.31 9135.22 13298.4 -14319 
0.775 9.87081 10 0.17564 -6.72381e-13 13170.7 18188.8 -1.32617 -1.60527e-10 
0.775 10 10.4082 0 0 6907.34 9165.4 13298.4 14390.4 
0.775 10 9.59183 0 0 6907.34 9165.4 13298.4 -14390.4 
0.78 9.87168 10 0.175551 -6.8317e-13 13200.5 18248.9 -1.17197 -1.40826e-10 
0.78 10 10.4082 0 0 6918.71 9195.48 13298.3 14466.5 
0.78 10 9.59183 0 0 6918.71 9195.48 13298.3 -14466.5 
0.785 9.87256 10 0.175473 -6.94166e-13 13230.9 18308.9 -1.01888 -1.53839e-10 
0.785 10 10.4082 0 0 6930.41 9225.45 13298.2 14537.5 
0.785 10 9.59183 0 0 6930.41 9225.45 13298.2 -14537.5 
0.79 9.87344 10 0.175406 -7.05324e-13 13262 18368.6 -0.866856 -1.63191e-10 
0.79 10 10.4082 0 0 6942.46 9255.32 13298.2 14613.1 
0.79 10 9.59183 0 0 6942.46 9255.32 13298.2 -14613.1 
0.795 9.87432 10 0.175349 -7.1673e-13 13293.7 18428.2 -0.715844 -1.61594e-10 
0.795 10 10.4082 0 0 6954.84 9285.09 13298.1 14683.8 
0.795 10 9.59183 0 0 6954.84 9285.09 13298.1 -14683.8 
0.8 9.87519 10 0.175303 -7.28388e-13 13326.1 18487.5 -0.565802 -1.59962e-10 
0.8 10 10.4082 0 0 6967.56 9314.75 13298 14759 
0.8 10 9.59183 0 0 6967.56 9314.75 13298 -14759 
0.805 9.87607 10 0.175268 -7.40233e-13 13359 18546.6 -0.416687 -1.76494e-10 
0.805 10 10.4082 0 0 6980.62 9344.32 13297.9 14829.2 
0.805 10 9.59183 0 0 6980.62 9344.32 13297.9 -14829.2 
0.81 9.87694 10 0.175244 -7.52321e-13 13392.6 18605.5 -0.268455 -1.71163e-10 
0.81 10 10.4082 0 0 6994.02 9373.78 13297.9 14904 
0.81 10 9.59183 0 0 6994.02 9373.78 13297.9 -14904 
0.815 9.87782 10 0.17523 -7.64709e-13 13426.9 18664.3 -0.121064 -1.73067e-10 
0.815 10 10.4082 0 0 7007.76 9403.14 13297.8 14973.8 
0.815 10 9.59183 0 0 7007.76 9403.14 13297.8 -14973.8 
0.82 9.8787 10 0.175226 -7.77302e-13 13461.8 18722.8 0.0255257 -1.74942e-10 
0.82 10 10.4082 0 0 7021.84 9432.4 13297.7 15048.2 
0.82 10 9.59183 0 0 7021.84 9432.4 13297.7 -15048.2 
0.825 9.87957 10 0.175233 -7.90157e-13 13497.3 18781.1 0.171356 -1.69504e-10 
0.825 10 10.4082 0 0 7036.26 9461.55 13297.6 15117.6 
0.825 10 9.59183 0 0 7036.26 9461.55 13297.6 -15117.6 
0.83 9.88045 10 0.175251 -8.0324e-13 13533.5 18839.2 0.316465 -1.82224e-10 
0.83 10 10.4082 0 0 7051.02 9490.6 13297.6 15191.6 
0.83 10 9.59183 0 0 7051.02 9490.6 13297.6 -15191.6 
0.835 9.88133 10 0.175279 -8.16627e-13 13570.3 18897.1 0.460893 -1.91264e-10 
0.835 10 10.4082 0 0 7066.13 9519.55 13297.5 15260.6 
0.835 10 9.59183 0 0 7066.13 9519.55 13297.5 -15260.6 
0.84 9.8822 10 0.175317 -8.30322e-13 13607.8 18954.8 0.604678 -1.96623e-10 
0.84 10 10.4082 0 0 7081.58 9548.4 13297.4 15334.2 
0.84 10 9.59183 0 0 7081.58 9548.4 13297.4 -15334.2 
0.845 9.88308 10 0.175365 -8.44322e-13 13645.9 19012.3 0.747856 -1.94663e-10 
0.845 10 10.4082 0 0 7097.37 9577.14 13297.3 15402.9 
0.845 10 9.59183 0 0 7097.37 9577.14 13297.3 -15402.9 
0.85 9.88396 10 0.175424 -8.58574e-13 13684.7 19069.6 0.890465 -2.03582e-10 
0.85 10 10.4082 0 0 7113.51 9605.78 13297.3 15476.1 
0.85 10 9.59183 0 0 7113.51 9605.78 13297.3 -15476.1 
0.855 9.88483 10 0.175492 -8.73164e-13 13724.2 19126.6 1.03254 -1.97901e-10 
0.855 10 10.4082 0 0 7130 9634.32 13297.2 15544.3 
0.855 10 9.59183 0 0 7130 9634.32 13297.2 -15544.3 
0.86 9.88571 10 0.175571 -8.88057e-13 13764.3 19183.5 1.17412 -2.0673e-10 
0.86 10 10.4082 0 0 7146.84 9662.75 13297.1 15617.2 
0.86 10 9.59183 0 0 7146.84 9662.75 13297.1 -15617.2 
0.865 9.88659 10 0.17566 -9.03263e-13 13805.1 19240.1 1.31523 -2.15515e-10 
0.865 10 10.4082 0 0 7164.02 9691.08 13297 15685.1 
0.865 10 9.59183 0 0 7164.02 9691.08 13297 -15685.1 
0.87 9.88747 10 0.175759 -9.18827e-13 13846.5 19296.6 1.45592 -2.2425e-10 
0.87 10 10.4082 0 0 7181.55 9719.3 13297 15757.6 
0.87 10 9.59183 0 0 7181.55 9719.3 13297 -15757.6 
0.875 9.88835 10 0.175868 -9.3476e-13 13888.6 19352.8 1.59621 -2.25658e-10 
0.875 10 10.4082 0 0 7199.44 9747.42 13296.9 15825.1 
0.875 10 9.59183 0 0 7199.44 9747.42 13296.9 -15825.1 
0.88 9.88923 10 0.175987 -9.51042e-13 13931.4 19408.8 1.73613 -2.30654e-10 
0.88 10 10.4082 0 0 7217.68 9775.43 13296.8 15897.2 
0.88 10 9.59183 0 0 7217.68 9775.43 13296.8 -15897.2 
0.885 9.89011 10 0.176116 -9.67659e-13 13974.9 19464.6 1.87573 -2.28328e-10 
0.885 10 10.4082 0 0 7236.27 9803.33 13296.7 15964.4 
0.885 10 9.59183 0 0 7236.27 9803.33 13296.7 -15964.4 
0.89 9.89099 10 0.176255 -9.84713e-13 14019 19520.2 2.01504 -2.36854e-10 
0.89 10 10.4082 0 0 7255.21 9831.13 13296.7 16036.1 
0.89 10 9.59183 0 0 7255.21 9831.13 13296.7 -16036.1 
0.895 9.89187 10 0.176404 -1.00217e-12 14063.9 19575.6 2.15407 -2.3441e-10 
0.895 10 10.4082 0 0 7274.51 9858.82 13296.6 16103 
0.895 10 9.59183 0 0 7274.51 9858.82 13296.6 -16103 
0.9 9.89275 10 0.176563 -1.01998e-12 14109.4 19630.8 2.29287 -2.53745e-10 
0.9 10 10.4082 0 0 7294.17 9886.4 13296.5 16174.4 
0.9 10 9.59183 0 0 7294.17 9886.4 13296.5 -16174.4 
0.905 9.89363 10 0.176731 -1.03821e-12 14155.6 19685.7 2.43147 -2.51192e-10 
0.905 10 10.4082 0 0 7314.19 9913.87 13296.4 16240.8 
0.905 10 9.59183 0 0 7314.19 9913.87 13296.4 -16240.8 
0.91 9.89452 10 0.17691 -1.05689e-12 14202.6 19740.4 2.5699 -2.55854e-10 
0.91 10 10.4082 0 0 7334.57 9941.23 13296.3 16311.9 
0.91 10 9.59183 0 0 7334.57 9941.23 13296.3 -16311.9 
0.915 9.8954 10 0.177098 -1.07603e-12 14250.2 19794.9 2.70819 -2.71364e-10 
0.915 10 10.4082 0 0 7355.31 9968.48 13296.2 16378 
0.915 10 9.59183 0 0 7355.31 9968.48 13296.2 -16378 
0.92 9.89629 10 0.177297 -1.09563e-12 14298.5 19849.2 2.84636 -2.79534e-10 
0.92 10 10.4082 0 0 7376.41 9995.62 13296.2 16448.6 
0.92 10 9.59183 0 0 7376.41 9995.62 13296.2 -16448.6 
0.925 9.89718 10 0.177505 -1.11571e-12 14347.5 19903.3 2.98445 -2.91276e-10 
0.925 10 10.4082 0 0 7397.88 10022.6 13296.1 16514.4 
0.925 10 9.59183 0 0 7397.88 10022.6 13296.1 -16514.4 
0.93 9.89806 10 0.177723 -1.13625e-12 14397.2 19957.1 3.12248 -2.95675e-10 
0.93 10 10.4082 0 0 7419.72 10049.6 13296 16584.7 
0.93 10 9.59183 0 0 7419.72 10049.6 13296 -16584.7 
0.935 9.89895 10 0.177951 -1.15733e-12 14447.7 20010.7 3.26049 -2.8181e-10 
0.935 10 10.4082 0 0 7441.92 10076.4 13295.9 16650.1 
0.935 10 9.59183 0 0 7441.92 10076.4 13295.9 -16650.1 
0.94 9.89984 10 0.178189 -1.17894e-12 14498.9 20064.1 3.3985 -3.0425e-10 
0.94 10 10.4082 0 0 7464.49 10103 13295.8 16720.1 
0.94 10 9.59183 0 0 7464.49 10103 13295.8 -16720.1 
0.945 9.90074 10 0.178437 -1.20108e-12 14550.8 20117.2 3.53655 -3.12065e-10 
0.945 10 10.4082 0 0 7487.44 10129.6 13295.7 16785.2 
0.945 10 9.59183 0 0 7487.44 10129.6 13295.7 -16785.2 
0.95 9.90163 10 0.178694 -1.2238e-12 14603.4 20170.1 3.67465 -3.12523e-10 
0.95 10 10.4082 0 0 7510.75 10156.1 13295.7 16854.8 
0.95 10 9.59183 0 0 7510.75 10156.1 13295.7 -16854.8 
0.955 9.90252 10 0.178962 -1.24712e-12 14656.7 20222.8 3.81284 -3.38362e-10 
0.955 10 10.4082 0 0 7534.45 10182.4 13295.6 16919.5 
0.955 10 9.59183 0 0 7534.45 10182.4 13295.6 -16919.5 
0.96 9.90342 10 0.179239 -1.27106e-12 14710.8 20275.2 3.95114 -3.27734e-10 
0.96 10 10.4082 0 0 7558.52 10208.6 13295.5 16988.8 
0.96 10 9.59183 0 0 7558.52 10208.6 13295.5 -16988.8 
0.965 9.90432 10 0.179526 -1.29561e-12 14765.6 20327.4 4.08958 -3.53401e-10 
0.965 10 10.4082 0 0 7582.96 10234.7 13295.4 17053.2 
0.965 10 9.59183 0 0 7582.96 10234.7 13295.4 -17053.2 
0.97 9.90521 10 0.179823 -1.32083e-12 14821.2 20379.3 4.22819 -3.57147e-10 
0.97 10 10.4082 0 0 7607.79 10260.7 13295.3 17122.1 
0.97 10 9.59183 0 0 7607.79 10260.7 13295.3 -17122.1 
0.975 9.90611 10 0.18013 -1.34668e-12 14877.5 20431 4.36699 -3.68079e-10 
0.975 10 10.4082 0 0 7633 10286.5 13295.2 17186.1 
0.975 10 9.59183 0 0 7633 10286.5 13295.2 -17186.1 
0.98 9.90701 10 0.180447 -1.37321e-12 14934.6 20482.4 4.50602 -3.93469e-10 
0.98 10 10.4082 0 0 7658.6 10312.2 13295.1 17254.7 
0.98 10 9.59183 0 0 7658.6 10312.2 13295.1 -17254.7 
0.985 9.90792 10 0.180774 -1.40048e-12 14992.4 20533.6 4.64529 -3.96927e-10 
0.985 10 10.4082 0 0 7684.58 10337.8 13295 17318.4 
0.985 10 9.59183 0 0 7684.58 10337.8 13295 -17318.4 
0.99 9.90882 10 0.181111 -1.42848e-12 15051 20584.5 4.78484 -4.03921e-10 
0.99 10 10.4082 0 0 7710.95 10363.3 13294.9 17386.6 
0.99 10 9.59183 0 0 7710.95 10363.3 13294.9 -17386.6 
0.995 9.90973 10 0.181457 -1.4573e-12 15110.3 20635.2 4.92468 -4.07163e-10 
0.995 10 10.4082 0 0 7737.72 10388.6 13294.8 17449.9 
0.995 10 9.59183 0 0 7737.72 10388.6 13294.8 -17449.9 
1 9.91064 10 0.181814 -1.48695e-12 15170.4 20685.6 5.06485 -4.13926e-10 
1 10 10.4082 0 0 7764.87 10413.8 13294.7 17517.8 
1 10 9.59183 0 0 7764.87 10413.8 13294.7 -17517.8 
1.005 9.91155 10 0.182181 -1.51745e-12 15231.3 20735.7 5.20537 -4.35121e-10 
1.005 10 10.4082 0 0 7792.42 10438.9 13294.6 17580.7 
1.005 10 9.59183 0 0 7792.42 10438.9 13294.6 -17580.7 
1.01 9.91246 10 0.182558 -1.54877e-12 15293 20785.6 5.34627 -4.34374e-10 
1.01 10 10.4082 0 0 7820.36 10463.8 13294.5 17648.3 
1.01 10 9.59183 0 0 7820.36 10463.8 13294.5 -17648.3 
1.015 9.91337 10 0.182945 -1.58102e-12 15355.4 20835.2 5.48756 -4.58963e-10 
1.015 10 10.4082 0 0 7848.71 10488.6 13294.4 17710.9 
1.015 10 9.59183 0 0 7848.71 10488.6 13294.4 -17710.9 
1.02 9.91429 10 0.183342 -1.61421e-12 15418.6 20884.5 5.62929 -4.79784e-10 
1.02 10 10.4082 0 0 7877.45 10513.3 13294.4 17778 
1.02 10 9.59183 0 0 7877.45 10513.3 13294.4 -17778 
1.025 9.91521 10 0.183749 -1.64837e-12 15482.6 20933.6 5.77146 -4.75001e-10 
1.025 10 10.4082 0 0 7906.6 10537.8 13294.3 17840.3 
1.025 10 9.59183 0 0 7906.6 10537.8 13294.3 -17840.3 
1.03 9.91613 10 0.184166 -1.68355e-12 15547.5 20982.3 5.91411 -4.88266e-10 
1.03 10 10.4082 0 0 7936.16 10562.2 13294.2 17907.1 
1.03 10 9.59183 0 0 7936.16 10562.2 13294.2 -17907.1 
1.035 9.91705 10 0.184594 -1.71973e-12 15613.1 21030.8 6.05726 -5.12305e-10 
1.035 10 10.4082 0 0 7966.12 10586.4 13294 17968.9 
1.035 10 9.59183 0 0 7966.12 10586.4 13294 -17968.9 
1.04 9.91797 10 0.185032 -1.75702e-12 15679.5 21079 6.20094 -5.25275e-10 
1.04 10 10.4082 0 0 7996.49 10610.5 13293.9 18035.4 
1.04 10 9.59183 0 0 7996.49 10610.5 13293.9 -18035.4 
1.045 9.9189 10 0.18548 -1.79539e-12 15746.7 21126.8 6.34517 -5.5992e-10 
1.045 10 10.4082 0 0 8027.28 10634.4 13293.8 18096.8 
1.045 10 9.59183 0 0 8027.28 10634.4 13293.8 -18096.8 
1.05 9.91983 10 0.185938 -1.83503e-12 15814.8 21174.4 6.48997 -5.72561e-10 
1.05 10 10.4082 0 0 8058.48 10658.2 13293.7 18162.9 
1.05 10 9.59183 0 0 8058.48 10658.2 13293.7 -18162.9 
1.055 9.92076 10 0.186407 -1.87592e-12 15883.6 21221.7 6.63538 -5.7775e-10 
1.055 10 10.4082 0 0 8090.1 10681.9 13293.6 18224 
1.055 10 9.59183 0 0 8090.1 10681.9 13293.6 -18224 
1.06 9.92169 10 0.186886 -1.91806e-12 15953.3 21268.7 6.78141 -5.97317e-10 
1.06 10 10.4082 0 0 8122.14 10705.3 13293.5 18289.7 
1.06 10 9.59183 0 0 8122.14 10705.3 13293.5 -18289.7 
1.065 9.92263 10 0.187376 -1.96146e-12 16023.8 21315.3 6.92809 -6.27621e-10 
1.065 10 10.4082 0 0 8154.59 10728.7 13293.4 18350.4 
1.065 10 9.59183 0 0 8154.59 10728.7 13293.4 -18350.4 
1.07 9.92356 10 0.187876 -2.00629e-12 16095.2 21361.6 7.07544 -6.43172e-10 
1.07 10 10.4082 0 0 8187.48 10751.8 13293.3 18415.7 
1.07 10 9.59183 0 0 8187.48 10751.8 13293.3 -18415.7 
1.075 9.92451 10 0.188386 -2.05252e-12 16167.4 21407.6 7.22349 -6.58529e-10 
1.075 10 10.4082 0 0 8220.79 10774.8 13293.2 18476 
1.075 10 9.59183 0 0 8220.79 10774.8 13293.2 -18476 
1.08 9.92545 10 0.188908 -2.1002e-12 16240.4 21453.3 7.37227 -6.73681e-10 
1.08 10 10.4082 0 0 8254.53 10797.7 13293.1 18540.9 
1.08 10 9.59183 0 0 8254.53 10797.7 13293.1 -18540.9 
1.085 9.92639 10 0.18944 -2.14949e-12 16314.3 21498.7 7.52179 -7.03161e-10 
1.085 10 10.4082 0 0 8288.7 10820.3 13293 18600.9 
1.085 10 9.59183 0 0 8288.7 10820.3 13293 -18600.9 
1.09 9.92734 10 0.189982 -2.2004e-12 16389 21543.7 7.67208 -7.39689e-10 
1.09 10 10.4082 0 0 8323.31 10842.8 13292.9 18665.4 
1.09 10 9.59183 0 0 8323.31 10842.8 13292.9 -18665.4 
1.095 9.92829 10 0.190536 -2.25297e-12 16464.6 21588.3 7.82317 -7.57796e-10 
1.095 10 10.4082 0 0 8358.35 10865.2 13292.7 18724.9 
1.095 10 9.59183 0 0 8358.35 10865.2 13292.7 -18724.9 
1.1 9.92925 10 0.1911 -2.30732e-12 16541 21632.6 7.97508 -7.68377e-10 
1.1 10 10.4082 0 0 8393.83 10887.3 13292.6 18789 
1.1 10 9.59183 0 0 8393.83 10887.3 13292.6 -18789 
1.105 9.93021 10 0.191675 -2.36349e-12 16618.3 21676.6 8.12784 -7.96893e-10 
1.105 10 10.4082 0 0 8429.75 10909.3 13292.5 18848.1 
1.105 10 9.59183 0 0 8429.75 10909.3 13292.5 -18848.1 
1.11 9.93117 10 0.192261 -2.42157e-12 16696.5 21720.2 8.28146 -8.28779e-10 
1.11 10 10.4082 0 0 8466.12 10931.1 13292.4 18911.7 
1.11 10 9.59183 0 0 8466.12 10931.1 13292.4 -18911.7 
1.115 9.93213 10 0.192858 -2.48166e-12 16775.5 21763.4 8.43598 -8.45833e-10 
1.115 10 10.4082 0 0 8502.94 10952.7 13292.3 18970.4 
1.115 10 9.59183 0 0 8502.94 10952.7 13292.3 -18970.4 
1.12 9.93309 10 0.193466 -2.54384e-12 16855.5 21806.2 8.59142 -8.80784e-10 
1.12 10 10.4082 0 0 8540.2 10974.1 13292.2 19033.6 
1.12 10 9.59183 0 0 8540.2 10974.1 13292.2 -19033.6 
1.125 9.93406 10 0.194085 -2.60819e-12 16936.3 21848.7 8.7478 -9.15432e-10 
1.125 10 10.4082 0 0 8577.92 10995.3 13292 19091.8 
1.125 10 9.59183 0 0 8577.92 10995.3 13292 -19091.8 
1.13 9.93503 10 0.194716 -2.67476e-12 17018 21890.7 8.90515 -9.4613e-10 
1.13 10 10.4082 0 0 8616.09 11016.4 13291.9 19154.6 
1.13 10 9.59183 0 0 8616.09 11016.4 13291.9 -19154.6 
1.135 9.93601 10 0.195358 -2.74375e-12 17100.6 21932.4 9.06349 -9.94679e-10 
1.135 10 10.4082 0 0 8654.72 11037.2 13291.8 19212.4 
1.135 10 9.59183 0 0 8654.72 11037.2 13291.8 -19212.4 
1.14 9.93699 10 0.196011 -2.81517e-12 17184 21973.7 9.22285 -1.02834e-09 
1.14 10 10.4082 0 0 8693.81 11057.9 13291.7 19274.7 
1.14 10 9.59183 0 0 8693.81 11057.9 13291.7 -19274.7 
1.145 9.93797 10 0.196675 -2.88913e-12 17268.4 22014.6 9.38325 -1.06164e-09 
1.145 10 10.4082 0 0 8733.36 11078.3 13291.5 19332 
1.145 10 9.59183 0 0 8733.36 11078.3 13291.5 -19332 
1.15 9.93896 10 0.197351 -2.96576e-12 17353.7 22055 9.54472 -1.0982e-09 
1.15 10 10.4082 0 0 8773.37 11098.5 13291.4 19393.9 
1.15 10 9.59183 0 0 8773.37 11098.5 13291.4 -19393.9 
1.155 9.93994 10 0.198039 -3.04528e-12 17439.9 22095 9.70728 -1.13437e-09 
1.155 10 10.4082 0 0 8813.85 11118.5 13291.3 19450.7 
1.155 10 9.59183 0 0 8813.85 11118.5 13291.3 -19450.7 
1.16 9.94094 10 0.198738 -3.12766e-12 17527.1 22134.6 9.87096 -1.19195e-09 
1.16 10 10.4082 0 0 8854.8 11138.3 13291.2 19512.1 
1.16 10 9.59183 0 0 8854.8 11138.3 13291.2 -19512.1 
1.165 9.94193 10 0.199449 -3.21307e-12 17615.1 22173.8 10.0358 -1.23093e-09 
1.165 10 10.4082 0 0 8896.23 11157.9 13291 19568.4 
1.165 10 9.59183 0 0 8896.23 11157.9 13291 -19568.4 
1.17 9.94293 10 0.200172 -3.30169e-12 17704 22212.5 10.2018 -1.2549e-09 
1.17 10 10.4082 0 0 8938.13 11177.3 13290.9 19629.3 
1.17 10 9.59183 0 0 8938.13 11177.3 13290.9 -19629.3 
1.175 9.94393 10 0.200906 -3.39366e-12 17793.9 22250.7 10.369 -1.32206e-09 
1.175 10 10.4082 0 0 8980.5 11196.4 13290.8 19685.1 
1.175 10 9.59183 0 0 8980.5 11196.4 13290.8 -19685.1 
1.18 9.94494 10 0.201653 -3.48912e-12 17884.7 22288.5 10.5374 -1.35963e-09 
1.18 10 10.4082 0 0 9023.36 11215.3 13290.6 19745.4 
1.18 10 9.59183 0 0 9023.36 11215.3 13290.6 -19745.4 
1.185 9.94595 10 0.202412 -3.58815e-12 17976.5 22325.8 10.707 -1.41489e-09 
1.185 10 10.4082 0 0 9066.7 11233.9 13290.5 19800.7 
1.185 10 9.59183 0 0 9066.7 11233.9 13290.5 -19800.7 
1.19 9.94696 10 0.203183 -3.69094e-12 18069.1 22362.7 10.8779 -1.45507e-09 
1.19 10 10.4082 0 0 9110.52 11252.3 13290.3 19860.5 
1.19 10 9.59183 0 0 9110.52 11252.3 13290.3 -19860.5 
1.195 9.94798 10 0.203966 -3.79778e-12 18162.8 22399 11.0501 -1.51651e-09 
1.195 10 10.4082 0 0 9154.84 11270.5 13290.2 19915.3 
1.195 10 9.59183 0 0 9154.84 11270.5 13290.2 -19915.3 
1.2 9.949 10 0.204761 -3.90873e-12 18257.3 22434.9 11.2237 -1.58101e-09 
1.2 10 10.4082 0 0 9199.64 11288.4 13290.1 19974.5 
1.2 10 9.59183 0 0 9199.64 11288.4 13290.1 -19974.5 
1.205 9.95003 10 0.205569 -4.02399e-12 18352.8 22470.2 11.3985 -1.634e-09 
1.205 10 10.4082 0 0 9244.93 11306.1 13289.9 20028.7 
1.205 10 9.59183 0 0 9244.93 11306.1 13289.9 -20028.7 
1.21 9.95106 10 0.20639 -4.14373e-12 18449.3 22505 11.5748 -1.71546e-09 
1.21 10 10.4082 0 0 9290.72 11323.5 13289.8 20087.4 
1.21 10 9.59183 0 0 9290.72 11323.5 13289.8 -20087.4 
1.215 9.95209 10 0.207223 -4.26817e-12 18546.7 22539.3 11.7524 -1.78899e-09 
1.215 10 10.4082 0 0 9337 11340.7 13289.6 20141 
1.215 10 9.59183 0 0 9337 11340.7 13289.6 -20141 
1.22 9.95313 10 0.208068 -4.39748e-12 18645.1 22573.1 11.9315 -1.83273e-09 
1.22 10 10.4082 0 0 9383.79 11357.6 13289.5 20199.1 
1.22 10 9.59183 0 0 9383.79 11357.6 13289.5 -20199.1 
1.225 9.95417 10 0.208927 -4.53184e-12 18744.4 22606.3 12.1121 -1.90123e-09 
1.225 10 10.4082 0 0 9431.07 11374.2 13289.3 20252.1 
1.225 10 9.59183 0 0 9431.07 11374.2 13289.3 -20252.1 
1.23 9.95522 10 0.209799 -4.6716e-12 18844.7 22639 12.2941 -2.00172e-09 
1.23 10 10.4082 0 0 9478.86 11390.5 13289.2 20309.6 
1.23 10 9.59183 0 0 9478.86 11390.5 13289.2 -20309.6 
1.235 9.95627 10 0.210684 -4.81692e-12 18945.9 22671 12.4776 -2.07233e-09 
1.235 10 10.4082 0 0 9527.16 11406.5 13289 20362 
1.235 10 9.59183 0 0 9527.16 11406.5 13289 -20362 
1.24 9.95733 10 0.211581 -4.96798e-12 19048.1 22702.6 12.6627 -2.17123e-09 
1.24 10 10.4082 0 0 9575.96 11422.3 13288.9 20418.8 
1.24 10 9.59183 0 0 9575.96 11422.3 13288.9 -20418.8 
1.245 9.95839 10 0.212492 -5.12509e-12 19151.3 22733.5 12.8493 -2.24019e-09 
1.245 10 10.4082 0 0 9625.28 11437.7 13288.7 20470.5 
1.245 10 9.59183 0 0 9625.28 11437.7 13288.7 -20470.5 
1.25 9.95945 10 0.213417 -5.28851e-12 19255.4 22763.8 13.0375 -2.32645e-09 
1.25 10 10.4082 0 0 9675.1 11452.9 13288.5 20526.7 
1.25 10 9.59183 0 0 9675.1 11452.9 13288.5 -20526.7 
1.255 9.96052 10 0.214355 -5.45841e-12 19360.5 22793.5 13.2273 -2.41544e-09 
1.255 10 10.4082 0 0 9725.44 11467.8 13288.4 20577.8 
1.255 10 9.59183 0 0 9725.44 11467.8 13288.4 -20577.8 
1.26 9.9616 10 0.215307 -5.63502e-12 19466.6 22822.6 13.4188 -2.52168e-09 
1.26 10 10.4082 0 0 9776.3 11482.3 13288.2 20633.2 
1.26 10 9.59183 0 0 9776.3 11482.3 13288.2 -20633.2 
1.265 9.96267 10 0.216272 -5.81868e-12 19573.7 22851 13.612 -2.62694e-09 
1.265 10 10.4082 0 0 9827.67 11496.5 13288.1 20683.6 
1.265 10 9.59183 0 0 9827.67 11496.5 13288.1 -20683.6 
1.27 9.96376 10 0.217251 -6.00961e-12 19681.7 22878.8 13.8068 -2.71662e-09 
1.27 10 10.4082 0 0 9879.56 11510.4 13287.9 20738.4 
1.27 10 9.59183 0 0 9879.56 11510.4 13287.9 -20738.4 
1.275 9.96485 10 0.218244 -6.20815e-12 19790.7 22906 14.0034 -2.84163e-09 
1.275 10 10.4082 0 0 9931.98 11524 13287.7 20788 
1.275 10 9.59183 0 0 9931.98 11524 13287.7 -20788 
1.28 9.96594 10 0.219252 -6.41454e-12 19900.7 22932.5 14.2018 -2.94734e-09 
1.28 10 10.4082 0 0 9984.92 11537.2 13287.6 20842 
1.28 10 9.59183 0 0 9984.92 11537.2 13287.6 -20842 
1.285 9.96704 10 0.220273 -6.62902e-12 20011.6 22958.2 14.4019 -3.04828e-09 
1.285 10 10.4082 0 0 10038.4 11550.1 13287.4 20890.9 
1.285 10 9.59183 0 0 10038.4 11550.1 13287.4 -20890.9 
1.29 9.96814 10 0.221309 -6.85188e-12 20123.5 22983.3 14.6039 -3.17715e-09 
1.29 10 10.4082 0 0 10092.4 11562.7 13287.2 20944.2 
1.29 10 9.59183 0 0 10092.4 11562.7 13287.2 -20944.2 
1.295 9.96925 10 0.22236 -7.08332e-12 20236.4 23007.7 14.8077 -3.29391e-09 
1.295 10 10.4082 0 0 10146.9 11574.9 13287 20992.3 
1.295 10 9.59183 0 0 10146.9 11574.9 13287 -20992.3 
1.3 9.97037 10 0.223425 -7.32369e-12 20350.3 23031.4 15.0134 -3.42033e-09 
1.3 10 10.4082 0 0 10201.9 11586.7 13286.9 21044.7 
1.3 10 9.59183 0 0 10201.9 11586.7 13286.9 -21044.7 
1.305 9.97149 10 0.224505 -7.57323e-12 20465.1 23054.3 15.221 -3.57457e-09 
1.305 10 10.4082 0 0 10257.5 11598.2 13286.7 21092 
1.305 10 9.59183 0 0 10257.5 11598.2 13286.7 -21092 
1.31 9.97261 10 0.225599 -7.83207e-12 20580.9 23076.4 15.4306 -3.6984e-09 
1.31 10 10.4082 0 0 10313.6 11609.2 13286.5 21143.6 
1.31 10 9.59183 0 0 10313.6 11609.2 13286.5 -21143.6 
1.315 9.97374 10 0.226709 -8.10052e-12 20697.7 23097.8 15.6421 -3.83181e-09 
1.315 10 10.4082 0 0 10370.2 11619.9 13286.3 21190 
1.315 10 9.59183 0 0 10370.2 11619.9 13286.3 -21190 
1.32 9.97488 10 0.227834 -8.37875e-12 20815.4 23118.5 15.8557 -3.9602e-09 
1.32 10 10.4082 0 0 10427.4 11630.2 13286.1 21240.8 
1.32 10 9.59183 0 0 10427.4 11630.2 13286.1 -21240.8 
1.325 9.97602 10 0.228974 -8.66699e-12 20934.1 23138.3 16.0713 -4.10175e-09 
1.325 10 10.4082 0 0 10485.1 11640.2 13285.9 21286.3 
1.325 10 9.59183 0 0 10485.1 11640.2 13285.9 -21286.3 
1.33 9.97717 10 0.23013 -8.96532e-12 21053.8 23157.3 16.2889 -4.24188e-09 
1.33 10 10.4082 0 0 10543.4 11649.7 13285.7 21336.2 
1.33 10 9.59183 0 0 10543.4 11649.7 13285.7 -21336.2 
1.335 9.97832 10 0.231301 -9.27392e-12 21174.4 23175.5 16.5087 -4.39513e-09 
1.335 10 10.4082 0 0 10602.1 11658.8 13285.6 21380.8 
1.335 10 9.59183 0 0 10602.1 11658.8 13285.6 -21380.8 
1.34 9.97948 10 0.232488 -9.59284e-12 21296 23192.8 16.7306 -4.53238e-09 
1.34 10 10.4082 0 0 10661.4 11667.4 13285.4 21429.8 
1.34 10 9.59183 0 0 10661.4 11667.4 13285.4 -21429.8 
1.345 9.98065 10 0.233691 -9.9221e-12 21418.5 23209.3 16.9546 -4.69729e-09 
1.345 10 10.4082 0 0 10721.3 11675.7 13285.2 21473.4 
1.345 10 9.59183 0 0 10721.3 11675.7 13285.2 -21473.4 
1.35 9.98182 10 0.23491 -1.02617e-11 21542 23224.9 17.1809 -4.81345e-09 
1.35 10 10.4082 0 0 10781.7 11683.5 13285 21521.4 
1.35 10 9.59183 0 0 10781.7 11683.5 13285 -21521.4 
1.355 9.983 10 0.236146 -1.06116e-11 21666.4 23239.7 17.4094 -4.95365e-09 
1.355 10 10.4082 0 0 10842.6 11690.8 13284.8 21564.1 
1.355 10 9.59183 0 0 10842.6 11690.8 13284.8 -21564.1 
1.36 9.98418 10 0.237397 -1.09716e-11 21791.7 23253.5 17.6402 -5.1179e-09 
1.36 10 10.4082 0 0 10904 11697.7 13284.6 21611 
1.36 10 9.59183 0 0 10904 11697.7 13284.6 -21611 
1.365 9.98537 10 0.238666 -1.13414e-11 21918 23266.4 17.8733 -5.25165e-09 
1.365 10 10.4082 0 0 10966 11704.2 13284.4 21652.7 
1.365 10 9.59183 0 0 10966 11704.2 13284.4 -21652.7 
1.37 9.98657 10 0.239951 -1.17209e-11 22045.2 23278.3 18.1088 -5.38042e-09 
1.37 10 10.4082 0 0 11028.5 11710.2 13284.1 21698.5 
1.37 10 9.59183 0 0 11028.5 11710.2 13284.1 -21698.5 
1.375 9.98777 10 0.241253 -1.21096e-11 22173.2 23289.3 18.3466 -5.50791e-09 
1.375 10 10.4082 0 0 11091.6 11715.7 13283.9 21739.1 
1.375 10 9.59183 0 0 11091.6 11715.7 13283.9 -21739.1 
1.38 9.98898 10 0.242572 -1.2507e-11 22302.2 23299.4 18.5869 -5.62327e-09 
1.38 10 10.4082 0 0 11155.2 11720.7 13283.7 21783.9 
1.38 10 9.59183 0 0 11155.2 11720.7 13283.7 -21783.9 
1.385 9.9902 10 0.243908 -1.29124e-11 22432.1 23308.4 18.8296 -5.73385e-09 
1.385 10 10.4082 0 0 11219.3 11725.2 13283.5 21823.4 
1.385 10 9.59183 0 0 11219.3 11725.2 13283.5 -21823.4 
1.39 9.99142 10 0.245262 -1.33251e-11 22562.9 23316.4 19.0749 -5.8325e-09 
1.39 10 10.4082 0 0 11284 11729.2 13283.3 21867 
1.39 10 9.59183 0 0 11284 11729.2 13283.3 -21867 
1.395 9.99265 10 0.246633 -1.37444e-11 22694.6 23323.4 19.3226 -5.91205e-09 
1.395 10 10.4082 0 0 11349.1 11732.7 13283.1 21905.3 
1.395 10 9.59183 0 0 11349.1 11732.7 13283.1 -21905.3 
1.4 9.99389 10 0.248022 -1.41692e-11 22827.1 23329.4 19.573 -5.98354e-09 
1.4 10 10.4082 0 0 11414.8 11735.7 13282.9 21947.8 
1.4 10 9.59183 0 0 11414.8 11735.7 13282.9 -21947.8 
1.405 9.99513 10 0.249429 -1.45983e-11 22960.5 23334.2 19.826 -6.01806e-09 
1.405 10 10.4082 0 0 11481.1 11738.1 13282.6 21984.9 
1.405 10 9.59183 0 0 11481.1 11738.1 13282.6 -21984.9 
1.41 9.99638 10 0.250855 -1.50304e-11 23094.7 23338 20.0816 -6.06307e-09 
1.41 10 10.4082 0 0 11547.8 11740 13282.4 22026.1 
1.41 10 9.59183 0 0 11547.8 11740 13282.4 -22026.1 
1.415 9.99764 10 0.252298 -1.54639e-11 23229.8 23340.7 20.34 -6.07513e-09 
1.415 10 10.4082 0 0 11615.1 11741.4 13282.2 22062 
1.415 10 9.59183 0 0 11615.1 11741.4 13282.2 -22062 
1.42 9.9989 10 0.25376 -1.58974e-11 23365.7 23342.3 20.6011 -6.05446e-09 
1.42 10 10.4082 0 0 11682.9 11742.2 13281.9 22101.9 
1.42 10 9.59183 0 0 11682.9 11742.2 13281.9 -22101.9 
1.425 10.0002 10 0.255241 -1.63288e-11 23502.4 23342.7 20.865 -6.01953e-09 
1.425 10 10.4082 0 0 11751.2 11742.4 13281.7 22136.5 
1.425 10 9.59183 0 0 11751.2 11742.4 13281.7 -22136.5 
1.43 10.0015 10 0.256741 -1.67563e-11 23639.9 23342 21.1318 -5.94514e-09 
1.43 10 10.4082 0 0 11820 11742 13281.5 22175.1 
1.43 10 9.59183 0 0 11820 11742 13281.5 -22175.1 
1.435 10.0027 10 0.25826 -1.71775e-11 23778.2 23340 21.4014 -5.8425e-09 
1.435 10 10.4082 0 0 11889.4 11741 13281.2 22208.3 
1.435 10 9.59183 0 0 11889.4 11741 13281.2 -22208.3 
1.44 10.004 10 0.259799 -1.75902e-11 23917.2 23336.9 21.674 -5.70469e-09 
1.44 10 10.4082 0 0 11959.2 11739.5 13281 22245.6 
1.44 10 9.59183 0 0 11959.2 11739.5 13281 -22245.6 
1.445 10.0053 10 0.261357 -1.79917e-11 24057 23332.5 21.9496 -5.5357e-09 
1.445 10 10.4082 0 0 12029.5 11737.3 13280.7 22277.4 
1.445 10 9.59183 0 0 12029.5 11737.3 13280.7 -22277.4 
1.45 10.0067 10 0.262934 -1.83794e-11 24197.5 23326.9 22.2283 -5.32135e-09 
1.45 10 10.4082 0 0 12100.4 11734.5 13280.5 22313.2 
1.45 10 9.59183 0 0 12100.4 11734.5 13280.5 -22313.2 
1.455 10.008 10 0.264532 -1.87504e-11 24338.7 23320 22.51 -5.06932e-09 
1.455 10 10.4082 0 0 12171.7 11731 13280.2 22343.5 
1.455 10 9.59183 0 0 12171.7 11731 13280.2 -22343.5 
1.46 10.0093 10 0.26615 -1.91017e-11 24480.7 23311.9 22.7949 -4.76548e-09 
1.46 10 10.4082 0 0 12243.5 11726.9 13280 22377.8 
1.46 10 9.59183 0 0 12243.5 11726.9 13280 -22377.8 
1.465 10.0106 10 0.267789 -1.94301e-11 24623.3 23302.4 23.083 -4.42846e-09 
1.465 10 10.4082 0 0 12315.8 11722.2 13279.7 22406.7 
1.465 10 9.59183 0 0 12315.8 11722.2 13279.7 -22406.7 
1.47 10.012 10 0.269448 -1.97325e-11 24766.5 23291.5 23.3743 -4.04415e-09 
1.47 10 10.4082 0 0 12388.6 11716.8 13279.5 22439.5 
1.47 10 9.59183 0 0 12388.6 11716.8 13279.5 -22439.5 
1.475 10.0133 10 0.271128 -2.00056e-11 24910.4 23279.4 23.669 -3.61301e-09 
1.475 10 10.4082 0 0 12461.8 11710.7 13279.2 22466.7 
1.475 10 9.59183 0 0 12461.8 11710.7 13279.2 -22466.7 
1.48 10.0147 10 0.272829 -2.02461e-11 25054.9 23265.8 23.9671 -3.10639e-09 
1.48 10 10.4082 0 0 12535.5 11703.9 13278.9 22497.9 
1.48 10 9.59183 0 0 12535.5 11703.9 13278.9 -22497.9 
1.485 10.0161 10 0.274552 -2.04509e-11 25199.9 23250.8 24.2686 -2.5975e-09 
1.485 10 10.4082 0 0 12609.7 11696.4 13278.6 22523.5 
1.485 10 9.59183 0 0 12609.7 11696.4 13278.6 -22523.5 
1.49 10.0174 10 0.276296 -2.06169e-11 25345.6 23234.4 24.5736 -2.03221e-09 
1.49 10 10.4082 0 0 12684.3 11688.2 13278.4 22553 
1.49 10 9.59183 0 0 12684.3 11688.2 13278.4 -22553 
1.495 10.0188 10 0.278062 -2.07408e-11 25491.7 23216.6 24.8822 -1.41459e-09 
1.495 10 10.4082 0 0 12759.4 11679.3 13278.1 22577 
1.495 10 9.59183 0 0 12759.4 11679.3 13278.1 -22577 
1.5 10.0202 10 0.279851 -2.08199e-11 25638.4 23197.3 25.1945 -7.95964e-10 
1.5 10 10.4082 0 0 12834.9 11669.6 13277.8 22604.8 
1.5 10 9.59183 0 0 12834.9 11669.6 13277.8 -22604.8 
1.505 10.0216 10 0.281662 -2.08517e-11 25785.5 23176.4 25.5105 -8.9378e-11 
1.505 10 10.4082 0 0 12910.8 11659.2 13277.5 22626.9 
1.505 10 9.59183 0 0 12910.8 11659.2 13277.5 -22626.9 
1.51 10.023 10 0.283495 -2.08336e-11 25933.1 23154.1 25.8302 6.13874e-10 
1.51 10 10.4082 0 0 12987.2 11648.1 13277.2 22653 
1.51 10 9.59183 0 0 12987.2 11648.1 13277.2 -22653 
1.515 10.0245 10 0.285352 -2.07639e-11 26081.2 23130.2 26.1539 1.33536e-09 
1.515 10 10.4082 0 0 13064 11636.1 13276.9 22673.3 
1.515 10 9.59183 0 0 13064 11636.1 13276.9 -22673.3 
1.52 10.0259 10 0.287232 -2.06411e-11 26229.6 23104.7 26.4815 2.08578e-09 
1.52 10 10.4082 0 0 13141.1 11623.4 13276.7 22697.5 
1.52 10 9.59183 0 0 13141.1 11623.4 13276.7 -22697.5 
1.525 10.0273 10 0.289135 -2.0464e-11 26378.3 23077.7 26.8132 2.8759e-09 
1.525 10 10.4082 0 0 13218.7 11609.9 13276.4 22716 
1.525 10 9.59183 0 0 13218.7 11609.9 13276.4 -22716 
1.53 10.0288 10 0.291062 -2.0232e-11 26527.4 23049 27.1489 3.61468e-09 
1.53 10 10.4082 0 0 13296.6 11595.5 13276.1 22738.3 
1.53 10 9.59183 0 0 13296.6 11595.5 13276.1 -22738.3 
1.535 10.0302 10 0.293014 -1.99453e-11 26676.8 23018.7 27.4889 4.40038e-09 
1.535 10 10.4082 0 0 13374.9 11580.4 13275.7 22754.8 
1.535 10 9.59183 0 0 13374.9 11580.4 13275.7 -22754.8 
1.54 10.0317 10 0.294989 -1.96046e-11 26826.4 22986.7 27.8332 5.1494e-09 
1.54 10 10.4082 0 0 13453.6 11564.4 13275.4 22775.1 
1.54 10 9.59183 0 0 13453.6 11564.4 13275.4 -22775.1 
1.545 10.0332 10 0.29699 -1.92111e-11 26976.3 22953.1 28.182 5.87284e-09 
1.545 10 10.4082 0 0 13532.7 11547.5 13275.1 22789.7 
1.545 10 9.59183 0 0 13532.7 11547.5 13275.1 -22789.7 
1.55 10.0347 10 0.299015 -1.87667e-11 27126.3 22917.7 28.5352 6.56734e-09 
1.55 10 10.4082 0 0 13612 11529.9 13274.8 22807.9 
1.55 10 9.59183 0 0 13612 11529.9 13274.8 -22807.9 
1.555 10.0362 10 0.301066 -1.82741e-11 27276.5 22880.6 28.8931 7.21142e-09 
1.555 10 10.4082 0 0 13691.7 11511.3 13274.5 22820.4 
1.555 10 9.59183 0 0 13691.7 11511.3 13274.5 -22820.4 
1.56 10.0377 10 0.303143 -1.77363e-11 27426.8 22841.7 29.2557 7.83099e-09 
1.56 10 10.4082 0 0 13771.7 11491.8 13274.2 22836.5 
1.56 10 9.59183 0 0 13771.7 11491.8 13274.2 -22836.5 
1.565 10.0392 10 0.305246 -1.71573e-11 27577.1 22801 29.6231 8.38657e-09 
1.565 10 10.4082 0 0 13852 11471.5 13273.8 22846.8 
1.565 10 9.59183 0 0 13852 11471.5 13273.8 -22846.8 
1.57 10.0407 10 0.307375 -1.65413e-11 27727.5 22758.5 29.9956 8.86423e-09 
1.57 10 10.4082 0 0 13932.6 11450.2 13273.5 22860.8 
1.57 10 9.59183 0 0 13932.6 11450.2 13273.5 -22860.8 
1.575 10.0423 10 0.309531 -1.58931e-11 27877.8 22714.1 30.3731 9.27553e-09 
1.575 10 10.4082 0 0 14013.5 11428.1 13273.1 22868.9 
1.575 10 9.59183 0 0 14013.5 11428.1 13273.1 -22868.9 
1.58 10.0438 10 0.311714 -1.52181e-11 28028 22667.9 30.7558 9.61032e-09 
1.58 10 10.4082 0 0 14094.6 11405 13272.8 22880.6 
1.58 10 9.59183 0 0 14094.6 11405 13272.8 -22880.6 
1.585 10.0454 10 0.313925 -1.45219e-11 28178.2 22619.8 31.144 9.8621e-09 
1.585 10 10.4082 0 0 14176 11380.9 13272.5 22886.5 
1.585 10 9.59183 0 0 14176 11380.9 13272.5 -22886.5 
1.59 10.047 10 0.316164 -1.38103e-11 28328.1 22569.8 31.5377 1.00535e-08 
1.59 10 10.4082 0 0 14257.5 11355.9 13272.1 22895.9 
1.59 10 9.59183 0 0 14257.5 11355.9 13272.1 -22895.9 
1.595 10.0486 10 0.31843 -1.30891e-11 28477.8 22517.8 31.937 1.01344e-08 
1.595 10 10.4082 0 0 14339.3 11329.9 13271.7 22899.4 
1.595 10 9.59183 0 0 14339.3 11329.9 13271.7 -22899.4 
1.6 10.0502 10 0.320726 -1.23644e-11 28627.3 22463.9 32.3422 1.01385e-08 
1.6 10 10.4082 0 0 14421.3 11303 13271.4 22906.4 
1.6 10 9.59183 0 0 14421.3 11303 13271.4 -22906.4 
1.605 10.0518 10 0.323051 -1.1642e-11 28776.4 22408 32.7535 1.00628e-08 
1.605 10 10.4082 0 0 14503.5 11275 13271 22907.4 
1.605 10 9.59183 0 0 14503.5 11275 13271 -22907.4 
1.61 10.0534 10 0.325405 -1.09275e-11 28925.2 22350 33.1709 9.91549e-09 
1.61 10 10.4082 0 0 14585.8 11246 13270.6 22912 
1.61 10 9.59183 0 0 14585.8 11246 13270.6 -22912 
1.615 10.055 10 0.32779 -1.02262e-11 29073.5 22290.1 33.5947 9.70816e-09 
1.615 10 10.4082 0 0 14668.2 11216 13270.3 22910.6 
1.615 10 9.59183 0 0 14668.2 11216 13270.3 -22910.6 
1.62 10.0567 10 0.330205 -9.5429e-12 29221.4 22228 34.0251 9.41969e-09 
1.62 10 10.4082 0 0 14750.8 11185 13269.9 22912.6 
1.62 10 9.59183 0 0 14750.8 11185 13269.9 -22912.6 
1.625 10.0583 10 0.332651 -8.88207e-12 29368.7 22163.9 34.4623 9.0616e-09 
1.625 10 10.4082 0 0 14833.5 11153 13269.5 22908.6 
1.625 10 9.59183 0 0 14833.5 11153 13269.5 -22908.6 
1.63 10.06 10 0.335128 -8.24743e-12 29515.3 22097.7 34.9065 8.6817e-09 
1.63 10 10.4082 0 0 14916.2 11119.8 13269.1 22908 
1.63 10 9.59183 0 0 14916.2 11119.8 13269.1 -22908 
1.635 10.0617 10 0.337637 -7.64216e-12 29661.4 22029.3 35.3579 8.24772e-09 
1.635 10 10.4082 0 0 14999 11085.7 13268.7 22901.4 
1.635 10 9.59183 0 0 14999 11085.7 13268.7 -22901.4 
1.64 10.0634 10 0.340179 -7.06872e-12 29806.6 21958.8 35.8169 7.80363e-09 
1.64 10 10.4082 0 0 15081.9 11050.4 13268.3 22898.2 
1.64 10 9.59183 0 0 15081.9 11050.4 13268.3 -22898.2 
1.645 10.0651 10 0.342754 -6.52897e-12 29951.1 21886 36.2836 7.30606e-09 
1.645 10 10.4082 0 0 15164.7 11014 13267.9 22888.9 
1.645 10 9.59183 0 0 15164.7 11014 13267.9 -22888.9 
1.65 10.0668 10 0.345363 -6.02414e-12 30094.8 21811.1 36.7584 6.81701e-09 
1.65 10 10.4082 0 0 15247.5 10976.6 13267.4 22882.9 
1.65 10 9.59183 0 0 15247.5 10976.6 13267.4 -22882.9 
1.655 10.0685 10 0.348006 -5.55473e-12 30237.5 21734 37.2414 6.31837e-09 
1.655 10 10.4082 0 0 15330.3 10938 13267 22870.8 
1.655 10 9.59183 0 0 15330.3 10938 13267 -22870.8 
1.66 10.0703 10 0.350683 -5.12083e-12 30379.2 21654.6 37.7331 5.83561e-09 
1.66 10 10.4082 0 0 15413.1 10898.3 13266.6 22862.1 
1.66 10 9.59183 0 0 15413.1 10898.3 13266.6 -22862.1 
1.665 10.072 10 0.353396 -4.72177e-12 30519.9 21572.9 38.2338 5.35773e-09 
1.665 10 10.4082 0 0 15495.8 10857.5 13266.1 22847.1 
1.665 10 9.59183 0 0 15495.8 10857.5 13266.1 -22847.1 
1.67 10.0738 10 0.356146 -4.35651e-12 30659.4 21488.9 38.7437 4.88822e-09 
1.67 10 10.4082 0 0 15578.3 10815.5 13265.7 22835.5 
1.67 10 9.59183 0 0 15578.3 10815.5 13265.7 -22835.5 
1.675 10.0756 10 0.358931 -4.02363e-12 30797.7 21402.7 39.2633 4.43416e-09 
1.675 10 10.4082 0 0 15660.7 10772.3 13265.2 22817.7 
1.675 10 9.59183 0 0 15660.7 10772.3 13265.2 -22817.7 
1.68 10.0774 10 0.361755 -3.72147e-12 30934.8 21314.1 39.793 4.01351e-09 
1.68 10 10.4082 0 0 15743 10728 13264.8 22803.1 
1.68 10 9.59183 0 0 15743 10728 13264.8 -22803.1 
1.685 10.0792 10 0.364616 -3.44807e-12 31070.5 21223.1 40.3331 3.63689e-09 
1.685 10 10.4082 0 0 15825.1 10682.6 13264.3 22782.3 
1.685 10 9.59183 0 0 15825.1 10682.6 13264.3 -22782.3 
1.69 10.081 10 0.367517 -3.20123e-12 31204.8 21129.8 40.884 3.30038e-09 
1.69 10 10.4082 0 0 15907 10635.9 13263.8 22764.8 
1.69 10 9.59183 0 0 15907 10635.9 13263.8 -22764.8 
1.695 10.0829 10 0.370457 -2.97888e-12 31337.5 21034 41.4463 2.94911e-09 
1.695 10 10.4082 0 0 15988.6 10588 13263.3 22741 
1.695 10 9.59183 0 0 15988.6 10588 13263.3 -22741 
1.7 10.0847 10 0.373438 -2.77879e-12 31468.7 20935.9 42.0205 2.66643e-09 
1.7 10 10.4082 0 0 16070 10539 13262.8 22720.4 
1.7 10 9.59183 0 0 16070 10539 13262.8 -22720.4 
1.705 10.0866 10 0.37646 -2.59874e-12 31598.3 20835.4 42.6069 2.3902e-09 
1.705 10 10.4082 0 0 16151 10488.7 13262.3 22693.5 
1.705 10 9.59183 0 0 16151 10488.7 13262.3 -22693.5 
1.71 10.0885 10 0.379525 -2.43657e-12 31726.1 20732.4 43.2062 2.1383e-09 
1.71 10 10.4082 0 0 16231.8 10437.2 13261.8 22669.8 
1.71 10 9.59183 0 0 16231.8 10437.2 13261.8 -22669.8 
1.715 10.0904 10 0.382633 -2.29049e-12 31852.1 20626.9 43.819 1.94323e-09 
1.715 10 10.4082 0 0 16312.1 10384.5 13261.3 22639.7 
1.715 10 9.59183 0 0 16312.1 10384.5 13261.3 -22639.7 
1.72 10.0923 10 0.385785 -2.15855e-12 31976.2 20519 44.4458 1.76832e-09 
1.72 10 10.4082 0 0 16392.1 10330.5 13260.8 22612.8 
1.72 10 9.59183 0 0 16392.1 10330.5 13260.8 -22612.8 
1.725 10.0943 10 0.388983 -2.03902e-12 32098.3 20408.6 45.0874 1.59515e-09 
1.725 10 10.4082 0 0 16471.7 10275.3 13260.2 22579.6 
1.725 10 9.59183 0 0 16471.7 10275.3 13260.2 -22579.6 
1.73 10.0962 10 0.392227 -1.93047e-12 32218.3 20295.6 45.7443 1.4599e-09 
1.73 10 10.4082 0 0 16550.8 10218.8 13259.7 22549.5 
1.73 10 9.59183 0 0 16550.8 10218.8 13259.7 -22549.5 
1.735 10.0982 10 0.395518 -1.83152e-12 32336.2 20180.2 46.4175 1.32963e-09 
1.735 10 10.4082 0 0 16629.4 10161.1 13259.1 22513 
1.735 10 9.59183 0 0 16629.4 10161.1 13259.1 -22513 
1.74 10.1002 10 0.398858 -1.74094e-12 32451.9 20062.3 47.1075 1.21872e-09 
1.74 10 10.4082 0 0 16707.6 10102.1 13258.5 22479.7 
1.74 10 9.59183 0 0 16707.6 10102.1 13258.5 -22479.7 
1.745 10.1022 10 0.402248 -1.6578e-12 32565.2 19941.8 47.8153 1.10886e-09 
1.745 10 10.4082 0 0 16785.1 10041.9 13257.9 22439.9 
1.745 10 9.59183 0 0 16785.1 10041.9 13257.9 -22439.9 
1.75 10.1042 10 0.405689 -1.58104e-12 32676.1 19818.7 48.5418 1.03626e-09 
1.75 10 10.4082 0 0 16862.1 9980.38 13257.3 22403.2 
1.75 10 9.59183 0 0 16862.1 9980.38 13257.3 -22403.2 
1.755 10.1062 10 0.409183 -1.50997e-12 32784.6 19693.2 49.2878 9.64467e-10 
1.755 10 10.4082 0 0 16938.5 9917.59 13256.7 22360.1 
1.755 10 9.59183 0 0 16938.5 9917.59 13256.7 -22360.1 
1.76 10.1083 10 0.412731 -1.44394e-12 32890.4 19565 50.0545 8.86101e-10 
1.76 10 10.4082 0 0 17014.2 9853.51 13256.1 22320.1 
1.76 10 9.59183 0 0 17014.2 9853.51 13256.1 -22320.1 
1.765 10.1104 10 0.416334 -1.38236e-12 32993.6 19434.3 50.8429 8.37461e-10 
1.765 10 10.4082 0 0 17089.3 9788.15 13255.4 22273.7 
1.765 10 9.59183 0 0 17089.3 9788.15 13255.4 -22273.7 
1.77 10.1125 10 0.419995 -1.32475e-12 33094 19301 51.6541 7.82101e-10 
1.77 10 10.4082 0 0 17163.6 9721.51 13254.8 22230.3 
1.77 10 9.59183 0 0 17163.6 9721.51 13254.8 -22230.3 
1.775 10.1146 10 0.423714 -1.27072e-12 33191.6 19165.1 52.4894 7.41795e-10 
1.775 10 10.4082 0 0 17237.2 9653.57 13254.1 22180.4 
1.775 10 9.59183 0 0 17237.2 9653.57 13254.1 -22180.4 
1.78 10.1167 10 0.427494 -1.21992e-12 33286.2 19026.7 53.3501 6.94665e-10 
1.78 10 10.4082 0 0 17310 9584.34 13253.4 22133.6 
1.78 10 9.59183 0 0 17310 9584.34 13253.4 -22133.6 
1.785 10.1188 10 0.431336 -1.17202e-12 33377.7 18885.6 54.2376 6.62492e-10 
1.785 10 10.4082 0 0 17381.9 9513.82 13252.7 22080.4 
1.785 10 9.59183 0 0 17381.9 9513.82 13252.7 -22080.4 
1.79 10.121 10 0.435243 -1.12677e-12 33466.2 18742 55.1534 6.1614e-10 
1.79 10 10.4082 0 0 17453 9442.01 13252 22030.1 
1.79 10 9.59183 0 0 17453 9442.01 13252 -22030.1 
1.795 10.1232 10 0.439216 -1.08398e-12 33551.5 18595.8 56.099 5.95597e-10 
1.795 10 10.4082 0 0 17523.3 9368.9 13251.2 21973.4 
1.795 10 9.59183 0 0 17523.3 9368.9 13251.2 -21973.4 
1.8 10.1254 10 0.443258 -1.04341e-12 33633.4 18447 57.0763 5.49899e-10 
1.8 10 10.4082 0 0 17592.5 9294.5 13250.4 21919.8 
1.8 10 9.59183 0 0 17592.5 9294.5 13250.4 -21919.8 
1.805 10.1276 10 0.447371 -1.00498e-12 33711.9 18295.6 58.087 5.19052e-10 
1.805 10 10.4082 0 0 17660.8 9218.81 13249.6 21859.6 
1.805 10 9.59183 0 0 17660.8 9218.81 13249.6 -21859.6 
1.81 10.1299 10 0.451557 -9.68421e-13 33787 18141.6 59.1332 5.0302e-10 
1.81 10 10.4082 0 0 17728.1 9141.83 13248.8 21802.5 
1.81 10 9.59183 0 0 17728.1 9141.83 13248.8 -21802.5 
1.815 10.1321 10 0.455819 -9.33678e-13 33858.5 17985.1 60.217 4.74509e-10 
1.815 10 10.4082 0 0 17794.4 9063.56 13248 21738.9 
1.815 10 9.59183 0 0 17794.4 9063.56 13248 -21738.9 
1.82 10.1344 10 0.46016 -9.00602e-13 33926.3 17826 61.3406 4.42593e-10 
1.82 10 10.4082 0 0 17859.6 8984.01 13247.1 21678.3 
1.82 10 9.59183 0 0 17859.6 8984.01 13247.1 -21678.3 
1.825 10.1368 10 0.464583 -8.69075e-13 33990.4 17664.3 62.5064 4.29084e-10 
1.825 10 10.4082 0 0 17923.7 8903.18 13246.2 21611.2 
1.825 10 9.59183 0 0 17923.7 8903.18 13246.2 -21611.2 
1.83 10.1391 10 0.469091 -8.39017e-13 34050.6 17500.1 63.7173 4.08505e-10 
1.83 10 10.4082 0 0 17986.6 8821.07 13245.3 21547.2 
1.83 10 9.59183 0 0 17986.6 8821.07 13245.3 -21547.2 
1.835 10.1414 10 0.473687 -8.10358e-13 34106.9 17333.4 64.9759 3.8994e-10 
1.835 10 10.4082 0 0 18048.3 8737.7 13244.4 21476.7 
1.835 10 9.59183 0 0 18048.3 8737.7 13244.4 -21476.7 
1.84 10.1438 10 0.478374 -7.82997e-13 34159.2 17164.1 66.2853 3.64282e-10 
1.84 10 10.4082 0 0 18108.9 8653.05 13243.4 21409.3 
1.84 10 9.59183 0 0 18108.9 8653.05 13243.4 -21409.3 
1.845 10.1462 10 0.483157 -7.56855e-13 34207.4 16992.3 67.6489 3.60622e-10 
1.845 10 10.4082 0 0 18168.1 8567.15 13242.4 21335.3 
1.845 10 9.59183 0 0 18168.1 8567.15 13242.4 -21335.3 
1.85 10.1487 10 0.48804 -7.3186e-13 34251.3 16818 69.0703 3.44389e-10 
1.85 10 10.4082 0 0 18226.1 8480 13241.3 21264.5 
1.85 10 9.59183 0 0 18226.1 8480 13241.3 -21264.5 
1.855 10.1511 10 0.493026 -7.08018e-13 34291 16641.2 70.5532 3.21042e-10 
1.855 10 10.4082 0 0 18282.7 8391.61 13240.2 21187.2 
1.855 10 9.59183 0 0 18282.7 8391.61 13240.2 -21187.2 
1.86 10.1536 10 0.49812 -6.85169e-13 34326.4 16461.9 72.1019 2.99654e-10 
1.86 10 10.4082 0 0 18338 8301.98 13239.1 21112.9 
1.86 10 9.59183 0 0 18338 8301.98 13239.1 -21112.9 
1.865 10.1561 10 0.503328 -6.63277e-13 34357.2 16280.2 73.7209 3.02046e-10 
1.865 10 10.4082 0 0 18391.9 8211.12 13237.9 21032.3 
1.865 10 9.59183 0 0 18391.9 8211.12 13237.9 -21032.3 
1.87 10.1586 10 0.508654 -6.42348e-13 34383.6 16096.1 75.4151 2.9002e-10 
1.87 10 10.4082 0 0 18444.3 8119.05 13236.7 20954.7 
1.87 10 9.59183 0 0 18444.3 8119.05 13236.7 -20954.7 
1.875 10.1612 10 0.514103 -6.22307e-13 34405.3 15909.5 77.1899 2.7812e-10 
1.875 10 10.4082 0 0 18495.3 8025.77 13235.4 20870.7 
1.875 10 9.59183 0 0 18495.3 8025.77 13235.4 -20870.7 
1.88 10.1638 10 0.519683 -6.03149e-13 34422.4 15720.6 79.051 2.6998e-10 
1.88 10 10.4082 0 0 18544.7 7931.3 13234.1 20789.8 
1.88 10 9.59183 0 0 18544.7 7931.3 13234.1 -20789.8 
1.885 10.1664 10 0.525398 -5.84749e-13 34434.6 15529.3 81.0048 2.45576e-10 
1.885 10 10.4082 0 0 18592.6 7835.65 13232.7 20702.6 
1.885 10 9.59183 0 0 18592.6 7835.65 13232.7 -20702.6 
1.89 10.169 10 0.531257 -5.67103e-13 34442.1 15335.6 83.0583 2.48563e-10 
1.89 10 10.4082 0 0 18639 7738.83 13231.3 20618.5 
1.89 10 9.59183 0 0 18639 7738.83 13231.3 -20618.5 
1.895 10.1717 10 0.537266 -5.50185e-13 34444.5 15139.7 85.2188 2.37099e-10 
1.895 10 10.4082 0 0 18683.8 7640.85 13229.8 20528.1 
1.895 10 9.59183 0 0 18683.8 7640.85 13229.8 -20528.1 
1.9 10.1744 10 0.543434 -5.34006e-13 34442 14941.4 87.4948 2.2392e-10 
1.9 10 10.4082 0 0 18726.9 7541.73 13228.2 20440.9 
1.9 10 9.59183 0 0 18726.9 7541.73 13228.2 -20440.9 
1.905 10.1771 10 0.549769 -5.18443e-13 34434.4 14740.9 89.8952 2.09008e-10 
1.905 10 10.4082 0 0 18768.3 7441.47 13226.6 20347.3 
1.905 10 9.59183 0 0 18768.3 7441.47 13226.6 -20347.3 
1.91 10.1799 10 0.556279 -5.03558e-13 34421.6 14538.2 92.43 1.97829e-10 
1.91 10 10.4082 0 0 18808.1 7340.1 13224.8 20257 
1.91 10 9.59183 0 0 18808.1 7340.1 13224.8 -20257 
1.915 10.1827 10 0.562976 -4.89319e-13 34403.6 14333.3 95.1101 1.86741e-10 
1.915 10 10.4082 0 0 18846.1 7237.64 13223 20160.4 
1.915 10 9.59183 0 0 18846.1 7237.64 13223 -20160.4 
1.92 10.1855 10 0.56987 -4.75622e-13 34380.2 14126.2 97.9475 1.88461e-10 
1.92 10 10.4082 0 0 18882.3 7134.08 13221.1 20067.2 
1.92 10 9.59183 0 0 18882.3 7134.08 13221.1 -20067.2 
1.925 10.1884 10 0.576973 -4.62488e-13 34351.5 13916.9 100.956 1.79346e-10 
1.925 10 10.4082 0 0 18916.8 7029.46 13219.1 19967.6 
1.925 10 9.59183 0 0 18916.8 7029.46 13219.1 -19967.6 
1.93 10.1913 10 0.584297 -4.4991e-13 34317.4 13705.6 104.149 1.64852e-10 
1.93 10 10.4082 0 0 18949.5 6923.79 13217 19871.5 
1.93 10 9.59183 0 0 18949.5 6923.79 13217 -19871.5 
1.935 10.1942 10 0.591856 -4.3789e-13 34277.6 13492.1 107.544 1.64989e-10 
1.935 10 10.4082 0 0 18980.2 6817.08 13214.8 19769.1 
1.935 10 9.59183 0 0 18980.2 6817.08 13214.8 -19769.1 
1.94 10.1972 10 0.599666 -4.26383e-13 34232.3 13276.7 111.159 1.54283e-10 
1.94 10 10.4082 0 0 19009.2 6709.35 13212.4 19670.2 
1.94 10 9.59183 0 0 19009.2 6709.35 13212.4 -19670.2 
1.945 10.2002 10 0.607742 -4.15324e-13 34181.3 13059.2 115.013 1.54553e-10 
1.945 10 10.4082 0 0 19036.2 6600.61 13210 19565.1 
1.945 10 9.59183 0 0 19036.2 6600.61 13210 -19565.1 
1.95 10.2033 10 0.616102 -4.0477e-13 34124.6 12839.8 119.131 1.53076e-10 
1.95 10 10.4082 0 0 19061.2 6490.89 13207.3 19463.5 
1.95 10 9.59183 0 0 19061.2 6490.89 13207.3 -19463.5 
1.955 10.2064 10 0.624767 -3.94676e-13 34062 12618.4 123.536 1.29834e-10 
1.955 10 10.4082 0 0 19084.3 6380.21 13204.5 19355.8 
1.955 10 9.59183 0 0 19084.3 6380.21 13204.5 -19355.8 
1.96 10.2095 10 0.633758 -3.85032e-13 33993.6 12395.1 128.257 1.30303e-10 
1.96 10 10.4082 0 0 19105.4 6268.57 13201.5 19251.6 
1.96 10 9.59183 0 0 19105.4 6268.57 13201.5 -19251.6 
1.965 10.2127 10 0.643098 -3.75832e-13 33919.1 12170 133.326 1.30834e-10 
1.965 10 10.4082 0 0 19124.5 6156 13198.3 19141.5 
1.965 10 9.59183 0 0 19124.5 6156 13198.3 -19141.5 
1.97 10.216 10 0.652814 -3.67095e-13 33838.5 11943 138.779 1.15059e-10 
1.97 10 10.4082 0 0 19141.5 6042.5 13194.9 19034.9 
1.97 10 9.59183 0 0 19141.5 6042.5 13194.9 -19034.9 
1.975 10.2192 10 0.662934 -3.58759e-13 33751.8 11714.2 144.658 1.13892e-10 
1.975 10 10.4082 0 0 19156.5 5928.11 13191.3 18922.4 
1.975 10 9.59183 0 0 19156.5 5928.11 13191.3 -18922.4 
1.98 10.2226 10 0.67349 -3.50822e-13 33658.9 11483.7 151.007 1.07324e-10 
1.98 10 10.4082 0 0 19169.3 5812.83 13187.4 18813.5 
1.98 10 9.59183 0 0 19169.3 5812.83 13187.4 -18813.5 
1.985 10.226 10 0.684519 -3.43309e-13 33559.6 11251.4 157.882 1.00815e-10 
1.985 10 10.4082 0 0 19179.9 5696.69 13183.1 18698.7 
1.985 10 9.59183 0 0 19179.9 5696.69 13183.1 -18698.7 
1.99 10.2294 10 0.696059 -3.3621e-13 33453.8 11017.3 165.342 9.4364e-11 
1.99 10 10.4082 0 0 19188.4 5579.68 13178.6 18587.7 
1.99 10 9.59183 0 0 19188.4 5579.68 13178.6 -18587.7 
1.995 10.2329 10 0.708154 -3.29539e-13 33341.5 10781.7 173.457 8.61541e-11 
1.995 10 10.4082 0 0 19194.6 5461.83 13173.7 18470.8 
1.995 10 9.59183 0 0 19194.6 5461.83 13173.7 -18470.8 
2 10.2365 10 0.720856 -3.23237e-13 33222.4 10544.3 182.309 9.25479e-11 
2 10 10.4082 0 0 19198.5 5343.15 13168.4 18357.8 
2 10 9.59183 0 0 19198.5 5343.15 13168.4 -18357.8 
2.005 10.2402 10 0.734218 -3.17355e-13 33096.5 10305.3 191.99 7.71723e-11 
2.005 10 10.4082 0 0 19200.1 5223.66 13162.6 18238.9 
2.005 10 9.59183 0 0 19200.1 5223.66 13162.6 -18238.9 
2.01 10.2439 10 0.748305 -3.11882e-13 32963.5 10064.7 202.611 7.36776e-11 
2.01 10 10.4082 0 0 19199.3 5103.35 13156.3 18123.9 
2.01 10 9.59183 0 0 19199.3 5103.35 13156.3 -18123.9 
2.015 10.2476 10 0.763188 -3.06839e-13 32823.4 9822.45 214.3 6.93335e-11 
2.015 10 10.4082 0 0 19196.1 4982.23 13149.4 18003.1 
2.015 10 9.59183 0 0 19196.1 4982.23 13149.4 -18003.1 
2.02 10.2515 10 0.778949 -3.02206e-13 32675.8 9578.62 227.209 6.41373e-11 
2.02 10 10.4082 0 0 19190.2 4860.32 13141.9 17886.2 
2.02 10 9.59183 0 0 19190.2 4860.32 13141.9 -17886.2 
2.025 10.2554 10 0.79568 -2.98041e-13 32520.5 9333.2 241.516 5.53688e-11 
2.025 10 10.4082 0 0 19181.8 4737.61 13133.5 17763.5 
2.025 10 9.59183 0 0 19181.8 4737.61 13133.5 -17763.5 
2.03 10.2595 10 0.813489 -2.9431e-13 32357.2 9086.18 257.437 4.84799e-11 
2.03 10 10.4082 0 0 19170.5 4614.1 13124.3 17644.7 
2.03 10 9.59183 0 0 19170.5 4614.1 13124.3 -17644.7 
2.035 10.2636 10 0.832501 -2.91073e-13 32185.6 8837.55 275.228 3.98411e-11 
2.035 10 10.4082 0 0 19156.4 4489.78 13114.1 17520.1 
2.035 10 9.59183 0 0 19156.4 4489.78 13114.1 -17520.1 
2.04 10.2678 10 0.852859 -2.88351e-13 32005.3 8587.29 295.203 3.58221e-11 
2.04 10 10.4082 0 0 19139.1 4364.65 13102.7 17399.2 
2.04 10 9.59183 0 0 19139.1 4364.65 13102.7 -17399.2 
2.045 10.2721 10 0.874734 -2.86174e-13 31815.7 8335.36 317.741 3.46077e-11 
2.045 10 10.4082 0 0 19118.6 4238.69 13089.9 17272.5 
2.045 10 9.59183 0 0 19118.6 4238.69 13089.9 -17272.5 
2.05 10.2765 10 0.898323 -2.84579e-13 31616.2 8081.73 343.312 1.16469e-11 
2.05 10 10.4082 0 0 19094.5 4111.87 13075.5 17149.4 
2.05 10 9.59183 0 0 19094.5 4111.87 13075.5 -17149.4 
2.055 10.2811 10 0.923864 -2.83639e-13 31406.2 7826.33 372.5 6.05824e-12 
2.055 10 10.4082 0 0 19066.4 3984.17 13059.1 17020.1 
2.055 10 9.59183 0 0 19066.4 3984.17 13059.1 -17020.1 
2.06 10.2858 10 0.951641 -2.83413e-13 31184.6 7569.08 406.037 5.11702e-12 
2.06 10 10.4082 0 0 19034.1 3855.55 13040.4 16894 
2.06 10 9.59183 0 0 19034.1 3855.55 13040.4 -16894 
2.065 10.2906 10 0.981995 -2.83986e-13 30950.3 7309.89 444.853 -2.48163e-11 
2.065 10 10.4082 0 0 18996.7 3725.95 13018.8 16761.4 
2.065 10 9.59183 0 0 18996.7 3725.95 13018.8 -16761.4 
2.07 10.2956 10 1.01535 -2.85438e-13 30701.8 7048.62 490.147 -4.64412e-11 
2.07 10 10.4082 0 0 18953.7 3595.32 12993.9 16631.1 
2.07 10 9.59183 0 0 18953.7 3595.32 12993.9 -16631.1 
2.075 10.3008 10 1.05221 -2.87968e-13 30437.3 6785.1 543.48 -2.06208e-11 
2.075 10 10.4082 0 0 18904.1 3463.56 12964.6 16493.3 
2.075 10 9.59183 0 0 18904.1 3463.56 12964.6 -16493.3 
2.08 10.3061 10 1.09323 -2.91699e-13 30154.2 6519.15 606.922 -5.37502e-11 
2.08 10 10.4082 0 0 18846.4 3330.58 12930 16356.6 
2.08 10 9.59183 0 0 18846.4 3330.58 12930 -16356.6 
2.085 10.3117 10 1.13922 -2.96932e-13 29849.3 6250.49 683.26 -8.21217e-11 
2.085 10 10.4082 0 0 18779 3196.25 12888.6 16210.4 
2.085 10 9.59183 0 0 18779 3196.25 12888.6 -16210.4 
2.09 10.3175 10 1.19123 -3.03866e-13 29518.2 5978.81 776.321 -1.1844e-10 
2.09 10 10.4082 0 0 18699.2 3060.41 12838.5 16062.6 
2.09 10 9.59183 0 0 18699.2 3060.41 12838.5 -16062.6 
2.095 10.3236 10 1.25064 -3.13032e-13 29154.6 5703.69 891.478 -1.45352e-10 
2.095 10 10.4082 0 0 18603.4 2922.86 12776.7 15901.2 
2.095 10 9.59183 0 0 18603.4 2922.86 12776.7 -15901.2 
2.1 10.3301 10 1.31929 -3.24925e-13 28749.8 5424.63 1036.46 -2.00076e-10 
2.1 10 10.4082 0 0 18486.5 2783.32 12699.4 15732.5 
2.1 10 9.59183 0 0 18486.5 2783.32 12699.4 -15732.5 
2.105 10.3368 10 1.39969 -3.40379e-13 28291.1 5140.95 1222.7 -2.50664e-10 
2.105 10 10.4082 0 0 18340.5 2641.48 12600.7 15541.5 
2.105 10 9.59183 0 0 18340.5 2641.48 12600.7 -15541.5 
2.11 10.3441 10 1.49535 -3.60571e-13 27759.4 4851.79 1467.67 -2.98769e-10 
2.11 10 10.4082 0 0 18153.2 2496.9 12471.5 15329.4 
2.11 10 9.59183 0 0 18153.2 2496.9 12471.5 -15329.4 
2.115 10.3518 10 1.6114 -3.87264e-13 27124.4 4556 1799.15 -4.30093e-10 
2.115 10 10.4082 0 0 17905.2 2349.01 12297.6 15073.3 
2.115 10 9.59183 0 0 17905.2 2349.01 12297.6 -15073.3 
2.12 10.3602 10 1.75551 -4.23231e-13 26337 4252.03 2263.23 -5.90588e-10 
2.12 10 10.4082 0 0 17563.6 2197.02 12055.5 14759.4 
2.12 10 9.59183 0 0 17563.6 2197.02 12055.5 -14759.4 
2.125 10.3695 10 1.93975 -4.72998e-13 25311.4 3937.75 2940.82 -8.0372e-10 
2.125 10 10.4082 0 0 17070.2 2039.88 11703.8 14337 
2.125 10 9.59183 0 0 17070.2 2039.88 11703.8 -14337 
2.13 10.3797 10 2.1842 -5.44466e-13 23889.1 3610.09 3983.37 -1.20026e-09 
2.13 10 10.4082 0 0 16314.3 1876.05 11165.4 13735.9 
2.13 10 9.59183 0 0 16314.3 1876.05 11165.4 -13735.9 
2.135 10.3915 10 2.52455 -6.52767e-13 21750.7 3264.55 5698.77 -1.88042e-09 
2.135 10 10.4082 0 0 15068.4 1703.28 10283.9 12780.4 
2.135 10 9.59183 0 0 15068.4 1703.28 10283.9 -12780.4 
2.14 10.4052 10 3.03012 -8.29472e-13 18181.8 2894.12 8781.4 -3.21811e-09 
2.14 10 10.4082 0 0 12810.6 1518.07 8707.23 11093.5 
2.14 10 9.59183 0 0 12810.6 1518.07 8707.23 -11093.5 
2.145 10.4223 10 3.85195 -1.15154e-12 11347.7 2487.35 15027.4 -6.25078e-09 
2.145 10 10.4082 0 0 8163.86 1314.68 5526.73 7629 
2.145 10 9.59183 0 0 8163.86 1314.68 5526.73 -7629 
2.15 10.4449 10 5.34552 -1.65671e-12 0 2024.55 25603.9 -4.54565e-11 
2.15 10 10.4082 0 0 0 1083.28 133.995 1423.79 
2.15 10 9.59183 0 0 0 1083.28 133.995 -1423.79 
2.155 10.4761 10 7.14245 -1.65673e-12 0 1511.48 24703.4 4.37904e-11 
2.155 10 10.4082 0 0 0 826.748 458.464 1058.61 
2.155 10 9.59183 0 0 0 826.748 458.464 -1058.61 
2.16 10.5162 10 8.8749 -1.65083e-12 0 1026.71 23815.8 1.18681e-10 
2.16 10 10.4082 0 0 0 584.361 780.964 734.02 
2.16 10 9.59183 0 0 0 584.361 780.964 -734.02 
2.165 10.5648 10 10.5472 -1.64042e-12 0 632.478 23029.9 1.69634e-10 
2.165 10 10.4082 0 0 0 387.247 1056.86 480.625 
2.165 10 9.59183 0 0 0 387.247 1056.86 -480.625 
2.17 10.6216 10 12.1684 -1.62713e-12 0 352.412 22391.9 1.99578e-10 
2.17 10 10.4082 0 0 0 247.214 1262.37 316.154 
2.17 10 9.59183 0 0 0 247.214 1262.37 -316.154 
2.175 10.6864 10 13.7496 -1.6123e-12 0 177.277 21902.5 2.13915e-10 
2.175 10 10.4082 0 0 0 159.646 1396.39 216.863 
2.175 10 9.59183 0 0 0 159.646 1396.39 -216.863 
2.18 10.759 10 15.3002 -1.59679e-12 0 80.4249 21531.7 2.1919e-10 
2.18 10 10.4082 0 0 0 111.22 1473.24 169.745 
2.18 10 9.59183 0 0 0 111.22 1473.24 -169.745 
2.185 10.8394 10 16.8274 -1.58109e-12 0 32.8938 21240.1 2.19929e-10 
2.185 10 10.4082 0 0 0 87.4546 1512.12 145.024 
2.185 10 9.59183 0 0 0 87.4546 1512.12 -145.024 
2.19 10.9273 10 18.3356 -1.56542e-12 0 12.1324 20994.2 2.18759e-10 
2.19 10 10.4082 0 0 0 77.0739 1529.53 138.453 
2.19 10 9.59183 0 0 0 77.0739 1529.53 -138.453 
2.195 11.0227 10 19.8271 -1.54986e-12 0 4.0386 20771.5 2.16872e-10 
2.195 10 10.4082 0 0 0 73.027 1536.46 132.878 
2.195 10 9.59183 0 0 0 73.027 1536.46 -132.878 
