0 9.4 10 0 0 0 367.368 16558.8 -1.24771e-11 
0 10 10.4336 0 0 0 221.242 1400.62 273.609 
0 10 9.56636 0 0 0 221.242 1400.62 -273.609 
0 9.40295 10 1.17651 -9.03962e-16 0 378.491 16378.2 -1.30612e-11 
0 10 10.4336 0 0 0 226.803 1408.62 280.425 
0 10 9.56636 0 0 0 226.803 1408.62 -280.425 
0.005 9.41174 10 2.33898 -1.86998e-15 0 413.607 16165.2 -1.39776e-11 
0.005 10 10.4336 0 0 0 244.361 1433.77 299.961 
0.005 10 9.56636 0 0 0 244.361 1433.77 -299.961 
0.01 9.42631 10 3.48488 -2.98635e-15 0 478.586 15912.6 -1.73172e-11 
0.01 10 10.4336 0 0 0 276.851 1479.83 342.782 
0.01 10 9.56636 0 0 0 276.851 1479.83 -342.782 
0.015 9.44656 10 4.61095 -4.3743e-15 0 584.891 15606.8 -2.20115e-11 
0.015 10 10.4336 0 0 0 330.003 1553.91 408.645 
0.015 10 9.56636 0 0 0 330.003 1553.91 -408.645 
0.02 9.47238 10 5.71262 -6.23173e-15 0 752.318 15224.8 -3.05623e-11 
0.02 10 10.4336 0 0 0 413.717 1667.77 521.001 
0.02 10 9.56636 0 0 0 413.717 1667.77 -521.001 
0.025 9.50363 10 6.78329 -8.88987e-15 0 1013.58 14731.7 -4.49127e-11 
0.025 10 10.4336 0 0 0 544.348 1839.4 697.155 
0.025 10 9.56636 0 0 0 544.348 1839.4 -697.155 
0.03 9.54014 10 7.81332 -1.2927e-14 0 1421.17 14077.3 -7.04958e-11 
0.03 10 10.4336 0 0 0 748.143 2094.48 989.728 
0.03 10 9.56636 0 0 0 748.143 2094.48 -989.728 
0.035 9.58168 10 8.789 -1.93751e-14 0 2055.98 13199 -1.16432e-10 
0.035 10 10.4336 0 0 0 1065.55 2465.32 1463.24 
0.035 10 9.56636 0 0 0 1065.55 2465.32 -1463.24 
0.04 9.62476 10 7.68976 4.42165e-13 56023.4 2957.01 -43650.3 4.82168e-09 
0.04 10 10.4336 0 0 37043 1516.06 30966.7 -22070.6 
0.04 10 9.56636 0 0 37043 1516.06 30966.7 22070.6 
0.045 9.65445 10 4.19857 5.61286e-13 56108.3 3748.57 -44021.9 -8.93041e-10 
0.045 10 10.4336 0 0 35871.5 1911.84 31396.8 -19539.7 
0.045 10 9.56636 0 0 35871.5 1911.84 31396.8 19539.7 
0.05 9.66907 10 1.93987 4.21483e-13 32074.9 4194.36 -20046.7 -2.42645e-09 
0.05 10 10.4336 0 0 20173.9 2134.74 19567.5 -9034.4 
0.05 10 9.56636 0 0 20173.9 2134.74 19567.5 9034.4 
0.055 9.67615 10 1.04586 2.60782e-13 18940.9 4424.03 -6966.18 -1.92055e-09 
0.055 10 10.4336 0 0 11819.9 2249.57 13089.8 -3666.58 
0.055 10 9.56636 0 0 11819.9 2249.57 13089.8 3666.58 
0.06 9.68049 10 0.745102 1.51508e-13 14223.6 4569.41 -2320.21 -1.16355e-09 
0.06 10 10.4336 0 0 8833.74 2322.26 10787.9 -1703.23 
0.06 10 9.56636 0 0 8833.74 2322.26 10787.9 1703.23 
0.065 9.68391 10 0.640329 8.87462e-14 12721.9 4686.43 -896.172 -6.38163e-10 
0.065 10 10.4336 0 0 7871.4 2380.77 10083.3 -999.047 
0.065 10 9.56636 0 0 7871.4 2380.77 10083.3 999.047 
0.07 9.68699 10 0.594245 5.48409e-14 12224.6 4793.37 -476.666 -3.4283e-10 
0.07 10 10.4336 0 0 7538.3 2434.24 9876.73 -678.371 
0.07 10 9.56636 0 0 7538.3 2434.24 9876.73 678.371 
0.075 9.68988 10 0.565756 3.6585e-14 12016.1 4895.7 -343.831 -1.86113e-10 
0.075 10 10.4336 0 0 7386.29 2485.41 9812.31 -474.994 
0.075 10 9.56636 0 0 7386.29 2485.41 9812.31 474.994 
0.08 9.69266 10 0.543346 2.63119e-14 11889 4995.05 -289.976 -1.09186e-10 
0.08 10 10.4336 0 0 7286.16 2535.08 9786.95 -301.669 
0.08 10 9.56636 0 0 7286.16 2535.08 9786.95 301.669 
0.085 9.69532 10 0.523817 2.00167e-14 11787.2 5091.99 -258.815 -6.91961e-11 
0.085 10 10.4336 0 0 7202.84 2583.55 9772.74 -145.551 
0.085 10 9.56636 0 0 7202.84 2583.55 9772.74 145.551 
0.09 9.6979 10 0.50619 1.57089e-14 11695.6 5186.79 -235.582 -5.31315e-11 
0.09 10 10.4336 0 0 7127 2630.95 9762.36 7.74988 
0.09 10 9.56636 0 0 7127 2630.95 9762.36 -7.74988 
0.095 9.70039 10 0.490071 1.24242e-14 11610.3 5279.64 -216.279 -4.03933e-11 
0.095 10 10.4336 0 0 7055.97 2677.38 9753.83 151.49 
0.095 10 9.56636 0 0 7055.97 2677.38 9753.83 -151.49 
0.1 9.7028 10 0.475231 9.70492e-15 11529.6 5370.68 -199.617 -3.59198e-11 
0.1 10 10.4336 0 0 6988.79 2722.9 9746.54 294.992 
0.1 10 9.56636 0 0 6988.79 2722.9 9746.54 -294.992 
0.105 9.70514 10 0.461505 7.31873e-15 11453.1 5460.04 -185.011 -3.19478e-11 
0.105 10 10.4336 0 0 6924.94 2767.58 9740.2 430.178 
0.105 10 9.56636 0 0 6924.94 2767.58 9740.2 -430.178 
0.11 9.70742 10 0.448761 5.15412e-15 11380.1 5547.83 -172.096 -2.89162e-11 
0.11 10 10.4336 0 0 6864.05 2811.47 9734.63 565.964 
0.11 10 9.56636 0 0 6864.05 2811.47 9734.63 -565.964 
0.115 9.70963 10 0.436886 3.1516e-15 11310.2 5634.13 -160.599 -2.77263e-11 
0.115 10 10.4336 0 0 6805.84 2854.62 9729.71 694.098 
0.115 10 9.56636 0 0 6805.84 2854.62 9729.71 -694.098 
0.12 9.71179 10 0.425789 1.27275e-15 11243.3 5719.05 -150.309 -2.56443e-11 
0.12 10 10.4336 0 0 6750.05 2897.08 9725.35 823.392 
0.12 10 9.56636 0 0 6750.05 2897.08 9725.35 -823.392 
0.125 9.71389 10 0.415389 -5.09191e-16 11179 5802.64 -141.051 -2.35758e-11 
0.125 10 10.4336 0 0 6696.5 2938.88 9721.45 945.516 
0.125 10 9.56636 0 0 6696.5 2938.88 9721.45 -945.516 
0.13 9.71594 10 0.405618 -2.19089e-15 11117.2 5885 -132.685 -2.24309e-11 
0.13 10 10.4336 0 0 6645.01 2980.06 9717.95 1069.22 
0.13 10 9.56636 0 0 6645.01 2980.06 9717.95 -1069.22 
0.135 9.71795 10 0.396416 -3.80957e-15 11057.6 5966.16 -125.092 -2.40233e-11 
0.135 10 10.4336 0 0 6595.41 3020.64 9714.79 1186.12 
0.135 10 9.56636 0 0 6595.41 3020.64 9714.79 -1186.12 
0.14 9.71991 10 0.387731 -5.35902e-15 11000.1 6046.21 -118.176 -2.10778e-11 
0.14 10 10.4336 0 0 6547.58 3060.66 9711.95 1304.93 
0.14 10 9.56636 0 0 6547.58 3060.66 9711.95 -1304.93 
0.145 9.72182 10 0.379519 -6.85465e-15 10944.5 6125.17 -111.853 -2.08684e-11 
0.145 10 10.4336 0 0 6501.41 3100.14 9709.36 1417.24 
0.145 10 9.56636 0 0 6501.41 3100.14 9709.36 -1417.24 
0.15 9.7237 10 0.37174 -8.28687e-15 10890.8 6203.12 -106.055 -2.33964e-11 
0.15 10 10.4336 0 0 6456.78 3139.12 9707.01 1531.71 
0.15 10 9.56636 0 0 6456.78 3139.12 9707.01 -1531.71 
0.155 9.72554 10 0.364358 -9.67232e-15 10838.8 6280.08 -100.721 -2.0474e-11 
0.155 10 10.4336 0 0 6413.61 3177.6 9704.85 1639.91 
0.155 10 9.56636 0 0 6413.61 3177.6 9704.85 -1639.91 
0.16 9.72735 10 0.357341 -1.10293e-14 10788.3 6356.09 -95.8009 -1.8465e-11 
0.16 10 10.4336 0 0 6371.81 3215.6 9702.89 1750.49 
0.16 10 9.56636 0 0 6371.81 3215.6 9702.89 -1750.49 
0.165 9.72912 10 0.350663 -1.23462e-14 10739.5 6431.21 -91.2505 -1.55521e-11 
0.165 10 10.4336 0 0 6331.31 3253.16 9701.08 1855 
0.165 10 9.56636 0 0 6331.31 3253.16 9701.08 -1855 
0.17 9.73085 10 0.344298 -1.36282e-14 10692.1 6505.45 -87.0318 -1.90106e-11 
0.17 10 10.4336 0 0 6292.03 3290.28 9699.41 1962.07 
0.17 10 9.56636 0 0 6292.03 3290.28 9699.41 -1962.07 
0.175 9.73256 10 0.338223 -1.48855e-14 10646 6578.86 -83.1116 -1.51966e-11 
0.175 10 10.4336 0 0 6253.93 3326.99 9697.88 2063.23 
0.175 10 9.56636 0 0 6253.93 3326.99 9697.88 -2063.23 
0.18 9.73424 10 0.332418 -1.60933e-14 10601.3 6651.47 -79.4611 -1.5937e-11 
0.18 10 10.4336 0 0 6216.93 3363.29 9696.46 2167.1 
0.18 10 9.56636 0 0 6216.93 3363.29 9696.46 -2167.1 
0.185 9.73588 10 0.326865 -1.72923e-14 10557.9 6723.29 -76.0548 -2.12262e-11 
0.185 10 10.4336 0 0 6181 3399.2 9695.14 2265.2 
0.185 10 9.56636 0 0 6181 3399.2 9695.14 -2265.2 
0.19 9.7375 10 0.321548 -1.84681e-14 10515.7 6794.37 -72.8703 -1.6514e-11 
0.19 10 10.4336 0 0 6146.08 3434.74 9693.93 2366.14 
0.19 10 9.56636 0 0 6146.08 3434.74 9693.93 -2366.14 
0.195 9.7391 10 0.316451 -1.96179e-14 10474.6 6864.72 -69.8878 -1.90816e-11 
0.195 10 10.4336 0 0 6112.13 3469.92 9692.79 2461.43 
0.195 10 9.56636 0 0 6112.13 3469.92 9692.79 -2461.43 
0.2 9.74067 10 0.31156 -2.07552e-14 10434.7 6934.36 -67.0896 -1.98318e-11 
0.2 10 10.4336 0 0 6079.1 3504.74 9691.74 2559.67 
0.2 10 9.56636 0 0 6079.1 3504.74 9691.74 -2559.67 
0.205 9.74222 10 0.306862 -2.18739e-14 10395.8 7003.33 -64.4603 -1.33087e-11 
0.205 10 10.4336 0 0 6046.97 3539.22 9690.75 2652.36 
0.205 10 9.56636 0 0 6046.97 3539.22 9690.75 -2652.36 
0.21 9.74374 10 0.302347 -2.29828e-14 10358 7071.64 -61.9857 -1.13344e-11 
0.21 10 10.4336 0 0 6015.69 3573.38 9689.83 2748.11 
0.21 10 9.56636 0 0 6015.69 3573.38 9689.83 -2748.11 
0.215 9.74524 10 0.298004 -2.4081e-14 10321.1 7139.31 -59.6534 -1.57282e-11 
0.215 10 10.4336 0 0 5985.23 3607.21 9688.96 2838.39 
0.215 10 9.56636 0 0 5985.23 3607.21 9688.96 -2838.39 
0.22 9.74672 10 0.293822 -2.51608e-14 10285.3 7206.36 -57.4521 -1.46675e-11 
0.22 10 10.4336 0 0 5955.57 3640.74 9688.16 2931.82 
0.22 10 9.56636 0 0 5955.57 3640.74 9688.16 -2931.82 
0.225 9.74818 10 0.289794 -2.6221e-14 10250.4 7272.8 -55.3717 -1.63381e-11 
0.225 10 10.4336 0 0 5926.67 3673.96 9687.4 3019.86 
0.225 10 9.56636 0 0 5926.67 3673.96 9687.4 -3019.86 
0.23 9.74962 10 0.285909 -2.72821e-14 10216.3 7338.66 -53.4031 -1.70991e-11 
0.23 10 10.4336 0 0 5898.51 3706.89 9686.69 3111.12 
0.23 10 9.56636 0 0 5898.51 3706.89 9686.69 -3111.12 
0.235 9.75104 10 0.282162 -2.83486e-14 10183.2 7403.95 -51.538 -1.51307e-11 
0.235 10 10.4336 0 0 5871.07 3739.53 9686.02 3197.07 
0.235 10 9.56636 0 0 5871.07 3739.53 9686.02 -3197.07 
0.24 9.75244 10 0.278545 -2.93865e-14 10150.9 7468.69 -49.7689 -1.31664e-11 
0.24 10 10.4336 0 0 5844.31 3771.9 9685.39 3286.31 
0.24 10 9.56636 0 0 5844.31 3771.9 9685.39 -3286.31 
0.245 9.75382 10 0.27505 -3.04194e-14 10119.5 7532.88 -48.089 -1.48408e-11 
0.245 10 10.4336 0 0 5818.22 3804 9684.79 3370.3 
0.245 10 9.56636 0 0 5818.22 3804 9684.79 -3370.3 
0.25 9.75519 10 0.271673 -3.14533e-14 10088.9 7596.55 -46.4922 -1.46961e-11 
0.25 10 10.4336 0 0 5792.78 3835.83 9684.23 3457.64 
0.25 10 9.56636 0 0 5792.78 3835.83 9684.23 -3457.64 
0.255 9.75654 10 0.268407 -3.24727e-14 10059 7659.71 -44.9727 -1.72819e-11 
0.255 10 10.4336 0 0 5767.96 3867.41 9683.7 3539.79 
0.255 10 9.56636 0 0 5767.96 3867.41 9683.7 -3539.79 
0.26 9.75787 10 0.265246 -3.34905e-14 10030 7722.36 -43.5254 -1.44109e-11 
0.26 10 10.4336 0 0 5743.76 3898.74 9683.2 3625.34 
0.26 10 9.56636 0 0 5743.76 3898.74 9683.2 -3625.34 
0.265 9.75919 10 0.262187 -3.45078e-14 10001.6 7784.53 -42.1456 -1.33589e-11 
0.265 10 10.4336 0 0 5720.14 3929.82 9682.72 3705.76 
0.265 10 9.56636 0 0 5720.14 3929.82 9682.72 -3705.76 
0.27 9.7605 10 0.259224 -3.55198e-14 9974.05 7846.23 -40.8289 -1.86743e-11 
0.27 10 10.4336 0 0 5697.1 3960.67 9682.27 3789.62 
0.27 10 9.56636 0 0 5697.1 3960.67 9682.27 -3789.62 
0.275 9.76178 10 0.256353 -3.65234e-14 9947.17 7907.45 -39.5714 -1.76243e-11 
0.275 10 10.4336 0 0 5674.61 3991.29 9681.84 3868.4 
0.275 10 9.56636 0 0 5674.61 3991.29 9681.84 -3868.4 
0.28 9.76306 10 0.25357 -3.75286e-14 9920.99 7968.23 -38.3693 -1.6574e-11 
0.28 10 10.4336 0 0 5652.67 4021.67 9681.43 3950.67 
0.28 10 9.56636 0 0 5652.67 4021.67 9681.43 -3950.67 
0.285 9.76432 10 0.25087 -3.85289e-14 9895.49 8028.56 -37.2193 -1.55245e-11 
0.285 10 10.4336 0 0 5631.25 4051.84 9681.05 4027.91 
0.285 10 9.56636 0 0 5631.25 4051.84 9681.05 -4027.91 
0.29 9.76557 10 0.248251 -3.95423e-14 9870.66 8088.45 -36.1182 -1.44731e-11 
0.29 10 10.4336 0 0 5610.35 4081.78 9680.68 4108.67 
0.29 10 9.56636 0 0 5610.35 4081.78 9680.68 -4108.67 
0.295 9.7668 10 0.24571 -4.05487e-14 9846.47 8147.93 -35.0633 -1.61512e-11 
0.295 10 10.4336 0 0 5589.96 4111.52 9680.33 4184.44 
0.295 10 9.56636 0 0 5589.96 4111.52 9680.33 -4184.44 
0.3 9.76803 10 0.243241 -4.15453e-14 9822.93 8206.98 -34.0517 -1.41927e-11 
0.3 10 10.4336 0 0 5570.05 4141.05 9680 4263.78 
0.3 10 9.56636 0 0 5570.05 4141.05 9680 -4263.78 
0.305 9.76924 10 0.240844 -4.25399e-14 9800.01 8265.63 -33.0811 -1.58724e-11 
0.305 10 10.4336 0 0 5550.61 4170.37 9679.68 4338.15 
0.305 10 9.56636 0 0 5550.61 4170.37 9679.68 -4338.15 
0.31 9.77043 10 0.238515 -4.35341e-14 9777.71 8323.88 -32.1491 -1.66428e-11 
0.31 10 10.4336 0 0 5531.65 4199.5 9679.38 4416.13 
0.31 10 9.56636 0 0 5531.65 4199.5 9679.38 -4416.13 
0.315 9.77162 10 0.23625 -4.4543e-14 9756 8381.75 -31.2536 -1.65015e-11 
0.315 10 10.4336 0 0 5513.13 4228.43 9679.09 4489.18 
0.315 10 9.56636 0 0 5513.13 4228.43 9679.09 -4489.18 
0.32 9.7728 10 0.234049 -4.55332e-14 9734.89 8439.23 -30.3926 -1.72724e-11 
0.32 10 10.4336 0 0 5495.06 4257.17 9678.81 4565.87 
0.32 10 9.56636 0 0 5495.06 4257.17 9678.81 -4565.87 
0.325 9.77396 10 0.231908 -4.65365e-14 9714.35 8496.33 -29.5643 -1.34939e-11 
0.325 10 10.4336 0 0 5477.43 4285.72 9678.55 4637.66 
0.325 10 9.56636 0 0 5477.43 4285.72 9678.55 -4637.66 
0.33 9.77512 10 0.229825 -4.75352e-14 9694.39 8553.07 -28.7669 -1.51731e-11 
0.33 10 10.4336 0 0 5460.22 4314.09 9678.3 4713.12 
0.33 10 9.56636 0 0 5460.22 4314.09 9678.3 -4713.12 
0.335 9.77626 10 0.227798 -4.85478e-14 9674.98 8609.46 -27.9988 -1.77598e-11 
0.335 10 10.4336 0 0 5443.43 4342.29 9678.05 4783.71 
0.335 10 9.56636 0 0 5443.43 4342.29 9678.05 -4783.71 
0.34 9.77739 10 0.225824 -4.95558e-14 9656.12 8665.48 -27.2586 -1.30712e-11 
0.34 10 10.4336 0 0 5427.04 4370.3 9677.82 4857.99 
0.34 10 9.56636 0 0 5427.04 4370.3 9677.82 -4857.99 
0.345 9.77852 10 0.223903 -5.05611e-14 9637.8 8721.17 -26.5447 -1.11114e-11 
0.345 10 10.4336 0 0 5411.05 4398.14 9677.6 4927.43 
0.345 10 9.56636 0 0 5411.05 4398.14 9677.6 -4927.43 
0.35 9.77963 10 0.222032 -5.15892e-14 9620.01 8776.51 -25.856 -2.09721e-11 
0.35 10 10.4336 0 0 5395.45 4425.81 9677.39 5000.59 
0.35 10 9.56636 0 0 5395.45 4425.81 9677.39 -5000.59 
0.355 9.78074 10 0.220209 -5.25916e-14 9602.74 8831.52 -25.1911 -1.71937e-11 
0.355 10 10.4336 0 0 5380.23 4453.32 9677.18 5068.94 
0.355 10 9.56636 0 0 5380.23 4453.32 9677.18 -5068.94 
0.36 9.78184 10 0.218432 -5.36203e-14 9585.99 8886.2 -24.549 -1.61402e-11 
0.36 10 10.4336 0 0 5365.38 4480.66 9676.98 5141.03 
0.36 10 9.56636 0 0 5365.38 4480.66 9676.98 -5141.03 
0.365 9.78292 10 0.216701 -5.46402e-14 9569.75 8940.56 -23.9284 -1.78164e-11 
0.365 10 10.4336 0 0 5350.91 4507.84 9676.79 5208.32 
0.365 10 9.56636 0 0 5350.91 4507.84 9676.79 -5208.32 
0.37 9.784 10 0.215014 -5.56755e-14 9554 8994.61 -23.3285 -1.31239e-11 
0.37 10 10.4336 0 0 5336.79 4534.86 9676.61 5279.39 
0.37 10 9.56636 0 0 5336.79 4534.86 9676.61 -5279.39 
0.375 9.78507 10 0.213368 -5.67164e-14 9538.74 9048.35 -22.7481 -1.20687e-11 
0.375 10 10.4336 0 0 5323.03 4561.73 9676.44 5345.68 
0.375 10 9.56636 0 0 5323.03 4561.73 9676.44 -5345.68 
0.38 9.78614 10 0.211763 -5.77519e-14 9523.97 9101.78 -22.1865 -1.64713e-11 
0.38 10 10.4336 0 0 5309.61 4588.45 9676.27 5415.76 
0.38 10 9.56636 0 0 5309.61 4588.45 9676.27 -5415.76 
0.385 9.78719 10 0.210198 -5.87974e-14 9509.67 9154.92 -21.6428 -1.81439e-11 
0.385 10 10.4336 0 0 5296.53 4615.02 9676.11 5481.08 
0.385 10 9.56636 0 0 5296.53 4615.02 9676.11 -5481.08 
0.39 9.78824 10 0.208671 -5.98467e-14 9495.85 9207.76 -21.1162 -1.4359e-11 
0.39 10 10.4336 0 0 5283.79 4641.44 9675.95 5550.22 
0.39 10 9.56636 0 0 5283.79 4641.44 9675.95 -5550.22 
0.395 9.78928 10 0.207181 -6.09003e-14 9482.49 9260.31 -20.6058 -1.05735e-11 
0.395 10 10.4336 0 0 5271.38 4667.71 9675.8 5614.62 
0.395 10 9.56636 0 0 5271.38 4667.71 9675.8 -5614.62 
0.4 9.79031 10 0.205727 -6.19574e-14 9469.58 9312.57 -20.1111 -1.58825e-11 
0.4 10 10.4336 0 0 5259.29 4693.84 9675.65 5682.85 
0.4 10 9.56636 0 0 5259.29 4693.84 9675.65 -5682.85 
0.405 9.79134 10 0.204308 -6.30027e-14 9457.13 9364.56 -19.6313 -1.66456e-11 
0.405 10 10.4336 0 0 5247.52 4719.84 9675.51 5746.36 
0.405 10 9.56636 0 0 5247.52 4719.84 9675.51 -5746.36 
0.41 9.79235 10 0.202922 -6.4072e-14 9445.13 9416.27 -19.1658 -1.37674e-11 
0.41 10 10.4336 0 0 5236.06 4745.69 9675.38 5813.72 
0.41 10 9.56636 0 0 5236.06 4745.69 9675.38 -5813.72 
0.415 9.79336 10 0.201569 -6.51464e-14 9433.56 9467.72 -18.7139 -1.63455e-11 
0.415 10 10.4336 0 0 5224.91 4771.42 9675.24 5876.38 
0.415 10 9.56636 0 0 5224.91 4771.42 9675.24 -5876.38 
0.42 9.79437 10 0.200249 -6.62235e-14 9422.43 9518.89 -18.2751 -1.52852e-11 
0.42 10 10.4336 0 0 5214.06 4797 9675.12 5942.91 
0.42 10 9.56636 0 0 5214.06 4797 9675.12 -5942.91 
0.425 9.79537 10 0.198958 -6.7314e-14 9411.73 9569.81 -17.8489 -1.87706e-11 
0.425 10 10.4336 0 0 5203.51 4822.46 9675 6004.75 
0.425 10 9.56636 0 0 5203.51 4822.46 9675 -6004.75 
0.43 9.79636 10 0.197698 -6.8414e-14 9401.46 9620.46 -17.4348 -1.95261e-11 
0.43 10 10.4336 0 0 5193.25 4847.79 9674.88 6070.46 
0.43 10 9.56636 0 0 5193.25 4847.79 9674.88 -6070.46 
0.435 9.79734 10 0.196467 -6.95151e-14 9391.61 9670.86 -17.0321 -1.39149e-11 
0.435 10 10.4336 0 0 5183.28 4872.99 9674.76 6131.51 
0.435 10 9.56636 0 0 5183.28 4872.99 9674.76 -6131.51 
0.44 9.79832 10 0.195265 -7.06116e-14 9382.17 9721.02 -16.6406 -1.01234e-11 
0.44 10 10.4336 0 0 5173.6 4898.07 9674.65 6196.45 
0.44 10 9.56636 0 0 5173.6 4898.07 9674.65 -6196.45 
0.445 9.7993 10 0.19409 -7.17316e-14 9373.15 9770.92 -16.2597 -1.54236e-11 
0.445 10 10.4336 0 0 5164.19 4923.02 9674.54 6256.74 
0.445 10 9.56636 0 0 5164.19 4923.02 9674.54 -6256.74 
0.45 9.80026 10 0.192942 -7.28632e-14 9364.53 9820.59 -15.8891 -1.52652e-11 
0.45 10 10.4336 0 0 5155.06 4947.85 9674.44 6320.94 
0.45 10 9.56636 0 0 5155.06 4947.85 9674.44 -6320.94 
0.455 9.80123 10 0.19182 -7.40118e-14 9356.31 9870.01 -15.5283 -9.64733e-12 
0.455 10 10.4336 0 0 5146.21 4972.56 9674.33 6380.49 
0.455 10 9.56636 0 0 5146.21 4972.56 9674.33 -6380.49 
0.46 9.80218 10 0.190723 -7.5137e-14 9348.49 9919.2 -15.1769 -1.67658e-11 
0.46 10 10.4336 0 0 5137.62 4997.16 9674.24 6443.96 
0.46 10 9.56636 0 0 5137.62 4997.16 9674.24 -6443.96 
0.465 9.80313 10 0.189652 -7.6283e-14 9341.07 9968.16 -14.8346 -1.66054e-11 
0.465 10 10.4336 0 0 5129.3 5021.64 9674.14 6502.81 
0.465 10 9.56636 0 0 5129.3 5021.64 9674.14 -6502.81 
0.47 9.80408 10 0.188604 -7.74332e-14 9334.04 10016.9 -14.5011 -1.82634e-11 
0.47 10 10.4336 0 0 5121.24 5046 9674.05 6565.59 
0.47 10 9.56636 0 0 5121.24 5046 9674.05 -6565.59 
0.475 9.80502 10 0.18758 -7.85967e-14 9327.39 10065.4 -14.176 -1.62815e-11 
0.475 10 10.4336 0 0 5113.44 5070.25 9673.96 6623.75 
0.475 10 9.56636 0 0 5113.44 5070.25 9673.96 -6623.75 
0.48 9.80596 10 0.186579 -7.97722e-14 9321.13 10113.7 -13.859 -1.42979e-11 
0.48 10 10.4336 0 0 5105.89 5094.39 9673.87 6685.86 
0.48 10 9.56636 0 0 5105.89 5094.39 9673.87 -6685.86 
0.485 9.80689 10 0.1856 -8.09544e-14 9315.25 10161.7 -13.5498 -1.95894e-11 
0.485 10 10.4336 0 0 5098.6 5118.42 9673.78 6743.36 
0.485 10 9.56636 0 0 5098.6 5118.42 9673.78 -6743.36 
0.49 9.80781 10 0.184643 -8.21455e-14 9309.74 10209.6 -13.2481 -2.12417e-11 
0.49 10 10.4336 0 0 5091.55 5142.35 9673.7 6804.82 
0.49 10 9.56636 0 0 5091.55 5142.35 9673.7 -6804.82 
0.495 9.80873 10 0.183707 -8.33498e-14 9304.61 10257.2 -12.9536 -1.3797e-11 
0.495 10 10.4336 0 0 5084.75 5166.16 9673.62 6861.68 
0.495 10 9.56636 0 0 5084.75 5166.16 9673.62 -6861.68 
0.5 9.80965 10 0.182792 -8.45653e-14 9299.85 10304.6 -12.6662 -1.18078e-11 
0.5 10 10.4336 0 0 5078.19 5189.87 9673.54 6922.51 
0.5 10 9.56636 0 0 5078.19 5189.87 9673.54 -6922.51 
0.505 9.81056 10 0.181897 -8.57913e-14 9295.46 10351.8 -12.3855 -1.52742e-11 
0.505 10 10.4336 0 0 5071.87 5213.48 9673.46 6978.76 
0.505 10 9.56636 0 0 5071.87 5213.48 9673.46 -6978.76 
0.51 9.81147 10 0.181023 -8.70209e-14 9291.43 10398.9 -12.1113 -1.69211e-11 
0.51 10 10.4336 0 0 5065.79 5236.99 9673.38 7038.98 
0.51 10 9.56636 0 0 5065.79 5236.99 9673.38 -7038.98 
0.515 9.81237 10 0.180167 -8.82624e-14 9287.76 10445.7 -11.8433 -1.67473e-11 
0.515 10 10.4336 0 0 5059.94 5260.39 9673.31 7094.64 
0.515 10 9.56636 0 0 5059.94 5260.39 9673.31 -7094.64 
0.52 9.81327 10 0.17933 -8.95216e-14 9284.45 10492.3 -11.5815 -1.4752e-11 
0.52 10 10.4336 0 0 5054.32 5283.7 9673.24 7154.28 
0.52 10 9.56636 0 0 5054.32 5283.7 9673.24 -7154.28 
0.525 9.81416 10 0.178512 -9.07843e-14 9281.5 10538.7 -11.3255 -2.36702e-11 
0.525 10 10.4336 0 0 5048.94 5306.9 9673.16 7209.35 
0.525 10 9.56636 0 0 5048.94 5306.9 9673.16 -7209.35 
0.53 9.81505 10 0.177712 -9.20727e-14 9278.9 10584.9 -11.0751 -1.43948e-11 
0.53 10 10.4336 0 0 5043.78 5330.01 9673.1 7268.42 
0.53 10 9.56636 0 0 5043.78 5330.01 9673.1 -7268.42 
0.535 9.81594 10 0.17693 -9.33459e-14 9276.65 10630.9 -10.8302 -2.33116e-11 
0.535 10 10.4336 0 0 5038.84 5353.02 9673.03 7322.94 
0.535 10 9.56636 0 0 5038.84 5353.02 9673.03 -7322.94 
0.54 9.81682 10 0.176165 -9.46445e-14 9274.75 10676.8 -10.5905 -2.13108e-11 
0.54 10 10.4336 0 0 5034.13 5375.94 9672.96 7381.46 
0.54 10 9.56636 0 0 5034.13 5375.94 9672.96 -7381.46 
0.545 9.8177 10 0.175417 -9.59587e-14 9273.19 10722.4 -10.356 -2.11268e-11 
0.545 10 10.4336 0 0 5029.64 5398.77 9672.9 7435.43 
0.545 10 9.56636 0 0 5029.64 5398.77 9672.9 -7435.43 
0.55 9.81858 10 0.174686 -9.72764e-14 9271.98 10767.9 -10.1264 -1.91233e-11 
0.55 10 10.4336 0 0 5025.36 5421.5 9672.84 7493.42 
0.55 10 9.56636 0 0 5025.36 5421.5 9672.84 -7493.42 
0.555 9.81945 10 0.17397 -9.86174e-14 9271.12 10813.2 -9.90152 -2.43926e-11 
0.555 10 10.4336 0 0 5021.3 5444.14 9672.77 7546.87 
0.555 10 9.56636 0 0 5021.3 5444.14 9672.77 -7546.87 
0.56 9.82032 10 0.173271 -9.99574e-14 9270.59 10858.3 -9.68128 -2.2386e-11 
0.56 10 10.4336 0 0 5017.46 5466.69 9672.71 7604.34 
0.56 10 9.56636 0 0 5017.46 5466.69 9672.71 -7604.34 
0.565 9.82118 10 0.172587 -1.01314e-13 9270.4 10903.2 -9.46551 -1.31011e-11 
0.565 10 10.4336 0 0 5013.82 5489.15 9672.65 7657.29 
0.565 10 9.56636 0 0 5013.82 5489.15 9672.65 -7657.29 
0.57 9.82204 10 0.171919 -1.0269e-13 9270.55 10947.9 -9.25405 -1.47273e-11 
0.57 10 10.4336 0 0 5010.4 5511.53 9672.59 7714.26 
0.57 10 9.56636 0 0 5010.4 5511.53 9672.59 -7714.26 
0.575 9.8229 10 0.171265 -1.04082e-13 9271.03 10992.5 -9.04678 -1.99896e-11 
0.575 10 10.4336 0 0 5007.19 5533.81 9672.53 7766.71 
0.575 10 9.56636 0 0 5007.19 5533.81 9672.53 -7766.71 
0.58 9.82376 10 0.170626 -1.05471e-13 9271.84 11036.9 -8.84354 -2.34331e-11 
0.58 10 10.4336 0 0 5004.18 5556.02 9672.48 7823.19 
0.58 10 9.56636 0 0 5004.18 5556.02 9672.48 -7823.19 
0.585 9.82461 10 0.170002 -1.06893e-13 9272.98 11081.1 -8.64423 -1.77769e-11 
0.585 10 10.4336 0 0 5001.37 5578.13 9672.42 7875.16 
0.585 10 9.56636 0 0 5001.37 5578.13 9672.42 -7875.16 
0.59 9.82546 10 0.169391 -1.08341e-13 9274.45 11125.2 -8.44871 -1.93932e-11 
0.59 10 10.4336 0 0 4998.77 5600.16 9672.37 7931.18 
0.59 10 9.56636 0 0 4998.77 5600.16 9672.37 -7931.18 
0.595 9.8263 10 0.168795 -1.09788e-13 9276.25 11169.1 -8.25687 -1.91907e-11 
0.595 10 10.4336 0 0 4996.37 5622.11 9672.31 7982.69 
0.595 10 9.56636 0 0 4996.37 5622.11 9672.31 -7982.69 
0.6 9.82714 10 0.168212 -1.11247e-13 9278.38 11212.8 -8.06859 -2.08054e-11 
0.6 10 10.4336 0 0 4994.17 5643.98 9672.26 8038.24 
0.6 10 9.56636 0 0 4994.17 5643.98 9672.26 -8038.24 
0.605 9.82798 10 0.167642 -1.12719e-13 9280.83 11256.4 -7.88376 -2.24184e-11 
0.605 10 10.4336 0 0 4992.17 5665.76 9672.2 8089.3 
0.605 10 9.56636 0 0 4992.17 5665.76 9672.2 -8089.3 
0.61 9.82882 10 0.167085 -1.14205e-13 9283.6 11299.8 -7.70228 -2.40293e-11 
0.61 10 10.4336 0 0 4990.37 5687.46 9672.16 8144.41 
0.61 10 9.56636 0 0 4990.37 5687.46 9672.16 -8144.41 
0.615 9.82965 10 0.166541 -1.15706e-13 9286.69 11343.1 -7.52404 -2.20002e-11 
0.615 10 10.4336 0 0 4988.76 5709.09 9672.1 8195.03 
0.615 10 9.56636 0 0 4988.76 5709.09 9672.1 -8195.03 
0.62 9.83049 10 0.16601 -1.17249e-13 9290.11 11386.1 -7.34894 -2.17841e-11 
0.62 10 10.4336 0 0 4987.34 5730.63 9672.05 8249.71 
0.62 10 9.56636 0 0 4987.34 5730.63 9672.05 -8249.71 
0.625 9.83131 10 0.165492 -1.18793e-13 9293.84 11429.1 -7.17689 -2.1568e-11 
0.625 10 10.4336 0 0 4986.12 5752.1 9672 8299.9 
0.625 10 9.56636 0 0 4986.12 5752.1 9672 -8299.9 
0.63 9.83214 10 0.164985 -1.20352e-13 9297.89 11471.9 -7.0078 -2.31687e-11 
0.63 10 10.4336 0 0 4985.09 5773.49 9671.95 8354.16 
0.63 10 9.56636 0 0 4985.09 5773.49 9671.95 -8354.16 
0.635 9.83296 10 0.16449 -1.21921e-13 9302.26 11514.5 -6.84158 -1.93111e-11 
0.635 10 10.4336 0 0 4984.25 5794.8 9671.9 8403.94 
0.635 10 9.56636 0 0 4984.25 5794.8 9671.9 -8403.94 
0.64 9.83379 10 0.164007 -1.2352e-13 9306.94 11557 -6.67814 -1.72682e-11 
0.64 10 10.4336 0 0 4983.59 5816.04 9671.86 8457.79 
0.64 10 9.56636 0 0 4983.59 5816.04 9671.86 -8457.79 
0.645 9.8346 10 0.163536 -1.25123e-13 9311.94 11599.3 -6.5174 -1.88628e-11 
0.645 10 10.4336 0 0 4983.13 5837.2 9671.81 8507.16 
0.645 10 9.56636 0 0 4983.13 5837.2 9671.81 -8507.16 
0.65 9.83542 10 0.163076 -1.26778e-13 9317.25 11641.5 -6.35928 -1.86311e-11 
0.65 10 10.4336 0 0 4982.85 5858.29 9671.76 8560.62 
0.65 10 9.56636 0 0 4982.85 5858.29 9671.76 -8560.62 
0.655 9.83624 10 0.162628 -1.28438e-13 9322.87 11683.5 -6.20371 -2.38556e-11 
0.655 10 10.4336 0 0 4982.76 5879.3 9671.72 8609.6 
0.655 10 9.56636 0 0 4982.76 5879.3 9671.72 -8609.6 
0.66 9.83705 10 0.16219 -1.3008e-13 9328.8 11725.4 -6.0506 -2.72639e-11 
0.66 10 10.4336 0 0 4982.85 5900.24 9671.67 8662.67 
0.66 10 9.56636 0 0 4982.85 5900.24 9671.67 -8662.67 
0.665 9.83786 10 0.161763 -1.31765e-13 9335.05 11767.1 -5.89989 -2.52089e-11 
0.665 10 10.4336 0 0 4983.13 5921.11 9671.62 8711.27 
0.665 10 9.56636 0 0 4983.13 5921.11 9671.62 -8711.27 
0.67 9.83866 10 0.161347 -1.33486e-13 9341.61 11808.7 -5.7515 -2.6787e-11 
0.67 10 10.4336 0 0 4983.59 5941.91 9671.58 8763.97 
0.67 10 9.56636 0 0 4983.59 5941.91 9671.58 -8763.97 
0.675 9.83947 10 0.160942 -1.35213e-13 9348.47 11850.2 -5.60537 -2.83643e-11 
0.675 10 10.4336 0 0 4984.23 5962.64 9671.53 8812.2 
0.675 10 9.56636 0 0 4984.23 5962.64 9671.53 -8812.2 
0.68 9.84027 10 0.160546 -1.3696e-13 9355.65 11891.5 -5.46143 -2.26625e-11 
0.68 10 10.4336 0 0 4985.05 5983.29 9671.49 8864.52 
0.68 10 9.56636 0 0 4985.05 5983.29 9671.49 -8864.52 
0.685 9.84108 10 0.160161 -1.38735e-13 9363.13 11932.6 -5.31962 -2.4233e-11 
0.685 10 10.4336 0 0 4986.05 6003.88 9671.45 8912.39 
0.685 10 9.56636 0 0 4986.05 6003.88 9671.45 -8912.39 
0.69 9.84188 10 0.159786 -1.40509e-13 9370.92 11973.7 -5.17987 -2.03467e-11 
0.69 10 10.4336 0 0 4987.23 6024.39 9671.4 8964.36 
0.69 10 9.56636 0 0 4987.23 6024.39 9671.4 -8964.36 
0.695 9.84267 10 0.159421 -1.42327e-13 9379.01 12014.6 -5.04214 -2.37303e-11 
0.695 10 10.4336 0 0 4988.59 6044.84 9671.36 9011.88 
0.695 10 9.56636 0 0 4988.59 6044.84 9671.36 -9011.88 
0.7 9.84347 10 0.159066 -1.44146e-13 9387.41 12055.3 -4.90635 -2.16565e-11 
0.7 10 10.4336 0 0 4990.13 6065.22 9671.32 9063.5 
0.7 10 9.56636 0 0 4990.13 6065.22 9671.32 -9063.5 
0.705 9.84426 10 0.15872 -1.46014e-13 9396.12 12096 -4.77246 -1.9576e-11 
0.705 10 10.4336 0 0 4991.84 6085.53 9671.27 9110.67 
0.705 10 9.56636 0 0 4991.84 6085.53 9671.27 -9110.67 
0.71 9.84506 10 0.158384 -1.47921e-13 9405.13 12136.4 -4.64041 -2.8404e-11 
0.71 10 10.4336 0 0 4993.73 6105.78 9671.23 9161.95 
0.71 10 9.56636 0 0 4993.73 6105.78 9671.23 -9161.95 
0.715 9.84585 10 0.158057 -1.49834e-13 9414.45 12176.8 -4.51014 -2.81363e-11 
0.715 10 10.4336 0 0 4995.8 6125.96 9671.19 9208.79 
0.715 10 9.56636 0 0 4995.8 6125.96 9671.19 -9208.79 
0.72 9.84664 10 0.15774 -1.51741e-13 9424.08 12217 -4.38161 -2.60502e-11 
0.72 10 10.4336 0 0 4998.04 6146.07 9671.15 9259.74 
0.72 10 9.56636 0 0 4998.04 6146.07 9671.15 -9259.74 
0.725 9.84743 10 0.157431 -1.53686e-13 9434 12257.1 -4.25477 -2.75969e-11 
0.725 10 10.4336 0 0 5000.45 6166.12 9671.11 9306.26 
0.725 10 9.56636 0 0 5000.45 6166.12 9671.11 -9306.26 
0.73 9.84821 10 0.157132 -1.55659e-13 9444.23 12297.1 -4.12957 -2.91397e-11 
0.73 10 10.4336 0 0 5003.04 6186.1 9671.07 9356.88 
0.73 10 9.56636 0 0 5003.04 6186.1 9671.07 -9356.88 
0.735 9.849 10 0.156841 -1.57657e-13 9454.77 12336.9 -4.00595 -2.70409e-11 
0.735 10 10.4336 0 0 5005.8 6206.01 9671.02 9403.08 
0.735 10 9.56636 0 0 5005.8 6206.01 9671.02 -9403.08 
0.74 9.84978 10 0.15656 -1.59711e-13 9465.6 12376.6 -3.88388 -3.22104e-11 
0.74 10 10.4336 0 0 5008.73 6225.87 9670.98 9453.39 
0.74 10 9.56636 0 0 5008.73 6225.87 9670.98 -9453.39 
0.745 9.85056 10 0.156287 -1.61766e-13 9476.75 12416.2 -3.76332 -2.28277e-11 
0.745 10 10.4336 0 0 5011.83 6245.66 9670.94 9499.27 
0.745 10 9.56636 0 0 5011.83 6245.66 9670.94 -9499.27 
0.75 9.85134 10 0.156022 -1.63852e-13 9488.19 12455.6 -3.64421 -2.43547e-11 
0.75 10 10.4336 0 0 5015.11 6265.38 9670.9 9549.27 
0.75 10 9.56636 0 0 5015.11 6265.38 9670.9 -9549.27 
0.755 9.85212 10 0.155766 -1.65954e-13 9499.94 12495 -3.52652 -2.95175e-11 
0.755 10 10.4336 0 0 5018.56 6285.04 9670.86 9594.85 
0.755 10 9.56636 0 0 5018.56 6285.04 9670.86 -9594.85 
0.76 9.8529 10 0.155518 -1.68097e-13 9511.99 12534.2 -3.41021 -3.28555e-11 
0.76 10 10.4336 0 0 5022.17 6304.64 9670.82 9644.56 
0.76 10 9.56636 0 0 5022.17 6304.64 9670.82 -9644.56 
0.765 9.85368 10 0.155279 -1.70284e-13 9524.34 12573.2 -3.29523 -3.25493e-11 
0.765 10 10.4336 0 0 5025.96 6324.18 9670.78 9689.84 
0.765 10 9.56636 0 0 5025.96 6324.18 9670.78 -9689.84 
0.77 9.85445 10 0.155047 -1.72483e-13 9536.99 12612.2 -3.18155 -2.67843e-11 
0.77 10 10.4336 0 0 5029.92 6343.65 9670.74 9739.25 
0.77 10 9.56636 0 0 5029.92 6343.65 9670.74 -9739.25 
0.775 9.85523 10 0.154824 -1.74715e-13 9549.95 12651 -3.06914 -2.82908e-11 
0.775 10 10.4336 0 0 5034.04 6363.07 9670.69 9784.23 
0.775 10 9.56636 0 0 5034.04 6363.07 9670.69 -9784.23 
0.78 9.856 10 0.154609 -1.76971e-13 9563.21 12689.7 -2.95795 -3.88891e-11 
0.78 10 10.4336 0 0 5038.34 6382.42 9670.66 9833.36 
0.78 10 9.56636 0 0 5038.34 6382.42 9670.66 -9833.36 
0.785 9.85677 10 0.154402 -1.79245e-13 9576.78 12728.3 -2.84795 -3.12946e-11 
0.785 10 10.4336 0 0 5042.8 6401.71 9670.61 9878.06 
0.785 10 9.56636 0 0 5042.8 6401.71 9670.61 -9878.06 
0.79 9.85755 10 0.154202 -1.81599e-13 9590.65 12766.8 -2.73911 -3.09651e-11 
0.79 10 10.4336 0 0 5047.44 6420.94 9670.58 9926.9 
0.79 10 9.56636 0 0 5047.44 6420.94 9670.58 -9926.9 
0.795 9.85832 10 0.15401 -1.83965e-13 9604.82 12805.1 -2.63139 -3.79099e-11 
0.795 10 10.4336 0 0 5052.24 6440.11 9670.53 9971.33 
0.795 10 9.56636 0 0 5052.24 6440.11 9670.53 -9971.33 
0.8 9.85909 10 0.153826 -1.86362e-13 9619.29 12843.3 -2.52476 -3.02983e-11 
0.8 10 10.4336 0 0 5057.21 6459.22 9670.49 10019.9 
0.8 10 9.56636 0 0 5057.21 6459.22 9670.49 -10019.9 
0.805 9.85986 10 0.15365 -1.88776e-13 9634.07 12881.4 -2.41918 -2.99603e-11 
0.805 10 10.4336 0 0 5062.35 6478.27 9670.45 10064.1 
0.805 10 9.56636 0 0 5062.35 6478.27 9670.45 -10064.1 
0.81 9.86062 10 0.15348 -1.91249e-13 9649.15 12919.4 -2.31463 -3.87091e-11 
0.81 10 10.4336 0 0 5067.65 6497.26 9670.41 10112.3 
0.81 10 9.56636 0 0 5067.65 6497.26 9670.41 -10112.3 
0.815 9.86139 10 0.153319 -1.93751e-13 9664.54 12957.3 -2.21108 -3.65398e-11 
0.815 10 10.4336 0 0 5073.12 6516.19 9670.37 10156.2 
0.815 10 9.56636 0 0 5073.12 6516.19 9670.37 -10156.2 
0.82 9.86216 10 0.153165 -1.96291e-13 9680.23 12995 -2.1085 -3.80032e-11 
0.82 10 10.4336 0 0 5078.76 6535.07 9670.33 10204.3 
0.82 10 9.56636 0 0 5078.76 6535.07 9670.33 -10204.3 
0.825 9.86292 10 0.153018 -1.98859e-13 9696.23 13032.6 -2.00685 -3.94628e-11 
0.825 10 10.4336 0 0 5084.57 6553.88 9670.29 10247.9 
0.825 10 9.56636 0 0 5084.57 6553.88 9670.29 -10247.9 
0.83 9.86369 10 0.152878 -2.0148e-13 9712.53 13070.1 -1.90612 -3.54578e-11 
0.83 10 10.4336 0 0 5090.54 6572.63 9670.25 10295.7 
0.83 10 9.56636 0 0 5090.54 6572.63 9670.25 -10295.7 
0.835 9.86445 10 0.152745 -2.04131e-13 9729.13 13107.5 -1.80626 -3.87247e-11 
0.835 10 10.4336 0 0 5096.68 6591.33 9670.21 10339 
0.835 10 9.56636 0 0 5096.68 6591.33 9670.21 -10339 
0.84 9.86521 10 0.15262 -2.06808e-13 9746.05 13144.8 -1.70727 -3.28929e-11 
0.84 10 10.4336 0 0 5102.99 6609.97 9670.17 10386.6 
0.84 10 9.56636 0 0 5102.99 6609.97 9670.17 -10386.6 
0.845 9.86598 10 0.152501 -2.09542e-13 9763.26 13182 -1.6091 -4.16051e-11 
0.845 10 10.4336 0 0 5109.46 6628.54 9670.13 10429.7 
0.845 10 9.56636 0 0 5109.46 6628.54 9670.13 -10429.7 
0.85 9.86674 10 0.15239 -2.12337e-13 9780.79 13219 -1.51173 -3.57568e-11 
0.85 10 10.4336 0 0 5116.1 6647.06 9670.09 10476.9 
0.85 10 9.56636 0 0 5116.1 6647.06 9670.09 -10476.9 
0.855 9.8675 10 0.152285 -2.15149e-13 9798.62 13255.9 -1.41515 -3.71821e-11 
0.855 10 10.4336 0 0 5122.91 6665.53 9670.05 10519.8 
0.855 10 9.56636 0 0 5122.91 6665.53 9670.05 -10519.8 
0.86 9.86826 10 0.152188 -2.18017e-13 9816.77 13292.7 -1.31932 -3.49616e-11 
0.86 10 10.4336 0 0 5129.88 6683.93 9670.01 10566.8 
0.86 10 9.56636 0 0 5129.88 6683.93 9670.01 -10566.8 
0.865 9.86902 10 0.152097 -2.20944e-13 9835.22 13329.4 -1.22422 -3.09137e-11 
0.865 10 10.4336 0 0 5137.02 6702.28 9669.96 10609.5 
0.865 10 9.56636 0 0 5137.02 6702.28 9669.96 -10609.5 
0.87 9.86978 10 0.152013 -2.23908e-13 9853.97 13366 -1.12982 -4.32319e-11 
0.87 10 10.4336 0 0 5144.33 6720.57 9669.92 10656.3 
0.87 10 9.56636 0 0 5144.33 6720.57 9669.92 -10656.3 
0.875 9.87054 10 0.151935 -2.26898e-13 9873.04 13402.5 -1.03611 -4.28132e-11 
0.875 10 10.4336 0 0 5151.8 6738.8 9669.88 10698.6 
0.875 10 9.56636 0 0 5151.8 6738.8 9669.88 -10698.6 
0.88 9.8713 10 0.151865 -2.2996e-13 9892.42 13438.8 -0.943067 -4.42036e-11 
0.88 10 10.4336 0 0 5159.45 6756.98 9669.84 10745.2 
0.88 10 9.56636 0 0 5159.45 6756.98 9669.84 -10745.2 
0.885 9.87206 10 0.151801 -2.33067e-13 9912.11 13475.1 -0.850661 -4.37686e-11 
0.885 10 10.4336 0 0 5167.25 6775.09 9669.8 10787.3 
0.885 10 9.56636 0 0 5167.25 6775.09 9669.8 -10787.3 
0.89 9.87282 10 0.151743 -2.36228e-13 9932.12 13511.2 -0.758873 -4.51451e-11 
0.89 10 10.4336 0 0 5175.23 6793.15 9669.76 10833.7 
0.89 10 9.56636 0 0 5175.23 6793.15 9669.76 -10833.7 
0.895 9.87358 10 0.151692 -2.39414e-13 9952.43 13547.2 -0.667683 -4.288e-11 
0.895 10 10.4336 0 0 5183.37 6811.16 9669.71 10875.6 
0.895 10 9.56636 0 0 5183.37 6811.16 9669.71 -10875.6 
0.9 9.87434 10 0.151648 -2.42672e-13 9973.06 13583.1 -0.57707 -4.06049e-11 
0.9 10 10.4336 0 0 5191.68 6829.1 9669.67 10921.7 
0.9 10 9.56636 0 0 5191.68 6829.1 9669.67 -10921.7 
0.905 9.8751 10 0.15161 -2.46011e-13 9994 13618.9 -0.487014 -4.19564e-11 
0.905 10 10.4336 0 0 5200.16 6846.99 9669.63 10963.4 
0.905 10 9.56636 0 0 5200.16 6846.99 9669.63 -10963.4 
0.91 9.87585 10 0.151578 -2.49373e-13 10015.3 13654.5 -0.397496 -5.23998e-11 
0.91 10 10.4336 0 0 5208.8 6864.82 9669.59 11009.2 
0.91 10 9.56636 0 0 5208.8 6864.82 9669.59 -11009.2 
0.915 9.87661 10 0.151553 -2.52807e-13 10036.8 13690.1 -0.308495 -4.28241e-11 
0.915 10 10.4336 0 0 5217.61 6882.59 9669.54 11050.7 
0.915 10 9.56636 0 0 5217.61 6882.59 9669.54 -11050.7 
0.92 9.87737 10 0.151534 -2.56262e-13 10058.7 13725.5 -0.219994 -5.14354e-11 
0.92 10 10.4336 0 0 5226.59 6900.31 9669.5 11096.3 
0.92 10 9.56636 0 0 5226.59 6900.31 9669.5 -11096.3 
0.925 9.87813 10 0.151522 -2.59807e-13 10080.9 13760.8 -0.131972 -4.912e-11 
0.925 10 10.4336 0 0 5235.74 6917.96 9669.46 11137.6 
0.925 10 9.56636 0 0 5235.74 6917.96 9669.46 -11137.6 
0.93 9.87888 10 0.151515 -2.63416e-13 10103.4 13796 -0.0444132 -5.04338e-11 
0.93 10 10.4336 0 0 5245.06 6935.57 9669.42 11183 
0.93 10 9.56636 0 0 5245.06 6935.57 9669.42 -11183 
0.935 9.87964 10 0.151515 -2.671e-13 10126.3 13831.1 0.0427019 -5.1737e-11 
0.935 10 10.4336 0 0 5254.55 6953.11 9669.37 11224.1 
0.935 10 9.56636 0 0 5254.55 6953.11 9669.37 -11224.1 
0.94 9.8804 10 0.151521 -2.70835e-13 10149.5 13866.1 0.12939 -5.30331e-11 
0.94 10 10.4336 0 0 5264.2 6970.59 9669.33 11269.3 
0.94 10 9.56636 0 0 5264.2 6970.59 9669.33 -11269.3 
0.945 9.88116 10 0.151534 -2.74643e-13 10172.9 13900.9 0.21567 -6.3414e-11 
0.945 10 10.4336 0 0 5274.03 6988.02 9669.28 11310.1 
0.945 10 9.56636 0 0 5274.03 6988.02 9669.28 -11310.1 
0.95 9.88191 10 0.151552 -2.78518e-13 10196.7 13935.7 0.301557 -5.01385e-11 
0.95 10 10.4336 0 0 5284.02 7005.39 9669.24 11355.1 
0.95 10 9.56636 0 0 5284.02 7005.39 9669.24 -11355.1 
0.955 9.88267 10 0.151577 -2.82443e-13 10220.9 13970.3 0.387069 -5.32269e-11 
0.955 10 10.4336 0 0 5294.18 7022.7 9669.19 11395.7 
0.955 10 9.56636 0 0 5294.18 7022.7 9669.19 -11395.7 
0.96 9.88343 10 0.151608 -2.86438e-13 10245.3 14004.8 0.472221 -6.17627e-11 
0.96 10 10.4336 0 0 5304.52 7039.96 9669.15 11440.5 
0.96 10 9.56636 0 0 5304.52 7039.96 9669.15 -11440.5 
0.965 9.88419 10 0.151644 -2.90528e-13 10270.1 14039.2 0.55703 -5.02761e-11 
0.965 10 10.4336 0 0 5315.02 7057.15 9669.1 11480.8 
0.965 10 9.56636 0 0 5315.02 7057.15 9669.1 -11480.8 
0.97 9.88495 10 0.151687 -2.94681e-13 10295.2 14073.5 0.641513 -5.33327e-11 
0.97 10 10.4336 0 0 5325.7 7074.29 9669.06 11525.4 
0.97 10 9.56636 0 0 5325.7 7074.29 9669.06 -11525.4 
0.975 9.88571 10 0.151736 -2.98925e-13 10320.6 14107.6 0.725684 -5.09195e-11 
0.975 10 10.4336 0 0 5336.55 7091.37 9669.01 11565.6 
0.975 10 9.56636 0 0 5336.55 7091.37 9669.01 -11565.6 
0.98 9.88646 10 0.151791 -3.03242e-13 10346.4 14141.7 0.809558 -6.48672e-11 
0.98 10 10.4336 0 0 5347.56 7108.39 9668.97 11610 
0.98 10 9.56636 0 0 5347.56 7108.39 9668.97 -11610 
0.985 9.88722 10 0.151852 -3.07625e-13 10372.5 14175.6 0.893152 -6.60726e-11 
0.985 10 10.4336 0 0 5358.76 7125.35 9668.92 11649.9 
0.985 10 9.56636 0 0 5358.76 7125.35 9668.92 -11649.9 
0.99 9.88798 10 0.151918 -3.12091e-13 10398.9 14209.4 0.976479 -6.36283e-11 
0.99 10 10.4336 0 0 5370.12 7142.25 9668.88 11694.1 
0.99 10 9.56636 0 0 5370.12 7142.25 9668.88 -11694.1 
0.995 9.88874 10 0.151991 -3.1666e-13 10425.6 14243.1 1.05956 -6.29886e-11 
0.995 10 10.4336 0 0 5381.66 7159.09 9668.83 11733.9 
0.995 10 9.56636 0 0 5381.66 7159.09 9668.83 -11733.9 
1 9.8895 10 0.15207 -3.21304e-13 10452.7 14276.6 1.14239 -6.59765e-11 
1 10 10.4336 0 0 5393.37 7175.87 9668.78 11777.8 
1 10 9.56636 0 0 5393.37 7175.87 9668.78 -11777.8 
1.005 9.89026 10 0.152154 -3.26057e-13 10480.1 14310.1 1.22501 -6.5311e-11 
1.005 10 10.4336 0 0 5405.25 7192.6 9668.73 11817.4 
1.005 10 9.56636 0 0 5405.25 7192.6 9668.73 -11817.4 
1.01 9.89102 10 0.152245 -3.30869e-13 10507.9 14343.4 1.30742 -7.73704e-11 
1.01 10 10.4336 0 0 5417.31 7209.26 9668.69 11861.2 
1.01 10 9.56636 0 0 5417.31 7209.26 9668.69 -11861.2 
1.015 9.89179 10 0.152341 -3.35813e-13 10536 14376.6 1.38963 -6.57642e-11 
1.015 10 10.4336 0 0 5429.54 7225.86 9668.64 11900.5 
1.015 10 9.56636 0 0 5429.54 7225.86 9668.64 -11900.5 
1.02 9.89255 10 0.152443 -3.4082e-13 10564.4 14409.7 1.47166 -7.05202e-11 
1.02 10 10.4336 0 0 5441.95 7242.4 9668.59 11944.1 
1.02 10 9.56636 0 0 5441.95 7242.4 9668.59 -11944.1 
1.025 9.89331 10 0.152551 -3.45927e-13 10593.2 14442.6 1.55352 -7.70813e-11 
1.025 10 10.4336 0 0 5454.53 7258.88 9668.54 11983.2 
1.025 10 9.56636 0 0 5454.53 7258.88 9668.54 -11983.2 
1.03 9.89407 10 0.152665 -3.51162e-13 10622.3 14475.5 1.63523 -6.90723e-11 
1.03 10 10.4336 0 0 5467.29 7275.3 9668.5 12026.6 
1.03 10 9.56636 0 0 5467.29 7275.3 9668.5 -12026.6 
1.035 9.89484 10 0.152785 -3.56491e-13 10651.7 14508.2 1.7168 -8.28784e-11 
1.035 10 10.4336 0 0 5480.23 7291.65 9668.44 12065.6 
1.035 10 9.56636 0 0 5480.23 7291.65 9668.44 -12065.6 
1.04 9.8956 10 0.15291 -3.61943e-13 10681.5 14540.8 1.79824 -7.1201e-11 
1.04 10 10.4336 0 0 5493.34 7307.95 9668.4 12108.7 
1.04 10 9.56636 0 0 5493.34 7307.95 9668.4 -12108.7 
1.045 9.89637 10 0.153042 -3.67514e-13 10711.6 14573.2 1.87956 -8.1335e-11 
1.045 10 10.4336 0 0 5506.64 7324.18 9668.35 12147.5 
1.045 10 9.56636 0 0 5506.64 7324.18 9668.35 -12147.5 
1.05 9.89713 10 0.153179 -3.73169e-13 10742.1 14605.6 1.96078 -8.05434e-11 
1.05 10 10.4336 0 0 5520.11 7340.35 9668.3 12190.4 
1.05 10 9.56636 0 0 5520.11 7340.35 9668.3 -12190.4 
1.055 9.8979 10 0.153322 -3.78943e-13 10772.9 14637.8 2.04191 -8.15539e-11 
1.055 10 10.4336 0 0 5533.76 7356.46 9668.24 12229 
1.055 10 9.56636 0 0 5533.76 7356.46 9668.24 -12229 
1.06 9.89866 10 0.153471 -3.84828e-13 10804.1 14669.9 2.12296 -8.25491e-11 
1.06 10 10.4336 0 0 5547.59 7372.5 9668.2 12271.7 
1.06 10 9.56636 0 0 5547.59 7372.5 9668.2 -12271.7 
1.065 9.89943 10 0.153625 -3.90861e-13 10835.6 14701.8 2.20395 -8.35235e-11 
1.065 10 10.4336 0 0 5561.6 7388.47 9668.14 12310.1 
1.065 10 9.56636 0 0 5561.6 7388.47 9668.14 -12310.1 
1.07 9.9002 10 0.153785 -3.96989e-13 10867.5 14733.7 2.28488 -8.81226e-11 
1.07 10 10.4336 0 0 5575.79 7404.39 9668.09 12352.7 
1.07 10 9.56636 0 0 5575.79 7404.39 9668.09 -12352.7 
1.075 9.90097 10 0.153952 -4.03265e-13 10899.7 14765.4 2.36577 -8.5425e-11 
1.075 10 10.4336 0 0 5590.16 7420.24 9668.04 12390.8 
1.075 10 9.56636 0 0 5590.16 7420.24 9668.04 -12390.8 
1.08 9.90174 10 0.154123 -4.09697e-13 10932.3 14796.9 2.44663 -8.81624e-11 
1.08 10 10.4336 0 0 5604.71 7436.02 9667.99 12433.2 
1.08 10 9.56636 0 0 5604.71 7436.02 9667.99 -12433.2 
1.085 9.90251 10 0.154301 -4.16252e-13 10965.2 14828.4 2.52747 -8.90638e-11 
1.085 10 10.4336 0 0 5619.45 7451.73 9667.93 12471.2 
1.085 10 9.56636 0 0 5619.45 7451.73 9667.93 -12471.2 
1.09 9.90328 10 0.154484 -4.22927e-13 10998.5 14859.7 2.60831 -9.90432e-11 
1.09 10 10.4336 0 0 5634.37 7467.38 9667.88 12513.3 
1.09 10 9.56636 0 0 5634.37 7467.38 9667.88 -12513.3 
1.095 9.90406 10 0.154674 -4.29792e-13 11032.2 14890.8 2.68915 -9.99011e-11 
1.095 10 10.4336 0 0 5649.47 7482.97 9667.83 12551.1 
1.095 10 9.56636 0 0 5649.47 7482.97 9667.83 -12551.1 
1.1 9.90483 10 0.154869 -4.3677e-13 11066.2 14921.8 2.77 -9.16482e-11 
1.1 10 10.4336 0 0 5664.76 7498.48 9667.77 12593.1 
1.1 10 9.56636 0 0 5664.76 7498.48 9667.77 -12593.1 
1.105 9.9056 10 0.155069 -4.43897e-13 11100.5 14952.7 2.85089 -1.10659e-10 
1.105 10 10.4336 0 0 5680.24 7513.93 9667.72 12630.6 
1.105 10 9.56636 0 0 5680.24 7513.93 9667.72 -12630.6 
1.11 9.90638 10 0.155276 -4.51238e-13 11135.3 14983.5 2.93181 -9.50797e-11 
1.11 10 10.4336 0 0 5695.9 7529.3 9667.66 12672.4 
1.11 10 9.56636 0 0 5695.9 7529.3 9667.66 -12672.4 
1.115 9.90716 10 0.155488 -4.58702e-13 11170.3 15014.1 3.01278 -1.06768e-10 
1.115 10 10.4336 0 0 5711.74 7544.61 9667.61 12709.8 
1.115 10 9.56636 0 0 5711.74 7544.61 9667.61 -12709.8 
1.12 9.90794 10 0.155706 -4.66378e-13 11205.8 15044.6 3.09382 -9.84172e-11 
1.12 10 10.4336 0 0 5727.78 7559.85 9667.55 12751.3 
1.12 10 9.56636 0 0 5727.78 7559.85 9667.55 -12751.3 
1.125 9.90871 10 0.15593 -4.74248e-13 11241.6 15074.9 3.17492 -1.13686e-10 
1.125 10 10.4336 0 0 5744 7575.02 9667.5 12788.5 
1.125 10 9.56636 0 0 5744 7575.02 9667.5 -12788.5 
1.13 9.90949 10 0.15616 -4.82254e-13 11277.8 15105.1 3.25611 -1.08928e-10 
1.13 10 10.4336 0 0 5760.41 7590.11 9667.44 12829.9 
1.13 10 9.56636 0 0 5760.41 7590.11 9667.44 -12829.9 
1.135 9.91028 10 0.156395 -4.90474e-13 11314.4 15135.2 3.3374 -1.18691e-10 
1.135 10 10.4336 0 0 5777.01 7605.14 9667.38 12866.8 
1.135 10 9.56636 0 0 5777.01 7605.14 9667.38 -12866.8 
1.14 9.91106 10 0.156637 -4.98869e-13 11351.3 15165.1 3.41878 -1.12058e-10 
1.14 10 10.4336 0 0 5793.8 7620.09 9667.33 12908 
1.14 10 9.56636 0 0 5793.8 7620.09 9667.33 -12908 
1.145 9.91184 10 0.156884 -5.07472e-13 11388.6 15194.8 3.50029 -1.19949e-10 
1.145 10 10.4336 0 0 5810.79 7634.97 9667.27 12944.8 
1.145 10 9.56636 0 0 5810.79 7634.97 9667.27 -12944.8 
1.15 9.91263 10 0.157137 -5.16244e-13 11426.3 15224.4 3.58191 -1.18721e-10 
1.15 10 10.4336 0 0 5827.96 7649.77 9667.21 12985.7 
1.15 10 9.56636 0 0 5827.96 7649.77 9667.21 -12985.7 
1.155 9.91341 10 0.157395 -5.25272e-13 11464.4 15253.9 3.66368 -1.22914e-10 
1.155 10 10.4336 0 0 5845.33 7664.5 9667.15 13022.3 
1.155 10 9.56636 0 0 5845.33 7664.5 9667.15 -13022.3 
1.16 9.9142 10 0.15766 -5.34465e-13 11502.8 15283.2 3.74559 -1.27084e-10 
1.16 10 10.4336 0 0 5862.89 7679.15 9667.09 13063 
1.16 10 9.56636 0 0 5862.89 7679.15 9667.09 -13063 
1.165 9.91499 10 0.157931 -5.43912e-13 11541.6 15312.3 3.82766 -1.29399e-10 
1.165 10 10.4336 0 0 5880.64 7693.73 9667.03 13099.4 
1.165 10 9.56636 0 0 5880.64 7693.73 9667.03 -13099.4 
1.17 9.91578 10 0.158207 -5.53632e-13 11580.8 15341.3 3.90989 -1.42591e-10 
1.17 10 10.4336 0 0 5898.59 7708.23 9666.97 13139.9 
1.17 10 9.56636 0 0 5898.59 7708.23 9666.97 -13139.9 
1.175 9.91657 10 0.158489 -5.6358e-13 11620.4 15370.2 3.99231 -1.50293e-10 
1.175 10 10.4336 0 0 5916.74 7722.65 9666.91 13176 
1.175 10 9.56636 0 0 5916.74 7722.65 9666.91 -13176 
1.18 9.91737 10 0.158777 -5.73751e-13 11660.3 15398.9 4.07491 -1.4705e-10 
1.18 10 10.4336 0 0 5935.08 7736.99 9666.85 13216.4 
1.18 10 9.56636 0 0 5935.08 7736.99 9666.85 -13216.4 
1.185 9.91816 10 0.159071 -5.842e-13 11700.7 15427.4 4.15771 -1.54682e-10 
1.185 10 10.4336 0 0 5953.62 7751.25 9666.78 13252.3 
1.185 10 9.56636 0 0 5953.62 7751.25 9666.78 -13252.3 
1.19 9.91896 10 0.159371 -5.94905e-13 11741.4 15455.7 4.24072 -1.55002e-10 
1.19 10 10.4336 0 0 5972.36 7765.43 9666.72 13292.4 
1.19 10 9.56636 0 0 5972.36 7765.43 9666.72 -13292.4 
1.195 9.91975 10 0.159677 -6.05881e-13 11782.6 15483.9 4.32395 -1.60742e-10 
1.195 10 10.4336 0 0 5991.3 7779.53 9666.66 13328.1 
1.195 10 9.56636 0 0 5991.3 7779.53 9666.66 -13328.1 
1.2 9.92055 10 0.159989 -6.17071e-13 11824.1 15512 4.40741 -1.59175e-10 
1.2 10 10.4336 0 0 6010.43 7793.55 9666.6 13368 
1.2 10 9.56636 0 0 6010.43 7793.55 9666.6 -13368 
1.205 9.92135 10 0.160307 -6.28621e-13 11866 15539.9 4.49111 -1.66653e-10 
1.205 10 10.4336 0 0 6029.77 7807.48 9666.53 13403.5 
1.205 10 9.56636 0 0 6029.77 7807.48 9666.53 -13403.5 
1.21 9.92216 10 0.160631 -6.40439e-13 11908.3 15567.6 4.57505 -1.55904e-10 
1.21 10 10.4336 0 0 6049.31 7821.33 9666.47 13443.2 
1.21 10 9.56636 0 0 6049.31 7821.33 9666.47 -13443.2 
1.215 9.92296 10 0.16096 -6.52587e-13 11951 15595.1 4.65926 -1.68755e-10 
1.215 10 10.4336 0 0 6069.05 7835.1 9666.4 13478.5 
1.215 10 9.56636 0 0 6069.05 7835.1 9666.4 -13478.5 
1.22 9.92377 10 0.161296 -6.6506e-13 11994.1 15622.4 4.74374 -1.70647e-10 
1.22 10 10.4336 0 0 6088.99 7848.78 9666.34 13518 
1.22 10 9.56636 0 0 6088.99 7848.78 9666.34 -13518 
1.225 9.92457 10 0.161638 -6.77861e-13 12037.6 15649.6 4.82849 -1.79769e-10 
1.225 10 10.4336 0 0 6109.14 7862.37 9666.27 13553 
1.225 10 9.56636 0 0 6109.14 7862.37 9666.27 -13553 
1.23 9.92538 10 0.161986 -6.90975e-13 12081.4 15676.6 4.91354 -1.90666e-10 
1.23 10 10.4336 0 0 6129.5 7875.87 9666.2 13592.2 
1.23 10 9.56636 0 0 6129.5 7875.87 9666.2 -13592.2 
1.235 9.92619 10 0.16234 -7.04483e-13 12125.7 15703.4 4.99888 -1.94232e-10 
1.235 10 10.4336 0 0 6150.05 7889.28 9666.13 13627.1 
1.235 10 9.56636 0 0 6150.05 7889.28 9666.13 -13627.1 
1.24 9.92701 10 0.1627 -7.18343e-13 12170.4 15730.1 5.08454 -1.88653e-10 
1.24 10 10.4336 0 0 6170.82 7902.6 9666.07 13666.1 
1.24 10 9.56636 0 0 6170.82 7902.6 9666.07 -13666.1 
1.245 9.92782 10 0.163066 -7.32562e-13 12215.5 15756.5 5.17051 -2.1031e-10 
1.245 10 10.4336 0 0 6191.79 7915.83 9666 13700.7 
1.245 10 9.56636 0 0 6191.79 7915.83 9666 -13700.7 
1.25 9.92864 10 0.163439 -7.47199e-13 12261 15782.8 5.25682 -2.15536e-10 
1.25 10 10.4336 0 0 6212.97 7928.97 9665.93 13739.5 
1.25 10 9.56636 0 0 6212.97 7928.97 9665.93 -13739.5 
1.255 9.92945 10 0.163817 -7.62204e-13 12306.9 15808.9 5.34346 -2.04341e-10 
1.255 10 10.4336 0 0 6234.37 7942.01 9665.86 13773.8 
1.255 10 9.56636 0 0 6234.37 7942.01 9665.86 -13773.8 
1.26 9.93027 10 0.164202 -7.77649e-13 12353.3 15834.8 5.43045 -2.25825e-10 
1.26 10 10.4336 0 0 6255.97 7954.96 9665.79 13812.4 
1.26 10 9.56636 0 0 6255.97 7954.96 9665.79 -13812.4 
1.265 9.9311 10 0.164593 -7.93532e-13 12400 15860.5 5.51781 -2.29059e-10 
1.265 10 10.4336 0 0 6277.78 7967.81 9665.72 13846.5 
1.265 10 9.56636 0 0 6277.78 7967.81 9665.72 -13846.5 
1.27 9.93192 10 0.16499 -8.09861e-13 12447.1 15886 5.60553 -2.35868e-10 
1.27 10 10.4336 0 0 6299.8 7980.56 9665.65 13884.8 
1.27 10 9.56636 0 0 6299.8 7980.56 9665.65 -13884.8 
1.275 9.93275 10 0.165394 -8.26671e-13 12494.7 15911.3 5.69363 -2.4079e-10 
1.275 10 10.4336 0 0 6322.04 7993.21 9665.57 13918.7 
1.275 10 9.56636 0 0 6322.04 7993.21 9665.57 -13918.7 
1.28 9.93357 10 0.165804 -8.43953e-13 12542.7 15936.4 5.78212 -2.31095e-10 
1.28 10 10.4336 0 0 6344.49 8005.77 9665.5 13956.7 
1.28 10 9.56636 0 0 6344.49 8005.77 9665.5 -13956.7 
1.285 9.9344 10 0.16622 -8.61716e-13 12591.1 15961.3 5.87102 -2.55893e-10 
1.285 10 10.4336 0 0 6367.15 8018.22 9665.43 13990.4 
1.285 10 9.56636 0 0 6367.15 8018.22 9665.43 -13990.4 
1.29 9.93524 10 0.166642 -8.79988e-13 12639.9 15986 5.96032 -2.47878e-10 
1.29 10 10.4336 0 0 6390.03 8030.57 9665.35 14028.1 
1.29 10 9.56636 0 0 6390.03 8030.57 9665.35 -14028.1 
1.295 9.93607 10 0.167071 -8.988e-13 12689.1 16010.5 6.05004 -2.7071e-10 
1.295 10 10.4336 0 0 6413.12 8042.81 9665.28 14061.5 
1.295 10 9.56636 0 0 6413.12 8042.81 9665.28 -14061.5 
1.3 9.93691 10 0.167507 -9.18159e-13 12738.7 16034.8 6.14019 -2.75276e-10 
1.3 10 10.4336 0 0 6436.44 8054.95 9665.2 14099.1 
1.3 10 9.56636 0 0 6436.44 8054.95 9665.2 -14099.1 
1.305 9.93775 10 0.167949 -9.38082e-13 12788.8 16058.8 6.23078 -2.8522e-10 
1.305 10 10.4336 0 0 6459.97 8066.98 9665.13 14132.2 
1.305 10 9.56636 0 0 6459.97 8066.98 9665.13 -14132.2 
1.31 9.93859 10 0.168397 -9.58607e-13 12839.3 16082.7 6.32183 -3.02355e-10 
1.31 10 10.4336 0 0 6483.72 8078.9 9665.05 14169.5 
1.31 10 9.56636 0 0 6483.72 8078.9 9665.05 -14169.5 
1.315 9.93943 10 0.168852 -9.79709e-13 12890.2 16106.3 6.41333 -3.0122e-10 
1.315 10 10.4336 0 0 6507.68 8090.71 9664.97 14202.3 
1.315 10 9.56636 0 0 6507.68 8090.71 9664.97 -14202.3 
1.32 9.94028 10 0.169313 -1.00148e-12 12941.6 16129.7 6.5053 -3.07267e-10 
1.32 10 10.4336 0 0 6531.87 8102.41 9664.9 14239.3 
1.32 10 9.56636 0 0 6531.87 8102.41 9664.9 -14239.3 
1.325 9.94112 10 0.169781 -1.02388e-12 12993.4 16152.9 6.59776 -3.16865e-10 
1.325 10 10.4336 0 0 6556.28 8114 9664.81 14271.9 
1.325 10 9.56636 0 0 6556.28 8114 9664.81 -14271.9 
1.33 9.94197 10 0.170256 -1.04693e-12 13045.6 16175.8 6.6907 -3.24551e-10 
1.33 10 10.4336 0 0 6580.91 8125.47 9664.74 14308.7 
1.33 10 9.56636 0 0 6580.91 8125.47 9664.74 -14308.7 
1.335 9.94283 10 0.170737 -1.07072e-12 13098.2 16198.5 6.78415 -3.3941e-10 
1.335 10 10.4336 0 0 6605.77 8136.83 9664.65 14341 
1.335 10 9.56636 0 0 6605.77 8136.83 9664.65 -14341 
1.34 9.94368 10 0.171225 -1.09528e-12 13151.2 16221 6.87811 -3.41429e-10 
1.34 10 10.4336 0 0 6630.85 8148.07 9664.58 14377.4 
1.34 10 9.56636 0 0 6630.85 8148.07 9664.58 -14377.4 
1.345 9.94454 10 0.171719 -1.12056e-12 13204.7 16243.3 6.97259 -3.45167e-10 
1.345 10 10.4336 0 0 6656.15 8159.19 9664.49 14409.5 
1.345 10 9.56636 0 0 6656.15 8159.19 9664.49 -14409.5 
1.35 9.9454 10 0.172221 -1.14665e-12 13258.7 16265.3 7.06761 -3.65161e-10 
1.35 10 10.4336 0 0 6681.68 8170.18 9664.41 14445.6 
1.35 10 9.56636 0 0 6681.68 8170.18 9664.41 -14445.6 
1.355 9.94626 10 0.172729 -1.17349e-12 13313 16287 7.16316 -3.79593e-10 
1.355 10 10.4336 0 0 6707.44 8181.06 9664.33 14477.4 
1.355 10 9.56636 0 0 6707.44 8181.06 9664.33 -14477.4 
1.36 9.94713 10 0.173244 -1.20121e-12 13367.8 16308.5 7.25928 -3.95722e-10 
1.36 10 10.4336 0 0 6733.42 8191.81 9664.24 14513.2 
1.36 10 9.56636 0 0 6733.42 8191.81 9664.24 -14513.2 
1.365 9.94799 10 0.173766 -1.22976e-12 13423.1 16329.7 7.35595 -4.11734e-10 
1.365 10 10.4336 0 0 6759.63 8202.43 9664.16 14544.7 
1.365 10 9.56636 0 0 6759.63 8202.43 9664.16 -14544.7 
1.37 9.94886 10 0.174295 -1.25919e-12 13478.7 16350.7 7.45321 -4.11252e-10 
1.37 10 10.4336 0 0 6786.07 8212.92 9664.07 14580.2 
1.37 10 9.56636 0 0 6786.07 8212.92 9664.07 -14580.2 
1.375 9.94974 10 0.174831 -1.28953e-12 13534.9 16371.5 7.55104 -4.14279e-10 
1.375 10 10.4336 0 0 6812.74 8223.29 9663.98 14611.4 
1.375 10 9.56636 0 0 6812.74 8223.29 9663.98 -14611.4 
1.38 9.95061 10 0.175374 -1.32088e-12 13591.4 16391.9 7.64948 -4.35357e-10 
1.38 10 10.4336 0 0 6839.64 8233.52 9663.9 14646.6 
1.38 10 9.56636 0 0 6839.64 8233.52 9663.9 -14646.6 
1.385 9.95149 10 0.175924 -1.35323e-12 13648.4 16412.1 7.74852 -4.6357e-10 
1.385 10 10.4336 0 0 6866.77 8243.62 9663.81 14677.4 
1.385 10 9.56636 0 0 6866.77 8243.62 9663.81 -14677.4 
1.39 9.95237 10 0.176481 -1.38653e-12 13705.8 16432 7.84818 -4.71641e-10 
1.39 10 10.4336 0 0 6894.13 8253.58 9663.72 14712.4 
1.39 10 9.56636 0 0 6894.13 8253.58 9663.72 -14712.4 
1.395 9.95325 10 0.177045 -1.42094e-12 13763.7 16451.7 7.94847 -4.70461e-10 
1.395 10 10.4336 0 0 6921.72 8263.41 9663.63 14742.9 
1.395 10 9.56636 0 0 6921.72 8263.41 9663.63 -14742.9 
1.4 9.95414 10 0.177616 -1.45645e-12 13822 16471.1 8.0494 -5.03689e-10 
1.4 10 10.4336 0 0 6949.55 8273.09 9663.54 14777.5 
1.4 10 9.56636 0 0 6949.55 8273.09 9663.54 -14777.5 
1.405 9.95503 10 0.178195 -1.49311e-12 13880.8 16490.2 8.15098 -5.0947e-10 
1.405 10 10.4336 0 0 6977.61 8282.64 9663.45 14807.6 
1.405 10 9.56636 0 0 6977.61 8282.64 9663.45 -14807.6 
1.41 9.95592 10 0.178781 -1.53092e-12 13940 16509 8.25323 -5.31463e-10 
1.41 10 10.4336 0 0 7005.9 8292.03 9663.36 14841.9 
1.41 10 9.56636 0 0 7005.9 8292.03 9663.36 -14841.9 
1.415 9.95682 10 0.179374 -1.56988e-12 13999.6 16527.5 8.35615 -5.51474e-10 
1.415 10 10.4336 0 0 7034.43 8301.29 9663.26 14871.7 
1.415 10 9.56636 0 0 7034.43 8301.29 9663.26 -14871.7 
1.42 9.95772 10 0.179974 -1.6101e-12 14059.7 16545.7 8.45976 -5.74948e-10 
1.42 10 10.4336 0 0 7063.2 8310.39 9663.17 14905.7 
1.42 10 9.56636 0 0 7063.2 8310.39 9663.17 -14905.7 
1.425 9.95862 10 0.180582 -1.65162e-12 14120.3 16563.6 8.56406 -5.87324e-10 
1.425 10 10.4336 0 0 7092.2 8319.35 9663.08 14935.1 
1.425 10 9.56636 0 0 7092.2 8319.35 9663.08 -14935.1 
1.43 9.95952 10 0.181198 -1.69449e-12 14181.2 16581.2 8.66908 -6.01332e-10 
1.43 10 10.4336 0 0 7121.45 8328.15 9662.98 14968.7 
1.43 10 9.56636 0 0 7121.45 8328.15 9662.98 -14968.7 
1.435 9.96043 10 0.181821 -1.7387e-12 14242.7 16598.5 8.77481 -6.20609e-10 
1.435 10 10.4336 0 0 7150.92 8336.8 9662.88 14997.8 
1.435 10 9.56636 0 0 7150.92 8336.8 9662.88 -14997.8 
1.44 9.96134 10 0.182451 -1.78427e-12 14304.5 16615.5 8.88128 -6.59703e-10 
1.44 10 10.4336 0 0 7180.64 8345.29 9662.79 15031 
1.44 10 9.56636 0 0 7180.64 8345.29 9662.79 -15031 
1.445 9.96225 10 0.18309 -1.83134e-12 14366.9 16632.1 8.98849 -6.69485e-10 
1.445 10 10.4336 0 0 7210.6 8353.62 9662.69 15059.8 
1.445 10 9.56636 0 0 7210.6 8353.62 9662.69 -15059.8 
1.45 9.96317 10 0.183736 -1.87984e-12 14429.6 16648.5 9.09646 -6.97256e-10 
1.45 10 10.4336 0 0 7240.79 8361.79 9662.59 15092.6 
1.45 10 9.56636 0 0 7240.79 8361.79 9662.59 -15092.6 
1.455 9.96409 10 0.184389 -1.92991e-12 14492.8 16664.5 9.20519 -7.1935e-10 
1.455 10 10.4336 0 0 7271.23 8369.8 9662.49 15121 
1.455 10 9.56636 0 0 7271.23 8369.8 9662.49 -15121 
1.46 9.96502 10 0.185051 -1.98154e-12 14556.5 16680.2 9.31471 -7.44864e-10 
1.46 10 10.4336 0 0 7301.9 8377.64 9662.39 15153.4 
1.46 10 9.56636 0 0 7301.9 8377.64 9662.39 -15153.4 
1.465 9.96594 10 0.18572 -2.03482e-12 14620.6 16695.5 9.42503 -7.64689e-10 
1.465 10 10.4336 0 0 7332.82 8385.31 9662.29 15181.4 
1.465 10 9.56636 0 0 7332.82 8385.31 9662.29 -15181.4 
1.47 9.96687 10 0.186397 -2.08971e-12 14685.2 16710.5 9.53614 -7.73376e-10 
1.47 10 10.4336 0 0 7363.98 8392.81 9662.18 15213.4 
1.47 10 9.56636 0 0 7363.98 8392.81 9662.18 -15213.4 
1.475 9.96781 10 0.187082 -2.14629e-12 14750.2 16725.2 9.64808 -8.09111e-10 
1.475 10 10.4336 0 0 7395.38 8400.14 9662.08 15241 
1.475 10 9.56636 0 0 7395.38 8400.14 9662.08 -15241 
1.48 9.96874 10 0.187775 -2.20462e-12 14815.6 16739.5 9.76085 -8.35506e-10 
1.48 10 10.4336 0 0 7427.02 8407.29 9661.98 15272.6 
1.48 10 9.56636 0 0 7427.02 8407.29 9661.98 -15272.6 
1.485 9.96968 10 0.188477 -2.26474e-12 14881.5 16753.4 9.87447 -8.6165e-10 
1.485 10 10.4336 0 0 7458.9 8414.26 9661.87 15299.8 
1.485 10 9.56636 0 0 7458.9 8414.26 9661.87 -15299.8 
1.49 9.97063 10 0.189186 -2.32665e-12 14947.8 16767 9.98894 -8.85724e-10 
1.49 10 10.4336 0 0 7491.03 8421.05 9661.76 15331 
1.49 10 9.56636 0 0 7491.03 8421.05 9661.76 -15331 
1.495 9.97158 10 0.189904 -2.39041e-12 15014.6 16780.2 10.1043 -9.1136e-10 
1.495 10 10.4336 0 0 7523.4 8427.66 9661.65 15357.7 
1.495 10 9.56636 0 0 7523.4 8427.66 9661.65 -15357.7 
1.5 9.97253 10 0.19063 -2.456e-12 15081.8 16793 10.2205 -9.22186e-10 
1.5 10 10.4336 0 0 7556.01 8434.08 9661.55 15388.5 
1.5 10 9.56636 0 0 7556.01 8434.08 9661.55 -15388.5 
1.505 9.97348 10 0.191364 -2.52355e-12 15149.4 16805.5 10.3376 -9.61842e-10 
1.505 10 10.4336 0 0 7588.87 8440.31 9661.43 15414.7 
1.505 10 9.56636 0 0 7588.87 8440.31 9661.43 -15414.7 
1.51 9.97444 10 0.192106 -2.59305e-12 15217.5 16817.6 10.4557 -9.93949e-10 
1.51 10 10.4336 0 0 7621.97 8446.35 9661.32 15445.1 
1.51 10 9.56636 0 0 7621.97 8446.35 9661.32 -15445.1 
1.515 9.9754 10 0.192857 -2.66447e-12 15286.1 16829.3 10.5746 -1.00396e-09 
1.515 10 10.4336 0 0 7655.32 8452.19 9661.21 15470.9 
1.515 10 9.56636 0 0 7655.32 8452.19 9661.21 -15470.9 
1.52 9.97637 10 0.193617 -2.73792e-12 15355 16840.6 10.6945 -1.03369e-09 
1.52 10 10.4336 0 0 7688.91 8457.83 9661.1 15500.8 
1.52 10 9.56636 0 0 7688.91 8457.83 9661.1 -15500.8 
1.525 9.97734 10 0.194385 -2.81334e-12 15424.4 16851.4 10.8154 -1.05952e-09 
1.525 10 10.4336 0 0 7722.75 8463.28 9660.98 15526.1 
1.525 10 9.56636 0 0 7722.75 8463.28 9660.98 -15526.1 
1.53 9.97831 10 0.195162 -2.89073e-12 15494.3 16861.9 10.9372 -1.08506e-09 
1.53 10 10.4336 0 0 7756.82 8468.52 9660.87 15555.5 
1.53 10 9.56636 0 0 7756.82 8468.52 9660.87 -15555.5 
1.535 9.97929 10 0.195948 -2.97014e-12 15564.6 16872 11.0601 -1.1267e-09 
1.535 10 10.4336 0 0 7791.15 8473.55 9660.75 15580.4 
1.535 10 9.56636 0 0 7791.15 8473.55 9660.75 -15580.4 
1.54 9.98027 10 0.196742 -3.05156e-12 15635.3 16881.6 11.1839 -1.15531e-09 
1.54 10 10.4336 0 0 7825.72 8478.37 9660.64 15609.3 
1.54 10 9.56636 0 0 7825.72 8478.37 9660.64 -15609.3 
1.545 9.98126 10 0.197545 -3.13499e-12 15706.4 16890.8 11.3087 -1.18001e-09 
1.545 10 10.4336 0 0 7860.53 8482.98 9660.52 15633.7 
1.545 10 9.56636 0 0 7860.53 8482.98 9660.52 -15633.7 
1.55 9.98225 10 0.198358 -3.22035e-12 15778 16899.6 11.4346 -1.2099e-09 
1.55 10 10.4336 0 0 7895.58 8487.37 9660.4 15662.1 
1.55 10 9.56636 0 0 7895.58 8487.37 9660.4 -15662.1 
1.555 9.98324 10 0.199179 -3.30764e-12 15849.9 16908 11.5615 -1.2377e-09 
1.555 10 10.4336 0 0 7930.88 8491.55 9660.27 15685.9 
1.555 10 9.56636 0 0 7930.88 8491.55 9660.27 -15685.9 
1.56 9.98424 10 0.200009 -3.39686e-12 15922.3 16915.9 11.6894 -1.26523e-09 
1.56 10 10.4336 0 0 7966.43 8495.5 9660.15 15713.8 
1.56 10 9.56636 0 0 7966.43 8495.5 9660.15 -15713.8 
1.565 9.98524 10 0.200849 -3.48796e-12 15995.2 16923.3 11.8185 -1.28521e-09 
1.565 10 10.4336 0 0 8002.22 8499.23 9660.03 15737.1 
1.565 10 9.56636 0 0 8002.22 8499.23 9660.03 -15737.1 
1.57 9.98625 10 0.201698 -3.58083e-12 16068.4 16930.3 11.9486 -1.31223e-09 
1.57 10 10.4336 0 0 8038.25 8502.73 9659.91 15764.5 
1.57 10 9.56636 0 0 8038.25 8502.73 9659.91 -15764.5 
1.575 9.98726 10 0.202556 -3.67541e-12 16142.1 16936.9 12.0799 -1.33355e-09 
1.575 10 10.4336 0 0 8074.52 8505.99 9659.78 15787.3 
1.575 10 9.56636 0 0 8074.52 8505.99 9659.78 -15787.3 
1.58 9.98827 10 0.203423 -3.77163e-12 16216.1 16942.9 12.2123 -1.36192e-09 
1.58 10 10.4336 0 0 8111.04 8509.02 9659.65 15814.1 
1.58 10 9.56636 0 0 8111.04 8509.02 9659.65 -15814.1 
1.585 9.98929 10 0.204301 -3.86936e-12 16290.6 16948.5 12.3458 -1.37734e-09 
1.585 10 10.4336 0 0 8147.79 8511.81 9659.52 15836.3 
1.585 10 9.56636 0 0 8147.79 8511.81 9659.52 -15836.3 
1.59 9.99032 10 0.205187 -3.96852e-12 16365.5 16953.6 12.4805 -1.39802e-09 
1.59 10 10.4336 0 0 8184.79 8514.36 9659.4 15862.5 
1.59 10 9.56636 0 0 8184.79 8514.36 9659.4 -15862.5 
1.595 9.99135 10 0.206083 -4.06897e-12 16440.8 16958.2 12.6164 -1.41306e-09 
1.595 10 10.4336 0 0 8222.03 8516.66 9659.26 15884.2 
1.595 10 9.56636 0 0 8222.03 8516.66 9659.26 -15884.2 
1.6 9.99238 10 0.20699 -4.17053e-12 16516.5 16962.3 12.7535 -1.42794e-09 
1.6 10 10.4336 0 0 8259.51 8518.72 9659.13 15909.8 
1.6 10 9.56636 0 0 8259.51 8518.72 9659.13 -15909.8 
1.605 9.99342 10 0.207905 -4.27307e-12 16592.6 16965.9 12.8918 -1.44087e-09 
1.605 10 10.4336 0 0 8297.23 8520.52 9659 15930.9 
1.605 10 9.56636 0 0 8297.23 8520.52 9659 -15930.9 
1.61 9.99446 10 0.208831 -4.37638e-12 16669 16969 13.0313 -1.45187e-09 
1.61 10 10.4336 0 0 8335.19 8522.06 9658.87 15955.9 
1.61 10 9.56636 0 0 8335.19 8522.06 9658.87 -15955.9 
1.615 9.9955 10 0.209767 -4.48025e-12 16745.9 16971.6 13.1721 -1.46098e-09 
1.615 10 10.4336 0 0 8373.39 8523.35 9658.73 15976.3 
1.615 10 9.56636 0 0 8373.39 8523.35 9658.73 -15976.3 
1.62 9.99656 10 0.210713 -4.58445e-12 16823.1 16973.6 13.3142 -1.46276e-09 
1.62 10 10.4336 0 0 8411.82 8524.37 9658.59 16000.7 
1.62 10 9.56636 0 0 8411.82 8524.37 9658.59 -16000.7 
1.625 9.99761 10 0.211669 -4.68874e-12 16900.7 16975.1 13.4575 -1.46089e-09 
1.625 10 10.4336 0 0 8450.49 8525.12 9658.45 16020.5 
1.625 10 9.56636 0 0 8450.49 8525.12 9658.45 -16020.5 
1.63 9.99867 10 0.212636 -4.79284e-12 16978.7 16976.1 13.6022 -1.4536e-09 
1.63 10 10.4336 0 0 8489.39 8525.61 9658.31 16044.3 
1.63 10 9.56636 0 0 8489.39 8525.61 9658.31 -16044.3 
1.635 9.99974 10 0.213612 -4.89641e-12 17057.1 16976.5 13.7483 -1.44092e-09 
1.635 10 10.4336 0 0 8528.53 8525.81 9658.17 16063.5 
1.635 10 9.56636 0 0 8528.53 8525.81 9658.17 -16063.5 
1.64 10.0008 10 0.2146 -4.99917e-12 17135.8 16976.4 13.8957 -1.4338e-09 
1.64 10 10.4336 0 0 8567.9 8525.74 9658.03 16086.6 
1.64 10 9.56636 0 0 8567.9 8525.74 9658.03 -16086.6 
1.645 10.0019 10 0.215597 -5.10079e-12 17214.8 16975.7 14.0445 -1.41594e-09 
1.645 10 10.4336 0 0 8607.5 8525.39 9657.88 16105.1 
1.645 10 9.56636 0 0 8607.5 8525.39 9657.88 -16105.1 
1.65 10.003 10 0.216606 -5.20087e-12 17294.2 16974.4 14.1947 -1.39101e-09 
1.65 10 10.4336 0 0 8647.33 8524.75 9657.74 16127.5 
1.65 10 9.56636 0 0 8647.33 8524.75 9657.74 -16127.5 
1.655 10.004 10 0.217625 -5.29902e-12 17374 16972.5 14.3463 -1.35908e-09 
1.655 10 10.4336 0 0 8687.39 8523.82 9657.59 16145.3 
1.655 10 9.56636 0 0 8687.39 8523.82 9657.59 -16145.3 
1.66 10.0051 10 0.218656 -5.39488e-12 17454.1 16970.1 14.4994 -1.32202e-09 
1.66 10 10.4336 0 0 8727.67 8522.59 9657.44 16167 
1.66 10 9.56636 0 0 8727.67 8522.59 9657.44 -16167 
1.665 10.0062 10 0.219697 -5.48797e-12 17534.5 16967 14.654 -1.27988e-09 
1.665 10 10.4336 0 0 8768.18 8521.07 9657.29 16184.1 
1.665 10 9.56636 0 0 8768.18 8521.07 9657.29 -16184.1 
1.67 10.0073 10 0.220749 -5.57782e-12 17615.3 16963.4 14.8101 -1.23638e-09 
1.67 10 10.4336 0 0 8808.92 8519.24 9657.14 16205.1 
1.67 10 9.56636 0 0 8808.92 8519.24 9657.14 -16205.1 
1.675 10.0084 10 0.221812 -5.66404e-12 17696.4 16959.1 14.9677 -1.18247e-09 
1.675 10 10.4336 0 0 8849.87 8517.1 9656.99 16221.5 
1.675 10 9.56636 0 0 8849.87 8517.1 9656.99 -16221.5 
1.68 10.0096 10 0.222887 -5.74613e-12 17777.8 16954.2 15.1268 -1.11459e-09 
1.68 10 10.4336 0 0 8891.05 8514.66 9656.83 16241.7 
1.68 10 9.56636 0 0 8891.05 8514.66 9656.83 -16241.7 
1.685 10.0107 10 0.223973 -5.82356e-12 17859.5 16948.7 15.2876 -1.05099e-09 
1.685 10 10.4336 0 0 8932.44 8511.9 9656.68 16257.4 
1.685 10 9.56636 0 0 8932.44 8511.9 9656.68 -16257.4 
1.69 10.0118 10 0.225071 -5.89584e-12 17941.5 16942.5 15.45 -9.75391e-10 
1.69 10 10.4336 0 0 8974.05 8508.82 9656.52 16276.8 
1.69 10 9.56636 0 0 8974.05 8508.82 9656.52 -16276.8 
1.695 10.0129 10 0.226181 -5.96249e-12 18023.7 16935.7 15.614 -8.76929e-10 
1.695 10 10.4336 0 0 9015.87 8505.42 9656.36 16291.7 
1.695 10 9.56636 0 0 9015.87 8505.42 9656.36 -16291.7 
1.7 10.0141 10 0.227302 -6.02298e-12 18106.3 16928.3 15.7797 -8.01158e-10 
1.7 10 10.4336 0 0 9057.91 8501.69 9656.2 16310.4 
1.7 10 9.56636 0 0 9057.91 8501.69 9656.2 -16310.4 
1.705 10.0152 10 0.228435 -6.07684e-12 18189.1 16920.1 15.9471 -6.89934e-10 
1.705 10 10.4336 0 0 9100.15 8497.63 9656.03 16324.4 
1.705 10 9.56636 0 0 9100.15 8497.63 9656.03 -16324.4 
1.71 10.0163 10 0.22958 -6.1235e-12 18272.2 16911.3 16.1162 -6.01546e-10 
1.71 10 10.4336 0 0 9142.6 8493.23 9655.87 16342.3 
1.71 10 9.56636 0 0 9142.6 8493.23 9655.87 -16342.3 
1.715 10.0175 10 0.230737 -6.1625e-12 18355.6 16901.9 16.2871 -4.9604e-10 
1.715 10 10.4336 0 0 9185.25 8488.49 9655.7 16355.5 
1.715 10 9.56636 0 0 9185.25 8488.49 9655.7 -16355.5 
1.72 10.0186 10 0.231907 -6.19337e-12 18439.2 16891.7 16.4598 -3.62568e-10 
1.72 10 10.4336 0 0 9228.11 8483.4 9655.54 16372.6 
1.72 10 9.56636 0 0 9228.11 8483.4 9655.54 -16372.6 
1.725 10.0198 10 0.233089 -6.21569e-12 18523 16880.8 16.6344 -2.35751e-10 
1.725 10 10.4336 0 0 9271.16 8477.97 9655.36 16385 
1.725 10 9.56636 0 0 9271.16 8477.97 9655.36 -16385 
1.73 10.021 10 0.234283 -6.22906e-12 18607.1 16869.2 16.8108 -1.26559e-10 
1.73 10 10.4336 0 0 9314.41 8472.18 9655.19 16401.2 
1.73 10 9.56636 0 0 9314.41 8472.18 9655.19 -16401.2 
1.735 10.0222 10 0.23549 -6.23301e-12 18691.3 16856.9 16.9891 8.60163e-12 
1.735 10 10.4336 0 0 9357.85 8466.03 9655.02 16412.7 
1.735 10 9.56636 0 0 9357.85 8466.03 9655.02 -16412.7 
1.74 10.0233 10 0.23671 -6.22723e-12 18775.8 16843.9 17.1694 1.42399e-10 
1.74 10 10.4336 0 0 9401.48 8459.52 9654.85 16428 
1.74 10 9.56636 0 0 9401.48 8459.52 9654.85 -16428 
1.745 10.0245 10 0.237943 -6.21147e-12 18860.5 16830.2 17.3516 2.85713e-10 
1.745 10 10.4336 0 0 9445.3 8452.64 9654.67 16438.7 
1.745 10 9.56636 0 0 9445.3 8452.64 9654.67 -16438.7 
1.75 10.0257 10 0.239189 -6.18551e-12 18945.3 16815.7 17.5359 4.45789e-10 
1.75 10 10.4336 0 0 9489.3 8445.38 9654.49 16453.1 
1.75 10 9.56636 0 0 9489.3 8445.38 9654.49 -16453.1 
1.755 10.0269 10 0.240448 -6.1491e-12 19030.3 16800.4 17.7223 5.89851e-10 
1.755 10 10.4336 0 0 9533.48 8437.75 9654.31 16462.8 
1.755 10 9.56636 0 0 9533.48 8437.75 9654.31 -16462.8 
1.76 10.0281 10 0.241721 -6.10214e-12 19115.5 16784.4 17.9107 7.36073e-10 
1.76 10 10.4336 0 0 9577.83 8429.74 9654.12 16476.3 
1.76 10 9.56636 0 0 9577.83 8429.74 9654.12 -16476.3 
1.765 10.0293 10 0.243007 -6.04461e-12 19200.8 16767.6 18.1013 8.73538e-10 
1.765 10 10.4336 0 0 9622.36 8421.35 9653.94 16485 
1.765 10 9.56636 0 0 9622.36 8421.35 9653.94 -16485 
1.77 10.0305 10 0.244307 -5.97648e-12 19286.3 16750 18.2941 1.03862e-09 
1.77 10 10.4336 0 0 9667.05 8412.56 9653.75 16497.6 
1.77 10 9.56636 0 0 9667.05 8412.56 9653.75 -16497.6 
1.775 10.0318 10 0.245621 -5.89785e-12 19371.9 16731.6 18.4892 1.18405e-09 
1.775 10 10.4336 0 0 9711.91 8403.37 9653.56 16505.4 
1.775 10 9.56636 0 0 9711.91 8403.37 9653.56 -16505.4 
1.78 10.033 10 0.246948 -5.80899e-12 19457.6 16712.5 18.6865 1.31895e-09 
1.78 10 10.4336 0 0 9756.93 8393.79 9653.37 16516.9 
1.78 10 9.56636 0 0 9756.93 8393.79 9653.37 -16516.9 
1.785 10.0342 10 0.24829 -5.71005e-12 19543.4 16692.5 18.8862 1.44516e-09 
1.785 10 10.4336 0 0 9802.1 8383.79 9653.17 16523.7 
1.785 10 9.56636 0 0 9802.1 8383.79 9653.17 -16523.7 
1.79 10.0355 10 0.249646 -5.60146e-12 19629.2 16671.7 19.0883 1.59185e-09 
1.79 10 10.4336 0 0 9847.42 8373.39 9652.98 16534.3 
1.79 10 9.56636 0 0 9847.42 8373.39 9652.98 -16534.3 
1.795 10.0367 10 0.251017 -5.48357e-12 19715.2 16650 19.2929 1.69904e-09 
1.795 10 10.4336 0 0 9892.89 8362.58 9652.78 16540.1 
1.795 10 9.56636 0 0 9892.89 8362.58 9652.78 -16540.1 
1.8 10.038 10 0.252403 -5.35697e-12 19801.1 16627.6 19.4999 1.81774e-09 
1.8 10 10.4336 0 0 9938.51 8351.34 9652.58 16549.6 
1.8 10 9.56636 0 0 9938.51 8351.34 9652.58 -16549.6 
1.805 10.0393 10 0.253803 -5.2222e-12 19887.2 16604.2 19.7096 1.94803e-09 
1.805 10 10.4336 0 0 9984.26 8339.68 9652.38 16554.3 
1.805 10 9.56636 0 0 9984.26 8339.68 9652.38 -16554.3 
1.81 10.0405 10 0.255218 -5.07986e-12 19973.2 16580.1 19.9218 2.03361e-09 
1.81 10 10.4336 0 0 10030.1 8327.59 9652.17 16562.8 
1.81 10 9.56636 0 0 10030.1 8327.59 9652.17 -16562.8 
1.815 10.0418 10 0.256649 -4.93074e-12 20059.2 16555 20.1368 2.13096e-09 
1.815 10 10.4336 0 0 10076.1 8315.06 9651.96 16566.5 
1.815 10 9.56636 0 0 10076.1 8315.06 9651.96 -16566.5 
1.82 10.0431 10 0.258095 -4.77554e-12 20145.3 16529.1 20.3545 2.21656e-09 
1.82 10 10.4336 0 0 10122.3 8302.1 9651.76 16573.9 
1.82 10 9.56636 0 0 10122.3 8302.1 9651.76 -16573.9 
1.825 10.0444 10 0.259557 -4.6151e-12 20231.3 16502.3 20.575 2.28141e-09 
1.825 10 10.4336 0 0 10168.5 8288.69 9651.54 16576.4 
1.825 10 9.56636 0 0 10168.5 8288.69 9651.54 -16576.4 
1.83 10.0457 10 0.261034 -4.45031e-12 20317.2 16474.5 20.7984 2.33474e-09 
1.83 10 10.4336 0 0 10214.9 8274.83 9651.33 16582.7 
1.83 10 9.56636 0 0 10214.9 8274.83 9651.33 -16582.7 
1.835 10.047 10 0.262528 -4.28205e-12 20403.1 16445.9 21.0249 2.3803e-09 
1.835 10 10.4336 0 0 10261.3 8260.52 9651.11 16584.1 
1.835 10 9.56636 0 0 10261.3 8260.52 9651.11 -16584.1 
1.84 10.0483 10 0.264038 -4.11123e-12 20489 16416.4 21.2543 2.40004e-09 
1.84 10 10.4336 0 0 10307.9 8245.75 9650.89 16589.3 
1.84 10 9.56636 0 0 10307.9 8245.75 9650.89 -16589.3 
1.845 10.0496 10 0.265564 -3.93876e-12 20574.7 16385.9 21.4869 2.42319e-09 
1.845 10 10.4336 0 0 10354.5 8230.51 9650.67 16589.6 
1.845 10 9.56636 0 0 10354.5 8230.51 9650.67 -16589.6 
1.85 10.051 10 0.267108 -3.76559e-12 20660.3 16354.5 21.7227 2.41714e-09 
1.85 10 10.4336 0 0 10401.3 8214.81 9650.44 16593.5 
1.85 10 9.56636 0 0 10401.3 8214.81 9650.44 -16593.5 
1.855 10.0523 10 0.268668 -3.59265e-12 20745.8 16322.2 21.9618 2.42203e-09 
1.855 10 10.4336 0 0 10448.1 8198.63 9650.21 16592.6 
1.855 10 9.56636 0 0 10448.1 8198.63 9650.21 -16592.6 
1.86 10.0537 10 0.270245 -3.42075e-12 20831.1 16288.8 22.2043 2.39978e-09 
1.86 10 10.4336 0 0 10495 8181.98 9649.98 16595.4 
1.86 10 9.56636 0 0 10495 8181.98 9649.98 -16595.4 
1.865 10.055 10 0.27184 -3.25081e-12 20916.2 16254.6 22.4502 2.3578e-09 
1.865 10 10.4336 0 0 10541.9 8164.84 9649.74 16593.3 
1.865 10 9.56636 0 0 10541.9 8164.84 9649.74 -16593.3 
1.87 10.0564 10 0.273452 -3.08358e-12 21001.1 16219.3 22.6998 2.32529e-09 
1.87 10 10.4336 0 0 10589 8147.22 9649.51 16594.9 
1.87 10 9.56636 0 0 10589 8147.22 9649.51 -16594.9 
1.875 10.0578 10 0.275083 -2.91982e-12 21085.9 16183.1 22.953 2.25507e-09 
1.875 10 10.4336 0 0 10636 8129.1 9649.27 16591.5 
1.875 10 9.56636 0 0 10636 8129.1 9649.27 -16591.5 
1.88 10.0591 10 0.276731 -2.76025e-12 21170.4 16145.9 23.21 2.20181e-09 
1.88 10 10.4336 0 0 10683.1 8110.48 9649.02 16591.8 
1.88 10 9.56636 0 0 10683.1 8110.48 9649.02 -16591.8 
1.885 10.0605 10 0.278399 -2.60545e-12 21254.6 16107.6 23.4709 2.13284e-09 
1.885 10 10.4336 0 0 10730.3 8091.37 9648.77 16587.2 
1.885 10 9.56636 0 0 10730.3 8091.37 9648.77 -16587.2 
1.89 10.0619 10 0.280084 -2.45594e-12 21338.5 16068.4 23.7358 2.0628e-09 
1.89 10 10.4336 0 0 10777.5 8071.74 9648.53 16586.2 
1.89 10 9.56636 0 0 10777.5 8071.74 9648.53 -16586.2 
1.895 10.0633 10 0.281789 -2.31216e-12 21422.2 16028.1 24.0048 1.96991e-09 
1.895 10 10.4336 0 0 10824.7 8051.6 9648.27 16580.3 
1.895 10 9.56636 0 0 10824.7 8051.6 9648.27 -16580.3 
1.9 10.0647 10 0.283514 -2.17452e-12 21505.5 15986.8 24.2782 1.8797e-09 
1.9 10 10.4336 0 0 10871.9 8030.95 9648.02 16578.1 
1.9 10 9.56636 0 0 10871.9 8030.95 9648.02 -16578.1 
1.905 10.0662 10 0.285258 -2.04327e-12 21588.5 15944.4 24.5558 1.78492e-09 
1.905 10 10.4336 0 0 10919.1 8009.78 9647.75 16570.9 
1.905 10 9.56636 0 0 10919.1 8009.78 9647.75 -16570.9 
1.91 10.0676 10 0.287022 -1.91866e-12 21671.1 15901 24.8381 1.70745e-09 
1.91 10 10.4336 0 0 10966.4 7988.08 9647.49 16567.2 
1.91 10 9.56636 0 0 10966.4 7988.08 9647.49 -16567.2 
1.915 10.069 10 0.288806 -1.80081e-12 21753.3 15856.6 25.125 1.59454e-09 
1.915 10 10.4336 0 0 11013.6 7965.85 9647.22 16558.7 
1.915 10 9.56636 0 0 11013.6 7965.85 9647.22 -16558.7 
1.92 10.0705 10 0.290611 -1.68968e-12 21835 15811 25.4167 1.50623e-09 
1.92 10 10.4336 0 0 11060.8 7943.08 9646.95 16553.7 
1.92 10 9.56636 0 0 11060.8 7943.08 9646.95 -16553.7 
1.925 10.0719 10 0.292437 -1.58534e-12 21916.4 15764.4 25.7134 1.40794e-09 
1.925 10 10.4336 0 0 11107.9 7919.77 9646.67 16543.8 
1.925 10 9.56636 0 0 11107.9 7919.77 9646.67 -16543.8 
1.93 10.0734 10 0.294285 -1.48769e-12 21997.2 15716.7 26.0153 1.32697e-09 
1.93 10 10.4336 0 0 11155.1 7895.93 9646.39 16537.4 
1.93 10 9.56636 0 0 11155.1 7895.93 9646.39 -16537.4 
1.935 10.0749 10 0.296154 -1.39655e-12 22077.6 15667.9 26.3224 1.23417e-09 
1.935 10 10.4336 0 0 11202.1 7871.53 9646.11 16526.1 
1.935 10 9.56636 0 0 11202.1 7871.53 9646.11 -16526.1 
1.94 10.0764 10 0.298045 -1.31176e-12 22157.4 15618 26.6351 1.14408e-09 
1.94 10 10.4336 0 0 11249.2 7846.58 9645.82 16518.3 
1.94 10 9.56636 0 0 11249.2 7846.58 9645.82 -16518.3 
1.945 10.0779 10 0.299959 -1.2331e-12 22236.7 15567 26.9535 1.05849e-09 
1.945 10 10.4336 0 0 11296.1 7821.07 9645.52 16505.6 
1.945 10 9.56636 0 0 11296.1 7821.07 9645.52 -16505.6 
1.95 10.0794 10 0.301896 -1.16025e-12 22315.4 15514.9 27.2777 9.8099e-10 
1.95 10 10.4336 0 0 11343 7795 9645.23 16496.3 
1.95 10 9.56636 0 0 11343 7795 9645.23 -16496.3 
1.955 10.0809 10 0.303856 -1.09291e-12 22393.5 15461.6 27.608 9.02441e-10 
1.955 10 10.4336 0 0 11389.8 7768.37 9644.92 16482.1 
1.955 10 9.56636 0 0 11389.8 7768.37 9644.92 -16482.1 
1.96 10.0824 10 0.30584 -1.03078e-12 22471 15407.2 27.9447 8.28257e-10 
1.96 10 10.4336 0 0 11436.5 7741.17 9644.62 16471.5 
1.96 10 9.56636 0 0 11436.5 7741.17 9644.62 -16471.5 
1.965 10.0839 10 0.307848 -9.73563e-13 22547.8 15351.7 28.2879 7.72953e-10 
1.965 10 10.4336 0 0 11483.1 7713.39 9644.3 16455.8 
1.965 10 9.56636 0 0 11483.1 7713.39 9644.3 -16455.8 
1.97 10.0855 10 0.309881 -9.20857e-13 22623.9 15295 28.6378 6.98271e-10 
1.97 10 10.4336 0 0 11529.6 7685.03 9643.99 16443.6 
1.97 10 9.56636 0 0 11529.6 7685.03 9643.99 -16443.6 
1.975 10.087 10 0.31194 -8.72368e-13 22699.3 15237.1 28.9948 6.46007e-10 
1.975 10 10.4336 0 0 11576 7656.1 9643.66 16426.4 
1.975 10 9.56636 0 0 11576 7656.1 9643.66 -16426.4 
1.98 10.0886 10 0.314024 -8.27699e-13 22773.9 15178 29.3591 5.97916e-10 
1.98 10 10.4336 0 0 11622.2 7626.58 9643.34 16412.7 
1.98 10 9.56636 0 0 11622.2 7626.58 9643.34 -16412.7 
1.985 10.0902 10 0.316134 -7.86583e-13 22847.8 15117.8 29.731 5.52142e-10 
1.985 10 10.4336 0 0 11668.3 7596.46 9643 16394 
1.985 10 9.56636 0 0 11668.3 7596.46 9643 -16394 
1.99 10.0918 10 0.318271 -7.48714e-13 22920.9 15056.4 30.1108 5.03184e-10 
1.99 10 10.4336 0 0 11714.2 7565.76 9642.67 16378.8 
1.99 10 9.56636 0 0 11714.2 7565.76 9642.67 -16378.8 
1.995 10.0934 10 0.320436 -7.13787e-13 22993.1 14993.8 30.4987 4.78285e-10 
1.995 10 10.4336 0 0 11760 7534.46 9642.32 16358.5 
1.995 10 9.56636 0 0 11760 7534.46 9642.32 -16358.5 
2 10.095 10 0.322628 -6.81547e-13 23064.4 14930 30.8951 4.46486e-10 
2 10 10.4336 0 0 11805.5 7502.56 9641.97 16341.7 
2 10 9.56636 0 0 11805.5 7502.56 9641.97 -16341.7 
2.005 10.0966 10 0.324849 -6.51721e-13 23134.9 14865 31.3004 4.07749e-10 
2.005 10 10.4336 0 0 11850.9 7470.06 9641.61 16319.9 
2.005 10 9.56636 0 0 11850.9 7470.06 9641.61 -16319.9 
2.01 10.0982 10 0.3271 -6.24021e-13 23204.4 14798.8 31.7148 3.71129e-10 
2.01 10 10.4336 0 0 11896.1 7436.95 9641.25 16301.5 
2.01 10 9.56636 0 0 11896.1 7436.95 9641.25 -16301.5 
2.015 10.0999 10 0.32938 -5.98297e-13 23273 14731.3 32.1389 3.43881e-10 
2.015 10 10.4336 0 0 11941 7403.23 9640.87 16278.1 
2.015 10 9.56636 0 0 11941 7403.23 9640.87 -16278.1 
2.02 10.1015 10 0.331691 -5.74334e-13 23340.5 14662.7 32.5729 3.25974e-10 
2.02 10 10.4336 0 0 11985.7 7368.89 9640.5 16258.1 
2.02 10 9.56636 0 0 11985.7 7368.89 9640.5 -16258.1 
2.025 10.1032 10 0.334034 -5.51987e-13 23407 14592.8 33.0173 2.97379e-10 
2.025 10 10.4336 0 0 12030.2 7333.94 9640.11 16233 
2.025 10 9.56636 0 0 12030.2 7333.94 9640.11 -16233 
2.03 10.1048 10 0.336409 -5.31069e-13 23472.5 14521.6 33.4725 2.88993e-10 
2.03 10 10.4336 0 0 12074.4 7298.38 9639.72 16211.4 
2.03 10 9.56636 0 0 12074.4 7298.38 9639.72 -16211.4 
2.035 10.1065 10 0.338816 -5.1143e-13 23536.9 14449.3 33.9391 2.55321e-10 
2.035 10 10.4336 0 0 12118.4 7262.19 9639.31 16184.7 
2.035 10 9.56636 0 0 12118.4 7262.19 9639.31 -16184.7 
2.04 10.1082 10 0.341257 -4.92995e-13 23600.1 14375.6 34.4174 2.54559e-10 
2.04 10 10.4336 0 0 12162.1 7225.38 9638.9 16161.5 
2.04 10 9.56636 0 0 12162.1 7225.38 9638.9 -16161.5 
2.045 10.1099 10 0.343733 -4.7563e-13 23662.2 14300.8 34.908 2.41214e-10 
2.045 10 10.4336 0 0 12205.5 7187.94 9638.48 16133.1 
2.045 10 9.56636 0 0 12205.5 7187.94 9638.48 -16133.1 
2.05 10.1117 10 0.346244 -4.59239e-13 23723.1 14224.6 35.4115 2.35281e-10 
2.05 10 10.4336 0 0 12248.5 7149.87 9638.06 16108.2 
2.05 10 9.56636 0 0 12248.5 7149.87 9638.06 -16108.2 
2.055 10.1134 10 0.348792 -4.43705e-13 23782.7 14147.2 35.9284 2.0764e-10 
2.055 10 10.4336 0 0 12291.3 7111.17 9637.62 16078.2 
2.055 10 9.56636 0 0 12291.3 7111.17 9637.62 -16078.2 
2.06 10.1152 10 0.351377 -4.28941e-13 23841.1 14068.6 36.4594 2.1103e-10 
2.06 10 10.4336 0 0 12333.7 7071.83 9637.17 16051.6 
2.06 10 9.56636 0 0 12333.7 7071.83 9637.17 -16051.6 
2.065 10.1169 10 0.354001 -4.15005e-13 23898.2 13988.6 37.0051 1.79975e-10 
2.065 10 10.4336 0 0 12375.8 7031.87 9636.72 16019.9 
2.065 10 9.56636 0 0 12375.8 7031.87 9636.72 -16019.9 
2.07 10.1187 10 0.356664 -4.01692e-13 23953.9 13907.4 37.5662 1.76292e-10 
2.07 10 10.4336 0 0 12417.6 6991.26 9636.25 15991.6 
2.07 10 9.56636 0 0 12417.6 6991.26 9636.25 -15991.6 
2.075 10.1205 10 0.359368 -3.89021e-13 24008.3 13824.9 38.1434 1.72699e-10 
2.075 10 10.4336 0 0 12458.9 6950.02 9635.77 15958.2 
2.075 10 9.56636 0 0 12458.9 6950.02 9635.77 -15958.2 
2.08 10.1223 10 0.362114 -3.76934e-13 24061.2 13741.1 38.7375 1.71007e-10 
2.08 10 10.4336 0 0 12499.9 6908.13 9635.28 15928.1 
2.08 10 9.56636 0 0 12499.9 6908.13 9635.28 -15928.1 
2.085 10.1241 10 0.364902 -3.65392e-13 24112.7 13656.1 39.3493 1.67572e-10 
2.085 10 10.4336 0 0 12540.4 6865.6 9634.78 15893 
2.085 10 9.56636 0 0 12540.4 6865.6 9634.78 -15893 
2.09 10.1259 10 0.367735 -3.54328e-13 24162.8 13569.7 39.9797 1.5329e-10 
2.09 10 10.4336 0 0 12580.6 6822.43 9634.27 15861.3 
2.09 10 9.56636 0 0 12580.6 6822.43 9634.27 -15861.3 
2.095 10.1278 10 0.370614 -3.43782e-13 24211.3 13482.1 40.6296 1.42718e-10 
2.095 10 10.4336 0 0 12620.3 6778.62 9633.74 15824.4 
2.095 10 9.56636 0 0 12620.3 6778.62 9633.74 -15824.4 
2.1 10.1297 10 0.37354 -3.33649e-13 24258.2 13393.2 41.3 1.35843e-10 
2.1 10 10.4336 0 0 12659.6 6734.15 9633.2 15791 
2.1 10 9.56636 0 0 12659.6 6734.15 9633.2 -15791 
2.105 10.1315 10 0.376515 -3.2394e-13 24303.6 13303 41.9919 1.30845e-10 
2.105 10 10.4336 0 0 12698.4 6689.05 9632.65 15752.4 
2.105 10 9.56636 0 0 12698.4 6689.05 9632.65 -15752.4 
2.11 10.1334 10 0.37954 -3.14581e-13 24347.3 13211.5 42.7064 1.33173e-10 
2.11 10 10.4336 0 0 12736.8 6643.29 9632.08 15717.2 
2.11 10 9.56636 0 0 12736.8 6643.29 9632.08 -15717.2 
2.115 10.1353 10 0.382616 -3.05625e-13 24389.4 13118.7 43.4448 1.15548e-10 
2.115 10 10.4336 0 0 12774.7 6596.89 9631.49 15676.8 
2.115 10 9.56636 0 0 12774.7 6596.89 9631.49 -15676.8 
2.12 10.1372 10 0.385746 -2.97062e-13 24429.8 13024.6 44.2082 1.17987e-10 
2.12 10 10.4336 0 0 12812.1 6549.84 9630.89 15639.8 
2.12 10 9.56636 0 0 12812.1 6549.84 9630.89 -15639.8 
2.125 10.1392 10 0.388932 -2.88847e-13 24468.5 12929.2 44.998 1.09561e-10 
2.125 10 10.4336 0 0 12848.9 6502.14 9630.27 15597.7 
2.125 10 9.56636 0 0 12848.9 6502.14 9630.27 -15597.7 
2.13 10.1411 10 0.392175 -2.80921e-13 24505.3 12832.5 45.8157 1.02995e-10 
2.13 10 10.4336 0 0 12885.2 6453.8 9629.64 15559 
2.13 10 9.56636 0 0 12885.2 6453.8 9629.64 -15559 
2.135 10.1431 10 0.395478 -2.73282e-13 24540.4 12734.5 46.6627 1.1102e-10 
2.135 10 10.4336 0 0 12921 6404.8 9628.98 15515.2 
2.135 10 9.56636 0 0 12921 6404.8 9628.98 -15515.2 
2.14 10.1451 10 0.398842 -2.65931e-13 24573.6 12635.2 47.5408 1.00896e-10 
2.14 10 10.4336 0 0 12956.3 6355.16 9628.31 15474.7 
2.14 10 9.56636 0 0 12956.3 6355.16 9628.31 -15474.7 
2.145 10.1471 10 0.40227 -2.5886e-13 24604.9 12534.6 48.4516 9.263e-11 
2.145 10 10.4336 0 0 12990.9 6304.87 9627.61 15429.1 
2.145 10 9.56636 0 0 12990.9 6304.87 9627.61 -15429.1 
2.15 10.1491 10 0.405765 -2.52054e-13 24634.3 12432.7 49.397 8.80391e-11 
2.15 10 10.4336 0 0 13025 6253.93 9626.9 15386.9 
2.15 10 9.56636 0 0 13025 6253.93 9626.9 -15386.9 
2.155 10.1511 10 0.409328 -2.45495e-13 24661.8 12329.6 50.379 9.07589e-11 
2.155 10 10.4336 0 0 13058.5 6202.34 9626.16 15339.5 
2.155 10 9.56636 0 0 13058.5 6202.34 9626.16 -15339.5 
2.16 10.1532 10 0.412963 -2.39149e-13 24687.2 12225.1 51.3999 8.62324e-11 
2.16 10 10.4336 0 0 13091.3 6150.11 9625.39 15295.5 
2.16 10 9.56636 0 0 13091.3 6150.11 9625.39 -15295.5 
2.165 10.1553 10 0.416672 -2.33063e-13 24710.6 12119.4 52.4618 8.71994e-11 
2.165 10 10.4336 0 0 13123.5 6097.23 9624.6 15246.3 
2.165 10 9.56636 0 0 13123.5 6097.23 9624.6 -15246.3 
2.17 10.1574 10 0.420458 -2.27167e-13 24731.9 12012.3 53.5673 8.09169e-11 
2.17 10 10.4336 0 0 13155.1 6043.71 9623.78 15200.6 
2.17 10 9.56636 0 0 13155.1 6043.71 9623.78 -15200.6 
2.175 10.1595 10 0.424325 -2.2149e-13 24751.2 11904 54.719 6.92081e-11 
2.175 10 10.4336 0 0 13186 5989.55 9622.94 15149.7 
2.175 10 9.56636 0 0 13186 5989.55 9622.94 -15149.7 
2.18 10.1616 10 0.428276 -2.1604e-13 24768.2 11794.4 55.9198 7.5721e-11 
2.18 10 10.4336 0 0 13216.2 5934.75 9622.06 15102.2 
2.18 10 9.56636 0 0 13216.2 5934.75 9622.06 -15102.2 
2.185 10.1638 10 0.432315 -2.10763e-13 24783.1 11683.5 57.1729 7.13442e-11 
2.185 10 10.4336 0 0 13245.7 5879.3 9621.15 15049.6 
2.185 10 9.56636 0 0 13245.7 5879.3 9621.15 -15049.6 
2.19 10.1659 10 0.436445 -2.05679e-13 24795.7 11571.3 58.4815 8.51845e-11 
2.19 10 10.4336 0 0 13274.5 5823.22 9620.21 15000.3 
2.19 10 9.56636 0 0 13274.5 5823.22 9620.21 -15000.3 
2.195 10.1681 10 0.440671 -2.00765e-13 24806.1 11457.9 59.8494 6.81256e-11 
2.195 10 10.4336 0 0 13302.6 5766.5 9619.23 14945.9 
2.195 10 9.56636 0 0 13302.6 5766.5 9619.23 -14945.9 
2.2 10.1703 10 0.444997 -1.96043e-13 24814.1 11343.2 61.2803 6.20075e-11 
2.2 10 10.4336 0 0 13330 5709.14 9618.21 14895 
2.2 10 9.56636 0 0 13330 5709.14 9618.21 -14895 
2.205 10.1726 10 0.449427 -1.91484e-13 24819.9 11227.2 62.7786 6.50071e-11 
2.205 10 10.4336 0 0 13356.6 5651.15 9617.15 14838.9 
2.205 10 9.56636 0 0 13356.6 5651.15 9617.15 -14838.9 
2.21 10.1748 10 0.453967 -1.87073e-13 24823.2 11109.9 64.3488 5.89326e-11 
2.21 10 10.4336 0 0 13382.4 5592.53 9616.05 14786.2 
2.21 10 9.56636 0 0 13382.4 5592.53 9616.05 -14786.2 
2.215 10.1771 10 0.458621 -1.82824e-13 24824.1 10991.4 65.996 5.65188e-11 
2.215 10 10.4336 0 0 13407.5 5533.28 9614.9 14728.3 
2.215 10 9.56636 0 0 13407.5 5533.28 9614.9 -14728.3 
2.22 10.1794 10 0.463397 -1.78733e-13 24822.5 10871.7 67.7257 5.9584e-11 
2.22 10 10.4336 0 0 13431.7 5473.4 9613.7 14673.9 
2.22 10 9.56636 0 0 13431.7 5473.4 9613.7 -14673.9 
2.225 10.1818 10 0.468299 -1.74757e-13 24818.4 10750.7 69.5437 5.35703e-11 
2.225 10 10.4336 0 0 13455.1 5412.9 9612.45 14614.4 
2.225 10 9.56636 0 0 13455.1 5412.9 9612.45 -14614.4 
2.23 10.1841 10 0.473334 -1.70944e-13 24811.8 10628.4 71.4565 5.12176e-11 
2.23 10 10.4336 0 0 13477.7 5351.77 9611.14 14558.2 
2.23 10 9.56636 0 0 13477.7 5351.77 9611.14 -14558.2 
2.235 10.1865 10 0.478509 -1.67268e-13 24802.6 10504.9 73.4712 5.25219e-11 
2.235 10 10.4336 0 0 13499.4 5290.02 9609.77 14497 
2.235 10 9.56636 0 0 13499.4 5290.02 9609.77 -14497 
2.24 10.1889 10 0.483832 -1.63723e-13 24790.7 10380.2 75.5957 4.83876e-11 
2.24 10 10.4336 0 0 13520.3 5227.65 9608.33 14439.2 
2.24 10 9.56636 0 0 13520.3 5227.65 9608.33 -14439.2 
2.245 10.1913 10 0.489311 -1.60302e-13 24776.2 10254.2 77.8384 5.33657e-11 
2.245 10 10.4336 0 0 13540.3 5164.67 9606.83 14376.3 
2.245 10 9.56636 0 0 13540.3 5164.67 9606.83 -14376.3 
2.25 10.1938 10 0.494955 -1.57002e-13 24759 10127 80.2086 4.38086e-11 
2.25 10 10.4336 0 0 13559.3 5101.07 9605.25 14316.8 
2.25 10 9.56636 0 0 13559.3 5101.07 9605.25 -14316.8 
2.255 10.1963 10 0.500773 -1.53833e-13 24738.9 9998.59 82.7168 4.33649e-11 
2.255 10 10.4336 0 0 13577.5 5036.86 9603.59 14252.3 
2.255 10 9.56636 0 0 13577.5 5036.86 9603.59 -14252.3 
2.26 10.1988 10 0.506775 -1.5078e-13 24716.1 9868.94 85.3742 4.65755e-11 
2.26 10 10.4336 0 0 13594.7 4972.03 9601.84 14191.1 
2.26 10 9.56636 0 0 13594.7 4972.03 9601.84 -14191.1 
2.265 10.2013 10 0.512973 -1.47861e-13 24690.4 9738.07 88.1936 3.16149e-11 
2.265 10 10.4336 0 0 13611 4906.59 9599.99 14124.9 
2.265 10 9.56636 0 0 13611 4906.59 9599.99 -14124.9 
2.27 10.2039 10 0.519379 -1.4507e-13 24661.8 9605.98 91.1888 3.66811e-11 
2.27 10 10.4336 0 0 13626.3 4840.55 9598.05 14062.2 
2.27 10 9.56636 0 0 13626.3 4840.55 9598.05 -14062.2 
2.275 10.2065 10 0.526005 -1.42364e-13 24630.2 9472.68 94.3753 2.81166e-11 
2.275 10 10.4336 0 0 13640.6 4773.9 9595.99 13994.3 
2.275 10 9.56636 0 0 13640.6 4773.9 9595.99 -13994.3 
2.28 10.2092 10 0.532866 -1.3978e-13 24595.7 9338.16 97.7706 3.59404e-11 
2.28 10 10.4336 0 0 13653.9 4706.64 9593.81 13930 
2.28 10 9.56636 0 0 13653.9 4706.64 9593.81 -13930 
2.285 10.2119 10 0.539977 -1.373e-13 24558 9202.44 101.394 3.92313e-11 
2.285 10 10.4336 0 0 13666.2 4638.78 9591.5 13860.5 
2.285 10 9.56636 0 0 13666.2 4638.78 9591.5 -13860.5 
2.29 10.2146 10 0.547357 -1.3494e-13 24517.2 9065.5 105.266 2.34393e-11 
2.29 10 10.4336 0 0 13677.4 4570.31 9589.05 13794.5 
2.29 10 9.56636 0 0 13677.4 4570.31 9589.05 -13794.5 
2.295 10.2173 10 0.555022 -1.3267e-13 24473.2 8927.35 109.413 2.67596e-11 
2.295 10 10.4336 0 0 13687.5 4501.23 9586.44 13723.5 
2.295 10 9.56636 0 0 13687.5 4501.23 9586.44 -13723.5 
2.3 10.2201 10 0.562994 -1.30514e-13 24425.9 8787.98 113.861 2.37292e-11 
2.3 10 10.4336 0 0 13696.5 4431.55 9583.66 13655.9 
2.3 10 9.56636 0 0 13696.5 4431.55 9583.66 -13655.9 
2.305 10.223 10 0.571296 -1.28474e-13 24375.3 8647.4 118.64 2.98102e-11 
2.305 10 10.4336 0 0 13704.4 4361.26 9580.69 13583.2 
2.305 10 9.56636 0 0 13704.4 4361.26 9580.69 -13583.2 
2.31 10.2258 10 0.579951 -1.26533e-13 24321.3 8505.6 123.787 2.04433e-11 
2.31 10 10.4336 0 0 13711.1 4290.36 9577.51 13514 
2.31 10 9.56636 0 0 13711.1 4290.36 9577.51 -13514 
2.315 10.2288 10 0.588989 -1.24706e-13 24263.7 8362.57 129.34 3.0192e-11 
2.315 10 10.4336 0 0 13716.6 4218.84 9574.1 13439.7 
2.315 10 9.56636 0 0 13716.6 4218.84 9574.1 -13439.7 
2.32 10.2317 10 0.598439 -1.23014e-13 24202.6 8218.32 135.346 1.63126e-11 
2.32 10 10.4336 0 0 13720.9 4146.72 9570.44 13368.9 
2.32 10 9.56636 0 0 13720.9 4146.72 9570.44 -13368.9 
2.325 10.2348 10 0.608336 -1.21402e-13 24137.7 8072.82 141.855 1.7906e-11 
2.325 10 10.4336 0 0 13723.9 4073.97 9566.49 13293 
2.325 10 9.56636 0 0 13723.9 4073.97 9566.49 -13293 
2.33 10.2378 10 0.618718 -1.19925e-13 24069.1 7926.06 148.929 2.22467e-11 
2.33 10 10.4336 0 0 13725.6 4000.59 9562.23 13220.6 
2.33 10 9.56636 0 0 13725.6 4000.59 9562.23 -13220.6 
2.335 10.2409 10 0.629627 -1.1855e-13 23996.5 7778.04 156.635 1.56876e-11 
2.335 10 10.4336 0 0 13725.9 3926.58 9557.61 13143 
2.335 10 9.56636 0 0 13725.9 3926.58 9557.61 -13143 
2.34 10.2441 10 0.641111 -1.1731e-13 23919.8 7628.74 165.054 1.64236e-11 
2.34 10 10.4336 0 0 13724.8 3851.93 9552.6 13068.9 
2.34 10 9.56636 0 0 13724.8 3851.93 9552.6 -13068.9 
2.345 10.2474 10 0.653225 -1.16184e-13 23838.9 7478.13 174.28 2.1723e-11 
2.345 10 10.4336 0 0 13722.2 3776.62 9547.13 12989.6 
2.345 10 9.56636 0 0 13722.2 3776.62 9547.13 -12989.6 
2.35 10.2507 10 0.66603 -1.15164e-13 23753.6 7326.19 184.423 1.43041e-11 
2.35 10 10.4336 0 0 13718.1 3700.65 9541.17 12913.6 
2.35 10 9.56636 0 0 13718.1 3700.65 9541.17 -12913.6 
2.355 10.254 10 0.679596 -1.14313e-13 23663.6 7172.89 195.61 6.90891e-12 
2.355 10 10.4336 0 0 13712.3 3624 9534.62 12832.5 
2.355 10 9.56636 0 0 13712.3 3624 9534.62 -12832.5 
2.36 10.2575 10 0.694003 -1.13641e-13 23568.8 7018.19 207.997 1.35782e-12 
2.36 10 10.4336 0 0 13704.8 3546.65 9527.42 12754.6 
2.36 10 9.56636 0 0 13704.8 3546.65 9527.42 -12754.6 
2.365 10.261 10 0.709343 -1.1308e-13 23468.8 6862.06 221.765 8.55539e-12 
2.365 10 10.4336 0 0 13695.3 3468.59 9519.46 12671.4 
2.365 10 9.56636 0 0 13695.3 3468.59 9519.46 -12671.4 
2.37 10.2645 10 0.725722 -1.12709e-13 23363.4 6704.45 237.134 2.13689e-12 
2.37 10 10.4336 0 0 13683.9 3389.78 9510.63 12591.4 
2.37 10 9.56636 0 0 13683.9 3389.78 9510.63 -12591.4 
2.375 10.2682 10 0.743264 -1.12486e-13 23252.1 6545.3 254.371 -5.17036e-12 
2.375 10 10.4336 0 0 13670.2 3310.21 9500.79 12505.8 
2.375 10 9.56636 0 0 13670.2 3310.21 9500.79 -12505.8 
2.38 10.272 10 0.762113 -1.12493e-13 23134.5 6384.54 273.799 3.01611e-12 
2.38 10 10.4336 0 0 13654.2 3229.83 9489.75 12423.2 
2.38 10 9.56636 0 0 13654.2 3229.83 9489.75 -12423.2 
2.385 10.2758 10 0.782439 -1.12721e-13 23010.1 6222.1 295.819 -2.33275e-11 
2.385 10 10.4336 0 0 13635.4 3148.61 9477.32 12334.8 
2.385 10 9.56636 0 0 13635.4 3148.61 9477.32 -12334.8 
2.39 10.2798 10 0.804446 -1.13171e-13 22878.2 6057.88 320.926 3.1111e-12 
2.39 10 10.4336 0 0 13613.7 3066.5 9463.23 12249.1 
2.39 10 9.56636 0 0 13613.7 3066.5 9463.23 -12249.1 
2.395 10.2839 10 0.828374 -1.13916e-13 22737.9 5891.79 349.744 -2.58888e-11 
2.395 10 10.4336 0 0 13588.5 2983.45 9447.14 12157.1 
2.395 10 9.56636 0 0 13588.5 2983.45 9447.14 -12157.1 
2.4 10.2881 10 0.854516 -1.15018e-13 22588.3 5723.68 383.062 -1.66395e-11 
2.4 10 10.4336 0 0 13559.4 2899.4 9428.65 12067.2 
2.4 10 9.56636 0 0 13559.4 2899.4 9428.65 -12067.2 
2.405 10.2924 10 0.883228 -1.16428e-13 22428 5553.42 421.898 -3.09941e-11 
2.405 10 10.4336 0 0 13525.7 2814.27 9407.23 11970.3 
2.405 10 9.56636 0 0 13525.7 2814.27 9407.23 -11970.3 
2.41 10.2969 10 0.91495 -1.18301e-13 22255.5 5380.81 467.574 -2.70939e-11 
2.41 10 10.4336 0 0 13486.5 2727.96 9382.17 11874.5 
2.41 10 9.56636 0 0 13486.5 2727.96 9382.17 -11874.5 
2.415 10.3016 10 0.950229 -1.20633e-13 22068.6 5205.65 521.84 -2.17651e-11 
2.415 10 10.4336 0 0 13440.6 2640.38 9352.56 11770.5 
2.415 10 9.56636 0 0 13440.6 2640.38 9352.56 -11770.5 
2.42 10.3064 10 0.989758 -1.23589e-13 21864.6 5027.67 587.052 -3.77223e-11 
2.42 10 10.4336 0 0 13386.5 2551.39 9317.19 11665.7 
2.42 10 9.56636 0 0 13386.5 2551.39 9317.19 -11665.7 
2.425 10.3115 10 1.03443 -1.27309e-13 21639.5 4846.56 666.433 -6.03939e-11 
2.425 10 10.4336 0 0 13322 2460.84 9274.37 11550.3 
2.425 10 9.56636 0 0 13322 2460.84 9274.37 -11550.3 
2.43 10.3168 10 1.08541 -1.31925e-13 21388.4 4661.92 764.501 -8.4759e-11 
2.43 10 10.4336 0 0 13244 2368.52 9221.78 11430.9 
2.43 10 9.56636 0 0 13244 2368.52 9221.78 -11430.9 
2.435 10.3224 10 1.14424 -1.37664e-13 21103.7 4473.26 887.73 -8.71388e-11 
2.435 10 10.4336 0 0 13148.1 2274.19 9156.04 11295.9 
2.435 10 9.56636 0 0 13148.1 2274.19 9156.04 -11295.9 
2.44 10.3283 10 1.21305 -1.44885e-13 20775 4279.97 1045.67 -1.02044e-10 
2.44 10 10.4336 0 0 13028 2177.54 9072.26 11149.6 
2.44 10 9.56636 0 0 13028 2177.54 9072.26 -11149.6 
2.445 10.3345 10 1.29479 -1.54015e-13 20386.2 4081.27 1252.84 -1.45786e-10 
2.445 10 10.4336 0 0 12873.5 2078.19 8962.95 10976.8 
2.445 10 9.56636 0 0 12873.5 2078.19 8962.95 -10976.8 
2.45 10.3412 10 1.39373 -1.65937e-13 19912.5 3876.12 1532.19 -2.0369e-10 
2.45 10 10.4336 0 0 12669.1 1975.62 8816.35 10775.6 
2.45 10 9.56636 0 0 12669.1 1975.62 8816.35 -10775.6 
2.455 10.3485 10 1.51627 -1.815e-13 19313.3 3663.15 1921.57 -2.3016e-10 
2.455 10 10.4336 0 0 12388.6 1869.13 8613.09 10519.6 
2.455 10 9.56636 0 0 12388.6 1869.13 8613.09 -10519.6 
2.46 10.3565 10 1.67239 -2.02579e-13 18519.1 3440.46 2486.79 -3.42716e-10 
2.46 10 10.4336 0 0 11986.3 1757.79 8319.55 10186.2 
2.46 10 9.56636 0 0 11986.3 1757.79 8319.55 -10186.2 
2.465 10.3653 10 1.87853 -2.32116e-13 17402.2 3205.38 3349.77 -5.10022e-10 
2.465 10 10.4336 0 0 11376.9 1640.25 7873.63 9707.99 
2.465 10 9.56636 0 0 11376.9 1640.25 7873.63 -9707.99 
2.47 10.3754 10 2.16362 -2.75576e-13 15709 2953.93 4754.77 -7.59054e-10 
2.47 10 10.4336 0 0 10388.4 1514.52 7151.18 8973.6 
2.47 10 9.56636 0 0 10388.4 1514.52 7151.18 -8973.6 
2.475 10.3872 10 2.583 -3.43856e-13 12882.7 2679.96 7242.65 -1.23085e-09 
2.475 10 10.4336 0 0 8635.04 1377.54 5877.9 7702.54 
2.475 10 9.56636 0 0 8635.04 1377.54 5877.9 -7702.54 
2.48 10.4016 10 3.2548 -4.61357e-13 7528.11 2373.31 12178.1 -2.23918e-09 
2.48 10 10.4336 0 0 5130.33 1224.21 3363.18 5196.96 
2.48 10 9.56636 0 0 5130.33 1224.21 3363.18 -5196.96 
2.485 10.4206 10 4.42914 -6.11415e-13 0 2016.23 19146 -3.08175e-11 
2.485 10 10.4336 0 0 0 1045.67 -202.963 1432.74 
2.485 10 9.56636 0 0 0 1045.67 -202.963 -1432.74 
2.49 10.4461 10 5.77346 -6.12401e-13 0 1609.16 18486.8 6.98439e-13 
2.49 10 10.4336 0 0 0 842.138 32.5324 1127.9 
2.49 10 9.56636 0 0 0 842.138 32.5324 -1127.9 
2.495 10.4782 10 7.06962 -6.11349e-13 0 1200.68 17807 2.73814e-11 
2.495 10 10.4336 0 0 0 637.899 281.705 828.802 
2.495 10 9.56636 0 0 0 637.899 281.705 -828.802 
2.5 10.5167 10 8.31816 -6.08563e-13 0 835.516 17162 4.9729e-11 
2.5 10 10.4336 0 0 0 455.316 516.815 577.009 
2.5 10 9.56636 0 0 0 455.316 516.815 -577.009 
2.505 10.5613 10 9.52319 -6.04483e-13 0 541.076 16594 6.43919e-11 
2.505 10 10.4336 0 0 0 308.096 716.44 380.414 
2.505 10 9.56636 0 0 0 308.096 716.44 -380.414 
2.51 10.6119 10 10.6911 -5.99552e-13 0 325.564 16124.1 7.3024e-11 
2.51 10 10.4336 0 0 0 200.34 869.657 248.214 
2.51 10 9.56636 0 0 0 200.34 869.657 -248.214 
2.515 10.6682 10 11.829 -5.94131e-13 0 181.807 15751.6 7.80916e-11 
2.515 10 10.4336 0 0 0 128.461 976.264 161.937 
2.515 10 9.56636 0 0 0 128.461 976.264 -161.937 
2.52 10.7301 10 12.9433 -5.88471e-13 0 94.1713 15460.7 8.01343e-11 
2.52 10 10.4336 0 0 0 84.6434 1043.69 116.117 
2.52 10 9.56636 0 0 0 84.6434 1043.69 -116.117 
2.525 10.7976 10 14.0391 -5.82721e-13 0 45.2361 15229.6 8.06652e-11 
2.525 10 10.4336 0 0 0 60.1759 1082.54 89.0209 
2.525 10 9.56636 0 0 0 60.1759 1082.54 -89.0209 
2.53 10.8705 10 15.1198 -5.76965e-13 0 20.1558 15037.4 8.04543e-11 
2.53 10 10.4336 0 0 0 47.6357 1103 79.2651 
2.53 10 9.56636 0 0 0 47.6357 1103 -79.2651 
2.535 10.9488 10 16.1878 -5.71238e-13 0 8.3346 14868.1 7.98569e-11 
2.535 10 10.4336 0 0 0 41.7251 1112.85 71.9219 
2.535 10 9.56636 0 0 0 41.7251 1112.85 -71.9219 
2.54 11.0324 10 17.2442 -5.65559e-13 0 3.20086 14711.5 7.91456e-11 
2.54 10 10.4336 0 0 0 39.1582 1117.22 71.9631 
2.54 10 9.56636 0 0 0 39.1582 1117.22 -71.9631 
