0 9.4 10 0 0 0 393.414 18654.5 0 
0 10 10.4242 0 0 0 244.241 1562.75 303.658 
0 10 9.57578 0 0 0 244.241 1562.75 -303.658 
0 9.40332 10 1.32537 0 0 406.959 18449.4 0 
0 10 10.4242 0 0 0 251.013 1572.6 311.847 
0 10 9.57578 0 0 0 251.013 1572.6 -311.847 
0.005 9.41323 10 2.63468 0 0 450.051 18203.9 0 
0.005 10 10.4242 0 0 0 272.56 1603.74 335.877 
0.005 10 9.57578 0 0 0 272.56 1603.74 -335.877 
0.01 9.42963 10 3.92472 0 0 530.995 17907.6 0 
0.01 10 10.4242 0 0 0 313.031 1661.56 388.267 
0.01 10 9.57578 0 0 0 313.031 1661.56 -388.267 
0.015 9.45244 10 5.19123 0 0 666.321 17540.5 0 
0.015 10 10.4242 0 0 0 380.694 1756.43 471.974 
0.015 10 9.57578 0 0 0 380.694 1756.43 -471.974 
0.02 9.4815 10 6.42803 0 0 885.356 17068.6 0 
0.02 10 10.4242 0 0 0 490.212 1905.82 617.986 
0.02 10 9.57578 0 0 0 490.212 1905.82 -617.986 
0.025 9.51665 10 7.62586 0 0 1238.02 16438.6 0 
0.025 10 10.4242 0 0 0 666.543 2136.95 857.036 
0.025 10 9.57578 0 0 0 666.543 2136.95 -857.036 
0.03 9.55767 10 8.77085 0 0 1806.5 15574.6 0 
0.03 10 10.4242 0 0 0 950.784 2488.8 1268.09 
0.03 10 9.57578 0 0 0 950.784 2488.8 -1268.09 
0.035 9.60329 10 8.8921 0 43682.8 2697.16 -29150.7 0 
0.035 10 10.4242 0 0 29903.7 1396.11 24842.8 -18485.9 
0.035 10 9.57578 0 0 29903.7 1396.11 24842.8 18485.9 
0.04 9.6399 10 5.48002 0 66583.3 3657.52 -52598.2 0 
0.04 10 10.4242 0 0 43668.4 1876.3 36805.2 -25561.1 
0.04 10 9.57578 0 0 43668.4 1876.3 36805.2 25561.1 
0.045 9.65922 10 2.55359 0 41607.8 4265.37 -27773.1 0 
0.045 10 10.4242 0 0 26685.1 2180.22 24597.7 -13503.7 
0.045 10 9.57578 0 0 26685.1 2180.22 24597.7 13503.7 
0.05 9.6683 10 1.29287 0 23683.3 4577.16 -9931.72 0 
0.05 10 10.4242 0 0 15031.7 2336.11 15765.3 -5776.04 
0.05 10 9.57578 0 0 15031.7 2336.11 15765.3 5776.04 
0.055 9.67351 10 0.866532 0 16896.2 4763.3 -3238.23 0 
0.055 10 10.4242 0 0 10660.5 2429.19 12448.4 -2858.66 
0.055 10 9.57578 0 0 10660.5 2429.19 12448.4 2858.66 
0.06 9.67742 10 0.723087 0 14748.4 4907.05 -1190.06 0 
0.06 10 10.4242 0 0 9264.01 2501.06 11434.4 -1837.08 
0.06 10 9.57578 0 0 9264.01 2501.06 11434.4 1837.08 
0.065 9.68087 10 0.663374 0 14059.8 5036.34 -600.632 0 
0.065 10 10.4242 0 0 8797 2565.7 11143.9 -1408.24 
0.065 10 9.57578 0 0 8797 2565.7 11143.9 1408.24 
0.07 9.68409 10 0.628053 0 13783.2 5159.41 -420.339 0 
0.07 10 10.4242 0 0 8592.53 2627.24 11056.2 -1142.6 
0.07 10 9.57578 0 0 8592.53 2627.24 11056.2 1142.6 
0.075 9.68716 10 0.60086 0 13619.5 5278.66 -349.683 0 
0.075 10 10.4242 0 0 8461.16 2686.87 11022.8 -930.599 
0.075 10 9.57578 0 0 8461.16 2686.87 11022.8 930.599 
0.08 9.69011 10 0.577408 0 13489.8 5394.88 -309.616 0 
0.08 10 10.4242 0 0 8352.84 2744.98 11004.4 -731.951 
0.08 10 9.57578 0 0 8352.84 2744.98 11004.4 731.951 
0.085 9.69294 10 0.556389 0 13373.6 5508.44 -280.05 0 
0.085 10 10.4242 0 0 8254.65 2801.75 10991.1 -547.316 
0.085 10 9.57578 0 0 8254.65 2801.75 10991.1 547.316 
0.09 9.69567 10 0.537279 0 13265.6 5619.58 -255.687 0 
0.09 10 10.4242 0 0 8162.97 2857.32 10980.2 -365.244 
0.09 10 9.57578 0 0 8162.97 2857.32 10980.2 365.244 
0.095 9.69832 10 0.519779 0 13163.8 5728.49 -234.825 0 
0.095 10 10.4242 0 0 8076.5 2911.78 10971 -193.613 
0.095 10 9.57578 0 0 8076.5 2911.78 10971 193.613 
0.1 9.70087 10 0.503669 0 13067.2 5835.33 -216.676 0 
0.1 10 10.4242 0 0 7994.5 2965.2 10963.1 -22.8193 
0.1 10 9.57578 0 0 7994.5 2965.2 10963.1 22.8193 
0.105 9.70335 10 0.488773 0 12975.3 5940.25 -200.738 0 
0.105 10 10.4242 0 0 7916.48 3017.66 10956.2 138.7 
0.105 10 9.57578 0 0 7916.48 3017.66 10956.2 -138.7 
0.11 9.70576 10 0.474948 0 12887.5 6043.35 -186.641 0 
0.11 10 10.4242 0 0 7842.01 3069.21 10950.1 300.305 
0.11 10 9.57578 0 0 7842.01 3069.21 10950.1 -300.305 
0.115 9.70811 10 0.462073 0 12803.5 6144.76 -174.095 0 
0.115 10 10.4242 0 0 7770.78 3119.91 10944.7 453.404 
0.115 10 9.57578 0 0 7770.78 3119.91 10944.7 -453.404 
0.12 9.71039 10 0.450046 0 12722.8 6244.57 -162.866 0 
0.12 10 10.4242 0 0 7702.49 3169.82 10939.9 607.247 
0.12 10 9.57578 0 0 7702.49 3169.82 10939.9 -607.247 
0.125 9.71261 10 0.43878 0 12645.3 6342.86 -152.766 0 
0.125 10 10.4242 0 0 7636.91 3218.96 10935.7 753.155 
0.125 10 9.57578 0 0 7636.91 3218.96 10935.7 -753.155 
0.13 9.71477 10 0.428199 0 12570.5 6439.71 -143.64 0 
0.13 10 10.4242 0 0 7573.83 3267.39 10931.8 900.303 
0.13 10 9.57578 0 0 7573.83 3267.39 10931.8 -900.303 
0.135 9.71689 10 0.41824 0 12498.5 6535.2 -135.361 0 
0.135 10 10.4242 0 0 7513.06 3315.13 10928.4 1039.95 
0.135 10 9.57578 0 0 7513.06 3315.13 10928.4 -1039.95 
0.14 9.71896 10 0.408844 0 12428.9 6629.39 -127.82 0 
0.14 10 10.4242 0 0 7454.45 3362.23 10925.3 1181.23 
0.14 10 9.57578 0 0 7454.45 3362.23 10925.3 -1181.23 
0.145 9.72098 10 0.399964 0 12361.6 6722.33 -120.928 0 
0.145 10 10.4242 0 0 7397.87 3408.7 10922.5 1315.36 
0.145 10 9.57578 0 0 7397.87 3408.7 10922.5 -1315.36 
0.15 9.72296 10 0.391555 0 12296.5 6814.09 -114.609 0 
0.15 10 10.4242 0 0 7343.17 3454.58 10919.9 1451.43 
0.15 10 9.57578 0 0 7343.17 3454.58 10919.9 -1451.43 
0.155 9.7249 10 0.383579 0 12233.4 6904.71 -108.798 0 
0.155 10 10.4242 0 0 7290.26 3499.89 10917.5 1580.63 
0.155 10 9.57578 0 0 7290.26 3499.89 10917.5 -1580.63 
0.16 9.72679 10 0.376002 0 12172.2 6994.23 -103.438 0 
0.16 10 10.4242 0 0 7239.04 3544.65 10915.4 1712.03 
0.16 10 9.57578 0 0 7239.04 3544.65 10915.4 -1712.03 
0.165 9.72866 10 0.368793 0 12112.9 7082.71 -98.4822 0 
0.165 10 10.4242 0 0 7189.4 3588.89 10913.4 1836.79 
0.165 10 9.57578 0 0 7189.4 3588.89 10913.4 -1836.79 
0.17 9.73048 10 0.361925 0 12055.4 7170.18 -93.8886 0 
0.17 10 10.4242 0 0 7141.28 3632.62 10911.6 1963.96 
0.17 10 9.57578 0 0 7141.28 3632.62 10911.6 -1963.96 
0.175 9.73228 10 0.355373 0 11999.4 7256.67 -89.6211 0 
0.175 10 10.4242 0 0 7094.6 3675.87 10909.9 2084.7 
0.175 10 9.57578 0 0 7094.6 3675.87 10909.9 -2084.7 
0.18 9.73404 10 0.349115 0 11945.1 7342.23 -85.6478 0 
0.18 10 10.4242 0 0 7049.29 3718.65 10908.4 2208.02 
0.18 10 9.57578 0 0 7049.29 3718.65 10908.4 -2208.02 
0.185 9.73577 10 0.343131 0 11892.3 7426.88 -81.9411 0 
0.185 10 10.4242 0 0 7005.28 3760.97 10906.9 2325.07 
0.185 10 9.57578 0 0 7005.28 3760.97 10906.9 -2325.07 
0.19 9.73747 10 0.337403 0 11841 7510.65 -78.4764 0 
0.19 10 10.4242 0 0 6962.52 3802.86 10905.6 2444.86 
0.19 10 9.57578 0 0 6962.52 3802.86 10905.6 -2444.86 
0.195 9.73914 10 0.331915 0 11791.1 7593.58 -75.2322 0 
0.195 10 10.4242 0 0 6920.96 3844.32 10904.4 2558.52 
0.195 10 9.57578 0 0 6920.96 3844.32 10904.4 -2558.52 
0.2 9.74079 10 0.326651 0 11742.5 7675.69 -72.189 0 
0.2 10 10.4242 0 0 6880.54 3885.38 10903.2 2675.06 
0.2 10 9.57578 0 0 6880.54 3885.38 10903.2 -2675.06 
0.205 9.74241 10 0.321598 0 11695.3 7757 -69.33 0 
0.205 10 10.4242 0 0 6841.22 3926.03 10902.2 2785.59 
0.205 10 9.57578 0 0 6841.22 3926.03 10902.2 -2785.59 
0.21 9.74401 10 0.316742 0 11649.2 7837.54 -66.6397 0 
0.21 10 10.4242 0 0 6802.96 3966.3 10901.1 2899.12 
0.21 10 9.57578 0 0 6802.96 3966.3 10901.1 -2899.12 
0.215 9.74558 10 0.312074 0 11604.5 7917.33 -64.1046 0 
0.215 10 10.4242 0 0 6765.72 4006.2 10900.2 3006.76 
0.215 10 9.57578 0 0 6765.72 4006.2 10900.2 -3006.76 
0.22 9.74713 10 0.307581 0 11560.8 7996.4 -61.7123 0 
0.22 10 10.4242 0 0 6729.46 4045.73 10899.3 3117.49 
0.22 10 9.57578 0 0 6729.46 4045.73 10899.3 -3117.49 
0.225 9.74865 10 0.303255 0 11518.4 8074.76 -59.4518 0 
0.225 10 10.4242 0 0 6694.15 4084.91 10898.5 3222.42 
0.225 10 9.57578 0 0 6694.15 4084.91 10898.5 -3222.42 
0.23 9.75016 10 0.299085 0 11477 8152.43 -57.3132 0 
0.23 10 10.4242 0 0 6659.75 4123.75 10897.7 3330.55 
0.23 10 9.57578 0 0 6659.75 4123.75 10897.7 -3330.55 
0.235 9.75164 10 0.295064 0 11436.7 8229.43 -55.2873 0 
0.235 10 10.4242 0 0 6626.23 4162.25 10897 3432.96 
0.235 10 9.57578 0 0 6626.23 4162.25 10897 -3432.96 
0.24 9.75311 10 0.291185 0 11397.5 8305.78 -53.366 0 
0.24 10 10.4242 0 0 6593.57 4200.43 10896.3 3538.64 
0.24 10 9.57578 0 0 6593.57 4200.43 10896.3 -3538.64 
0.245 9.75456 10 0.287438 0 11359.2 8381.5 -51.5419 0 
0.245 10 10.4242 0 0 6561.73 4238.29 10895.6 3638.69 
0.245 10 9.57578 0 0 6561.73 4238.29 10895.6 -3638.69 
0.25 9.75598 10 0.283819 0 11322 8456.6 -49.8083 0 
0.25 10 10.4242 0 0 6530.7 4275.83 10895 3742.08 
0.25 10 9.57578 0 0 6530.7 4275.83 10895 -3742.08 
0.255 9.75739 10 0.280321 0 11285.7 8531.1 -48.1589 0 
0.255 10 10.4242 0 0 6500.44 4313.08 10894.5 3839.9 
0.255 10 9.57578 0 0 6500.44 4313.08 10894.5 -3839.9 
0.26 9.75879 10 0.276938 0 11250.4 8605.01 -46.5881 0 
0.26 10 10.4242 0 0 6470.94 4350.04 10893.9 3941.14 
0.26 10 9.57578 0 0 6470.94 4350.04 10893.9 -3941.14 
0.265 9.76016 10 0.273664 0 11216 8678.34 -45.0907 0 
0.265 10 10.4242 0 0 6442.16 4386.7 10893.4 4036.87 
0.265 10 9.57578 0 0 6442.16 4386.7 10893.4 -4036.87 
0.27 9.76152 10 0.270494 0 11182.4 8751.11 -43.6621 0 
0.27 10 10.4242 0 0 6414.1 4423.09 10892.9 4136.08 
0.27 10 9.57578 0 0 6414.1 4423.09 10892.9 -4136.08 
0.275 9.76287 10 0.267425 0 11149.8 8823.34 -42.2978 0 
0.275 10 10.4242 0 0 6386.73 4459.2 10892.4 4229.84 
0.275 10 9.57578 0 0 6386.73 4459.2 10892.4 -4229.84 
0.28 9.7642 10 0.26445 0 11118 8895.03 -40.9938 0 
0.28 10 10.4242 0 0 6360.03 4495.05 10892 4327.13 
0.28 10 9.57578 0 0 6360.03 4495.05 10892 -4327.13 
0.285 9.76551 10 0.261567 0 11087 8966.2 -39.7466 0 
0.285 10 10.4242 0 0 6333.99 4530.63 10891.6 4419.02 
0.285 10 9.57578 0 0 6333.99 4530.63 10891.6 -4419.02 
0.29 9.76681 10 0.258771 0 11056.9 9036.85 -38.5525 0 
0.29 10 10.4242 0 0 6308.59 4565.96 10891.2 4514.49 
0.29 10 9.57578 0 0 6308.59 4565.96 10891.2 -4514.49 
0.295 9.7681 10 0.256059 0 11027.5 9107.01 -37.4086 0 
0.295 10 10.4242 0 0 6283.8 4601.04 10890.8 4604.62 
0.295 10 9.57578 0 0 6283.8 4601.04 10890.8 -4604.62 
0.3 9.76938 10 0.253426 0 10999 9176.67 -36.3119 0 
0.3 10 10.4242 0 0 6259.63 4635.87 10890.4 4698.36 
0.3 10 9.57578 0 0 6259.63 4635.87 10890.4 -4698.36 
0.305 9.77064 10 0.25087 0 10971.2 9245.85 -35.2597 0 
0.305 10 10.4242 0 0 6236.04 4670.46 10890.1 4786.81 
0.305 10 9.57578 0 0 6236.04 4670.46 10890.1 -4786.81 
0.31 9.77188 10 0.248388 0 10944.1 9314.57 -34.2495 0 
0.31 10 10.4242 0 0 6213.03 4704.82 10889.7 4878.92 
0.31 10 9.57578 0 0 6213.03 4704.82 10889.7 -4878.92 
0.315 9.77312 10 0.245976 0 10917.9 9382.82 -33.279 0 
0.315 10 10.4242 0 0 6190.59 4738.95 10889.4 4965.77 
0.315 10 9.57578 0 0 6190.59 4738.95 10889.4 -4965.77 
0.32 9.77434 10 0.243633 0 10892.3 9450.63 -32.346 0 
0.32 10 10.4242 0 0 6168.69 4772.85 10889.1 5056.32 
0.32 10 9.57578 0 0 6168.69 4772.85 10889.1 -5056.32 
0.325 9.77556 10 0.241355 0 10867.4 9517.99 -31.4484 0 
0.325 10 10.4242 0 0 6147.34 4806.53 10888.8 5141.66 
0.325 10 9.57578 0 0 6147.34 4806.53 10888.8 -5141.66 
0.33 9.77676 10 0.239139 0 10843.3 9584.92 -30.5845 0 
0.33 10 10.4242 0 0 6126.51 4839.99 10888.6 5230.73 
0.33 10 9.57578 0 0 6126.51 4839.99 10888.6 -5230.73 
0.335 9.77795 10 0.236985 0 10819.8 9651.42 -29.7524 0 
0.335 10 10.4242 0 0 6106.2 4873.24 10888.3 5314.61 
0.335 10 9.57578 0 0 6106.2 4873.24 10888.3 -5314.61 
0.34 9.77913 10 0.234888 0 10797 9717.51 -28.9505 0 
0.34 10 10.4242 0 0 6086.39 4906.29 10888 5402.27 
0.34 10 9.57578 0 0 6086.39 4906.29 10888 -5402.27 
0.345 9.7803 10 0.232848 0 10774.9 9783.18 -28.1773 0 
0.345 10 10.4242 0 0 6067.07 4939.13 10887.8 5484.77 
0.345 10 9.57578 0 0 6067.07 4939.13 10887.8 -5484.77 
0.35 9.78146 10 0.230862 0 10753.4 9848.46 -27.4314 0 
0.35 10 10.4242 0 0 6048.24 4971.76 10887.6 5571.08 
0.35 10 9.57578 0 0 6048.24 4971.76 10887.6 -5571.08 
0.355 9.78261 10 0.228929 0 10732.6 9913.34 -26.7113 0 
0.355 10 10.4242 0 0 6029.88 5004.21 10887.3 5652.27 
0.355 10 9.57578 0 0 6029.88 5004.21 10887.3 -5652.27 
0.36 9.78375 10 0.227046 0 10712.4 9977.84 -26.0159 0 
0.36 10 10.4242 0 0 6011.98 5036.45 10887.1 5737.28 
0.36 10 9.57578 0 0 6011.98 5036.45 10887.1 -5737.28 
0.365 9.78488 10 0.225212 0 10692.8 10042 -25.344 0 
0.365 10 10.4242 0 0 5994.54 5068.51 10886.9 5817.2 
0.365 10 9.57578 0 0 5994.54 5068.51 10886.9 -5817.2 
0.37 9.786 10 0.223425 0 10673.9 10105.7 -24.6944 0 
0.37 10 10.4242 0 0 5977.55 5100.38 10886.7 5900.99 
0.37 10 9.57578 0 0 5977.55 5100.38 10886.7 -5900.99 
0.375 9.78711 10 0.221683 0 10655.5 10169.1 -24.066 0 
0.375 10 10.4242 0 0 5960.99 5132.07 10886.5 5979.7 
0.375 10 9.57578 0 0 5960.99 5132.07 10886.5 -5979.7 
0.38 9.78822 10 0.219986 0 10637.8 10232.1 -23.458 0 
0.38 10 10.4242 0 0 5944.87 5163.58 10886.3 6062.3 
0.38 10 9.57578 0 0 5944.87 5163.58 10886.3 -6062.3 
0.385 9.78931 10 0.218332 0 10620.6 10294.7 -22.8694 0 
0.385 10 10.4242 0 0 5929.16 5194.91 10886.1 6139.85 
0.385 10 9.57578 0 0 5929.16 5194.91 10886.1 -6139.85 
0.39 9.7904 10 0.216719 0 10604 10357.1 -22.2993 0 
0.39 10 10.4242 0 0 5913.88 5226.07 10886 6221.32 
0.39 10 9.57578 0 0 5913.88 5226.07 10886 -6221.32 
0.395 9.79148 10 0.215146 0 10588 10419 -21.7468 0 
0.395 10 10.4242 0 0 5899 5257.05 10885.8 6297.76 
0.395 10 9.57578 0 0 5899 5257.05 10885.8 -6297.76 
0.4 9.79255 10 0.213612 0 10572.6 10480.7 -21.2113 0 
0.4 10 10.4242 0 0 5884.52 5287.87 10885.7 6378.14 
0.4 10 9.57578 0 0 5884.52 5287.87 10885.7 -6378.14 
0.405 9.79361 10 0.212115 0 10557.7 10542 -20.6919 0 
0.405 10 10.4242 0 0 5870.43 5318.52 10885.5 6453.52 
0.405 10 9.57578 0 0 5870.43 5318.52 10885.5 -6453.52 
0.41 9.79467 10 0.210655 0 10543.4 10603 -20.1879 0 
0.41 10 10.4242 0 0 5856.73 5349.01 10885.3 6532.85 
0.41 10 9.57578 0 0 5856.73 5349.01 10885.3 -6532.85 
0.415 9.79572 10 0.209231 0 10529.6 10663.6 -19.6988 0 
0.415 10 10.4242 0 0 5843.41 5379.34 10885.2 6607.2 
0.415 10 9.57578 0 0 5843.41 5379.34 10885.2 -6607.2 
0.42 9.79676 10 0.207841 0 10516.4 10724 -19.2239 0 
0.42 10 10.4242 0 0 5830.47 5409.51 10885.1 6685.53 
0.42 10 9.57578 0 0 5830.47 5409.51 10885.1 -6685.53 
0.425 9.7978 10 0.206484 0 10503.7 10784 -18.7625 0 
0.425 10 10.4242 0 0 5817.9 5439.53 10884.9 6758.9 
0.425 10 9.57578 0 0 5817.9 5439.53 10884.9 -6758.9 
0.43 9.79883 10 0.20516 0 10491.5 10843.7 -18.3142 0 
0.43 10 10.4242 0 0 5805.69 5469.39 10884.8 6836.26 
0.43 10 9.57578 0 0 5805.69 5469.39 10884.8 -6836.26 
0.435 9.79985 10 0.203868 0 10479.8 10903.1 -17.8784 0 
0.435 10 10.4242 0 0 5793.84 5499.11 10884.7 6908.68 
0.435 10 9.57578 0 0 5793.84 5499.11 10884.7 -6908.68 
0.44 9.80087 10 0.202606 0 10468.7 10962.3 -17.4545 0 
0.44 10 10.4242 0 0 5782.34 5528.67 10884.5 6985.11 
0.44 10 9.57578 0 0 5782.34 5528.67 10884.5 -6985.11 
0.445 9.80188 10 0.201374 0 10458.1 11021.1 -17.0422 0 
0.445 10 10.4242 0 0 5771.19 5558.09 10884.4 7056.62 
0.445 10 9.57578 0 0 5771.19 5558.09 10884.4 -7056.62 
0.45 9.80288 10 0.200171 0 10447.9 11079.7 -16.6409 0 
0.45 10 10.4242 0 0 5760.38 5587.37 10884.3 7132.16 
0.45 10 9.57578 0 0 5760.38 5587.37 10884.3 -7132.16 
0.455 9.80388 10 0.198996 0 10438.3 11137.9 -16.2503 0 
0.455 10 10.4242 0 0 5749.92 5616.5 10884.2 7202.78 
0.455 10 9.57578 0 0 5749.92 5616.5 10884.2 -7202.78 
0.46 9.80487 10 0.197849 0 10429.2 11195.9 -15.8699 0 
0.46 10 10.4242 0 0 5739.78 5645.5 10884.1 7277.46 
0.46 10 9.57578 0 0 5739.78 5645.5 10884.1 -7277.46 
0.465 9.80586 10 0.196729 0 10420.6 11253.6 -15.4992 0 
0.465 10 10.4242 0 0 5729.97 5674.36 10884 7347.24 
0.465 10 9.57578 0 0 5729.97 5674.36 10884 -7347.24 
0.47 9.80684 10 0.195635 0 10412.4 11311.1 -15.1381 0 
0.47 10 10.4242 0 0 5720.49 5703.08 10883.9 7421.08 
0.47 10 9.57578 0 0 5720.49 5703.08 10883.9 -7421.08 
0.475 9.80781 10 0.194566 0 10404.7 11368.3 -14.786 0 
0.475 10 10.4242 0 0 5711.33 5731.67 10883.8 7490.05 
0.475 10 9.57578 0 0 5711.33 5731.67 10883.8 -7490.05 
0.48 9.80878 10 0.193522 0 10397.5 11425.2 -14.4426 0 
0.48 10 10.4242 0 0 5702.48 5760.13 10883.7 7563.09 
0.48 10 9.57578 0 0 5702.48 5760.13 10883.7 -7563.09 
0.485 9.80975 10 0.192503 0 10390.8 11481.8 -14.1077 0 
0.485 10 10.4242 0 0 5693.95 5788.46 10883.6 7631.26 
0.485 10 9.57578 0 0 5693.95 5788.46 10883.6 -7631.26 
0.49 9.81071 10 0.191507 0 10384.6 11538.2 -13.7809 0 
0.49 10 10.4242 0 0 5685.72 5816.66 10883.5 7703.53 
0.49 10 9.57578 0 0 5685.72 5816.66 10883.5 -7703.53 
0.495 9.81166 10 0.190534 0 10378.8 11594.4 -13.4618 0 
0.495 10 10.4242 0 0 5677.8 5844.73 10883.4 7770.95 
0.495 10 9.57578 0 0 5677.8 5844.73 10883.4 -7770.95 
0.5 9.81261 10 0.189583 0 10373.4 11650.3 -13.1504 0 
0.5 10 10.4242 0 0 5670.18 5872.68 10883.3 7842.46 
0.5 10 9.57578 0 0 5670.18 5872.68 10883.3 -7842.46 
0.505 9.81356 10 0.188655 0 10368.6 11706 -12.8462 0 
0.505 10 10.4242 0 0 5662.86 5900.51 10883.2 7909.14 
0.505 10 9.57578 0 0 5662.86 5900.51 10883.2 -7909.14 
0.51 9.8145 10 0.187748 0 10364.1 11761.4 -12.5489 0 
0.51 10 10.4242 0 0 5655.83 5928.22 10883.1 7979.94 
0.51 10 9.57578 0 0 5655.83 5928.22 10883.1 -7979.94 
0.515 9.81544 10 0.186862 0 10360.2 11816.5 -12.2585 0 
0.515 10 10.4242 0 0 5649.1 5955.8 10883 8045.9 
0.515 10 9.57578 0 0 5649.1 5955.8 10883 -8045.9 
0.52 9.81637 10 0.185997 0 10356.7 11871.5 -11.9745 0 
0.52 10 10.4242 0 0 5642.65 5983.27 10883 8116 
0.52 10 9.57578 0 0 5642.65 5983.27 10883 -8116 
0.525 9.8173 10 0.185151 0 10353.6 11926.2 -11.6969 0 
0.525 10 10.4242 0 0 5636.49 6010.62 10882.9 8181.28 
0.525 10 9.57578 0 0 5636.49 6010.62 10882.9 -8181.28 
0.53 9.81822 10 0.184326 0 10351 11980.7 -11.4253 0 
0.53 10 10.4242 0 0 5630.61 6037.86 10882.8 8250.7 
0.53 10 9.57578 0 0 5630.61 6037.86 10882.8 -8250.7 
0.535 9.81914 10 0.183519 0 10348.8 12034.9 -11.1596 0 
0.535 10 10.4242 0 0 5625.01 6064.99 10882.7 8315.32 
0.535 10 9.57578 0 0 5625.01 6064.99 10882.7 -8315.32 
0.54 9.82006 10 0.182731 0 10347 12088.9 -10.8995 0 
0.54 10 10.4242 0 0 5619.68 6092 10882.7 8384.08 
0.54 10 9.57578 0 0 5619.68 6092 10882.7 -8384.08 
0.545 9.82097 10 0.181962 0 10345.7 12142.7 -10.645 0 
0.545 10 10.4242 0 0 5614.63 6118.9 10882.6 8448.06 
0.545 10 9.57578 0 0 5614.63 6118.9 10882.6 -8448.06 
0.55 9.82188 10 0.18121 0 10344.8 12196.3 -10.3957 0 
0.55 10 10.4242 0 0 5609.85 6145.69 10882.5 8516.19 
0.55 10 9.57578 0 0 5609.85 6145.69 10882.5 -8516.19 
0.555 9.82278 10 0.180477 0 10344.3 12249.7 -10.1515 0 
0.555 10 10.4242 0 0 5605.34 6172.38 10882.4 8579.54 
0.555 10 9.57578 0 0 5605.34 6172.38 10882.4 -8579.54 
0.56 9.82368 10 0.17976 0 10344.3 12302.8 -9.91227 0 
0.56 10 10.4242 0 0 5601.09 6198.95 10882.4 8647.06 
0.56 10 9.57578 0 0 5601.09 6198.95 10882.4 -8647.06 
0.565 9.82458 10 0.179061 0 10344.7 12355.8 -9.67783 0 
0.565 10 10.4242 0 0 5597.11 6225.43 10882.3 8709.8 
0.565 10 9.57578 0 0 5597.11 6225.43 10882.3 -8709.8 
0.57 9.82547 10 0.178377 0 10345.5 12408.5 -9.448 0 
0.57 10 10.4242 0 0 5593.39 6251.8 10882.2 8776.73 
0.57 10 9.57578 0 0 5593.39 6251.8 10882.2 -8776.73 
0.575 9.82636 10 0.177711 0 10346.7 12461.1 -9.22265 0 
0.575 10 10.4242 0 0 5589.93 6278.06 10882.2 8838.89 
0.575 10 9.57578 0 0 5589.93 6278.06 10882.2 -8838.89 
0.58 9.82725 10 0.17706 0 10348.3 12513.4 -9.00163 0 
0.58 10 10.4242 0 0 5586.73 6304.22 10882.1 8905.24 
0.58 10 9.57578 0 0 5586.73 6304.22 10882.1 -8905.24 
0.585 9.82813 10 0.176425 0 10350.4 12565.5 -8.7848 0 
0.585 10 10.4242 0 0 5583.78 6330.29 10882 8966.83 
0.585 10 9.57578 0 0 5583.78 6330.29 10882 -8966.83 
0.59 9.82901 10 0.175805 0 10352.9 12617.4 -8.57202 0 
0.59 10 10.4242 0 0 5581.09 6356.25 10882 9032.62 
0.59 10 9.57578 0 0 5581.09 6356.25 10882 -9032.62 
0.595 9.82989 10 0.1752 0 10355.7 12669.2 -8.36316 0 
0.595 10 10.4242 0 0 5578.65 6382.11 10881.9 9093.66 
0.595 10 9.57578 0 0 5578.65 6382.11 10881.9 -9093.66 
0.6 9.83076 10 0.17461 0 10359 12720.7 -8.15811 0 
0.6 10 10.4242 0 0 5576.45 6407.88 10881.9 9158.91 
0.6 10 9.57578 0 0 5576.45 6407.88 10881.9 -9158.91 
0.605 9.83164 10 0.174034 0 10362.7 12772 -7.95674 0 
0.605 10 10.4242 0 0 5574.51 6433.55 10881.8 9219.42 
0.605 10 9.57578 0 0 5574.51 6433.55 10881.8 -9219.42 
0.61 9.83251 10 0.173473 0 10366.8 12823.2 -7.75893 0 
0.61 10 10.4242 0 0 5572.81 6459.13 10881.7 9284.14 
0.61 10 9.57578 0 0 5572.81 6459.13 10881.7 -9284.14 
0.615 9.83337 10 0.172926 0 10371.3 12874.2 -7.56458 0 
0.615 10 10.4242 0 0 5571.35 6484.61 10881.7 9344.14 
0.615 10 9.57578 0 0 5571.35 6484.61 10881.7 -9344.14 
0.62 9.83423 10 0.172392 0 10376.3 12924.9 -7.37357 0 
0.62 10 10.4242 0 0 5570.14 6510 10881.6 9408.35 
0.62 10 9.57578 0 0 5570.14 6510 10881.6 -9408.35 
0.625 9.8351 10 0.171873 0 10381.6 12975.5 -7.1858 0 
0.625 10 10.4242 0 0 5569.17 6535.3 10881.6 9467.84 
0.625 10 9.57578 0 0 5569.17 6535.3 10881.6 -9467.84 
0.63 9.83595 10 0.171366 0 10387.3 13025.9 -7.00118 0 
0.63 10 10.4242 0 0 5568.44 6560.5 10881.5 9531.56 
0.63 10 9.57578 0 0 5568.44 6560.5 10881.5 -9531.56 
0.635 9.83681 10 0.170872 0 10393.4 13076.2 -6.8196 0 
0.635 10 10.4242 0 0 5567.95 6585.61 10881.4 9590.56 
0.635 10 9.57578 0 0 5567.95 6585.61 10881.4 -9590.56 
0.64 9.83766 10 0.170392 0 10399.9 13126.2 -6.64098 0 
0.64 10 10.4242 0 0 5567.69 6610.64 10881.4 9653.79 
0.64 10 9.57578 0 0 5567.69 6610.64 10881.4 -9653.79 
0.645 9.83851 10 0.169923 0 10406.8 13176.1 -6.46521 0 
0.645 10 10.4242 0 0 5567.67 6635.57 10881.3 9712.32 
0.645 10 9.57578 0 0 5567.67 6635.57 10881.3 -9712.32 
0.65 9.83936 10 0.169468 0 10414.1 13225.8 -6.29222 0 
0.65 10 10.4242 0 0 5567.88 6660.42 10881.3 9775.08 
0.65 10 9.57578 0 0 5567.88 6660.42 10881.3 -9775.08 
0.655 9.84021 10 0.169025 0 10421.8 13275.3 -6.12191 0 
0.655 10 10.4242 0 0 5568.33 6685.18 10881.2 9833.15 
0.655 10 9.57578 0 0 5568.33 6685.18 10881.2 -9833.15 
0.66 9.84105 10 0.168593 0 10429.9 13324.6 -5.95422 0 
0.66 10 10.4242 0 0 5569.01 6709.86 10881.2 9895.46 
0.66 10 9.57578 0 0 5569.01 6709.86 10881.2 -9895.46 
0.665 9.84189 10 0.168174 0 10438.4 13373.8 -5.78905 0 
0.665 10 10.4242 0 0 5569.92 6734.44 10881.1 9953.08 
0.665 10 9.57578 0 0 5569.92 6734.44 10881.1 -9953.08 
0.67 9.84273 10 0.167766 0 10447.3 13422.8 -5.62634 0 
0.67 10 10.4242 0 0 5571.05 6758.95 10881.1 10014.9 
0.67 10 9.57578 0 0 5571.05 6758.95 10881.1 -10014.9 
0.675 9.84357 10 0.16737 0 10456.6 13471.7 -5.466 0 
0.675 10 10.4242 0 0 5572.42 6783.37 10881 10072.1 
0.675 10 9.57578 0 0 5572.42 6783.37 10881 -10072.1 
0.68 9.84441 10 0.166985 0 10466.3 13520.3 -5.30797 0 
0.68 10 10.4242 0 0 5574.02 6807.7 10881 10133.6 
0.68 10 9.57578 0 0 5574.02 6807.7 10881 -10133.6 
0.685 9.84524 10 0.166612 0 10476.3 13568.8 -5.15218 0 
0.685 10 10.4242 0 0 5575.84 6831.96 10880.9 10190.3 
0.685 10 9.57578 0 0 5575.84 6831.96 10880.9 -10190.3 
0.69 9.84607 10 0.166249 0 10486.8 13617.2 -4.99855 0 
0.69 10 10.4242 0 0 5577.88 6856.13 10880.9 10251.3 
0.69 10 9.57578 0 0 5577.88 6856.13 10880.9 -10251.3 
0.695 9.8469 10 0.165898 0 10497.6 13665.4 -4.84703 0 
0.695 10 10.4242 0 0 5580.16 6880.22 10880.8 10307.7 
0.695 10 9.57578 0 0 5580.16 6880.22 10880.8 -10307.7 
0.7 9.84773 10 0.165557 0 10508.9 13713.4 -4.69756 0 
0.7 10 10.4242 0 0 5582.65 6904.23 10880.8 10368.3 
0.7 10 9.57578 0 0 5582.65 6904.23 10880.8 -10368.3 
0.705 9.84856 10 0.165226 0 10520.5 13761.2 -4.55006 0 
0.705 10 10.4242 0 0 5585.37 6928.15 10880.7 10424.2 
0.705 10 9.57578 0 0 5585.37 6928.15 10880.7 -10424.2 
0.71 9.84938 10 0.164907 0 10532.5 13808.9 -4.40448 0 
0.71 10 10.4242 0 0 5588.31 6952 10880.7 10484.4 
0.71 10 9.57578 0 0 5588.31 6952 10880.7 -10484.4 
0.715 9.85021 10 0.164597 0 10544.9 13856.5 -4.26077 0 
0.715 10 10.4242 0 0 5591.48 6975.77 10880.6 10540 
0.715 10 9.57578 0 0 5591.48 6975.77 10880.6 -10540 
0.72 9.85103 10 0.164298 0 10557.7 13903.9 -4.11886 0 
0.72 10 10.4242 0 0 5594.86 6999.46 10880.6 10599.8 
0.72 10 9.57578 0 0 5594.86 6999.46 10880.6 -10599.8 
0.725 9.85185 10 0.164009 0 10570.9 13951.1 -3.9787 0 
0.725 10 10.4242 0 0 5598.46 7023.08 10880.5 10655 
0.725 10 9.57578 0 0 5598.46 7023.08 10880.5 -10655 
0.73 9.85267 10 0.16373 0 10584.4 13998.2 -3.84024 0 
0.73 10 10.4242 0 0 5602.29 7046.61 10880.5 10714.4 
0.73 10 9.57578 0 0 5602.29 7046.61 10880.5 -10714.4 
0.735 9.85349 10 0.16346 0 10598.4 14045.1 -3.70343 0 
0.735 10 10.4242 0 0 5606.33 7070.07 10880.4 10769.2 
0.735 10 9.57578 0 0 5606.33 7070.07 10880.4 -10769.2 
0.74 9.85431 10 0.1632 0 10612.7 14091.8 -3.56822 0 
0.74 10 10.4242 0 0 5610.6 7093.45 10880.4 10828.3 
0.74 10 9.57578 0 0 5610.6 7093.45 10880.4 -10828.3 
0.745 9.85512 10 0.16295 0 10627.5 14138.5 -3.43456 0 
0.745 10 10.4242 0 0 5615.08 7116.76 10880.3 10882.7 
0.745 10 9.57578 0 0 5615.08 7116.76 10880.3 -10882.7 
0.75 9.85593 10 0.16271 0 10642.6 14184.9 -3.3024 0 
0.75 10 10.4242 0 0 5619.78 7139.99 10880.3 10941.4 
0.75 10 9.57578 0 0 5619.78 7139.99 10880.3 -10941.4 
0.755 9.85675 10 0.162479 0 10658.1 14231.2 -3.17169 0 
0.755 10 10.4242 0 0 5624.69 7163.15 10880.2 10995.5 
0.755 10 9.57578 0 0 5624.69 7163.15 10880.2 -10995.5 
0.76 9.85756 10 0.162257 0 10674 14277.4 -3.0424 0 
0.76 10 10.4242 0 0 5629.82 7186.23 10880.2 11053.8 
0.76 10 9.57578 0 0 5629.82 7186.23 10880.2 -11053.8 
0.765 9.85837 10 0.162044 0 10690.3 14323.4 -2.91447 0 
0.765 10 10.4242 0 0 5635.17 7209.23 10880.1 11107.6 
0.765 10 9.57578 0 0 5635.17 7209.23 10880.1 -11107.6 
0.77 9.85918 10 0.16184 0 10707 14369.3 -2.78788 0 
0.77 10 10.4242 0 0 5640.74 7232.16 10880.1 11165.6 
0.77 10 9.57578 0 0 5640.74 7232.16 10880.1 -11165.6 
0.775 9.85999 10 0.161646 0 10724.1 14415 -2.66256 0 
0.775 10 10.4242 0 0 5646.52 7255.02 10880 11219 
0.775 10 9.57578 0 0 5646.52 7255.02 10880 -11219 
0.78 9.8608 10 0.16146 0 10741.5 14460.5 -2.53849 0 
0.78 10 10.4242 0 0 5652.52 7277.81 10880 11276.6 
0.78 10 9.57578 0 0 5652.52 7277.81 10880 -11276.6 
0.785 9.8616 10 0.161283 0 10759.4 14506 -2.41563 0 
0.785 10 10.4242 0 0 5658.74 7300.52 10879.9 11329.7 
0.785 10 9.57578 0 0 5658.74 7300.52 10879.9 -11329.7 
0.79 9.86241 10 0.161115 0 10777.6 14551.3 -2.29393 0 
0.79 10 10.4242 0 0 5665.17 7323.16 10879.9 11387.1 
0.79 10 9.57578 0 0 5665.17 7323.16 10879.9 -11387.1 
0.795 9.86321 10 0.160955 0 10796.3 14596.4 -2.17336 0 
0.795 10 10.4242 0 0 5671.81 7345.73 10879.8 11439.8 
0.795 10 9.57578 0 0 5671.81 7345.73 10879.8 -11439.8 
0.8 9.86402 10 0.160804 0 10815.3 14641.4 -2.05389 0 
0.8 10 10.4242 0 0 5678.67 7368.22 10879.8 11496.8 
0.8 10 9.57578 0 0 5678.67 7368.22 10879.8 -11496.8 
0.805 9.86482 10 0.160662 0 10834.7 14686.2 -1.93547 0 
0.805 10 10.4242 0 0 5685.74 7390.64 10879.7 11549.2 
0.805 10 9.57578 0 0 5685.74 7390.64 10879.7 -11549.2 
0.81 9.86563 10 0.160528 0 10854.5 14730.9 -1.81808 0 
0.81 10 10.4242 0 0 5693.03 7412.99 10879.7 11605.9 
0.81 10 9.57578 0 0 5693.03 7412.99 10879.7 -11605.9 
0.815 9.86643 10 0.160402 0 10874.8 14775.5 -1.70168 0 
0.815 10 10.4242 0 0 5700.54 7435.27 10879.6 11658 
0.815 10 9.57578 0 0 5700.54 7435.27 10879.6 -11658 
0.82 9.86723 10 0.160285 0 10895.4 14819.9 -1.58623 0 
0.82 10 10.4242 0 0 5708.26 7457.48 10879.6 11714.4 
0.82 10 9.57578 0 0 5708.26 7457.48 10879.6 -11714.4 
0.825 9.86803 10 0.160175 0 10916.4 14864.2 -1.47171 0 
0.825 10 10.4242 0 0 5716.19 7479.62 10879.5 11766.2 
0.825 10 9.57578 0 0 5716.19 7479.62 10879.5 -11766.2 
0.83 9.86883 10 0.160074 0 10937.8 14908.3 -1.35808 0 
0.83 10 10.4242 0 0 5724.34 7501.68 10879.5 11822.3 
0.83 10 9.57578 0 0 5724.34 7501.68 10879.5 -11822.3 
0.835 9.86963 10 0.159981 0 10959.6 14952.3 -1.24532 0 
0.835 10 10.4242 0 0 5732.71 7523.68 10879.4 11873.8 
0.835 10 9.57578 0 0 5732.71 7523.68 10879.4 -11873.8 
0.84 9.87043 10 0.159896 0 10981.8 14996.1 -1.13339 0 
0.84 10 10.4242 0 0 5741.28 7545.6 10879.4 11929.6 
0.84 10 9.57578 0 0 5741.28 7545.6 10879.4 -11929.6 
0.845 9.87123 10 0.159819 0 11004.4 15039.8 -1.02226 0 
0.845 10 10.4242 0 0 5750.08 7567.45 10879.3 11980.8 
0.845 10 9.57578 0 0 5750.08 7567.45 10879.3 -11980.8 
0.85 9.87203 10 0.15975 0 11027.4 15083.4 -0.911906 0 
0.85 10 10.4242 0 0 5759.09 7589.23 10879.3 12036.3 
0.85 10 9.57578 0 0 5759.09 7589.23 10879.3 -12036.3 
0.855 9.87283 10 0.159689 0 11050.8 15126.8 -0.8023 0 
0.855 10 10.4242 0 0 5768.31 7610.95 10879.2 12087.3 
0.855 10 9.57578 0 0 5768.31 7610.95 10879.2 -12087.3 
0.86 9.87363 10 0.159636 0 11074.6 15170.1 -0.693412 0 
0.86 10 10.4242 0 0 5777.76 7632.59 10879.2 12142.5 
0.86 10 9.57578 0 0 5777.76 7632.59 10879.2 -12142.5 
0.865 9.87442 10 0.15959 0 11098.8 15213.2 -0.585216 0 
0.865 10 10.4242 0 0 5787.41 7654.16 10879.1 12193.1 
0.865 10 9.57578 0 0 5787.41 7654.16 10879.1 -12193.1 
0.87 9.87522 10 0.159552 0 11123.4 15256.2 -0.477687 0 
0.87 10 10.4242 0 0 5797.29 7675.66 10879.1 12248.1 
0.87 10 9.57578 0 0 5797.29 7675.66 10879.1 -12248.1 
0.875 9.87602 10 0.159522 0 11148.4 15299.1 -0.370797 0 
0.875 10 10.4242 0 0 5807.38 7697.09 10879 12298.4 
0.875 10 9.57578 0 0 5807.38 7697.09 10879 -12298.4 
0.88 9.87682 10 0.159499 0 11173.8 15341.8 -0.264521 0 
0.88 10 10.4242 0 0 5817.68 7718.45 10879 12353.1 
0.88 10 9.57578 0 0 5817.68 7718.45 10879 -12353.1 
0.885 9.87761 10 0.159484 0 11199.7 15384.4 -0.158836 0 
0.885 10 10.4242 0 0 5828.21 7739.73 10878.9 12403.2 
0.885 10 9.57578 0 0 5828.21 7739.73 10878.9 -12403.2 
0.89 9.87841 10 0.159476 0 11225.9 15426.8 -0.0537157 0 
0.89 10 10.4242 0 0 5838.95 7760.95 10878.9 12457.6 
0.89 10 9.57578 0 0 5838.95 7760.95 10878.9 -12457.6 
0.895 9.87921 10 0.159476 0 11252.6 15469.1 0.050863 0 
0.895 10 10.4242 0 0 5849.9 7782.1 10878.8 12507.4 
0.895 10 9.57578 0 0 5849.9 7782.1 10878.8 -12507.4 
0.9 9.88001 10 0.159484 0 11279.6 15511.3 0.154924 0 
0.9 10 10.4242 0 0 5861.08 7803.18 10878.8 12561.5 
0.9 10 9.57578 0 0 5861.08 7803.18 10878.8 -12561.5 
0.905 9.8808 10 0.159498 0 11307.1 15553.3 0.258489 0 
0.905 10 10.4242 0 0 5872.48 7824.18 10878.7 12611 
0.905 10 9.57578 0 0 5872.48 7824.18 10878.7 -12611 
0.91 9.8816 10 0.159521 0 11335 15595.2 0.361582 0 
0.91 10 10.4242 0 0 5884.09 7845.11 10878.7 12664.9 
0.91 10 9.57578 0 0 5884.09 7845.11 10878.7 -12664.9 
0.915 9.8824 10 0.15955 0 11363.3 15636.9 0.464225 0 
0.915 10 10.4242 0 0 5895.92 7865.98 10878.6 12714.2 
0.915 10 9.57578 0 0 5895.92 7865.98 10878.6 -12714.2 
0.92 9.8832 10 0.159587 0 11392 15678.5 0.56644 0 
0.92 10 10.4242 0 0 5907.98 7886.77 10878.5 12767.8 
0.92 10 9.57578 0 0 5907.98 7886.77 10878.5 -12767.8 
0.925 9.884 10 0.159631 0 11421.2 15719.9 0.668247 0 
0.925 10 10.4242 0 0 5920.25 7907.49 10878.5 12816.8 
0.925 10 9.57578 0 0 5920.25 7907.49 10878.5 -12816.8 
0.93 9.88479 10 0.159682 0 11450.8 15761.2 0.769669 0 
0.93 10 10.4242 0 0 5932.75 7928.14 10878.4 12870.1 
0.93 10 9.57578 0 0 5932.75 7928.14 10878.4 -12870.1 
0.935 9.88559 10 0.159741 0 11480.7 15802.4 0.870725 0 
0.935 10 10.4242 0 0 5945.46 7948.71 10878.4 12918.9 
0.935 10 9.57578 0 0 5945.46 7948.71 10878.4 -12918.9 
0.94 9.88639 10 0.159807 0 11511.2 15843.4 0.971436 0 
0.94 10 10.4242 0 0 5958.4 7969.22 10878.3 12972 
0.94 10 9.57578 0 0 5958.4 7969.22 10878.3 -12972 
0.945 9.88719 10 0.15988 0 11542 15884.2 1.07182 0 
0.945 10 10.4242 0 0 5971.56 7989.65 10878.3 13020.5 
0.945 10 9.57578 0 0 5971.56 7989.65 10878.3 -13020.5 
0.95 9.88799 10 0.15996 0 11573.3 15924.9 1.17191 0 
0.95 10 10.4242 0 0 5984.95 8010.01 10878.2 13073.3 
0.95 10 9.57578 0 0 5984.95 8010.01 10878.2 -13073.3 
0.955 9.88879 10 0.160047 0 11605 15965.5 1.2717 0 
0.955 10 10.4242 0 0 5998.55 8030.29 10878.2 13121.6 
0.955 10 9.57578 0 0 5998.55 8030.29 10878.2 -13121.6 
0.96 9.88959 10 0.160141 0 11637.1 16005.9 1.37123 0 
0.96 10 10.4242 0 0 6012.39 8050.51 10878.1 13174.1 
0.96 10 9.57578 0 0 6012.39 8050.51 10878.1 -13174.1 
0.965 9.89039 10 0.160243 0 11669.7 16046.2 1.47051 0 
0.965 10 10.4242 0 0 6026.44 8070.64 10878 13222.1 
0.965 10 9.57578 0 0 6026.44 8070.64 10878 -13222.1 
0.97 9.89119 10 0.160352 0 11702.7 16086.3 1.56957 0 
0.97 10 10.4242 0 0 6040.73 8090.71 10878 13274.5 
0.97 10 9.57578 0 0 6040.73 8090.71 10878 -13274.5 
0.975 9.892 10 0.160467 0 11736.1 16126.3 1.66841 0 
0.975 10 10.4242 0 0 6055.24 8110.7 10877.9 13322.2 
0.975 10 9.57578 0 0 6055.24 8110.7 10877.9 -13322.2 
0.98 9.8928 10 0.16059 0 11770 16166.2 1.76706 0 
0.98 10 10.4242 0 0 6069.97 8130.61 10877.9 13374.3 
0.98 10 9.57578 0 0 6069.97 8130.61 10877.9 -13374.3 
0.985 9.8936 10 0.16072 0 11804.3 16205.8 1.86554 0 
0.985 10 10.4242 0 0 6084.94 8150.45 10877.8 13421.8 
0.985 10 9.57578 0 0 6084.94 8150.45 10877.8 -13421.8 
0.99 9.8944 10 0.160856 0 11839 16245.4 1.96386 0 
0.99 10 10.4242 0 0 6100.13 8170.21 10877.8 13473.7 
0.99 10 9.57578 0 0 6100.13 8170.21 10877.8 -13473.7 
0.995 9.89521 10 0.161 0 11874.2 16284.7 2.06204 0 
0.995 10 10.4242 0 0 6115.55 8189.9 10877.7 13520.9 
0.995 10 9.57578 0 0 6115.55 8189.9 10877.7 -13520.9 
1 9.89601 10 0.161151 0 11909.8 16324 2.16009 0 
1 10 10.4242 0 0 6131.21 8209.51 10877.6 13572.5 
1 10 9.57578 0 0 6131.21 8209.51 10877.6 -13572.5 
1.005 9.89682 10 0.161309 0 11945.9 16363 2.25805 0 
1.005 10 10.4242 0 0 6147.09 8229.04 10877.6 13619.6 
1.005 10 9.57578 0 0 6147.09 8229.04 10877.6 -13619.6 
1.01 9.89763 10 0.161474 0 11982.5 16401.9 2.35591 0 
1.01 10 10.4242 0 0 6163.21 8248.5 10877.5 13670.9 
1.01 10 9.57578 0 0 6163.21 8248.5 10877.5 -13670.9 
1.015 9.89844 10 0.161645 0 12019.4 16440.7 2.4537 0 
1.015 10 10.4242 0 0 6179.56 8267.87 10877.5 13717.7 
1.015 10 9.57578 0 0 6179.56 8267.87 10877.5 -13717.7 
1.02 9.89924 10 0.161824 0 12056.9 16479.3 2.55144 0 
1.02 10 10.4242 0 0 6196.14 8287.17 10877.4 13768.8 
1.02 10 9.57578 0 0 6196.14 8287.17 10877.4 -13768.8 
1.025 9.90005 10 0.16201 0 12094.8 16517.7 2.64914 0 
1.025 10 10.4242 0 0 6212.96 8306.39 10877.3 13815.3 
1.025 10 9.57578 0 0 6212.96 8306.39 10877.3 -13815.3 
1.03 9.90086 10 0.162203 0 12133.1 16556 2.74681 0 
1.03 10 10.4242 0 0 6230.01 8325.52 10877.3 13866.2 
1.03 10 9.57578 0 0 6230.01 8325.52 10877.3 -13866.2 
1.035 9.90168 10 0.162402 0 12171.9 16594.1 2.84448 0 
1.035 10 10.4242 0 0 6247.3 8344.58 10877.2 13912.5 
1.035 10 9.57578 0 0 6247.3 8344.58 10877.2 -13912.5 
1.04 9.90249 10 0.162609 0 12211.2 16632 2.94216 0 
1.04 10 10.4242 0 0 6264.83 8363.55 10877.1 13963.1 
1.04 10 9.57578 0 0 6264.83 8363.55 10877.1 -13963.1 
1.045 9.9033 10 0.162823 0 12250.9 16669.8 3.03986 0 
1.045 10 10.4242 0 0 6282.59 8382.44 10877.1 14009.1 
1.045 10 9.57578 0 0 6282.59 8382.44 10877.1 -14009.1 
1.05 9.90412 10 0.163043 0 12291.2 16707.4 3.1376 0 
1.05 10 10.4242 0 0 6300.6 8401.25 10877 14059.5 
1.05 10 9.57578 0 0 6300.6 8401.25 10877 -14059.5 
1.055 9.90493 10 0.163271 0 12331.8 16744.9 3.23539 0 
1.055 10 10.4242 0 0 6318.84 8419.98 10877 14105.3 
1.055 10 9.57578 0 0 6318.84 8419.98 10877 -14105.3 
1.06 9.90575 10 0.163505 0 12373 16782.2 3.33326 0 
1.06 10 10.4242 0 0 6337.32 8438.62 10876.9 14155.5 
1.06 10 9.57578 0 0 6337.32 8438.62 10876.9 -14155.5 
1.065 9.90657 10 0.163747 0 12414.6 16819.3 3.43121 0 
1.065 10 10.4242 0 0 6356.05 8457.17 10876.8 14201 
1.065 10 9.57578 0 0 6356.05 8457.17 10876.8 -14201 
1.07 9.90739 10 0.163996 0 12456.7 16856.2 3.52926 0 
1.07 10 10.4242 0 0 6375.02 8475.64 10876.8 14250.9 
1.07 10 9.57578 0 0 6375.02 8475.64 10876.8 -14250.9 
1.075 9.90821 10 0.164251 0 12499.2 16893 3.62743 0 
1.075 10 10.4242 0 0 6394.24 8494.02 10876.7 14296.2 
1.075 10 9.57578 0 0 6394.24 8494.02 10876.7 -14296.2 
1.08 9.90903 10 0.164514 0 12542.3 16929.6 3.72573 0 
1.08 10 10.4242 0 0 6413.7 8512.32 10876.6 14345.9 
1.08 10 9.57578 0 0 6413.7 8512.32 10876.6 -14345.9 
1.085 9.90985 10 0.164783 0 12585.8 16966 3.82417 0 
1.085 10 10.4242 0 0 6433.4 8530.52 10876.6 14390.9 
1.085 10 9.57578 0 0 6433.4 8530.52 10876.6 -14390.9 
1.09 9.91068 10 0.16506 0 12629.8 17002.2 3.92277 0 
1.09 10 10.4242 0 0 6453.36 8548.64 10876.5 14440.3 
1.09 10 9.57578 0 0 6453.36 8548.64 10876.5 -14440.3 
1.095 9.9115 10 0.165344 0 12674.3 17038.3 4.02155 0 
1.095 10 10.4242 0 0 6473.56 8566.66 10876.4 14485.2 
1.095 10 9.57578 0 0 6473.56 8566.66 10876.4 -14485.2 
1.1 9.91233 10 0.165635 0 12719.3 17074.1 4.12051 0 
1.1 10 10.4242 0 0 6494.01 8584.59 10876.3 14534.3 
1.1 10 9.57578 0 0 6494.01 8584.59 10876.3 -14534.3 
1.105 9.91316 10 0.165932 0 12764.7 17109.8 4.21968 0 
1.105 10 10.4242 0 0 6514.71 8602.43 10876.3 14578.9 
1.105 10 9.57578 0 0 6514.71 8602.43 10876.3 -14578.9 
1.11 9.91399 10 0.166237 0 12810.7 17145.3 4.31906 0 
1.11 10 10.4242 0 0 6535.67 8620.18 10876.2 14627.8 
1.11 10 9.57578 0 0 6535.67 8620.18 10876.2 -14627.8 
1.115 9.91482 10 0.166549 0 12857.1 17180.6 4.41867 0 
1.115 10 10.4242 0 0 6556.88 8637.83 10876.1 14672.1 
1.115 10 9.57578 0 0 6556.88 8637.83 10876.1 -14672.1 
1.12 9.91566 10 0.166869 0 12904.1 17215.7 4.51853 0 
1.12 10 10.4242 0 0 6578.34 8655.38 10876.1 14720.7 
1.12 10 9.57578 0 0 6578.34 8655.38 10876.1 -14720.7 
1.125 9.91649 10 0.167195 0 12951.6 17250.6 4.61865 0 
1.125 10 10.4242 0 0 6600.05 8672.84 10876 14764.8 
1.125 10 9.57578 0 0 6600.05 8672.84 10876 -14764.8 
1.13 9.91733 10 0.167528 0 12999.5 17285.3 4.71904 0 
1.13 10 10.4242 0 0 6622.03 8690.2 10875.9 14813.2 
1.13 10 9.57578 0 0 6622.03 8690.2 10875.9 -14813.2 
1.135 9.91817 10 0.167869 0 13048 17319.8 4.81972 0 
1.135 10 10.4242 0 0 6644.26 8707.46 10875.8 14856.9 
1.135 10 9.57578 0 0 6644.26 8707.46 10875.8 -14856.9 
1.14 9.91901 10 0.168217 0 13096.9 17354.2 4.9207 0 
1.14 10 10.4242 0 0 6666.75 8724.62 10875.8 14905.1 
1.14 10 9.57578 0 0 6666.75 8724.62 10875.8 -14905.1 
1.145 9.91985 10 0.168572 0 13146.4 17388.3 5.022 0 
1.145 10 10.4242 0 0 6689.5 8741.67 10875.7 14948.6 
1.145 10 9.57578 0 0 6689.5 8741.67 10875.7 -14948.6 
1.15 9.92069 10 0.168934 0 13196.4 17422.2 5.12362 0 
1.15 10 10.4242 0 0 6712.51 8758.63 10875.6 14996.5 
1.15 10 9.57578 0 0 6712.51 8758.63 10875.6 -14996.5 
1.155 9.92154 10 0.169304 0 13246.9 17455.9 5.22559 0 
1.155 10 10.4242 0 0 6735.78 8775.48 10875.5 15039.7 
1.155 10 9.57578 0 0 6735.78 8775.48 10875.5 -15039.7 
1.16 9.92239 10 0.169681 0 13297.9 17489.4 5.32791 0 
1.16 10 10.4242 0 0 6759.32 8792.22 10875.5 15087.3 
1.16 10 9.57578 0 0 6759.32 8792.22 10875.5 -15087.3 
1.165 9.92323 10 0.170065 0 13349.4 17522.6 5.4306 0 
1.165 10 10.4242 0 0 6783.12 8808.86 10875.4 15130.3 
1.165 10 9.57578 0 0 6783.12 8808.86 10875.4 -15130.3 
1.17 9.92409 10 0.170457 0 13401.5 17555.7 5.53368 0 
1.17 10 10.4242 0 0 6807.19 8825.39 10875.3 15177.6 
1.17 10 9.57578 0 0 6807.19 8825.39 10875.3 -15177.6 
1.175 9.92494 10 0.170856 0 13454.1 17588.5 5.63716 0 
1.175 10 10.4242 0 0 6831.53 8841.8 10875.2 15220.4 
1.175 10 9.57578 0 0 6831.53 8841.8 10875.2 -15220.4 
1.18 9.92579 10 0.171262 0 13507.2 17621.1 5.74104 0 
1.18 10 10.4242 0 0 6856.13 8858.11 10875.1 15267.4 
1.18 10 9.57578 0 0 6856.13 8858.11 10875.1 -15267.4 
1.185 9.92665 10 0.171676 0 13560.8 17653.5 5.84535 0 
1.185 10 10.4242 0 0 6881.01 8874.3 10875.1 15309.8 
1.185 10 9.57578 0 0 6881.01 8874.3 10875.1 -15309.8 
1.19 9.92751 10 0.172097 0 13615 17685.7 5.9501 0 
1.19 10 10.4242 0 0 6906.15 8890.38 10875 15356.6 
1.19 10 9.57578 0 0 6906.15 8890.38 10875 -15356.6 
1.195 9.92837 10 0.172526 0 13669.7 17717.6 6.0553 0 
1.195 10 10.4242 0 0 6931.57 8906.34 10874.9 15398.8 
1.195 10 9.57578 0 0 6931.57 8906.34 10874.9 -15398.8 
1.2 9.92924 10 0.172962 0 13724.9 17749.3 6.16097 0 
1.2 10 10.4242 0 0 6957.26 8922.19 10874.8 15445.2 
1.2 10 9.57578 0 0 6957.26 8922.19 10874.8 -15445.2 
1.205 9.9301 10 0.173406 0 13780.7 17780.8 6.26711 0 
1.205 10 10.4242 0 0 6983.23 8937.91 10874.7 15487.1 
1.205 10 9.57578 0 0 6983.23 8937.91 10874.7 -15487.1 
1.21 9.93097 10 0.173857 0 13837 17812 6.37375 0 
1.21 10 10.4242 0 0 7009.47 8953.51 10874.6 15533.3 
1.21 10 9.57578 0 0 7009.47 8953.51 10874.6 -15533.3 
1.215 9.93184 10 0.174317 0 13893.8 17842.9 6.4809 0 
1.215 10 10.4242 0 0 7035.99 8969 10874.6 15574.8 
1.215 10 9.57578 0 0 7035.99 8969 10874.6 -15574.8 
1.22 9.93271 10 0.174783 0 13951.2 17873.6 6.58856 0 
1.22 10 10.4242 0 0 7062.79 8984.35 10874.5 15620.7 
1.22 10 9.57578 0 0 7062.79 8984.35 10874.5 -15620.7 
1.225 9.93359 10 0.175258 0 14009.1 17904.1 6.69676 0 
1.225 10 10.4242 0 0 7089.87 8999.58 10874.4 15662 
1.225 10 9.57578 0 0 7089.87 8999.58 10874.4 -15662 
1.23 9.93447 10 0.17574 0 14067.6 17934.3 6.80551 0 
1.23 10 10.4242 0 0 7117.23 9014.68 10874.3 15707.6 
1.23 10 9.57578 0 0 7117.23 9014.68 10874.3 -15707.6 
1.235 9.93535 10 0.17623 0 14126.6 17964.2 6.91482 0 
1.235 10 10.4242 0 0 7144.88 9029.65 10874.2 15748.5 
1.235 10 9.57578 0 0 7144.88 9029.65 10874.2 -15748.5 
1.24 9.93623 10 0.176728 0 14186.2 17993.9 7.02471 0 
1.24 10 10.4242 0 0 7172.81 9044.49 10874.1 15793.8 
1.24 10 9.57578 0 0 7172.81 9044.49 10874.1 -15793.8 
1.245 9.93711 10 0.177234 0 14246.4 18023.3 7.13518 0 
1.245 10 10.4242 0 0 7201.02 9059.2 10874 15834.4 
1.245 10 9.57578 0 0 7201.02 9059.2 10874 -15834.4 
1.25 9.938 10 0.177747 0 14307.1 18052.5 7.24626 0 
1.25 10 10.4242 0 0 7229.52 9073.77 10873.9 15879.3 
1.25 10 9.57578 0 0 7229.52 9073.77 10873.9 -15879.3 
1.255 9.93889 10 0.178269 0 14368.3 18081.3 7.35795 0 
1.255 10 10.4242 0 0 7258.31 9088.2 10873.8 15919.6 
1.255 10 9.57578 0 0 7258.31 9088.2 10873.8 -15919.6 
1.26 9.93978 10 0.178798 0 14430.1 18109.9 7.47028 0 
1.26 10 10.4242 0 0 7287.39 9102.49 10873.7 15964.3 
1.26 10 9.57578 0 0 7287.39 9102.49 10873.7 -15964.3 
1.265 9.94068 10 0.179336 0 14492.5 18138.2 7.58325 0 
1.265 10 10.4242 0 0 7316.76 9116.64 10873.7 16004.2 
1.265 10 9.57578 0 0 7316.76 9116.64 10873.7 -16004.2 
1.27 9.94158 10 0.179882 0 14555.4 18166.2 7.69688 0 
1.27 10 10.4242 0 0 7346.42 9130.65 10873.6 16048.5 
1.27 10 9.57578 0 0 7346.42 9130.65 10873.6 -16048.5 
1.275 9.94248 10 0.180436 0 14619 18193.9 7.81118 0 
1.275 10 10.4242 0 0 7376.37 9144.5 10873.5 16088.1 
1.275 10 9.57578 0 0 7376.37 9144.5 10873.5 -16088.1 
1.28 9.94338 10 0.180998 0 14683 18221.4 7.92617 0 
1.28 10 10.4242 0 0 7406.61 9158.21 10873.4 16132.1 
1.28 10 9.57578 0 0 7406.61 9158.21 10873.4 -16132.1 
1.285 9.94429 10 0.181568 0 14747.7 18248.5 8.04186 0 
1.285 10 10.4242 0 0 7437.16 9171.77 10873.3 16171.3 
1.285 10 9.57578 0 0 7437.16 9171.77 10873.3 -16171.3 
1.29 9.9452 10 0.182146 0 14812.9 18275.3 8.15827 0 
1.29 10 10.4242 0 0 7468 9185.18 10873.2 16214.9 
1.29 10 9.57578 0 0 7468 9185.18 10873.2 -16214.9 
1.295 9.94611 10 0.182733 0 14878.7 18301.8 8.27541 0 
1.295 10 10.4242 0 0 7499.13 9198.43 10873.1 16253.8 
1.295 10 9.57578 0 0 7499.13 9198.43 10873.1 -16253.8 
1.3 9.94702 10 0.183329 0 14945.1 18328 8.39329 0 
1.3 10 10.4242 0 0 7530.57 9211.52 10873 16297 
1.3 10 9.57578 0 0 7530.57 9211.52 10873 -16297 
1.305 9.94794 10 0.183932 0 15012 18353.8 8.51193 0 
1.305 10 10.4242 0 0 7562.31 9224.45 10872.9 16335.6 
1.305 10 9.57578 0 0 7562.31 9224.45 10872.9 -16335.6 
1.31 9.94886 10 0.184545 0 15079.5 18379.4 8.63134 0 
1.31 10 10.4242 0 0 7594.35 9237.22 10872.8 16378.4 
1.31 10 9.57578 0 0 7594.35 9237.22 10872.8 -16378.4 
1.315 9.94979 10 0.185165 0 15147.6 18404.6 8.75154 0 
1.315 10 10.4242 0 0 7626.69 9249.82 10872.7 16416.6 
1.315 10 9.57578 0 0 7626.69 9249.82 10872.7 -16416.6 
1.32 9.95072 10 0.185795 0 15216.3 18429.4 8.87254 0 
1.32 10 10.4242 0 0 7659.33 9262.25 10872.6 16459 
1.32 10 9.57578 0 0 7659.33 9262.25 10872.6 -16459 
1.325 9.95165 10 0.186433 0 15285.6 18454 8.99436 0 
1.325 10 10.4242 0 0 7692.28 9274.51 10872.5 16496.8 
1.325 10 9.57578 0 0 7692.28 9274.51 10872.5 -16496.8 
1.33 9.95258 10 0.18708 0 15355.4 18478.1 9.11702 0 
1.33 10 10.4242 0 0 7725.54 9286.6 10872.3 16538.8 
1.33 10 9.57578 0 0 7725.54 9286.6 10872.3 -16538.8 
1.335 9.95352 10 0.187735 0 15425.9 18502 9.24052 0 
1.335 10 10.4242 0 0 7759.1 9298.51 10872.2 16576.2 
1.335 10 9.57578 0 0 7759.1 9298.51 10872.2 -16576.2 
1.34 9.95446 10 0.1884 0 15496.9 18525.4 9.36488 0 
1.34 10 10.4242 0 0 7792.97 9310.25 10872.1 16617.8 
1.34 10 9.57578 0 0 7792.97 9310.25 10872.1 -16617.8 
1.345 9.9554 10 0.189073 0 15568.5 18548.5 9.49012 0 
1.345 10 10.4242 0 0 7827.15 9321.8 10872 16654.8 
1.345 10 9.57578 0 0 7827.15 9321.8 10872 -16654.8 
1.35 9.95635 10 0.189756 0 15640.7 18571.3 9.61625 0 
1.35 10 10.4242 0 0 7861.65 9333.16 10871.9 16696 
1.35 10 9.57578 0 0 7861.65 9333.16 10871.9 -16696 
1.355 9.9573 10 0.190447 0 15713.5 18593.6 9.7433 0 
1.355 10 10.4242 0 0 7896.45 9344.34 10871.8 16732.5 
1.355 10 9.57578 0 0 7896.45 9344.34 10871.8 -16732.5 
1.36 9.95825 10 0.191148 0 15786.9 18615.6 9.87126 0 
1.36 10 10.4242 0 0 7931.56 9355.33 10871.7 16773.2 
1.36 10 9.57578 0 0 7931.56 9355.33 10871.7 -16773.2 
1.365 9.95921 10 0.191857 0 15860.8 18637.2 10.0002 0 
1.365 10 10.4242 0 0 7966.99 9366.12 10871.6 16809.3 
1.365 10 9.57578 0 0 7966.99 9366.12 10871.6 -16809.3 
1.37 9.96017 10 0.192576 0 15935.4 18658.4 10.13 0 
1.37 10 10.4242 0 0 8002.74 9376.72 10871.5 16849.6 
1.37 10 9.57578 0 0 8002.74 9376.72 10871.5 -16849.6 
1.375 9.96114 10 0.193304 0 16010.5 18679.2 10.2609 0 
1.375 10 10.4242 0 0 8038.8 9387.11 10871.3 16885.2 
1.375 10 9.57578 0 0 8038.8 9387.11 10871.3 -16885.2 
1.38 9.9621 10 0.194042 0 16086.3 18699.5 10.3927 0 
1.38 10 10.4242 0 0 8075.17 9397.3 10871.2 16925.1 
1.38 10 9.57578 0 0 8075.17 9397.3 10871.2 -16925.1 
1.385 9.96308 10 0.194789 0 16162.6 18719.5 10.5255 0 
1.385 10 10.4242 0 0 8111.86 9407.29 10871.1 16960.2 
1.385 10 9.57578 0 0 8111.86 9407.29 10871.1 -16960.2 
1.39 9.96405 10 0.195546 0 16239.5 18739.1 10.6594 0 
1.39 10 10.4242 0 0 8148.87 9417.06 10871 16999.6 
1.39 10 9.57578 0 0 8148.87 9417.06 10871 -16999.6 
1.395 9.96503 10 0.196312 0 16317.1 18758.2 10.7942 0 
1.395 10 10.4242 0 0 8186.2 9426.62 10870.9 17034.3 
1.395 10 9.57578 0 0 8186.2 9426.62 10870.9 -17034.3 
1.4 9.96602 10 0.197088 0 16395.2 18776.9 10.9302 0 
1.4 10 10.4242 0 0 8223.85 9435.97 10870.7 17073.2 
1.4 10 9.57578 0 0 8223.85 9435.97 10870.7 -17073.2 
1.405 9.967 10 0.197873 0 16473.9 18795.1 11.0672 0 
1.405 10 10.4242 0 0 8261.82 9445.09 10870.6 17107.3 
1.405 10 9.57578 0 0 8261.82 9445.09 10870.6 -17107.3 
1.41 9.96799 10 0.198669 0 16553.2 18812.9 11.2053 0 
1.41 10 10.4242 0 0 8300.11 9453.99 10870.5 17145.7 
1.41 10 9.57578 0 0 8300.11 9453.99 10870.5 -17145.7 
1.415 9.96899 10 0.199474 0 16633.1 18830.3 11.3445 0 
1.415 10 10.4242 0 0 8338.72 9462.67 10870.4 17179.3 
1.415 10 9.57578 0 0 8338.72 9462.67 10870.4 -17179.3 
1.42 9.96999 10 0.20029 0 16713.5 18847.1 11.4848 0 
1.42 10 10.4242 0 0 8377.65 9471.11 10870.2 17217.1 
1.42 10 9.57578 0 0 8377.65 9471.11 10870.2 -17217.1 
1.425 9.97099 10 0.201115 0 16794.6 18863.6 11.6263 0 
1.425 10 10.4242 0 0 8416.91 9479.31 10870.1 17250.2 
1.425 10 9.57578 0 0 8416.91 9479.31 10870.1 -17250.2 
1.43 9.972 10 0.20195 0 16876.3 18879.5 11.7689 0 
1.43 10 10.4242 0 0 8456.49 9487.28 10870 17287.5 
1.43 10 9.57578 0 0 8456.49 9487.28 10870 -17287.5 
1.435 9.97301 10 0.202796 0 16958.5 18894.9 11.9127 0 
1.435 10 10.4242 0 0 8496.39 9495.01 10869.8 17320.1 
1.435 10 9.57578 0 0 8496.39 9495.01 10869.8 -17320.1 
1.44 9.97403 10 0.203652 0 17041.3 18909.9 12.0577 0 
1.44 10 10.4242 0 0 8536.61 9502.49 10869.7 17356.8 
1.44 10 9.57578 0 0 8536.61 9502.49 10869.7 -17356.8 
1.445 9.97505 10 0.204519 0 17124.7 18924.4 12.2039 0 
1.445 10 10.4242 0 0 8577.16 9509.71 10869.6 17388.8 
1.445 10 9.57578 0 0 8577.16 9509.71 10869.6 -17388.8 
1.45 9.97607 10 0.205396 0 17208.7 18938.3 12.3513 0 
1.45 10 10.4242 0 0 8618.04 9516.69 10869.4 17424.9 
1.45 10 9.57578 0 0 8618.04 9516.69 10869.4 -17424.9 
1.455 9.9771 10 0.206283 0 17293.3 18951.7 12.5 0 
1.455 10 10.4242 0 0 8659.23 9523.4 10869.3 17456.3 
1.455 10 9.57578 0 0 8659.23 9523.4 10869.3 -17456.3 
1.46 9.97814 10 0.207181 0 17378.5 18964.6 12.6499 0 
1.46 10 10.4242 0 0 8700.76 9529.86 10869.2 17491.8 
1.46 10 9.57578 0 0 8700.76 9529.86 10869.2 -17491.8 
1.465 9.97917 10 0.20809 0 17464.2 18977 12.8012 0 
1.465 10 10.4242 0 0 8742.61 9536.04 10869 17522.6 
1.465 10 9.57578 0 0 8742.61 9536.04 10869 -17522.6 
1.47 9.98022 10 0.20901 0 17550.5 18988.8 12.9537 0 
1.47 10 10.4242 0 0 8784.78 9541.96 10868.9 17557.5 
1.47 10 9.57578 0 0 8784.78 9541.96 10868.9 -17557.5 
1.475 9.98126 10 0.209941 0 17637.4 19000.1 13.1076 0 
1.475 10 10.4242 0 0 8827.28 9547.6 10868.7 17587.6 
1.475 10 9.57578 0 0 8827.28 9547.6 10868.7 -17587.6 
1.48 9.98232 10 0.210883 0 17724.8 19010.8 13.2629 0 
1.48 10 10.4242 0 0 8870.1 9552.95 10868.6 17621.9 
1.48 10 9.57578 0 0 8870.1 9552.95 10868.6 -17621.9 
1.485 9.98337 10 0.211836 0 17812.8 19021 13.4195 0 
1.485 10 10.4242 0 0 8913.25 9558.03 10868.5 17651.4 
1.485 10 9.57578 0 0 8913.25 9558.03 10868.5 -17651.4 
1.49 9.98443 10 0.2128 0 17901.4 19030.6 13.5775 0 
1.49 10 10.4242 0 0 8956.72 9562.82 10868.3 17685 
1.49 10 9.57578 0 0 8956.72 9562.82 10868.3 -17685 
1.495 9.9855 10 0.213775 0 17990.5 19039.6 13.7369 0 
1.495 10 10.4242 0 0 9000.52 9567.31 10868.2 17713.8 
1.495 10 9.57578 0 0 9000.52 9567.31 10868.2 -17713.8 
1.5 9.98657 10 0.214762 0 18080.2 19047.9 13.8977 0 
1.5 10 10.4242 0 0 9044.64 9571.5 10868 17746.7 
1.5 10 9.57578 0 0 9044.64 9571.5 10868 -17746.7 
1.505 9.98765 10 0.215761 0 18170.5 19055.7 14.06 0 
1.505 10 10.4242 0 0 9089.08 9575.4 10867.9 17774.8 
1.505 10 9.57578 0 0 9089.08 9575.4 10867.9 -17774.8 
1.51 9.98873 10 0.216771 0 18261.2 19062.9 14.2238 0 
1.51 10 10.4242 0 0 9133.84 9578.98 10867.7 17807 
1.51 10 9.57578 0 0 9133.84 9578.98 10867.7 -17807 
1.515 9.98982 10 0.217793 0 18352.6 19069.4 14.3891 0 
1.515 10 10.4242 0 0 9178.93 9582.25 10867.6 17834.4 
1.515 10 9.57578 0 0 9178.93 9582.25 10867.6 -17834.4 
1.52 9.99091 10 0.218827 0 18444.4 19075.3 14.5559 0 
1.52 10 10.4242 0 0 9224.34 9585.21 10867.4 17865.9 
1.52 10 9.57578 0 0 9224.34 9585.21 10867.4 -17865.9 
1.525 9.992 10 0.219872 0 18536.8 19080.6 14.7243 0 
1.525 10 10.4242 0 0 9270.07 9587.84 10867.2 17892.5 
1.525 10 9.57578 0 0 9270.07 9587.84 10867.2 -17892.5 
1.53 9.99311 10 0.22093 0 18629.8 19085.2 14.8943 0 
1.53 10 10.4242 0 0 9316.11 9590.15 10867.1 17923.3 
1.53 10 9.57578 0 0 9316.11 9590.15 10867.1 -17923.3 
1.535 9.99421 10 0.222 0 18723.2 19089.2 15.0658 0 
1.535 10 10.4242 0 0 9362.48 9592.12 10866.9 17949.1 
1.535 10 9.57578 0 0 9362.48 9592.12 10866.9 -17949.1 
1.54 9.99533 10 0.223082 0 18817.2 19092.4 15.239 0 
1.54 10 10.4242 0 0 9409.16 9593.76 10866.8 17979.1 
1.54 10 9.57578 0 0 9409.16 9593.76 10866.8 -17979.1 
1.545 9.99644 10 0.224177 0 18911.7 19095 15.4138 0 
1.545 10 10.4242 0 0 9456.16 9595.05 10866.6 18004.1 
1.545 10 9.57578 0 0 9456.16 9595.05 10866.6 -18004.1 
1.55 9.99757 10 0.225284 0 19006.6 19096.9 15.5903 0 
1.55 10 10.4242 0 0 9503.47 9596 10866.4 18033.3 
1.55 10 9.57578 0 0 9503.47 9596 10866.4 -18033.3 
1.555 9.9987 10 0.226404 0 19102.1 19098.1 15.7685 0 
1.555 10 10.4242 0 0 9551.1 9596.59 10866.3 18057.5 
1.555 10 9.57578 0 0 9551.1 9596.59 10866.3 -18057.5 
1.56 9.99983 10 0.227537 0 19198.1 19098.6 15.9485 0 
1.56 10 10.4242 0 0 9599.04 9596.83 10866.1 18085.8 
1.56 10 9.57578 0 0 9599.04 9596.83 10866.1 -18085.8 
1.565 10.001 10 0.228683 0 19294.5 19098.3 16.1302 0 
1.565 10 10.4242 0 0 9647.29 9596.7 10865.9 18109.2 
1.565 10 9.57578 0 0 9647.29 9596.7 10865.9 -18109.2 
1.57 10.0021 10 0.229841 0 19391.4 19097.3 16.3137 0 
1.57 10 10.4242 0 0 9695.84 9596.2 10865.8 18136.6 
1.57 10 9.57578 0 0 9695.84 9596.2 10865.8 -18136.6 
1.575 10.0033 10 0.231013 0 19488.8 19095.6 16.499 0 
1.575 10 10.4242 0 0 9744.7 9595.33 10865.6 18159.1 
1.575 10 9.57578 0 0 9744.7 9595.33 10865.6 -18159.1 
1.58 10.0044 10 0.232198 0 19586.7 19093.1 16.6862 0 
1.58 10 10.4242 0 0 9793.87 9594.07 10865.4 18185.7 
1.58 10 9.57578 0 0 9793.87 9594.07 10865.4 -18185.7 
1.585 10.0056 10 0.233397 0 19685 19089.8 16.8752 0 
1.585 10 10.4242 0 0 9843.33 9592.43 10865.2 18207.3 
1.585 10 9.57578 0 0 9843.33 9592.43 10865.2 -18207.3 
1.59 10.0068 10 0.234609 0 19783.7 19085.7 17.0662 0 
1.59 10 10.4242 0 0 9893.1 9590.4 10865 18232.9 
1.59 10 9.57578 0 0 9893.1 9590.4 10865 -18232.9 
1.595 10.0079 10 0.235835 0 19882.8 19080.9 17.2591 0 
1.595 10 10.4242 0 0 9943.16 9587.97 10864.9 18253.6 
1.595 10 9.57578 0 0 9943.16 9587.97 10864.9 -18253.6 
1.6 10.0091 10 0.237075 0 19982.4 19075.2 17.454 0 
1.6 10 10.4242 0 0 9993.52 9585.13 10864.7 18278.2 
1.6 10 9.57578 0 0 9993.52 9585.13 10864.7 -18278.2 
1.605 10.0103 10 0.238329 0 20082.4 19068.7 17.651 0 
1.605 10 10.4242 0 0 10044.2 9581.89 10864.5 18297.9 
1.605 10 9.57578 0 0 10044.2 9581.89 10864.5 -18297.9 
1.61 10.0115 10 0.239597 0 20182.8 19061.4 17.8499 0 
1.61 10 10.4242 0 0 10095.1 9578.23 10864.3 18321.6 
1.61 10 9.57578 0 0 10095.1 9578.23 10864.3 -18321.6 
1.615 10.0127 10 0.240879 0 20283.6 19053.2 18.051 0 
1.615 10 10.4242 0 0 10146.3 9574.15 10864.1 18340.3 
1.615 10 9.57578 0 0 10146.3 9574.15 10864.1 -18340.3 
1.62 10.0139 10 0.242175 0 20384.7 19044.2 18.2542 0 
1.62 10 10.4242 0 0 10197.8 9569.64 10863.9 18363 
1.62 10 9.57578 0 0 10197.8 9569.64 10863.9 -18363 
1.625 10.0151 10 0.243486 0 20486.2 19034.3 18.4595 0 
1.625 10 10.4242 0 0 10249.6 9564.7 10863.7 18380.7 
1.625 10 9.57578 0 0 10249.6 9564.7 10863.7 -18380.7 
1.63 10.0163 10 0.244812 0 20588.1 19023.6 18.6671 0 
1.63 10 10.4242 0 0 10301.7 9559.31 10863.5 18402.3 
1.63 10 9.57578 0 0 10301.7 9559.31 10863.5 -18402.3 
1.635 10.0176 10 0.246153 0 20690.3 19011.9 18.8769 0 
1.635 10 10.4242 0 0 10354 9553.49 10863.3 18418.9 
1.635 10 9.57578 0 0 10354 9553.49 10863.3 -18418.9 
1.64 10.0188 10 0.247509 0 20792.8 18999.3 19.089 0 
1.64 10 10.4242 0 0 10406.6 9547.2 10863.1 18439.5 
1.64 10 9.57578 0 0 10406.6 9547.2 10863.1 -18439.5 
1.645 10.0201 10 0.24888 0 20895.6 18985.9 19.3034 0 
1.645 10 10.4242 0 0 10459.5 9540.46 10862.9 18455 
1.645 10 9.57578 0 0 10459.5 9540.46 10862.9 -18455 
1.65 10.0213 10 0.250267 0 20998.7 18971.5 19.5203 0 
1.65 10 10.4242 0 0 10512.6 9533.26 10862.7 18474.4 
1.65 10 9.57578 0 0 10512.6 9533.26 10862.7 -18474.4 
1.655 10.0226 10 0.251669 0 21102.2 18956.1 19.7395 0 
1.655 10 10.4242 0 0 10566 9525.58 10862.5 18488.8 
1.655 10 9.57578 0 0 10566 9525.58 10862.5 -18488.8 
1.66 10.0238 10 0.253087 0 21205.8 18939.8 19.9612 0 
1.66 10 10.4242 0 0 10619.6 9517.43 10862.3 18507.1 
1.66 10 9.57578 0 0 10619.6 9517.43 10862.3 -18507.1 
1.665 10.0251 10 0.254521 0 21309.7 18922.5 20.1855 0 
1.665 10 10.4242 0 0 10673.5 9508.79 10862.1 18520.3 
1.665 10 9.57578 0 0 10673.5 9508.79 10862.1 -18520.3 
1.67 10.0264 10 0.255971 0 21413.9 18904.2 20.4123 0 
1.67 10 10.4242 0 0 10727.6 9499.66 10861.9 18537.5 
1.67 10 9.57578 0 0 10727.6 9499.66 10861.9 -18537.5 
1.675 10.0276 10 0.257437 0 21518.3 18885 20.6417 0 
1.675 10 10.4242 0 0 10781.9 9490.03 10861.7 18549.5 
1.675 10 9.57578 0 0 10781.9 9490.03 10861.7 -18549.5 
1.68 10.0289 10 0.258919 0 21622.8 18864.7 20.8739 0 
1.68 10 10.4242 0 0 10836.5 9479.9 10861.4 18565.4 
1.68 10 9.57578 0 0 10836.5 9479.9 10861.4 -18565.4 
1.685 10.0302 10 0.260419 0 21727.6 18843.4 21.1088 0 
1.685 10 10.4242 0 0 10891.3 9469.25 10861.2 18576.2 
1.685 10 9.57578 0 0 10891.3 9469.25 10861.2 -18576.2 
1.69 10.0315 10 0.261935 0 21832.5 18821.1 21.3465 0 
1.69 10 10.4242 0 0 10946.4 9458.09 10861 18590.8 
1.69 10 9.57578 0 0 10946.4 9458.09 10861 -18590.8 
1.695 10.0329 10 0.263468 0 21937.5 18797.7 21.587 0 
1.695 10 10.4242 0 0 11001.6 9446.4 10860.8 18600.4 
1.695 10 9.57578 0 0 11001.6 9446.4 10860.8 -18600.4 
1.7 10.0342 10 0.265019 0 22042.7 18773.3 21.8305 0 
1.7 10 10.4242 0 0 11057 9434.19 10860.5 18613.7 
1.7 10 9.57578 0 0 11057 9434.19 10860.5 -18613.7 
1.705 10.0355 10 0.266587 0 22148 18747.8 22.077 0 
1.705 10 10.4242 0 0 11112.7 9421.43 10860.3 18622 
1.705 10 9.57578 0 0 11112.7 9421.43 10860.3 -18622 
1.71 10.0368 10 0.268173 0 22253.3 18721.2 22.3266 0 
1.71 10 10.4242 0 0 11168.5 9408.13 10860.1 18634 
1.71 10 9.57578 0 0 11168.5 9408.13 10860.1 -18634 
1.715 10.0382 10 0.269777 0 22358.7 18693.5 22.5793 0 
1.715 10 10.4242 0 0 11224.6 9394.28 10859.8 18640.9 
1.715 10 9.57578 0 0 11224.6 9394.28 10859.8 -18640.9 
1.72 10.0395 10 0.271399 0 22464.2 18664.7 22.8352 0 
1.72 10 10.4242 0 0 11280.8 9379.87 10859.6 18651.6 
1.72 10 9.57578 0 0 11280.8 9379.87 10859.6 -18651.6 
1.725 10.0409 10 0.273039 0 22569.7 18634.7 23.0944 0 
1.725 10 10.4242 0 0 11337.2 9364.9 10859.3 18657.1 
1.725 10 9.57578 0 0 11337.2 9364.9 10859.3 -18657.1 
1.73 10.0423 10 0.274698 0 22675.1 18603.6 23.357 0 
1.73 10 10.4242 0 0 11393.7 9349.36 10859.1 18666.4 
1.73 10 9.57578 0 0 11393.7 9349.36 10859.1 -18666.4 
1.735 10.0436 10 0.276376 0 22780.5 18571.4 23.6231 0 
1.735 10 10.4242 0 0 11450.4 9333.23 10858.8 18670.5 
1.735 10 9.57578 0 0 11450.4 9333.23 10858.8 -18670.5 
1.74 10.045 10 0.278073 0 22885.9 18538 23.8927 0 
1.74 10 10.4242 0 0 11507.3 9316.52 10858.6 18678.3 
1.74 10 9.57578 0 0 11507.3 9316.52 10858.6 -18678.3 
1.745 10.0464 10 0.279789 0 22991.2 18503.4 24.1659 0 
1.745 10 10.4242 0 0 11564.2 9299.22 10858.3 18681 
1.745 10 9.57578 0 0 11564.2 9299.22 10858.3 -18681 
1.75 10.0478 10 0.281525 0 23096.4 18467.6 24.4429 0 
1.75 10 10.4242 0 0 11621.4 9281.32 10858.1 18687.3 
1.75 10 9.57578 0 0 11621.4 9281.32 10858.1 -18687.3 
1.755 10.0492 10 0.283281 0 23201.5 18430.6 24.7237 0 
1.755 10 10.4242 0 0 11678.6 9262.81 10857.8 18688.5 
1.755 10 9.57578 0 0 11678.6 9262.81 10857.8 -18688.5 
1.76 10.0507 10 0.285057 0 23306.4 18392.3 25.0085 0 
1.76 10 10.4242 0 0 11736 9243.69 10857.5 18693.3 
1.76 10 9.57578 0 0 11736 9243.69 10857.5 -18693.3 
1.765 10.0521 10 0.286854 0 23411.1 18352.8 25.2973 0 
1.765 10 10.4242 0 0 11793.5 9223.95 10857.3 18692.9 
1.765 10 9.57578 0 0 11793.5 9223.95 10857.3 -18692.9 
1.77 10.0535 10 0.288671 0 23515.6 18312.1 25.5903 0 
1.77 10 10.4242 0 0 11851 9203.59 10857 18696.2 
1.77 10 9.57578 0 0 11851 9203.59 10857 -18696.2 
1.775 10.055 10 0.29051 0 23619.8 18270.1 25.8876 0 
1.775 10 10.4242 0 0 11908.7 9182.59 10856.7 18694.3 
1.775 10 9.57578 0 0 11908.7 9182.59 10856.7 -18694.3 
1.78 10.0564 10 0.292369 0 23723.8 18226.8 26.1892 0 
1.78 10 10.4242 0 0 11966.4 9160.95 10856.4 18696 
1.78 10 9.57578 0 0 11966.4 9160.95 10856.4 -18696 
1.785 10.0579 10 0.294251 0 23827.5 18182.3 26.4955 0 
1.785 10 10.4242 0 0 12024.2 9138.66 10856.2 18692.4 
1.785 10 9.57578 0 0 12024.2 9138.66 10856.2 -18692.4 
1.79 10.0594 10 0.296155 0 23930.8 18136.4 26.8064 0 
1.79 10 10.4242 0 0 12082.1 9115.72 10855.9 18692.5 
1.79 10 9.57578 0 0 12082.1 9115.72 10855.9 -18692.5 
1.795 10.0609 10 0.298081 0 24033.8 18089.2 27.1221 0 
1.795 10 10.4242 0 0 12140 9092.13 10855.6 18687.3 
1.795 10 9.57578 0 0 12140 9092.13 10855.6 -18687.3 
1.8 10.0624 10 0.300029 0 24136.4 18040.7 27.4428 0 
1.8 10 10.4242 0 0 12197.9 9067.86 10855.3 18685.7 
1.8 10 9.57578 0 0 12197.9 9067.86 10855.3 -18685.7 
1.805 10.0639 10 0.302001 0 24238.5 17990.8 27.7686 0 
1.805 10 10.4242 0 0 12255.8 9042.92 10855 18678.8 
1.805 10 9.57578 0 0 12255.8 9042.92 10855 -18678.8 
1.81 10.0654 10 0.303996 0 24340.2 17939.5 28.0997 0 
1.81 10 10.4242 0 0 12313.8 9017.31 10854.7 18675.6 
1.81 10 9.57578 0 0 12313.8 9017.31 10854.7 -18675.6 
1.815 10.0669 10 0.306015 0 24441.4 17886.9 28.4363 0 
1.815 10 10.4242 0 0 12371.8 8991 10854.4 18666.9 
1.815 10 9.57578 0 0 12371.8 8991 10854.4 -18666.9 
1.82 10.0684 10 0.308059 0 24542.1 17832.9 28.7785 0 
1.82 10 10.4242 0 0 12429.7 8964.01 10854 18661.9 
1.82 10 9.57578 0 0 12429.7 8964.01 10854 -18661.9 
1.825 10.07 10 0.310127 0 24642.2 17777.6 29.1266 0 
1.825 10 10.4242 0 0 12487.6 8936.31 10853.7 18651.5 
1.825 10 9.57578 0 0 12487.6 8936.31 10853.7 -18651.5 
1.83 10.0715 10 0.31222 0 24741.7 17720.8 29.4807 0 
1.83 10 10.4242 0 0 12545.5 8907.92 10853.4 18644.7 
1.83 10 9.57578 0 0 12545.5 8907.92 10853.4 -18644.7 
1.835 10.0731 10 0.314339 0 24840.5 17662.5 29.841 0 
1.835 10 10.4242 0 0 12603.4 8878.81 10853.1 18632.5 
1.835 10 9.57578 0 0 12603.4 8878.81 10853.1 -18632.5 
1.84 10.0747 10 0.316483 0 24938.7 17602.9 30.2078 0 
1.84 10 10.4242 0 0 12661.1 8848.98 10852.7 18623.9 
1.84 10 9.57578 0 0 12661.1 8848.98 10852.7 -18623.9 
1.845 10.0763 10 0.318654 0 25036.2 17541.8 30.5813 0 
1.845 10 10.4242 0 0 12718.8 8818.44 10852.4 18609.9 
1.845 10 9.57578 0 0 12718.8 8818.44 10852.4 -18609.9 
1.85 10.0779 10 0.320852 0 25132.9 17479.3 30.9617 0 
1.85 10 10.4242 0 0 12776.4 8787.16 10852.1 18599.4 
1.85 10 9.57578 0 0 12776.4 8787.16 10852.1 -18599.4 
1.855 10.0795 10 0.323077 0 25228.8 17415.2 31.3493 0 
1.855 10 10.4242 0 0 12833.9 8755.15 10851.7 18583.5 
1.855 10 9.57578 0 0 12833.9 8755.15 10851.7 -18583.5 
1.86 10.0811 10 0.325331 0 25323.9 17349.7 31.7444 0 
1.86 10 10.4242 0 0 12891.3 8722.4 10851.4 18571.2 
1.86 10 9.57578 0 0 12891.3 8722.4 10851.4 -18571.2 
1.865 10.0827 10 0.327612 0 25418.1 17282.7 32.1472 0 
1.865 10 10.4242 0 0 12948.5 8688.9 10851 18553.4 
1.865 10 9.57578 0 0 12948.5 8688.9 10851 -18553.4 
1.87 10.0844 10 0.329923 0 25511.4 17214.2 32.558 0 
1.87 10 10.4242 0 0 13005.6 8654.66 10850.6 18539.1 
1.87 10 9.57578 0 0 13005.6 8654.66 10850.6 -18539.1 
1.875 10.086 10 0.332264 0 25603.8 17144.2 32.9772 0 
1.875 10 10.4242 0 0 13062.5 8619.66 10850.3 18519.3 
1.875 10 9.57578 0 0 13062.5 8619.66 10850.3 -18519.3 
1.88 10.0877 10 0.334635 0 25695.2 17072.7 33.405 0 
1.88 10 10.4242 0 0 13119.3 8583.89 10849.9 18503.1 
1.88 10 9.57578 0 0 13119.3 8583.89 10849.9 -18503.1 
1.885 10.0894 10 0.337036 0 25785.5 16999.7 33.8419 0 
1.885 10 10.4242 0 0 13175.8 8547.36 10849.5 18481.4 
1.885 10 9.57578 0 0 13175.8 8547.36 10849.5 -18481.4 
1.89 10.0911 10 0.339469 0 25874.7 16925.1 34.2882 0 
1.89 10 10.4242 0 0 13232.1 8510.06 10849.1 18463.1 
1.89 10 9.57578 0 0 13232.1 8510.06 10849.1 -18463.1 
1.895 10.0928 10 0.341935 0 25962.9 16848.9 34.7443 0 
1.895 10 10.4242 0 0 13288.2 8471.99 10848.7 18439.4 
1.895 10 9.57578 0 0 13288.2 8471.99 10848.7 -18439.4 
1.9 10.0945 10 0.344433 0 26049.8 16771.2 35.2105 0 
1.9 10 10.4242 0 0 13344.1 8433.13 10848.3 18419.1 
1.9 10 9.57578 0 0 13344.1 8433.13 10848.3 -18419.1 
1.905 10.0962 10 0.346965 0 26135.5 16691.9 35.6874 0 
1.905 10 10.4242 0 0 13399.7 8393.49 10847.9 18393.4 
1.905 10 9.57578 0 0 13399.7 8393.49 10847.9 -18393.4 
1.91 10.098 10 0.349531 0 26220 16611.1 36.1753 0 
1.91 10 10.4242 0 0 13455 8353.07 10847.4 18371.1 
1.91 10 9.57578 0 0 13455 8353.07 10847.4 -18371.1 
1.915 10.0997 10 0.352133 0 26303.2 16528.6 36.6748 0 
1.915 10 10.4242 0 0 13510 8311.85 10847 18343.2 
1.915 10 9.57578 0 0 13510 8311.85 10847 -18343.2 
1.92 10.1015 10 0.354771 0 26385 16444.6 37.1863 0 
1.92 10 10.4242 0 0 13564.8 8269.83 10846.6 18318.9 
1.92 10 9.57578 0 0 13564.8 8269.83 10846.6 -18318.9 
1.925 10.1033 10 0.357446 0 26465.5 16359 37.7104 0 
1.925 10 10.4242 0 0 13619.1 8227.01 10846.1 18288.9 
1.925 10 9.57578 0 0 13619.1 8227.01 10846.1 -18288.9 
1.93 10.1051 10 0.360159 0 26544.5 16271.7 38.2477 0 
1.93 10 10.4242 0 0 13673.2 8183.39 10845.7 18262.4 
1.93 10 9.57578 0 0 13673.2 8183.39 10845.7 -18262.4 
1.935 10.1069 10 0.36291 0 26622 16182.9 38.7987 0 
1.935 10 10.4242 0 0 13726.8 8138.96 10845.2 18230.4 
1.935 10 9.57578 0 0 13726.8 8138.96 10845.2 -18230.4 
1.94 10.1087 10 0.365702 0 26698 16092.4 39.3642 0 
1.94 10 10.4242 0 0 13780.1 8093.73 10844.7 18201.8 
1.94 10 9.57578 0 0 13780.1 8093.73 10844.7 -18201.8 
1.945 10.1105 10 0.368534 0 26772.3 16000.3 39.9447 0 
1.945 10 10.4242 0 0 13833 8047.68 10844.2 18167.6 
1.945 10 9.57578 0 0 13833 8047.68 10844.2 -18167.6 
1.95 10.1124 10 0.371408 0 26845.1 15906.6 40.541 0 
1.95 10 10.4242 0 0 13885.5 8000.81 10843.7 18136.8 
1.95 10 9.57578 0 0 13885.5 8000.81 10843.7 -18136.8 
1.955 10.1142 10 0.374326 0 26916.1 15811.2 41.1538 0 
1.955 10 10.4242 0 0 13937.5 7953.13 10843.2 18100.5 
1.955 10 9.57578 0 0 13937.5 7953.13 10843.2 -18100.5 
1.96 10.1161 10 0.377288 0 26985.5 15714.2 41.784 0 
1.96 10 10.4242 0 0 13989 7904.63 10842.7 18067.5 
1.96 10 9.57578 0 0 13989 7904.63 10842.7 -18067.5 
1.965 10.118 10 0.380295 0 27053 15615.5 42.4324 0 
1.965 10 10.4242 0 0 14040.1 7855.3 10842.2 18029 
1.965 10 9.57578 0 0 14040.1 7855.3 10842.2 -18029 
1.97 10.1199 10 0.38335 0 27118.8 15515.2 43.0998 0 
1.97 10 10.4242 0 0 14090.7 7805.16 10841.6 17993.9 
1.97 10 9.57578 0 0 14090.7 7805.16 10841.6 -17993.9 
1.975 10.1218 10 0.386453 0 27182.6 15413.3 43.7874 0 
1.975 10 10.4242 0 0 14140.8 7754.18 10841.1 17953.2 
1.975 10 9.57578 0 0 14140.8 7754.18 10841.1 -17953.2 
1.98 10.1238 10 0.389606 0 27244.5 15309.7 44.496 0 
1.98 10 10.4242 0 0 14190.3 7702.39 10840.5 17915.8 
1.98 10 9.57578 0 0 14190.3 7702.39 10840.5 -17915.8 
1.985 10.1257 10 0.39281 0 27304.5 15204.5 45.2269 0 
1.985 10 10.4242 0 0 14239.3 7649.76 10839.9 17872.9 
1.985 10 9.57578 0 0 14239.3 7649.76 10839.9 -17872.9 
1.99 10.1277 10 0.396067 0 27362.4 15097.5 45.981 0 
1.99 10 10.4242 0 0 14287.7 7596.31 10839.3 17833.3 
1.99 10 9.57578 0 0 14287.7 7596.31 10839.3 -17833.3 
1.995 10.1297 10 0.399379 0 27418.2 14989 46.7598 0 
1.995 10 10.4242 0 0 14335.5 7542.03 10838.7 17788.2 
1.995 10 9.57578 0 0 14335.5 7542.03 10838.7 -17788.2 
2 10.1317 10 0.402748 0 27471.9 14878.8 47.5645 0 
2 10 10.4242 0 0 14382.7 7486.92 10838 17746.4 
2 10 9.57578 0 0 14382.7 7486.92 10838 -17746.4 
2.005 10.1337 10 0.406175 0 27523.4 14766.9 48.3965 0 
2.005 10 10.4242 0 0 14429.3 7430.98 10837.4 17699 
2.005 10 9.57578 0 0 14429.3 7430.98 10837.4 -17699 
2.01 10.1358 10 0.409662 0 27572.7 14653.4 49.2573 0 
2.01 10 10.4242 0 0 14475.2 7374.21 10836.7 17655 
2.01 10 9.57578 0 0 14475.2 7374.21 10836.7 -17655 
2.015 10.1378 10 0.413212 0 27619.7 14538.2 50.1485 0 
2.015 10 10.4242 0 0 14520.4 7316.62 10836 17605.4 
2.015 10 9.57578 0 0 14520.4 7316.62 10836 -17605.4 
2.02 10.1399 10 0.416827 0 27664.3 14421.3 51.0719 0 
2.02 10 10.4242 0 0 14564.9 7258.2 10835.3 17559.1 
2.02 10 9.57578 0 0 14564.9 7258.2 10835.3 -17559.1 
2.025 10.142 10 0.420509 0 27706.6 14302.8 52.0293 0 
2.025 10 10.4242 0 0 14608.7 7198.96 10834.5 17507.3 
2.025 10 9.57578 0 0 14608.7 7198.96 10834.5 -17507.3 
2.03 10.1441 10 0.424261 0 27746.5 14182.7 53.0226 0 
2.03 10 10.4242 0 0 14651.8 7138.89 10833.8 17458.8 
2.03 10 9.57578 0 0 14651.8 7138.89 10833.8 -17458.8 
2.035 10.1462 10 0.428085 0 27783.8 14060.9 54.054 0 
2.035 10 10.4242 0 0 14694.1 7078 10833 17404.7 
2.035 10 9.57578 0 0 14694.1 7078 10833 -17404.7 
2.04 10.1484 10 0.431984 0 27818.6 13937.5 55.1258 0 
2.04 10 10.4242 0 0 14735.7 7016.29 10832.2 17353.9 
2.04 10 9.57578 0 0 14735.7 7016.29 10832.2 -17353.9 
2.045 10.1506 10 0.435961 0 27850.9 13812.4 56.2403 0 
2.045 10 10.4242 0 0 14776.4 6953.76 10831.4 17297.6 
2.045 10 9.57578 0 0 14776.4 6953.76 10831.4 -17297.6 
2.05 10.1527 10 0.440019 0 27880.5 13685.8 57.4003 0 
2.05 10 10.4242 0 0 14816.3 6890.41 10830.5 17244.7 
2.05 10 9.57578 0 0 14816.3 6890.41 10830.5 -17244.7 
2.055 10.155 10 0.444162 0 27907.4 13557.4 58.6085 0 
2.055 10 10.4242 0 0 14855.4 6826.26 10829.6 17186.2 
2.055 10 9.57578 0 0 14855.4 6826.26 10829.6 -17186.2 
2.06 10.1572 10 0.448393 0 27931.5 13427.5 59.868 0 
2.06 10 10.4242 0 0 14893.6 6761.29 10828.7 17131 
2.06 10 9.57578 0 0 14893.6 6761.29 10828.7 -17131 
2.065 10.1594 10 0.452716 0 27952.9 13296 61.1821 0 
2.065 10 10.4242 0 0 14931 6695.51 10827.7 17070.2 
2.065 10 9.57578 0 0 14931 6695.51 10827.7 -17070.2 
2.07 10.1617 10 0.457135 0 27971.5 13162.8 62.5542 0 
2.07 10 10.4242 0 0 14967.4 6628.94 10826.7 17012.9 
2.07 10 9.57578 0 0 14967.4 6628.94 10826.7 -17012.9 
2.075 10.164 10 0.461654 0 27987.1 13028 63.9883 0 
2.075 10 10.4242 0 0 15003 6561.56 10825.7 16950 
2.075 10 9.57578 0 0 15003 6561.56 10825.7 -16950 
2.08 10.1663 10 0.466278 0 27999.8 12891.7 65.4886 0 
2.08 10 10.4242 0 0 15037.5 6493.38 10824.6 16890.4 
2.08 10 9.57578 0 0 15037.5 6493.38 10824.6 -16890.4 
2.085 10.1687 10 0.471011 0 28009.5 12753.8 67.0594 0 
2.085 10 10.4242 0 0 15071.2 6424.42 10823.5 16825.3 
2.085 10 9.57578 0 0 15071.2 6424.42 10823.5 -16825.3 
2.09 10.171 10 0.475859 0 28016.2 12614.3 68.7057 0 
2.09 10 10.4242 0 0 15103.8 6354.67 10822.3 16763.6 
2.09 10 9.57578 0 0 15103.8 6354.67 10822.3 -16763.6 
2.095 10.1734 10 0.480828 0 28019.8 12473.2 70.4328 0 
2.095 10 10.4242 0 0 15135.5 6284.13 10821.1 16696.4 
2.095 10 9.57578 0 0 15135.5 6284.13 10821.1 -16696.4 
2.1 10.1758 10 0.485923 0 28020.2 12330.6 72.2465 0 
2.1 10 10.4242 0 0 15166.1 6212.82 10819.9 16632.5 
2.1 10 9.57578 0 0 15166.1 6212.82 10819.9 -16632.5 
2.105 10.1783 10 0.491151 0 28017.5 12186.4 74.153 0 
2.105 10 10.4242 0 0 15195.7 6140.74 10818.5 16563.2 
2.105 10 9.57578 0 0 15195.7 6140.74 10818.5 -16563.2 
2.11 10.1808 10 0.496519 0 28011.5 12040.7 76.1594 0 
2.11 10 10.4242 0 0 15224.2 6067.88 10817.2 16497.2 
2.11 10 9.57578 0 0 15224.2 6067.88 10817.2 -16497.2 
2.115 10.1833 10 0.502034 0 28002.2 11893.5 78.273 0 
2.115 10 10.4242 0 0 15251.6 5994.27 10815.7 16425.8 
2.115 10 9.57578 0 0 15251.6 5994.27 10815.7 -16425.8 
2.12 10.1858 10 0.507703 0 27989.6 11744.7 80.5022 0 
2.12 10 10.4242 0 0 15278 5919.89 10814.2 16357.8 
2.12 10 9.57578 0 0 15278 5919.89 10814.2 -16357.8 
2.125 10.1883 10 0.513537 0 27973.6 11594.5 82.856 0 
2.125 10 10.4242 0 0 15303.2 5844.77 10812.6 16284.3 
2.125 10 9.57578 0 0 15303.2 5844.77 10812.6 -16284.3 
2.13 10.1909 10 0.519543 0 27954.1 11442.7 85.3444 0 
2.13 10 10.4242 0 0 15327.3 5768.9 10811 16214.2 
2.13 10 9.57578 0 0 15327.3 5768.9 10811 -16214.2 
2.135 10.1935 10 0.525732 0 27931.1 11289.5 87.9782 0 
2.135 10 10.4242 0 0 15350.2 5692.28 10809.2 16138.7 
2.135 10 9.57578 0 0 15350.2 5692.28 10809.2 -16138.7 
2.14 10.1962 10 0.532115 0 27904.6 11134.8 90.7698 0 
2.14 10 10.4242 0 0 15371.9 5614.93 10807.4 16066.7 
2.14 10 9.57578 0 0 15371.9 5614.93 10807.4 -16066.7 
2.145 10.1989 10 0.538704 0 27874.5 10978.6 93.7323 0 
2.145 10 10.4242 0 0 15392.4 5536.85 10805.4 15989.2 
2.145 10 9.57578 0 0 15392.4 5536.85 10805.4 -15989.2 
2.15 10.2016 10 0.54551 0 27840.7 10821 96.8808 0 
2.15 10 10.4242 0 0 15411.7 5458.05 10803.4 15915.2 
2.15 10 9.57578 0 0 15411.7 5458.05 10803.4 -15915.2 
2.155 10.2043 10 0.552549 0 27803.1 10662 100.232 0 
2.155 10 10.4242 0 0 15429.8 5378.53 10801.2 15835.8 
2.155 10 9.57578 0 0 15429.8 5378.53 10801.2 -15835.8 
2.16 10.2071 10 0.559834 0 27761.8 10501.5 103.803 0 
2.16 10 10.4242 0 0 15446.5 5298.29 10798.9 15759.9 
2.16 10 9.57578 0 0 15446.5 5298.29 10798.9 -15759.9 
2.165 10.2099 10 0.567383 0 27716.7 10339.6 107.616 0 
2.165 10 10.4242 0 0 15462 5217.34 10796.5 15678.5 
2.165 10 9.57578 0 0 15462 5217.34 10796.5 -15678.5 
2.17 10.2128 10 0.575214 0 27667.6 10176.3 111.693 0 
2.17 10 10.4242 0 0 15476.2 5135.68 10793.9 15600.8 
2.17 10 9.57578 0 0 15476.2 5135.68 10793.9 -15600.8 
2.175 10.2157 10 0.583346 0 27614.6 10011.6 116.061 0 
2.175 10 10.4242 0 0 15489 5053.32 10791.1 15517.6 
2.175 10 9.57578 0 0 15489 5053.32 10791.1 -15517.6 
2.18 10.2186 10 0.591802 0 27557.5 9845.47 120.747 0 
2.18 10 10.4242 0 0 15500.4 4970.27 10788.2 15438 
2.18 10 9.57578 0 0 15500.4 4970.27 10788.2 -15438 
2.185 10.2216 10 0.600604 0 27496.2 9677.97 125.786 0 
2.185 10 10.4242 0 0 15510.5 4886.52 10785.1 15353 
2.185 10 9.57578 0 0 15510.5 4886.52 10785.1 -15353 
2.19 10.2246 10 0.609781 0 27430.8 9509.09 131.214 0 
2.19 10 10.4242 0 0 15519.1 4802.08 10781.7 15271.6 
2.19 10 9.57578 0 0 15519.1 4802.08 10781.7 -15271.6 
2.195 10.2277 10 0.61936 0 27361.1 9338.83 137.074 0 
2.195 10 10.4242 0 0 15526.3 4716.95 10778.1 15184.8 
2.195 10 9.57578 0 0 15526.3 4716.95 10778.1 -15184.8 
2.2 10.2308 10 0.629374 0 27286.9 9167.19 143.414 0 
2.2 10 10.4242 0 0 15531.9 4631.13 10774.2 15101.6 
2.2 10 9.57578 0 0 15531.9 4631.13 10774.2 -15101.6 
2.205 10.234 10 0.63986 0 27208.3 8994.17 150.289 0 
2.205 10 10.4242 0 0 15536 4544.62 10770.1 15013 
2.205 10 9.57578 0 0 15536 4544.62 10770.1 -15013 
2.21 10.2372 10 0.650858 0 27125 8819.77 157.763 0 
2.21 10 10.4242 0 0 15538.6 4457.42 10765.6 14928 
2.21 10 9.57578 0 0 15538.6 4457.42 10765.6 -14928 
2.215 10.2405 10 0.662414 0 27037 8643.98 165.911 0 
2.215 10 10.4242 0 0 15539.5 4369.52 10760.7 14837.7 
2.215 10 9.57578 0 0 15539.5 4369.52 10760.7 -14837.7 
2.22 10.2438 10 0.674578 0 26944 8466.8 174.817 0 
2.22 10 10.4242 0 0 15538.7 4280.93 10755.4 14751 
2.22 10 9.57578 0 0 15538.7 4280.93 10755.4 -14751 
2.225 10.2472 10 0.687408 0 26846 8288.21 184.581 0 
2.225 10 10.4242 0 0 15536.1 4191.64 10749.6 14658.8 
2.225 10 9.57578 0 0 15536.1 4191.64 10749.6 -14658.8 
2.23 10.2507 10 0.700969 0 26742.8 8108.21 195.321 0 
2.23 10 10.4242 0 0 15531.7 4101.64 10743.3 14570.3 
2.23 10 9.57578 0 0 15531.7 4101.64 10743.3 -14570.3 
2.235 10.2542 10 0.715337 0 26634 7926.76 207.174 0 
2.235 10 10.4242 0 0 15525.4 4010.91 10736.3 14476.3 
2.235 10 9.57578 0 0 15525.4 4010.91 10736.3 -14476.3 
2.24 10.2579 10 0.730596 0 26519.6 7743.84 220.304 0 
2.24 10 10.4242 0 0 15517.1 3919.45 10728.7 14385.7 
2.24 10 9.57578 0 0 15517.1 3919.45 10728.7 -14385.7 
2.245 10.2615 10 0.746844 0 26399.2 7559.42 234.906 0 
2.245 10 10.4242 0 0 15506.6 3827.24 10720.3 14289.7 
2.245 10 9.57578 0 0 15506.6 3827.24 10720.3 -14289.7 
2.25 10.2653 10 0.764195 0 26272.4 7373.46 251.217 0 
2.25 10 10.4242 0 0 15493.8 3734.27 10710.9 14197.1 
2.25 10 9.57578 0 0 15493.8 3734.27 10710.9 -14197.1 
2.255 10.2692 10 0.78278 0 26138.8 7185.92 269.52 0 
2.255 10 10.4242 0 0 15478.6 3640.49 10700.4 14098.8 
2.255 10 9.57578 0 0 15478.6 3640.49 10700.4 -14098.8 
2.26 10.2732 10 0.802753 0 25998 6996.72 290.163 0 
2.26 10 10.4242 0 0 15460.6 3545.89 10688.7 14003.7 
2.26 10 9.57578 0 0 15460.6 3545.89 10688.7 -14003.7 
2.265 10.2772 10 0.824297 0 25849.4 6805.8 313.574 0 
2.265 10 10.4242 0 0 15439.7 3450.44 10675.5 13902.6 
2.265 10 9.57578 0 0 15439.7 3450.44 10675.5 -13902.6 
2.27 10.2814 10 0.847628 0 25692.3 6613.08 340.286 0 
2.27 10 10.4242 0 0 15415.4 3354.07 10660.5 13804.5 
2.27 10 9.57578 0 0 15415.4 3354.07 10660.5 -13804.5 
2.275 10.2857 10 0.873004 0 25525.8 6418.45 370.966 0 
2.275 10 10.4242 0 0 15387.4 3256.76 10643.4 13700 
2.275 10 9.57578 0 0 15387.4 3256.76 10643.4 -13700 
2.28 10.2901 10 0.900738 0 25348.8 6221.78 406.466 0 
2.28 10 10.4242 0 0 15355.1 3158.43 10623.7 13597.7 
2.28 10 9.57578 0 0 15355.1 3158.43 10623.7 -13597.7 
2.285 10.2947 10 0.931211 0 25160 6022.93 447.878 0 
2.285 10 10.4242 0 0 15317.8 3059 10600.9 13488.4 
2.285 10 9.57578 0 0 15317.8 3059 10600.9 -13488.4 
2.29 10.2994 10 0.964895 0 24957.5 5821.72 496.627 0 
2.29 10 10.4242 0 0 15274.5 2958.4 10574.1 13380.4 
2.29 10 9.57578 0 0 15274.5 2958.4 10574.1 -13380.4 
2.295 10.3044 10 1.00238 0 24739.2 5617.93 554.603 0 
2.295 10 10.4242 0 0 15224 2856.5 10542.5 13263.9 
2.295 10 9.57578 0 0 15224 2856.5 10542.5 -13263.9 
2.3 10.3095 10 1.0444 0 24502 5411.28 624.347 0 
2.3 10 10.4242 0 0 15164.6 2753.17 10504.7 13146.8 
2.3 10 9.57578 0 0 15164.6 2753.17 10504.7 -13146.8 
2.305 10.3148 10 1.09193 0 24241.8 5201.45 709.352 0 
2.305 10 10.4242 0 0 15093.9 2648.26 10458.9 13018.6 
2.305 10 9.57578 0 0 15093.9 2648.26 10458.9 -13018.6 
2.31 10.3204 10 1.14622 0 23953 4988.04 814.518 0 
2.31 10 10.4242 0 0 15008.7 2541.55 10402.5 12886.2 
2.31 10 9.57578 0 0 15008.7 2541.55 10402.5 -12886.2 
2.315 10.3263 10 1.20894 0 23627.6 4770.53 946.886 0 
2.315 10 10.4242 0 0 14904.2 2432.8 10331.9 12737.4 
2.315 10 9.57578 0 0 14904.2 2432.8 10331.9 -12737.4 
2.32 10.3325 10 1.28238 0 23254 4548.28 1116.87 0 
2.32 10 10.4242 0 0 14773.1 2321.67 10241.8 12576.4 
2.32 10 9.57578 0 0 14773.1 2321.67 10241.8 -12576.4 
2.325 10.3391 10 1.36976 0 22814.7 4320.44 1340.38 0 
2.325 10 10.4242 0 0 14604.6 2207.76 10123.9 12386.8 
2.325 10 9.57578 0 0 14604.6 2207.76 10123.9 -12386.8 
2.33 10.3462 10 1.47572 0 22282.5 4085.94 1642.63 0 
2.33 10 10.4242 0 0 14381.2 2090.5 9965.39 12165.6 
2.33 10 9.57578 0 0 14381.2 2090.5 9965.39 -12165.6 
2.335 10.3539 10 1.60727 0 21612.6 3843.29 2065.47 0 
2.335 10 10.4242 0 0 14073.6 1969.18 9744.77 11883.9 
2.335 10 9.57578 0 0 14073.6 1969.18 9744.77 -11883.9 
2.34 10.3624 10 1.77536 0 20727.5 3590.48 2682.08 0 
2.34 10 10.4242 0 0 13630.2 1842.77 9424.7 11514.6 
2.34 10 9.57578 0 0 13630.2 1842.77 9424.7 -11514.6 
2.345 10.3718 10 1.99819 0 19484.1 3324.62 3629.16 0 
2.345 10 10.4242 0 0 12953.9 1709.84 8935.57 10980.6 
2.345 10 9.57578 0 0 12953.9 1709.84 8935.57 -10980.6 
2.35 10.3825 10 2.30802 0 17595.5 3041.43 5183.35 0 
2.35 10 10.4242 0 0 11845.9 1568.25 8136.79 10149.8 
2.35 10 9.57578 0 0 11845.9 1568.25 8136.79 -10149.8 
2.355 10.3951 10 2.76724 0 14423 2734.27 7965.33 0 
2.355 10 10.4242 0 0 9854.91 1414.67 6713.66 8688.39 
2.355 10 9.57578 0 0 9854.91 1414.67 6713.66 -8688.39 
2.36 10.4106 10 3.511 0 8337.88 2392.12 13569.1 0 
2.36 10 10.4242 0 0 5802.18 1243.6 3859.74 5743.88 
2.36 10 9.57578 0 0 5802.18 1243.6 3859.74 -5743.88 
2.365 10.4312 10 4.8241 0 0 1996 21266.9 0 
2.365 10 10.4242 0 0 0 1045.53 -81.0183 1406.66 
2.365 10 9.57578 0 0 0 1045.53 -81.0183 -1406.66 
2.37 10.4591 10 6.31686 0 0 1551.06 20523.1 0 
2.37 10 10.4242 0 0 0 823.067 186.362 1081.71 
2.37 10 9.57578 0 0 0 823.067 186.362 -1081.71 
2.375 10.4943 10 7.75579 0 0 1116.58 19771.5 0 
2.375 10 10.4242 0 0 0 605.825 461.43 772.737 
2.375 10 9.57578 0 0 0 605.825 461.43 -772.737 
2.38 10.5366 10 9.14277 0 0 742.614 19078.3 0 
2.38 10 10.4242 0 0 0 418.841 710.976 523.683 
2.38 10 9.57578 0 0 0 418.841 710.976 -523.683 
2.385 10.5856 10 10.4837 0 0 455.263 18487.4 0 
2.385 10 10.4242 0 0 0 275.165 912.512 339.075 
2.385 10 9.57578 0 0 0 275.165 912.512 -339.075 
2.39 10.6413 10 11.7866 0 0 256.836 18013.8 0 
2.39 10 10.4242 0 0 0 175.952 1058.11 223.145 
2.39 10 9.57578 0 0 0 175.952 1058.11 -223.145 
2.395 10.7035 10 13.0597 0 0 133.192 17646.8 0 
2.395 10 10.4242 0 0 0 114.13 1152.5 152.19 
2.395 10 9.57578 0 0 0 114.13 1152.5 -152.19 
2.4 10.7719 10 14.3096 0 0 63.4608 17361.7 0 
2.4 10 10.4242 0 0 0 79.2645 1207.58 118.407 
2.4 10 9.57578 0 0 0 79.2645 1207.58 -118.407 
2.405 10.8465 10 15.5412 0 0 27.7797 17131.2 0 
2.405 10 10.4242 0 0 0 61.424 1236.59 99.0938 
2.405 10 9.57578 0 0 0 61.424 1236.59 -99.0938 
2.41 10.9273 10 16.7577 0 0 11.1769 16933.3 0 
2.41 10 10.4242 0 0 0 53.1225 1250.42 93.9821 
2.41 10 9.57578 0 0 0 53.1225 1250.42 -93.9821 
2.415 11.0141 10 17.9607 0 0 4.13616 16752.9 0 
2.415 10 10.4242 0 0 0 49.6022 1256.4 88.8681 
2.415 10 9.57578 0 0 0 49.6022 1256.4 -88.8681 
