0 9.4 10 0 0 0 339.515 14465.7 3.44471e-11 
0 10 10.4443 0 0 0 198.513 1237.15 244.634 
0 10 9.55567 0 0 0 198.513 1237.15 -244.634 
0 9.40257 10 1.02783 2.47365e-15 0 348.403 14309.3 3.5437e-11 
0 10 10.4443 0 0 0 202.956 1243.48 250.161 
0 10 9.55567 0 0 0 202.956 1243.48 -250.161 
0.005 9.41026 10 2.04359 5.09099e-15 0 376.249 14127.6 3.85664e-11 
0.005 10 10.4443 0 0 0 216.88 1263.22 265.566 
0.005 10 9.55567 0 0 0 216.88 1263.22 -265.566 
0.01 9.42299 10 3.04535 8.0504e-15 0 427.017 13916.1 4.49166e-11 
0.01 10 10.4443 0 0 0 242.264 1298.87 299.746 
0.01 10 9.55567 0 0 0 242.264 1298.87 -299.746 
0.015 9.44068 10 4.03067 1.16214e-14 0 508.303 13665.6 5.57854e-11 
0.015 10 10.4443 0 0 0 282.907 1355.1 350.171 
0.015 10 9.55567 0 0 0 282.907 1355.1 -350.171 
0.02 9.46326 10 4.99631 1.62076e-14 0 632.877 13361.7 7.43566e-11 
0.02 10 10.4443 0 0 0 345.194 1439.46 434.56 
0.02 10 9.55567 0 0 0 345.194 1439.46 -434.56 
0.025 9.49061 10 5.9377 2.24571e-14 0 821.208 12982.3 1.03609e-10 
0.025 10 10.4443 0 0 0 439.359 1563.26 560.942 
0.025 10 9.55567 0 0 0 439.359 1563.26 -560.942 
0.03 9.52259 10 6.8484 3.14441e-14 0 1105.21 12496.4 1.53169e-10 
0.03 10 10.4443 0 0 0 581.358 1742.49 763.852 
0.03 10 9.55567 0 0 0 581.358 1742.49 -763.852 
0.035 9.55903 10 7.71941 4.49871e-14 0 1533.11 11863.7 2.33811e-10 
0.035 10 10.4443 0 0 0 795.308 1997.83 1077.75 
0.035 10 9.55567 0 0 0 795.308 1997.83 -1077.75 
0.04 9.59969 10 8.52806 -4.58656e-14 4390.85 2174.24 6652.32 -2.24335e-08 
0.04 10 10.4443 0 0 2955.01 1115.88 4546.91 -401.167 
0.04 10 9.55567 0 0 2955.01 1115.88 4546.91 401.167 
0.045 9.63977 10 6.86462 -1.36202e-12 55655.1 3011.08 -45237.2 -1.12659e-08 
0.045 10 10.4443 0 0 35824 1534.3 30607.9 -20314.7 
0.045 10 9.55567 0 0 35824 1534.3 30607.9 20314.7 
0.05 9.66572 10 3.61136 -1.60249e-12 48671 3676.67 -38400.4 2.7887e-09 
0.05 10 10.4443 0 0 30453.4 1867.09 27417.2 -15499 
0.05 10 9.55567 0 0 30453.4 1867.09 27417.2 15499 
0.055 9.6783 10 1.67944 -1.22003e-12 27205.5 4036.52 -16942.5 6.51323e-09 
0.055 10 10.4443 0 0 16793.8 2047.01 16823.6 -6722.13 
0.055 10 9.55567 0 0 16793.8 2047.01 16823.6 6722.13 
0.06 9.68448 10 0.921733 -7.86196e-13 16188.3 4222.34 -5952.96 5.29833e-09 
0.06 10 10.4443 0 0 9927.34 2139.93 11381.9 -2451.61 
0.06 10 9.55567 0 0 9927.34 2139.93 11381.9 2451.61 
0.065 9.68832 10 0.66264 -4.76877e-13 12205.9 4341.03 -2020.38 3.40237e-09 
0.065 10 10.4443 0 0 7454.73 2199.27 9433.79 -880.281 
0.065 10 9.55567 0 0 7454.73 2199.27 9433.79 880.281 
0.07 9.69137 10 0.571107 -2.87581e-13 10910.5 4436.75 -782.496 1.99933e-09 
0.07 10 10.4443 0 0 6642.12 2247.13 8821.27 -301.028 
0.07 10 9.55567 0 0 6642.12 2247.13 8821.27 301.028 
0.075 9.69412 10 0.531194 -1.78318e-13 10476.9 4524.18 -407.515 1.13865e-09 
0.075 10 10.4443 0 0 6359.75 2290.85 8636.57 -42.1121 
0.075 10 9.55567 0 0 6359.75 2290.85 8636.57 42.1121 
0.08 9.69671 10 0.507105 -1.15987e-13 10299.7 4607.83 -287.786 6.53346e-10 
0.08 10 10.4443 0 0 6235.21 2332.67 8578.39 125.68 
0.08 10 9.55567 0 0 6235.21 2332.67 8578.39 -125.68 
0.085 9.6992 10 0.488436 -7.96161e-14 10197.1 4689.09 -240.884 3.90864e-10 
0.085 10 10.4443 0 0 6157.06 2373.3 8556.25 260 
0.085 10 9.55567 0 0 6157.06 2373.3 8556.25 -260 
0.09 9.7016 10 0.472212 -5.72685e-14 10117.6 4768.42 -215.213 2.48581e-10 
0.09 10 10.4443 0 0 6093.76 2412.97 8544.55 387.536 
0.09 10 9.55567 0 0 6093.76 2412.97 8544.55 -387.536 
0.095 9.70392 10 0.457528 -4.24436e-14 10047 4846.06 -196.677 1.742e-10 
0.095 10 10.4443 0 0 6036.62 2451.79 8536.31 505.431 
0.095 10 9.55567 0 0 6036.62 2451.79 8536.31 -505.431 
0.1 9.70617 10 0.44404 -3.16999e-14 9981.29 4922.15 -181.394 1.31314e-10 
0.1 10 10.4443 0 0 5983.15 2489.83 8529.61 623.363 
0.1 10 9.55567 0 0 5983.15 2489.83 8529.61 -623.363 
0.105 9.70836 10 0.431566 -2.32368e-14 9919.23 4996.79 -168.165 1.08756e-10 
0.105 10 10.4443 0 0 5932.5 2527.15 8523.87 733.877 
0.105 10 9.55567 0 0 5932.5 2527.15 8523.87 -733.877 
0.11 9.71049 10 0.419979 -1.60991e-14 9860.23 5070.09 -156.501 9.13853e-11 
0.11 10 10.4443 0 0 5884.29 2563.8 8518.85 845.41 
0.11 10 9.55567 0 0 5884.29 2563.8 8518.85 -845.41 
0.115 9.71256 10 0.409178 -9.79948e-15 9803.93 5142.12 -146.124 8.27725e-11 
0.115 10 10.4443 0 0 5838.24 2599.82 8514.42 950.141 
0.115 10 9.55567 0 0 5838.24 2599.82 8514.42 -950.141 
0.12 9.71458 10 0.399078 -4.05785e-15 9750.06 5212.97 -136.834 7.87854e-11 
0.12 10 10.4443 0 0 5794.15 2635.24 8510.48 1056.37 
0.12 10 9.55567 0 0 5794.15 2635.24 8510.48 -1056.37 
0.125 9.71656 10 0.389608 1.27007e-15 9698.4 5282.69 -128.474 7.25825e-11 
0.125 10 10.4443 0 0 5751.86 2670.1 8506.96 1156.19 
0.125 10 9.55567 0 0 5751.86 2670.1 8506.96 -1156.19 
0.13 9.71848 10 0.380706 6.28352e-15 9648.77 5351.35 -120.916 6.91521e-11 
0.13 10 10.4443 0 0 5711.2 2704.43 8503.81 1257.86 
0.13 10 9.55567 0 0 5711.2 2704.43 8503.81 -1257.86 
0.135 9.72036 10 0.372318 1.10373e-14 9601 5419 -114.055 6.48485e-11 
0.135 10 10.4443 0 0 5672.07 2738.26 8500.96 1353.44 
0.135 10 9.55567 0 0 5672.07 2738.26 8500.96 -1353.44 
0.14 9.72221 10 0.364398 1.55779e-14 9554.96 5485.7 -107.803 5.87558e-11 
0.14 10 10.4443 0 0 5634.34 2771.6 8498.39 1451.12 
0.14 10 9.55567 0 0 5634.34 2771.6 8498.39 -1451.12 
0.145 9.72401 10 0.356905 1.99264e-14 9510.52 5551.48 -102.086 5.9966e-11 
0.145 10 10.4443 0 0 5597.94 2804.5 8496.06 1542.95 
0.145 10 9.55567 0 0 5597.94 2804.5 8496.06 -1542.95 
0.15 9.72577 10 0.349803 2.41075e-14 9467.59 5616.39 -96.8408 6.02902e-11 
0.15 10 10.4443 0 0 5562.76 2836.95 8493.93 1637.1 
0.15 10 9.55567 0 0 5562.76 2836.95 8493.93 -1637.1 
0.155 9.72751 10 0.34306 2.81327e-14 9426.06 5680.47 -92.0146 5.24506e-11 
0.155 10 10.4443 0 0 5528.73 2868.99 8491.99 1725.6 
0.155 10 9.55567 0 0 5528.73 2868.99 8491.99 -1725.6 
0.16 9.72921 10 0.336649 3.20342e-14 9385.87 5743.75 -87.5613 5.37234e-11 
0.16 10 10.4443 0 0 5495.8 2900.63 8490.21 1816.59 
0.16 10 9.55567 0 0 5495.8 2900.63 8490.21 -1816.59 
0.165 9.73087 10 0.330544 3.58151e-14 9346.93 5806.27 -83.4414 5.22846e-11 
0.165 10 10.4443 0 0 5463.89 2931.89 8488.58 1902.08 
0.165 10 9.55567 0 0 5463.89 2931.89 8488.58 -1902.08 
0.17 9.73251 10 0.324722 3.94948e-14 9309.18 5868.05 -79.6207 5.17694e-11 
0.17 10 10.4443 0 0 5432.95 2962.78 8487.08 1990.23 
0.17 10 9.55567 0 0 5432.95 2962.78 8487.08 -1990.23 
0.175 9.73412 10 0.319163 4.30763e-14 9272.55 5929.12 -76.0695 4.85395e-11 
0.175 10 10.4443 0 0 5402.93 2993.32 8485.69 2073 
0.175 10 9.55567 0 0 5402.93 2993.32 8485.69 -2073 
0.18 9.7357 10 0.313849 4.6571e-14 9237.01 5989.52 -72.7615 4.44122e-11 
0.18 10 10.4443 0 0 5373.79 3023.51 8484.41 2158.55 
0.18 10 9.55567 0 0 5373.79 3023.51 8484.41 -2158.55 
0.185 9.73726 10 0.308763 4.99849e-14 9202.48 6049.25 -69.674 4.66628e-11 
0.185 10 10.4443 0 0 5345.49 3053.38 8483.22 2238.84 
0.185 10 9.55567 0 0 5345.49 3053.38 8483.22 -2238.84 
0.19 9.73879 10 0.303891 5.33248e-14 9168.95 6108.36 -66.7868 4.25572e-11 
0.19 10 10.4443 0 0 5317.98 3082.93 8482.12 2322.01 
0.19 10 9.55567 0 0 5317.98 3082.93 8482.12 -2322.01 
0.195 9.7403 10 0.299218 5.66013e-14 9136.35 6166.85 -64.082 4.57365e-11 
0.195 10 10.4443 0 0 5291.23 3112.18 8481.09 2400.02 
0.195 10 9.55567 0 0 5291.23 3112.18 8481.09 -2400.02 
0.2 9.74178 10 0.294732 5.98247e-14 9104.65 6224.76 -61.5438 4.80137e-11 
0.2 10 10.4443 0 0 5265.22 3141.13 8480.14 2481 
0.2 10 9.55567 0 0 5265.22 3141.13 8480.14 -2481 
0.205 9.74325 10 0.290422 6.29847e-14 9073.83 6282.09 -59.1581 4.12048e-11 
0.205 10 10.4443 0 0 5239.9 3169.8 8479.25 2556.91 
0.205 10 9.55567 0 0 5239.9 3169.8 8479.25 -2556.91 
0.21 9.74469 10 0.286278 6.61085e-14 9043.84 6338.86 -56.9122 4.34959e-11 
0.21 10 10.4443 0 0 5215.26 3198.19 8478.42 2635.86 
0.21 10 9.55567 0 0 5215.26 3198.19 8478.42 -2635.86 
0.215 9.74611 10 0.282289 6.91867e-14 9014.65 6395.1 -54.795 4.03365e-11 
0.215 10 10.4443 0 0 5191.26 3226.31 8477.63 2709.82 
0.215 10 9.55567 0 0 5191.26 3226.31 8477.63 -2709.82 
0.22 9.74751 10 0.278447 7.22168e-14 8986.25 6450.82 -52.7963 4.35503e-11 
0.22 10 10.4443 0 0 5167.89 3254.17 8476.91 2786.9 
0.22 10 9.55567 0 0 5167.89 3254.17 8476.91 -2786.9 
0.225 9.7489 10 0.274744 7.52083e-14 8958.6 6506.04 -50.9069 4.22219e-11 
0.225 10 10.4443 0 0 5145.11 3281.77 8476.22 2859.04 
0.225 10 9.55567 0 0 5145.11 3281.77 8476.22 -2859.04 
0.23 9.75026 10 0.271172 7.81559e-14 8931.68 6560.76 -49.1187 3.99903e-11 
0.23 10 10.4443 0 0 5122.91 3309.13 8475.58 2934.36 
0.23 10 9.55567 0 0 5122.91 3309.13 8475.58 -2934.36 
0.235 9.75161 10 0.267725 8.10841e-14 8905.46 6615 -47.4241 3.77613e-11 
0.235 10 10.4443 0 0 5101.28 3336.26 8474.97 3004.81 
0.235 10 9.55567 0 0 5101.28 3336.26 8474.97 -3004.81 
0.24 9.75294 10 0.264395 8.39829e-14 8879.93 6668.79 -45.8164 4.28125e-11 
0.24 10 10.4443 0 0 5080.18 3363.15 8474.4 3078.49 
0.24 10 9.55567 0 0 5080.18 3363.15 8474.4 -3078.49 
0.245 9.75425 10 0.261178 8.68597e-14 8855.07 6722.12 -44.2895 3.42242e-11 
0.245 10 10.4443 0 0 5059.6 3389.81 8473.86 3147.36 
0.245 10 9.55567 0 0 5059.6 3389.81 8473.86 -3147.36 
0.25 9.75555 10 0.258066 8.97114e-14 8830.85 6775 -42.8378 4.20105e-11 
0.25 10 10.4443 0 0 5039.54 3416.26 8473.35 3219.5 
0.25 10 9.55567 0 0 5039.54 3416.26 8473.35 -3219.5 
0.255 9.75683 10 0.255056 9.25578e-14 8807.26 6827.47 -41.4561 4.07025e-11 
0.255 10 10.4443 0 0 5019.96 3442.49 8472.87 3286.87 
0.255 10 9.55567 0 0 5019.96 3442.49 8472.87 -3286.87 
0.26 9.7581 10 0.252143 9.53595e-14 8784.28 6879.51 -40.1398 3.94008e-11 
0.26 10 10.4443 0 0 5000.86 3468.51 8472.42 3357.57 
0.26 10 9.55567 0 0 5000.86 3468.51 8472.42 -3357.57 
0.265 9.75935 10 0.249321 9.81669e-14 8761.9 6931.15 -38.8847 4.35552e-11 
0.265 10 10.4443 0 0 4982.22 3494.33 8471.99 3423.54 
0.265 10 9.55567 0 0 4982.22 3494.33 8471.99 -3423.54 
0.27 9.76059 10 0.246586 1.00953e-13 8740.11 6982.38 -37.6867 4.13461e-11 
0.27 10 10.4443 0 0 4964.03 3519.95 8471.58 3492.88 
0.27 10 9.55567 0 0 4964.03 3519.95 8471.58 -3492.88 
0.275 9.76182 10 0.243935 1.03728e-13 8718.87 7033.23 -36.5424 4.09577e-11 
0.275 10 10.4443 0 0 4946.27 3545.37 8471.19 3557.52 
0.275 10 9.55567 0 0 4946.27 3545.37 8471.19 -3557.52 
0.28 9.76303 10 0.241365 1.06491e-13 8698.2 7083.71 -35.4483 3.69328e-11 
0.28 10 10.4443 0 0 4928.95 3570.61 8470.83 3625.57 
0.28 10 9.55567 0 0 4928.95 3570.61 8470.83 -3625.57 
0.285 9.76423 10 0.23887 1.0922e-13 8678.06 7133.81 -34.4014 3.65508e-11 
0.285 10 10.4443 0 0 4912.03 3595.66 8470.48 3688.95 
0.285 10 9.55567 0 0 4912.03 3595.66 8470.48 -3688.95 
0.29 9.76542 10 0.236449 1.11966e-13 8658.46 7183.55 -33.399 4.16233e-11 
0.29 10 10.4443 0 0 4895.52 3620.53 8470.15 3755.78 
0.29 10 9.55567 0 0 4895.52 3620.53 8470.15 -3755.78 
0.295 9.7666 10 0.234098 1.14695e-13 8639.37 7232.94 -32.4384 3.21463e-11 
0.295 10 10.4443 0 0 4879.39 3645.22 8469.83 3817.98 
0.295 10 9.55567 0 0 4879.39 3645.22 8469.83 -3817.98 
0.3 9.76776 10 0.231814 1.17424e-13 8620.78 7281.98 -31.5171 3.72212e-11 
0.3 10 10.4443 0 0 4863.65 3669.74 8469.53 3883.65 
0.3 10 9.55567 0 0 4863.65 3669.74 8469.53 -3883.65 
0.305 9.76892 10 0.229595 1.20141e-13 8602.7 7330.68 -30.633 3.77503e-11 
0.305 10 10.4443 0 0 4848.29 3694.1 8469.24 3944.73 
0.305 10 9.55567 0 0 4848.29 3694.1 8469.24 -3944.73 
0.31 9.77006 10 0.227437 1.22871e-13 8585.1 7379.05 -29.7839 3.28205e-11 
0.31 10 10.4443 0 0 4833.29 3718.28 8468.97 4009.3 
0.31 10 9.55567 0 0 4833.29 3718.28 8468.97 -4009.3 
0.315 9.77119 10 0.225339 1.25593e-13 8567.97 7427.1 -28.968 3.78966e-11 
0.315 10 10.4443 0 0 4818.64 3742.31 8468.71 4069.3 
0.315 10 9.55567 0 0 4818.64 3742.31 8468.71 -4069.3 
0.32 9.77231 10 0.223298 1.28323e-13 8551.32 7474.83 -28.1834 3.75144e-11 
0.32 10 10.4443 0 0 4804.34 3766.17 8468.46 4132.82 
0.32 10 9.55567 0 0 4804.34 3766.17 8468.46 -4132.82 
0.325 9.77342 10 0.221312 1.3104e-13 8535.12 7522.25 -27.4285 3.53149e-11 
0.325 10 10.4443 0 0 4790.38 3789.88 8468.22 4191.8 
0.325 10 9.55567 0 0 4790.38 3789.88 8468.22 -4191.8 
0.33 9.77453 10 0.219379 1.33753e-13 8519.37 7569.37 -26.7016 3.85732e-11 
0.33 10 10.4443 0 0 4776.75 3813.44 8467.99 4254.33 
0.33 10 9.55567 0 0 4776.75 3813.44 8467.99 -4254.33 
0.335 9.77562 10 0.217497 1.36467e-13 8504.06 7616.19 -26.0014 3.91027e-11 
0.335 10 10.4443 0 0 4763.45 3836.85 8467.77 4312.34 
0.335 10 9.55567 0 0 4763.45 3836.85 8467.77 -4312.34 
0.34 9.7767 10 0.215664 1.39189e-13 8489.19 7662.71 -25.3265 3.78121e-11 
0.34 10 10.4443 0 0 4750.46 3860.11 8467.57 4373.92 
0.34 10 9.55567 0 0 4750.46 3860.11 8467.57 -4373.92 
0.345 9.77777 10 0.213878 1.41904e-13 8474.74 7708.95 -24.6756 3.65225e-11 
0.345 10 10.4443 0 0 4737.79 3883.23 8467.36 4430.99 
0.345 10 9.55567 0 0 4737.79 3883.23 8467.36 -4430.99 
0.35 9.77884 10 0.212138 1.4464e-13 8460.71 7754.9 -24.0476 4.2506e-11 
0.35 10 10.4443 0 0 4725.42 3906.21 8467.17 4491.66 
0.35 10 9.55567 0 0 4725.42 3906.21 8467.17 -4491.66 
0.355 9.7799 10 0.210443 1.47378e-13 8447.09 7800.58 -23.4412 3.48466e-11 
0.355 10 10.4443 0 0 4713.35 3929.04 8466.99 4547.85 
0.355 10 9.55567 0 0 4713.35 3929.04 8466.99 -4547.85 
0.36 9.78094 10 0.208789 1.50122e-13 8433.88 7845.99 -22.8554 3.99194e-11 
0.36 10 10.4443 0 0 4701.57 3951.75 8466.81 4607.65 
0.36 10 9.55567 0 0 4701.57 3951.75 8466.81 -4607.65 
0.365 9.78198 10 0.207177 1.52856e-13 8421.07 7891.13 -22.2893 3.68082e-11 
0.365 10 10.4443 0 0 4690.08 3974.32 8466.64 4662.98 
0.365 10 9.55567 0 0 4690.08 3974.32 8466.64 -4662.98 
0.37 9.78302 10 0.205605 1.55611e-13 8408.66 7936.01 -21.742 3.82415e-11 
0.37 10 10.4443 0 0 4678.87 3996.76 8466.48 4721.95 
0.37 10 9.55567 0 0 4678.87 3996.76 8466.48 -4721.95 
0.375 9.78404 10 0.204071 1.58383e-13 8396.62 7980.63 -21.2125 3.78535e-11 
0.375 10 10.4443 0 0 4667.94 4019.07 8466.32 4776.47 
0.375 10 9.55567 0 0 4667.94 4019.07 8466.32 -4776.47 
0.38 9.78506 10 0.202574 1.61158e-13 8384.98 8025 -20.7001 3.92839e-11 
0.38 10 10.4443 0 0 4657.28 4041.26 8466.17 4834.64 
0.38 10 9.55567 0 0 4657.28 4041.26 8466.17 -4834.64 
0.385 9.78607 10 0.201113 1.63941e-13 8373.7 8069.12 -20.2039 3.79848e-11 
0.385 10 10.4443 0 0 4646.88 4063.32 8466.02 4888.38 
0.385 10 9.55567 0 0 4646.88 4063.32 8466.02 -4888.38 
0.39 9.78707 10 0.199687 1.66728e-13 8362.8 8113 -19.7233 4.12326e-11 
0.39 10 10.4443 0 0 4636.75 4085.26 8465.88 4945.78 
0.39 10 9.55567 0 0 4636.75 4085.26 8465.88 -4945.78 
0.395 9.78806 10 0.198295 1.6953e-13 8352.26 8156.64 -19.2575 3.90213e-11 
0.395 10 10.4443 0 0 4626.87 4107.08 8465.75 4998.77 
0.395 10 9.55567 0 0 4626.87 4107.08 8465.75 -4998.77 
0.4 9.78905 10 0.196936 1.72348e-13 8342.09 8200.04 -18.8059 3.77173e-11 
0.4 10 10.4443 0 0 4617.25 4128.78 8465.62 5055.44 
0.4 10 9.55567 0 0 4617.25 4128.78 8465.62 -5055.44 
0.405 9.79003 10 0.195608 1.75169e-13 8332.26 8243.22 -18.3679 4.09604e-11 
0.405 10 10.4443 0 0 4607.87 4150.36 8465.49 5107.7 
0.405 10 9.55567 0 0 4607.87 4150.36 8465.49 -5107.7 
0.41 9.79101 10 0.194311 1.78009e-13 8322.79 8286.16 -17.943 4.14723e-11 
0.41 10 10.4443 0 0 4598.74 4171.83 8465.37 5163.66 
0.41 10 9.55567 0 0 4598.74 4171.83 8465.37 -5163.66 
0.415 9.79198 10 0.193045 1.80847e-13 8313.67 8328.88 -17.5305 3.74369e-11 
0.415 10 10.4443 0 0 4589.86 4193.19 8465.25 5215.24 
0.415 10 9.55567 0 0 4589.86 4193.19 8465.25 -5215.24 
0.42 9.79294 10 0.191807 1.83718e-13 8304.89 8371.38 -17.1299 4.06731e-11 
0.42 10 10.4443 0 0 4581.2 4214.44 8465.14 5270.52 
0.42 10 9.55567 0 0 4581.2 4214.44 8465.14 -5270.52 
0.425 9.79389 10 0.190597 1.866e-13 8296.45 8413.66 -16.7408 3.84505e-11 
0.425 10 10.4443 0 0 4572.78 4235.59 8465.03 5321.42 
0.425 10 9.55567 0 0 4572.78 4235.59 8465.03 -5321.42 
0.43 9.79484 10 0.189415 1.89497e-13 8288.34 8455.73 -16.3627 4.16829e-11 
0.43 10 10.4443 0 0 4564.59 4256.62 8464.92 5376.05 
0.43 10 9.55567 0 0 4564.59 4256.62 8464.92 -5376.05 
0.435 9.79579 10 0.188259 1.92413e-13 8280.56 8497.59 -15.9951 4.03652e-11 
0.435 10 10.4443 0 0 4556.63 4277.55 8464.82 5426.31 
0.435 10 9.55567 0 0 4556.63 4277.55 8464.82 -5426.31 
0.44 9.79673 10 0.18713 1.95344e-13 8273.11 8539.24 -15.6377 4.26834e-11 
0.44 10 10.4443 0 0 4548.89 4298.37 8464.72 5480.3 
0.44 10 9.55567 0 0 4548.89 4298.37 8464.72 -5480.3 
0.445 9.79766 10 0.186025 1.98275e-13 8265.99 8580.69 -15.2899 4.22731e-11 
0.445 10 10.4443 0 0 4541.36 4319.1 8464.62 5529.95 
0.445 10 9.55567 0 0 4541.36 4319.1 8464.62 -5529.95 
0.45 9.79859 10 0.184945 2.01243e-13 8259.18 8621.93 -14.9515 4.00385e-11 
0.45 10 10.4443 0 0 4534.06 4339.72 8464.53 5583.33 
0.45 10 9.55567 0 0 4534.06 4339.72 8464.53 -5583.33 
0.455 9.79951 10 0.183889 2.04213e-13 8252.68 8662.98 -14.6221 4.14417e-11 
0.455 10 10.4443 0 0 4526.96 4360.24 8464.44 5632.38 
0.455 10 9.55567 0 0 4526.96 4360.24 8464.44 -5632.38 
0.46 9.80043 10 0.182856 2.07204e-13 8246.5 8703.83 -14.3013 3.92039e-11 
0.46 10 10.4443 0 0 4520.08 4380.67 8464.35 5685.17 
0.46 10 9.55567 0 0 4520.08 4380.67 8464.35 -5685.17 
0.465 9.80134 10 0.181846 2.1022e-13 8240.63 8744.49 -13.9888 3.96912e-11 
0.465 10 10.4443 0 0 4513.41 4401 8464.26 5733.64 
0.465 10 9.55567 0 0 4513.41 4401 8464.26 -5733.64 
0.47 9.80224 10 0.180858 2.13238e-13 8235.07 8784.96 -13.6843 4.19972e-11 
0.47 10 10.4443 0 0 4506.94 4421.24 8464.18 5785.87 
0.47 10 9.55567 0 0 4506.94 4421.24 8464.18 -5785.87 
0.475 9.80315 10 0.179891 2.16279e-13 8229.81 8825.25 -13.3874 4.15715e-11 
0.475 10 10.4443 0 0 4500.67 4441.38 8464.1 5833.79 
0.475 10 9.55567 0 0 4500.67 4441.38 8464.1 -5833.79 
0.48 9.80404 10 0.178945 2.19361e-13 8224.85 8865.35 -13.098 4.47779e-11 
0.48 10 10.4443 0 0 4494.6 4461.43 8464.02 5885.47 
0.48 10 9.55567 0 0 4494.6 4461.43 8464.02 -5885.47 
0.485 9.80493 10 0.178019 2.22469e-13 8220.19 8905.27 -12.8158 4.25238e-11 
0.485 10 10.4443 0 0 4488.73 4481.39 8463.94 5932.84 
0.485 10 9.55567 0 0 4488.73 4481.39 8463.94 -5932.84 
0.49 9.80582 10 0.177114 2.25572e-13 8215.82 8945.01 -12.5404 4.84559e-11 
0.49 10 10.4443 0 0 4483.05 4501.26 8463.87 5984 
0.49 10 9.55567 0 0 4483.05 4501.26 8463.87 -5984 
0.495 9.80671 10 0.176228 2.28704e-13 8211.75 8984.57 -12.2717 4.34699e-11 
0.495 10 10.4443 0 0 4477.56 4521.04 8463.8 6030.85 
0.495 10 9.55567 0 0 4477.56 4521.04 8463.8 -6030.85 
0.5 9.80759 10 0.175361 2.31859e-13 8207.96 9023.96 -12.0093 4.66662e-11 
0.5 10 10.4443 0 0 4472.27 4540.74 8463.73 6081.49 
0.5 10 9.55567 0 0 4472.27 4540.74 8463.73 -6081.49 
0.505 9.80846 10 0.174512 2.35052e-13 8204.46 9063.18 -11.7531 4.80382e-11 
0.505 10 10.4443 0 0 4467.16 4560.34 8463.66 6127.84 
0.505 10 9.55567 0 0 4467.16 4560.34 8463.66 -6127.84 
0.51 9.80933 10 0.173682 2.38257e-13 8201.25 9102.23 -11.5029 4.75895e-11 
0.51 10 10.4443 0 0 4462.23 4579.87 8463.59 6177.99 
0.51 10 9.55567 0 0 4462.23 4579.87 8463.59 -6177.99 
0.515 9.8102 10 0.172869 2.41491e-13 8198.32 9141.11 -11.2584 4.62272e-11 
0.515 10 10.4443 0 0 4457.49 4599.31 8463.53 6223.85 
0.515 10 9.55567 0 0 4457.49 4599.31 8463.53 -6223.85 
0.52 9.81106 10 0.172073 2.4474e-13 8195.67 9179.82 -11.0195 4.66819e-11 
0.52 10 10.4443 0 0 4452.94 4618.67 8463.46 6273.51 
0.52 10 9.55567 0 0 4452.94 4618.67 8463.46 -6273.51 
0.525 9.81192 10 0.171294 2.48026e-13 8193.3 9218.37 -10.786 4.34934e-11 
0.525 10 10.4443 0 0 4448.56 4637.94 8463.4 6318.9 
0.525 10 9.55567 0 0 4448.56 4637.94 8463.4 -6318.9 
0.53 9.81277 10 0.170532 2.51345e-13 8191.21 9256.76 -10.5576 5.03047e-11 
0.53 10 10.4443 0 0 4444.35 4657.14 8463.34 6368.11 
0.53 10 9.55567 0 0 4444.35 4657.14 8463.34 -6368.11 
0.535 9.81362 10 0.169786 2.54668e-13 8189.38 9295 -10.3342 4.71109e-11 
0.535 10 10.4443 0 0 4440.33 4676.25 8463.28 6413.04 
0.535 10 9.55567 0 0 4440.33 4676.25 8463.28 -6413.04 
0.54 9.81447 10 0.169056 2.58034e-13 8187.84 9333.07 -10.1157 4.93682e-11 
0.54 10 10.4443 0 0 4436.47 4695.29 8463.22 6461.79 
0.54 10 9.55567 0 0 4436.47 4695.29 8463.22 -6461.79 
0.545 9.81531 10 0.168341 2.61421e-13 8186.56 9370.99 -9.90189 4.88941e-11 
0.545 10 10.4443 0 0 4432.79 4714.25 8463.16 6506.28 
0.545 10 9.55567 0 0 4432.79 4714.25 8463.16 -6506.28 
0.55 9.81615 10 0.167641 2.64849e-13 8185.55 9408.76 -9.69258 4.65951e-11 
0.55 10 10.4443 0 0 4429.28 4733.13 8463.11 6554.59 
0.55 10 9.55567 0 0 4429.28 4733.13 8463.11 -6554.59 
0.555 9.81699 10 0.166956 2.68306e-13 8184.8 9446.37 -9.48765 4.79302e-11 
0.555 10 10.4443 0 0 4425.94 4751.94 8463.05 6598.65 
0.555 10 9.55567 0 0 4425.94 4751.94 8463.05 -6598.65 
0.56 9.81782 10 0.166285 2.71769e-13 8184.33 9483.84 -9.28696 4.38072e-11 
0.56 10 10.4443 0 0 4422.77 4770.67 8463 6646.54 
0.56 10 9.55567 0 0 4422.77 4770.67 8463 -6646.54 
0.565 9.81865 10 0.165629 2.75265e-13 8184.11 9521.15 -9.09037 5.42319e-11 
0.565 10 10.4443 0 0 4419.76 4789.33 8462.95 6690.19 
0.565 10 9.55567 0 0 4419.76 4789.33 8462.95 -6690.19 
0.57 9.81948 10 0.164987 2.78798e-13 8184.16 9558.33 -8.89776 5.55563e-11 
0.57 10 10.4443 0 0 4416.91 4807.92 8462.9 6737.67 
0.57 10 9.55567 0 0 4416.91 4807.92 8462.9 -6737.67 
0.575 9.8203 10 0.164358 2.82368e-13 8184.46 9595.35 -8.70899 5.32374e-11 
0.575 10 10.4443 0 0 4414.23 4826.43 8462.85 6780.91 
0.575 10 9.55567 0 0 4414.23 4826.43 8462.85 -6780.91 
0.58 9.82112 10 0.163743 2.85971e-13 8185.03 9632.24 -8.52396 5.4552e-11 
0.58 10 10.4443 0 0 4411.71 4844.87 8462.8 6827.99 
0.58 10 9.55567 0 0 4411.71 4844.87 8462.8 -6827.99 
0.585 9.82194 10 0.16314 2.89609e-13 8185.85 9668.98 -8.34253 5.40427e-11 
0.585 10 10.4443 0 0 4409.34 4863.24 8462.75 6870.83 
0.585 10 9.55567 0 0 4409.34 4863.24 8462.75 -6870.83 
0.59 9.82275 10 0.162551 2.93273e-13 8186.93 9705.58 -8.1646 5.53488e-11 
0.59 10 10.4443 0 0 4407.14 4881.55 8462.7 6917.52 
0.59 10 9.55567 0 0 4407.14 4881.55 8462.7 -6917.52 
0.595 9.82357 10 0.161974 2.96978e-13 8188.26 9742.05 -7.99006 5.66491e-11 
0.595 10 10.4443 0 0 4405.09 4899.78 8462.65 6959.99 
0.595 10 9.55567 0 0 4405.09 4899.78 8462.65 -6959.99 
0.6 9.82437 10 0.161409 3.00714e-13 8189.85 9778.38 -7.81881 5.2488e-11 
0.6 10 10.4443 0 0 4403.2 4917.94 8462.61 7006.3 
0.6 10 9.55567 0 0 4403.2 4917.94 8462.61 -7006.3 
0.605 9.82518 10 0.160857 3.04469e-13 8191.69 9814.57 -7.65075 5.56003e-11 
0.605 10 10.4443 0 0 4401.46 4936.04 8462.56 7048.4 
0.605 10 9.55567 0 0 4401.46 4936.04 8462.56 -7048.4 
0.61 9.82598 10 0.160316 3.08257e-13 8193.77 9850.63 -7.48577 5.3251e-11 
0.61 10 10.4443 0 0 4399.88 4954.07 8462.52 7094.35 
0.61 10 9.55567 0 0 4399.88 4954.07 8462.52 -7094.35 
0.615 9.82678 10 0.159787 3.12104e-13 8196.11 9886.56 -7.3238 5.08935e-11 
0.615 10 10.4443 0 0 4398.45 4972.03 8462.47 7136.08 
0.615 10 9.55567 0 0 4398.45 4972.03 8462.47 -7136.08 
0.62 9.82758 10 0.15927 3.15978e-13 8198.7 9922.35 -7.16473 5.3989e-11 
0.62 10 10.4443 0 0 4397.17 4989.93 8462.43 7181.67 
0.62 10 9.55567 0 0 4397.17 4989.93 8462.43 -7181.67 
0.625 9.82838 10 0.158764 3.199e-13 8201.53 9958.02 -7.00849 5.88969e-11 
0.625 10 10.4443 0 0 4396.04 5007.77 8462.39 7223.05 
0.625 10 9.55567 0 0 4396.04 5007.77 8462.39 -7223.05 
0.63 9.82917 10 0.158269 3.2386e-13 8204.61 9993.56 -6.85498 5.10666e-11 
0.63 10 10.4443 0 0 4395.06 5025.54 8462.35 7268.3 
0.63 10 9.55567 0 0 4395.06 5025.54 8462.35 -7268.3 
0.635 9.82996 10 0.157784 3.27857e-13 8207.93 10029 -6.70414 5.4145e-11 
0.635 10 10.4443 0 0 4394.23 5043.24 8462.31 7309.34 
0.635 10 9.55567 0 0 4394.23 5043.24 8462.31 -7309.34 
0.64 9.83075 10 0.157311 3.31894e-13 8211.5 10064.3 -6.55587 5.35798e-11 
0.64 10 10.4443 0 0 4393.54 5060.88 8462.27 7354.25 
0.64 10 9.55567 0 0 4393.54 5060.88 8462.27 -7354.25 
0.645 9.83153 10 0.156848 3.35971e-13 8215.31 10099.4 -6.41011 5.8466e-11 
0.645 10 10.4443 0 0 4393 5078.47 8462.22 7394.95 
0.645 10 9.55567 0 0 4393 5078.47 8462.22 -7394.95 
0.65 9.83231 10 0.156395 3.40099e-13 8219.37 10134.5 -6.26678 5.78881e-11 
0.65 10 10.4443 0 0 4392.61 5095.98 8462.19 7439.54 
0.65 10 9.55567 0 0 4392.61 5095.98 8462.19 -7439.54 
0.655 9.8331 10 0.155952 3.44268e-13 8223.66 10169.4 -6.12582 6.09425e-11 
0.655 10 10.4443 0 0 4392.35 5113.44 8462.14 7479.92 
0.655 10 9.55567 0 0 4392.35 5113.44 8462.14 -7479.92 
0.66 9.83387 10 0.15552 3.48478e-13 8228.2 10204.2 -5.98715 6.3991e-11 
0.66 10 10.4443 0 0 4392.25 5130.84 8462.11 7524.18 
0.66 10 9.55567 0 0 4392.25 5130.84 8462.11 -7524.18 
0.665 9.83465 10 0.155097 3.52724e-13 8232.97 10238.8 -5.85071 5.97586e-11 
0.665 10 10.4443 0 0 4392.28 5148.18 8462.07 7564.25 
0.665 10 9.55567 0 0 4392.28 5148.18 8462.07 -7564.25 
0.67 9.83542 10 0.154684 3.57025e-13 8237.99 10273.4 -5.71643 5.73374e-11 
0.67 10 10.4443 0 0 4392.46 5165.46 8462.03 7608.2 
0.67 10 9.55567 0 0 4392.46 5165.46 8462.03 -7608.2 
0.675 9.8362 10 0.15428 3.61353e-13 8243.24 10307.8 -5.58426 5.30934e-11 
0.675 10 10.4443 0 0 4392.78 5182.67 8461.99 7647.96 
0.675 10 9.55567 0 0 4392.78 5182.67 8461.99 -7647.96 
0.68 9.83697 10 0.153886 3.65754e-13 8248.73 10342.2 -5.45414 6.70294e-11 
0.68 10 10.4443 0 0 4393.24 5199.84 8461.96 7691.61 
0.68 10 9.55567 0 0 4393.24 5199.84 8461.96 -7691.61 
0.685 9.83774 10 0.153501 3.70203e-13 8254.46 10376.4 -5.32601 5.91306e-11 
0.685 10 10.4443 0 0 4393.83 5216.94 8461.92 7731.07 
0.685 10 9.55567 0 0 4393.83 5216.94 8461.92 -7731.07 
0.69 9.8385 10 0.153125 3.74674e-13 8260.43 10410.5 -5.1998 6.75996e-11 
0.69 10 10.4443 0 0 4394.57 5233.98 8461.88 7774.42 
0.69 10 9.55567 0 0 4394.57 5233.98 8461.88 -7774.42 
0.695 9.83927 10 0.152758 3.7922e-13 8266.63 10444.4 -5.07548 6.33252e-11 
0.695 10 10.4443 0 0 4395.44 5250.97 8461.84 7813.59 
0.695 10 9.55567 0 0 4395.44 5250.97 8461.84 -7813.59 
0.7 9.84003 10 0.1524 3.83801e-13 8273.07 10478.3 -4.95298 6.63218e-11 
0.7 10 10.4443 0 0 4396.45 5267.91 8461.81 7856.65 
0.7 10 9.55567 0 0 4396.45 5267.91 8461.81 -7856.65 
0.705 9.84079 10 0.152051 3.88441e-13 8279.74 10512.1 -4.83226 6.20342e-11 
0.705 10 10.4443 0 0 4397.6 5284.78 8461.77 7895.53 
0.705 10 9.55567 0 0 4397.6 5284.78 8461.77 -7895.53 
0.71 9.84155 10 0.15171 3.93141e-13 8286.64 10545.7 -4.71326 7.22902e-11 
0.71 10 10.4443 0 0 4398.89 5301.6 8461.74 7938.32 
0.71 10 9.55567 0 0 4398.89 5301.6 8461.74 -7938.32 
0.715 9.84231 10 0.151377 3.97886e-13 8293.78 10579.2 -4.59594 6.98069e-11 
0.715 10 10.4443 0 0 4400.31 5318.37 8461.7 7976.92 
0.715 10 9.55567 0 0 4400.31 5318.37 8461.7 -7976.92 
0.72 9.84306 10 0.151053 4.02696e-13 8301.16 10612.6 -4.48026 7.45906e-11 
0.72 10 10.4443 0 0 4401.86 5335.08 8461.67 8019.43 
0.72 10 9.55567 0 0 4401.86 5335.08 8461.67 -8019.43 
0.725 9.84382 10 0.150737 4.07543e-13 8308.76 10646 -4.36616 6.29979e-11 
0.725 10 10.4443 0 0 4403.55 5351.74 8461.63 8057.76 
0.725 10 9.55567 0 0 4403.55 5351.74 8461.63 -8057.76 
0.73 9.84457 10 0.150429 4.12455e-13 8316.6 10679.2 -4.25361 7.14053e-11 
0.73 10 10.4443 0 0 4405.37 5368.34 8461.6 8100 
0.73 10 9.55567 0 0 4405.37 5368.34 8461.6 -8100 
0.735 9.84532 10 0.150129 4.17409e-13 8324.67 10712.3 -4.14256 7.07117e-11 
0.735 10 10.4443 0 0 4407.33 5384.89 8461.56 8138.07 
0.735 10 9.55567 0 0 4407.33 5384.89 8461.56 -8138.07 
0.74 9.84607 10 0.149838 4.22442e-13 8332.98 10745.3 -4.03298 7.00071e-11 
0.74 10 10.4443 0 0 4409.42 5401.38 8461.53 8180.04 
0.74 10 9.55567 0 0 4409.42 5401.38 8461.53 -8180.04 
0.745 9.84682 10 0.149553 4.27531e-13 8341.51 10778.1 -3.92481 6.56566e-11 
0.745 10 10.4443 0 0 4411.64 5417.83 8461.49 8217.85 
0.745 10 9.55567 0 0 4411.64 5417.83 8461.49 -8217.85 
0.75 9.84757 10 0.149277 4.32689e-13 8350.28 10810.9 -3.81803 6.85724e-11 
0.75 10 10.4443 0 0 4413.99 5434.22 8461.46 8259.57 
0.75 10 9.55567 0 0 4413.99 5434.22 8461.46 -8259.57 
0.755 9.84831 10 0.149008 4.3789e-13 8359.28 10843.6 -3.71259 7.51204e-11 
0.755 10 10.4443 0 0 4416.48 5450.56 8461.42 8297.12 
0.755 10 9.55567 0 0 4416.48 5450.56 8461.42 -8297.12 
0.76 9.84906 10 0.148746 4.43186e-13 8368.51 10876.2 -3.60847 7.6198e-11 
0.76 10 10.4443 0 0 4419.1 5466.84 8461.39 8338.6 
0.76 10 9.55567 0 0 4419.1 5466.84 8461.39 -8338.6 
0.765 9.8498 10 0.148492 4.48539e-13 8377.96 10908.7 -3.50562 7.90864e-11 
0.765 10 10.4443 0 0 4421.84 5483.08 8461.36 8375.9 
0.765 10 9.55567 0 0 4421.84 5483.08 8461.36 -8375.9 
0.77 9.85054 10 0.148246 4.53942e-13 8387.66 10941 -3.404 7.6511e-11 
0.77 10 10.4443 0 0 4424.72 5499.27 8461.32 8417.13 
0.77 10 9.55567 0 0 4424.72 5499.27 8461.32 -8417.13 
0.775 9.85128 10 0.148006 4.59428e-13 8397.58 10973.3 -3.30359 7.5743e-11 
0.775 10 10.4443 0 0 4427.73 5515.4 8461.29 8454.19 
0.775 10 9.55567 0 0 4427.73 5515.4 8461.29 -8454.19 
0.78 9.85202 10 0.147774 4.64981e-13 8407.73 11005.5 -3.20436 7.49655e-11 
0.78 10 10.4443 0 0 4430.86 5531.48 8461.26 8495.18 
0.78 10 9.55567 0 0 4430.86 5531.48 8461.26 -8495.18 
0.785 9.85276 10 0.147548 4.70621e-13 8418.11 11037.5 -3.10627 8.509e-11 
0.785 10 10.4443 0 0 4434.13 5547.52 8461.22 8532 
0.785 10 9.55567 0 0 4434.13 5547.52 8461.22 -8532 
0.79 9.8535 10 0.14733 4.76308e-13 8428.72 11069.5 -3.00929 8.61129e-11 
0.79 10 10.4443 0 0 4437.53 5563.5 8461.19 8572.75 
0.79 10 9.55567 0 0 4437.53 5563.5 8461.19 -8572.75 
0.795 9.85424 10 0.147118 4.82068e-13 8439.56 11101.4 -2.91338 8.16684e-11 
0.795 10 10.4443 0 0 4441.05 5579.43 8461.16 8609.35 
0.795 10 9.55567 0 0 4441.05 5579.43 8461.16 -8609.35 
0.8 9.85497 10 0.146914 4.87898e-13 8450.64 11133.1 -2.81853 7.90332e-11 
0.8 10 10.4443 0 0 4444.7 5595.32 8461.13 8649.87 
0.8 10 9.55567 0 0 4444.7 5595.32 8461.13 -8649.87 
0.805 9.8557 10 0.146716 4.93823e-13 8461.94 11164.8 -2.72471 8.54797e-11 
0.805 10 10.4443 0 0 4448.48 5611.15 8461.09 8686.23 
0.805 10 9.55567 0 0 4448.48 5611.15 8461.09 -8686.23 
0.81 9.85644 10 0.146524 4.99803e-13 8473.47 11196.4 -2.63187 8.82806e-11 
0.81 10 10.4443 0 0 4452.39 5626.94 8461.06 8726.53 
0.81 10 9.55567 0 0 4452.39 5626.94 8461.06 -8726.53 
0.815 9.85717 10 0.14634 5.05869e-13 8485.23 11227.8 -2.54001 8.19743e-11 
0.815 10 10.4443 0 0 4456.43 5642.68 8461.02 8762.67 
0.815 10 9.55567 0 0 4456.43 5642.68 8461.02 -8762.67 
0.82 9.8579 10 0.146161 5.12031e-13 8497.23 11259.2 -2.44909 8.47497e-11 
0.82 10 10.4443 0 0 4460.59 5658.37 8460.99 8802.75 
0.82 10 9.55567 0 0 4460.59 5658.37 8460.99 -8802.75 
0.825 9.85863 10 0.14599 5.1827e-13 8509.45 11290.5 -2.35908 8.02381e-11 
0.825 10 10.4443 0 0 4464.88 5674.01 8460.96 8838.67 
0.825 10 9.55567 0 0 4464.88 5674.01 8460.96 -8838.67 
0.83 9.85936 10 0.145824 5.24586e-13 8521.9 11321.7 -2.26996 7.93538e-11 
0.83 10 10.4443 0 0 4469.3 5689.6 8460.93 8878.53 
0.83 10 9.55567 0 0 4469.3 5689.6 8460.93 -8878.53 
0.835 9.86009 10 0.145665 5.3099e-13 8534.59 11352.8 -2.18172 8.93713e-11 
0.835 10 10.4443 0 0 4473.85 5705.15 8460.89 8914.24 
0.835 10 9.55567 0 0 4473.85 5705.15 8460.89 -8914.24 
0.84 9.86082 10 0.145513 5.37472e-13 8547.5 11383.8 -2.09431 9.02829e-11 
0.84 10 10.4443 0 0 4478.52 5720.64 8460.86 8953.89 
0.84 10 9.55567 0 0 4478.52 5720.64 8460.86 -8953.89 
0.845 9.86155 10 0.145366 5.44075e-13 8560.65 11414.7 -2.00772 9.11774e-11 
0.845 10 10.4443 0 0 4483.32 5736.09 8460.83 8989.39 
0.845 10 9.55567 0 0 4483.32 5736.09 8460.83 -8989.39 
0.85 9.86227 10 0.145226 5.50745e-13 8574.03 11445.5 -1.92193 9.75197e-11 
0.85 10 10.4443 0 0 4488.24 5751.5 8460.8 9028.83 
0.85 10 9.55567 0 0 4488.24 5751.5 8460.8 -9028.83 
0.855 9.863 10 0.145092 5.575e-13 8587.64 11476.2 -1.83691 9.6574e-11 
0.855 10 10.4443 0 0 4493.3 5766.85 8460.76 9064.12 
0.855 10 9.55567 0 0 4493.3 5766.85 8460.76 -9064.12 
0.86 9.86372 10 0.144963 5.6439e-13 8601.48 11506.8 -1.75265 9.56093e-11 
0.86 10 10.4443 0 0 4498.47 5782.16 8460.73 9103.35 
0.86 10 9.55567 0 0 4498.47 5782.16 8460.73 -9103.35 
0.865 9.86445 10 0.144841 5.71335e-13 8615.55 11537.3 -1.66911 1.03732e-10 
0.865 10 10.4443 0 0 4503.78 5797.42 8460.69 9138.44 
0.865 10 9.55567 0 0 4503.78 5797.42 8460.69 -9138.44 
0.87 9.86517 10 0.144725 5.78399e-13 8629.85 11567.8 -1.58629 1.00924e-10 
0.87 10 10.4443 0 0 4509.21 5812.64 8460.66 9177.48 
0.87 10 9.55567 0 0 4509.21 5812.64 8460.66 -9177.48 
0.875 9.86589 10 0.144615 5.85565e-13 8644.39 11598.1 -1.50416 1.03559e-10 
0.875 10 10.4443 0 0 4514.77 5827.8 8460.63 9212.37 
0.875 10 9.55567 0 0 4514.77 5827.8 8460.63 -9212.37 
0.88 9.86662 10 0.14451 5.92841e-13 8659.16 11628.3 -1.4227 1.09816e-10 
0.88 10 10.4443 0 0 4520.45 5842.93 8460.6 9251.2 
0.88 10 9.55567 0 0 4520.45 5842.93 8460.6 -9251.2 
0.885 9.86734 10 0.144411 6.00217e-13 8674.16 11658.5 -1.34189 1.03327e-10 
0.885 10 10.4443 0 0 4526.26 5858 8460.56 9285.9 
0.885 10 9.55567 0 0 4526.26 5858 8460.56 -9285.9 
0.89 9.86806 10 0.144318 6.07673e-13 8689.39 11688.5 -1.26171 1.0774e-10 
0.89 10 10.4443 0 0 4532.19 5873.03 8460.53 9324.54 
0.89 10 9.55567 0 0 4532.19 5873.03 8460.53 -9324.54 
0.895 9.86878 10 0.144231 6.15269e-13 8704.86 11718.5 -1.18215 1.08495e-10 
0.895 10 10.4443 0 0 4538.26 5888.01 8460.49 9359.04 
0.895 10 9.55567 0 0 4538.26 5888.01 8460.49 -9359.04 
0.9 9.8695 10 0.144149 6.22979e-13 8720.56 11748.4 -1.10319 1.03778e-10 
0.9 10 10.4443 0 0 4544.44 5902.95 8460.46 9397.49 
0.9 10 9.55567 0 0 4544.44 5902.95 8460.46 -9397.49 
0.905 9.87022 10 0.144073 6.30804e-13 8736.5 11778.2 -1.0248 1.15415e-10 
0.905 10 10.4443 0 0 4550.76 5917.84 8460.43 9431.8 
0.905 10 9.55567 0 0 4550.76 5917.84 8460.43 -9431.8 
0.91 9.87094 10 0.144003 6.38736e-13 8752.67 11807.9 -0.946972 1.08848e-10 
0.91 10 10.4443 0 0 4557.2 5932.68 8460.39 9470.06 
0.91 10 9.55567 0 0 4557.2 5932.68 8460.39 -9470.06 
0.915 9.87166 10 0.143938 6.46789e-13 8769.08 11837.5 -0.86969 1.18634e-10 
0.915 10 10.4443 0 0 4563.76 5947.48 8460.36 9504.19 
0.915 10 9.55567 0 0 4563.76 5947.48 8460.36 -9504.19 
0.92 9.87238 10 0.143879 6.54979e-13 8785.72 11867 -0.792935 1.17488e-10 
0.92 10 10.4443 0 0 4570.46 5962.23 8460.32 9542.26 
0.92 10 9.55567 0 0 4570.46 5962.23 8460.32 -9542.26 
0.925 9.8731 10 0.143825 6.6328e-13 8802.6 11896.4 -0.716692 1.25421e-10 
0.925 10 10.4443 0 0 4577.27 5976.94 8460.29 9576.21 
0.925 10 9.55567 0 0 4577.27 5976.94 8460.29 -9576.21 
0.93 9.87382 10 0.143776 6.71722e-13 8819.71 11925.7 -0.640945 1.13325e-10 
0.93 10 10.4443 0 0 4584.22 5991.6 8460.26 9614.1 
0.93 10 9.55567 0 0 4584.22 5991.6 8460.26 -9614.1 
0.935 9.87454 10 0.143733 6.80274e-13 8837.06 11954.9 -0.565677 1.24861e-10 
0.935 10 10.4443 0 0 4591.29 6006.21 8460.22 9647.86 
0.935 10 9.55567 0 0 4591.29 6006.21 8460.22 -9647.86 
0.94 9.87526 10 0.143696 6.89009e-13 8854.65 11984.1 -0.490873 1.23638e-10 
0.94 10 10.4443 0 0 4598.49 6020.78 8460.19 9685.57 
0.94 10 9.55567 0 0 4598.49 6020.78 8460.19 -9685.57 
0.945 9.87598 10 0.143663 6.97847e-13 8872.48 12013.1 -0.41652 1.26038e-10 
0.945 10 10.4443 0 0 4605.81 6035.3 8460.15 9719.15 
0.945 10 9.55567 0 0 4605.81 6035.3 8460.15 -9719.15 
0.95 9.8767 10 0.143636 7.06815e-13 8890.54 12042.1 -0.342601 1.33878e-10 
0.95 10 10.4443 0 0 4613.26 6049.78 8460.12 9756.68 
0.95 10 9.55567 0 0 4613.26 6049.78 8460.12 -9756.68 
0.955 9.87741 10 0.143614 7.15938e-13 8908.85 12070.9 -0.269102 1.23506e-10 
0.955 10 10.4443 0 0 4620.84 6064.21 8460.08 9790.09 
0.955 10 9.55567 0 0 4620.84 6064.21 8460.08 -9790.09 
0.96 9.87813 10 0.143598 7.25233e-13 8927.39 12099.7 -0.19601 1.25842e-10 
0.96 10 10.4443 0 0 4628.55 6078.6 8460.05 9827.45 
0.96 10 9.55567 0 0 4628.55 6078.6 8460.05 -9827.45 
0.965 9.87885 10 0.143586 7.34654e-13 8946.17 12128.4 -0.12331 1.33618e-10 
0.965 10 10.4443 0 0 4636.38 6092.94 8460.01 9860.68 
0.965 10 9.55567 0 0 4636.38 6092.94 8460.01 -9860.68 
0.97 9.87957 10 0.14358 7.44245e-13 8965.2 12156.9 -0.0509889 1.34095e-10 
0.97 10 10.4443 0 0 4644.34 6107.23 8459.97 9897.86 
0.97 10 9.55567 0 0 4644.34 6107.23 8459.97 -9897.86 
0.975 9.88029 10 0.143579 7.53968e-13 8984.46 12185.4 0.0209669 1.36371e-10 
0.975 10 10.4443 0 0 4652.42 6121.47 8459.94 9930.92 
0.975 10 9.55567 0 0 4652.42 6121.47 8459.94 -9930.92 
0.98 9.881 10 0.143583 7.63871e-13 9003.97 12213.8 0.0925705 1.38623e-10 
0.98 10 10.4443 0 0 4660.64 6135.67 8459.9 9967.93 
0.98 10 9.55567 0 0 4660.64 6135.67 8459.9 -9967.93 
0.985 9.88172 10 0.143592 7.73943e-13 9023.72 12242.1 0.163835 1.4267e-10 
0.985 10 10.4443 0 0 4668.98 6149.83 8459.86 10000.8 
0.985 10 9.55567 0 0 4668.98 6149.83 8459.86 -10000.8 
0.99 9.88244 10 0.143606 7.84181e-13 9043.71 12270.4 0.234773 1.46694e-10 
0.99 10 10.4443 0 0 4677.45 6163.94 8459.83 10037.7 
0.99 10 9.55567 0 0 4677.45 6163.94 8459.83 -10037.7 
0.995 9.88316 10 0.143626 7.94573e-13 9063.95 12298.5 0.305396 1.48877e-10 
0.995 10 10.4443 0 0 4686.05 6178 8459.79 10070.4 
0.995 10 9.55567 0 0 4686.05 6178 8459.79 -10070.4 
1 9.88388 10 0.14365 8.0516e-13 9084.43 12326.5 0.375718 1.52852e-10 
1 10 10.4443 0 0 4694.78 6192.01 8459.76 10107 
1 10 9.55567 0 0 4694.78 6192.01 8459.76 -10107 
1.005 9.88459 10 0.143679 8.15919e-13 9105.16 12354.5 0.445751 1.47707e-10 
1.005 10 10.4443 0 0 4703.63 6205.98 8459.72 10139.6 
1.005 10 9.55567 0 0 4703.63 6205.98 8459.72 -10139.6 
1.01 9.88531 10 0.143714 8.26852e-13 9126.13 12382.3 0.515505 1.49815e-10 
1.01 10 10.4443 0 0 4712.62 6219.9 8459.68 10176.1 
1.01 10 9.55567 0 0 4712.62 6219.9 8459.68 -10176.1 
1.015 9.88603 10 0.143753 8.37996e-13 9147.35 12410 0.584993 1.59169e-10 
1.015 10 10.4443 0 0 4721.73 6233.78 8459.64 10208.5 
1.015 10 9.55567 0 0 4721.73 6233.78 8459.64 -10208.5 
1.02 9.88675 10 0.143797 8.49344e-13 9168.82 12437.7 0.654227 1.61218e-10 
1.02 10 10.4443 0 0 4730.98 6247.61 8459.61 10244.8 
1.02 10 9.55567 0 0 4730.98 6247.61 8459.61 -10244.8 
1.025 9.88747 10 0.143846 8.60861e-13 9190.53 12465.3 0.723217 1.57786e-10 
1.025 10 10.4443 0 0 4740.35 6261.39 8459.57 10277 
1.025 10 9.55567 0 0 4740.35 6261.39 8459.57 -10277 
1.03 9.88819 10 0.143901 8.72609e-13 9212.5 12492.7 0.791975 1.68875e-10 
1.03 10 10.4443 0 0 4749.85 6275.12 8459.53 10313.2 
1.03 10 9.55567 0 0 4749.85 6275.12 8459.53 -10313.2 
1.035 9.88891 10 0.14396 8.84568e-13 9234.71 12520.1 0.860512 1.59924e-10 
1.035 10 10.4443 0 0 4759.49 6288.8 8459.49 10345.3 
1.035 10 9.55567 0 0 4759.49 6288.8 8459.49 -10345.3 
1.04 9.88963 10 0.144023 8.9673e-13 9257.17 12547.4 0.928839 1.72774e-10 
1.04 10 10.4443 0 0 4769.25 6302.44 8459.45 10381.3 
1.04 10 9.55567 0 0 4769.25 6302.44 8459.45 -10381.3 
1.045 9.89035 10 0.144092 9.09109e-13 9279.89 12574.6 0.996965 1.71041e-10 
1.045 10 10.4443 0 0 4779.14 6316.03 8459.41 10413.2 
1.045 10 9.55567 0 0 4779.14 6316.03 8459.41 -10413.2 
1.05 9.89107 10 0.144166 9.21711e-13 9302.85 12601.6 1.0649 1.78371e-10 
1.05 10 10.4443 0 0 4789.17 6329.58 8459.38 10449 
1.05 10 9.55567 0 0 4789.17 6329.58 8459.38 -10449 
1.055 9.89179 10 0.144244 9.34552e-13 9326.07 12628.6 1.13266 1.87488e-10 
1.055 10 10.4443 0 0 4799.33 6343.07 8459.33 10480.8 
1.055 10 9.55567 0 0 4799.33 6343.07 8459.33 -10480.8 
1.06 9.89251 10 0.144328 9.47636e-13 9349.54 12655.5 1.20025 1.83837e-10 
1.06 10 10.4443 0 0 4809.62 6356.51 8459.3 10516.5 
1.06 10 9.55567 0 0 4809.62 6356.51 8459.3 -10516.5 
1.065 9.89323 10 0.144416 9.60949e-13 9373.27 12682.3 1.26768 1.85611e-10 
1.065 10 10.4443 0 0 4820.04 6369.91 8459.25 10548 
1.065 10 9.55567 0 0 4820.04 6369.91 8459.25 -10548 
1.07 9.89396 10 0.144509 9.74521e-13 9397.25 12709 1.33497 1.90987e-10 
1.07 10 10.4443 0 0 4830.59 6383.26 8459.22 10583.6 
1.07 10 9.55567 0 0 4830.59 6383.26 8459.22 -10583.6 
1.075 9.89468 10 0.144607 9.88322e-13 9421.49 12735.6 1.40211 1.9815e-10 
1.075 10 10.4443 0 0 4841.28 6396.56 8459.17 10615 
1.075 10 9.55567 0 0 4841.28 6396.56 8459.17 -10615 
1.08 9.8954 10 0.144709 1.00242e-12 9445.98 12762.1 1.46913 2.03453e-10 
1.08 10 10.4443 0 0 4852.09 6409.81 8459.14 10650.3 
1.08 10 9.55567 0 0 4852.09 6409.81 8459.14 -10650.3 
1.085 9.89613 10 0.144816 1.01677e-12 9470.74 12788.5 1.53602 2.05082e-10 
1.085 10 10.4443 0 0 4863.05 6423.01 8459.09 10681.6 
1.085 10 9.55567 0 0 4863.05 6423.01 8459.09 -10681.6 
1.09 9.89685 10 0.144929 1.03139e-12 9495.75 12814.8 1.60281 2.04853e-10 
1.09 10 10.4443 0 0 4874.13 6436.16 8459.05 10716.8 
1.09 10 9.55567 0 0 4874.13 6436.16 8459.05 -10716.8 
1.095 9.89757 10 0.145045 1.04631e-12 9521.02 12841 1.66949 2.11859e-10 
1.095 10 10.4443 0 0 4885.35 6449.26 8459.01 10747.9 
1.095 10 9.55567 0 0 4885.35 6449.26 8459.01 -10747.9 
1.1 9.8983 10 0.145167 1.06151e-12 9546.55 12867.1 1.73608 2.20646e-10 
1.1 10 10.4443 0 0 4896.71 6462.3 8458.97 10782.9 
1.1 10 9.55567 0 0 4896.71 6462.3 8458.97 -10782.9 
1.105 9.89903 10 0.145293 1.07699e-12 9572.34 12893.1 1.8026 2.11203e-10 
1.105 10 10.4443 0 0 4908.2 6475.3 8458.93 10813.9 
1.105 10 9.55567 0 0 4908.2 6475.3 8458.93 -10813.9 
1.11 9.89975 10 0.145425 1.09277e-12 9598.39 12919 1.86903 2.27183e-10 
1.11 10 10.4443 0 0 4919.82 6488.25 8458.89 10848.8 
1.11 10 9.55567 0 0 4919.82 6488.25 8458.89 -10848.8 
1.115 9.90048 10 0.14556 1.10889e-12 9624.71 12944.8 1.93541 2.26746e-10 
1.115 10 10.4443 0 0 4931.59 6501.14 8458.84 10879.5 
1.115 10 9.55567 0 0 4931.59 6501.14 8458.84 -10879.5 
1.12 9.90121 10 0.145701 1.12533e-12 9651.29 12970.5 2.00173 2.3172e-10 
1.12 10 10.4443 0 0 4943.48 6513.99 8458.8 10914.3 
1.12 10 9.55567 0 0 4943.48 6513.99 8458.8 -10914.3 
1.125 9.90194 10 0.145846 1.14212e-12 9678.14 12996 2.068 2.34827e-10 
1.125 10 10.4443 0 0 4955.52 6526.78 8458.75 10944.9 
1.125 10 9.55567 0 0 4955.52 6526.78 8458.75 -10944.9 
1.13 9.90267 10 0.145996 1.15924e-12 9705.25 13021.5 2.13423 2.43344e-10 
1.13 10 10.4443 0 0 4967.69 6539.52 8458.71 10979.4 
1.13 10 9.55567 0 0 4967.69 6539.52 8458.71 -10979.4 
1.135 9.9034 10 0.146151 1.17672e-12 9732.63 13046.9 2.20043 2.48172e-10 
1.135 10 10.4443 0 0 4980 6552.2 8458.67 11009.9 
1.135 10 9.55567 0 0 4980 6552.2 8458.67 -11009.9 
1.14 9.90413 10 0.146311 1.19454e-12 9760.27 13072.2 2.26662 2.54772e-10 
1.14 10 10.4443 0 0 4992.44 6564.84 8458.62 11044.3 
1.14 10 9.55567 0 0 4992.44 6564.84 8458.62 -11044.3 
1.145 9.90486 10 0.146475 1.21274e-12 9788.19 13097.3 2.33279 2.55863e-10 
1.145 10 10.4443 0 0 5005.03 6577.42 8458.58 11074.6 
1.145 10 9.55567 0 0 5005.03 6577.42 8458.58 -11074.6 
1.15 9.90559 10 0.146644 1.2313e-12 9816.37 13122.4 2.39895 2.62359e-10 
1.15 10 10.4443 0 0 5017.75 6589.94 8458.54 11108.9 
1.15 10 9.55567 0 0 5017.75 6589.94 8458.54 -11108.9 
1.155 9.90633 10 0.146818 1.25028e-12 9844.83 13147.3 2.46512 2.63341e-10 
1.155 10 10.4443 0 0 5030.61 6602.41 8458.49 11139 
1.155 10 9.55567 0 0 5030.61 6602.41 8458.49 -11139 
1.16 9.90706 10 0.146996 1.26965e-12 9873.55 13172.1 2.5313 2.67904e-10 
1.16 10 10.4443 0 0 5043.61 6614.83 8458.44 11173.1 
1.16 10 9.55567 0 0 5043.61 6614.83 8458.44 -11173.1 
1.165 9.9078 10 0.147179 1.28942e-12 9902.55 13196.9 2.59751 2.83326e-10 
1.165 10 10.4443 0 0 5056.76 6627.19 8458.4 11203.1 
1.165 10 9.55567 0 0 5056.76 6627.19 8458.4 -11203.1 
1.17 9.90853 10 0.147367 1.30961e-12 9931.83 13221.5 2.66374 2.78681e-10 
1.17 10 10.4443 0 0 5070.04 6639.49 8458.35 11237 
1.17 10 9.55567 0 0 5070.04 6639.49 8458.35 -11237 
1.175 9.90927 10 0.14756 1.33025e-12 9961.37 13246 2.73001 2.93981e-10 
1.175 10 10.4443 0 0 5083.46 6651.74 8458.3 11266.8 
1.175 10 9.55567 0 0 5083.46 6651.74 8458.3 -11266.8 
1.18 9.91001 10 0.147757 1.35133e-12 9991.2 13270.4 2.79632 2.94667e-10 
1.18 10 10.4443 0 0 5097.03 6663.93 8458.26 11300.6 
1.18 10 9.55567 0 0 5097.03 6663.93 8458.26 -11300.6 
1.185 9.91075 10 0.147959 1.37286e-12 10021.3 13294.6 2.86268 3.09844e-10 
1.185 10 10.4443 0 0 5110.73 6676.07 8458.21 11330.2 
1.185 10 9.55567 0 0 5110.73 6676.07 8458.21 -11330.2 
1.19 9.91149 10 0.148166 1.39487e-12 10051.7 13318.8 2.92911 3.14039e-10 
1.19 10 10.4443 0 0 5124.58 6688.14 8458.16 11363.8 
1.19 10 9.55567 0 0 5124.58 6688.14 8458.16 -11363.8 
1.195 9.91223 10 0.148378 1.41739e-12 10082.3 13342.8 2.9956 3.18162e-10 
1.195 10 10.4443 0 0 5138.58 6700.16 8458.11 11393.3 
1.195 10 9.55567 0 0 5138.58 6700.16 8458.11 -11393.3 
1.2 9.91297 10 0.148594 1.44038e-12 10113.3 13366.7 3.06217 3.204e-10 
1.2 10 10.4443 0 0 5152.71 6712.12 8458.07 11426.7 
1.2 10 9.55567 0 0 5152.71 6712.12 8458.07 -11426.7 
1.205 9.91372 10 0.148815 1.46387e-12 10144.5 13390.5 3.12882 3.26207e-10 
1.205 10 10.4443 0 0 5166.99 6724.02 8458.02 11456.1 
1.205 10 9.55567 0 0 5166.99 6724.02 8458.02 -11456.1 
1.21 9.91446 10 0.149041 1.48789e-12 10176 13414.2 3.19557 3.39215e-10 
1.21 10 10.4443 0 0 5181.42 6735.86 8457.97 11489.3 
1.21 10 9.55567 0 0 5181.42 6735.86 8457.97 -11489.3 
1.215 9.91521 10 0.149272 1.51251e-12 10207.8 13437.8 3.26241 3.43044e-10 
1.215 10 10.4443 0 0 5195.99 6747.64 8457.92 11518.5 
1.215 10 9.55567 0 0 5195.99 6747.64 8457.92 -11518.5 
1.22 9.91595 10 0.149507 1.53768e-12 10239.8 13461.2 3.32936 3.61348e-10 
1.22 10 10.4443 0 0 5210.7 6759.36 8457.87 11551.6 
1.22 10 9.55567 0 0 5210.7 6759.36 8457.87 -11551.6 
1.225 9.9167 10 0.149747 1.56339e-12 10272.2 13484.5 3.39642 3.66844e-10 
1.225 10 10.4443 0 0 5225.56 6771.02 8457.82 11580.6 
1.225 10 9.55567 0 0 5225.56 6771.02 8457.82 -11580.6 
1.23 9.91745 10 0.149992 1.58972e-12 10304.8 13507.7 3.4636 3.77709e-10 
1.23 10 10.4443 0 0 5240.57 6782.62 8457.77 11613.5 
1.23 10 9.55567 0 0 5240.57 6782.62 8457.77 -11613.5 
1.235 9.9182 10 0.150242 1.61665e-12 10337.7 13530.8 3.53092 3.77577e-10 
1.235 10 10.4443 0 0 5255.72 6794.15 8457.72 11642.3 
1.235 10 9.55567 0 0 5255.72 6794.15 8457.72 -11642.3 
1.24 9.91895 10 0.150497 1.64421e-12 10370.9 13553.7 3.59837 3.88271e-10 
1.24 10 10.4443 0 0 5271.02 6805.62 8457.67 11675.1 
1.24 10 9.55567 0 0 5271.02 6805.62 8457.67 -11675.1 
1.245 9.91971 10 0.150756 1.67247e-12 10404.4 13576.5 3.66596 4.06142e-10 
1.245 10 10.4443 0 0 5286.47 6817.03 8457.61 11703.8 
1.245 10 9.55567 0 0 5286.47 6817.03 8457.61 -11703.8 
1.25 9.92046 10 0.151021 1.70136e-12 10438.2 13599.2 3.7337 4.03917e-10 
1.25 10 10.4443 0 0 5302.07 6828.37 8457.56 11736.4 
1.25 10 9.55567 0 0 5302.07 6828.37 8457.56 -11736.4 
1.255 9.92122 10 0.15129 1.73094e-12 10472.3 13621.8 3.80161 4.16147e-10 
1.255 10 10.4443 0 0 5317.82 6839.65 8457.51 11764.8 
1.255 10 9.55567 0 0 5317.82 6839.65 8457.51 -11764.8 
1.26 9.92197 10 0.151564 1.76125e-12 10506.7 13644.2 3.86968 4.28275e-10 
1.26 10 10.4443 0 0 5333.72 6850.86 8457.46 11797.3 
1.26 10 9.55567 0 0 5333.72 6850.86 8457.46 -11797.3 
1.265 9.92273 10 0.151842 1.79228e-12 10541.3 13666.5 3.93792 4.38483e-10 
1.265 10 10.4443 0 0 5349.77 6862 8457.4 11825.5 
1.265 10 9.55567 0 0 5349.77 6862 8457.4 -11825.5 
1.27 9.92349 10 0.152126 1.82407e-12 10576.3 13688.6 4.00634 4.48584e-10 
1.27 10 10.4443 0 0 5365.96 6873.08 8457.35 11857.8 
1.27 10 9.55567 0 0 5365.96 6873.08 8457.35 -11857.8 
1.275 9.92425 10 0.152415 1.85667e-12 10611.5 13710.7 4.07495 4.56753e-10 
1.275 10 10.4443 0 0 5382.31 6884.09 8457.29 11885.9 
1.275 10 9.55567 0 0 5382.31 6884.09 8457.29 -11885.9 
1.28 9.92502 10 0.152708 1.89004e-12 10647.1 13732.5 4.14376 4.79366e-10 
1.28 10 10.4443 0 0 5398.82 6895.03 8457.24 11918 
1.28 10 9.55567 0 0 5398.82 6895.03 8457.24 -11918 
1.285 9.92578 10 0.153007 1.92423e-12 10682.9 13754.3 4.21277 4.89131e-10 
1.285 10 10.4443 0 0 5415.47 6905.9 8457.18 11945.9 
1.285 10 9.55567 0 0 5415.47 6905.9 8457.18 -11945.9 
1.29 9.92655 10 0.15331 1.9593e-12 10719.1 13775.9 4.28198 4.96954e-10 
1.29 10 10.4443 0 0 5432.28 6916.7 8457.13 11977.8 
1.29 10 9.55567 0 0 5432.28 6916.7 8457.13 -11977.8 
1.295 9.92731 10 0.153619 1.99523e-12 10755.5 13797.3 4.35142 5.08295e-10 
1.295 10 10.4443 0 0 5449.24 6927.42 8457.07 12005.6 
1.295 10 9.55567 0 0 5449.24 6927.42 8457.07 -12005.6 
1.3 9.92808 10 0.153932 2.03207e-12 10792.3 13818.7 4.42108 5.21328e-10 
1.3 10 10.4443 0 0 5466.35 6938.08 8457.01 12037.3 
1.3 10 9.55567 0 0 5466.35 6938.08 8457.01 -12037.3 
1.305 9.92885 10 0.15425 2.06984e-12 10829.3 13839.8 4.49097 5.32411e-10 
1.305 10 10.4443 0 0 5483.62 6948.67 8456.95 12064.8 
1.305 10 9.55567 0 0 5483.62 6948.67 8456.95 -12064.8 
1.31 9.92963 10 0.154573 2.1086e-12 10866.6 13860.8 4.5611 5.45174e-10 
1.31 10 10.4443 0 0 5501.05 6959.18 8456.9 12096.4 
1.31 10 9.55567 0 0 5501.05 6959.18 8456.9 -12096.4 
1.315 9.9304 10 0.154902 2.14834e-12 10904.3 13881.7 4.63148 5.68715e-10 
1.315 10 10.4443 0 0 5518.63 6969.61 8456.84 12123.7 
1.315 10 9.55567 0 0 5518.63 6969.61 8456.84 -12123.7 
1.32 9.93117 10 0.155235 2.18916e-12 10942.2 13902.4 4.70211 5.8119e-10 
1.32 10 10.4443 0 0 5536.37 6979.97 8456.78 12155.1 
1.32 10 9.55567 0 0 5536.37 6979.97 8456.78 -12155.1 
1.325 9.93195 10 0.155573 2.23103e-12 10980.5 13923 4.773 5.84423e-10 
1.325 10 10.4443 0 0 5554.26 6990.26 8456.72 12182.2 
1.325 10 9.55567 0 0 5554.26 6990.26 8456.72 -12182.2 
1.33 9.93273 10 0.155917 2.27398e-12 11019.1 13943.4 4.84415 6.11153e-10 
1.33 10 10.4443 0 0 5572.31 7000.47 8456.66 12213.4 
1.33 10 9.55567 0 0 5572.31 7000.47 8456.66 -12213.4 
1.335 9.93351 10 0.156265 2.31806e-12 11057.9 13963.7 4.91559 6.24991e-10 
1.335 10 10.4443 0 0 5590.52 7010.6 8456.6 12240.4 
1.335 10 9.55567 0 0 5590.52 7010.6 8456.6 -12240.4 
1.34 9.93429 10 0.156619 2.36329e-12 11097.1 13983.8 4.9873 6.40486e-10 
1.34 10 10.4443 0 0 5608.89 7020.65 8456.54 12271.3 
1.34 10 9.55567 0 0 5608.89 7020.65 8456.54 -12271.3 
1.345 9.93508 10 0.156978 2.40975e-12 11136.6 14003.7 5.05931 6.53991e-10 
1.345 10 10.4443 0 0 5627.42 7030.62 8456.48 12298.1 
1.345 10 9.55567 0 0 5627.42 7030.62 8456.48 -12298.1 
1.35 9.93586 10 0.157342 2.45747e-12 11176.4 14023.5 5.13161 6.83691e-10 
1.35 10 10.4443 0 0 5646.11 7040.51 8456.42 12328.8 
1.35 10 9.55567 0 0 5646.11 7040.51 8456.42 -12328.8 
1.355 9.93665 10 0.157711 2.5064e-12 11216.5 14043.1 5.20421 6.9685e-10 
1.355 10 10.4443 0 0 5664.95 7050.32 8456.36 12355.4 
1.355 10 9.55567 0 0 5664.95 7050.32 8456.36 -12355.4 
1.36 9.93744 10 0.158085 2.55668e-12 11256.9 14062.6 5.27713 7.18913e-10 
1.36 10 10.4443 0 0 5683.96 7060.05 8456.3 12386 
1.36 10 9.55567 0 0 5683.96 7060.05 8456.3 -12386 
1.365 9.93823 10 0.158465 2.60838e-12 11297.6 14081.9 5.35037 7.24409e-10 
1.365 10 10.4443 0 0 5703.13 7069.7 8456.23 12412.4 
1.365 10 9.55567 0 0 5703.13 7069.7 8456.23 -12412.4 
1.37 9.93902 10 0.15885 2.66147e-12 11338.7 14101 5.42393 7.60633e-10 
1.37 10 10.4443 0 0 5722.47 7079.26 8456.17 12442.7 
1.37 10 9.55567 0 0 5722.47 7079.26 8456.17 -12442.7 
1.375 9.93982 10 0.15924 2.716e-12 11380 14119.9 5.49783 7.74825e-10 
1.375 10 10.4443 0 0 5741.96 7088.73 8456.1 12468.9 
1.375 10 9.55567 0 0 5741.96 7088.73 8456.1 -12468.9 
1.38 9.94062 10 0.159635 2.77206e-12 11421.7 14138.7 5.57206 7.94262e-10 
1.38 10 10.4443 0 0 5761.62 7098.12 8456.04 12499 
1.38 10 9.55567 0 0 5761.62 7098.12 8456.04 -12499 
1.385 9.94142 10 0.160036 2.82966e-12 11463.7 14157.3 5.64665 8.13484e-10 
1.385 10 10.4443 0 0 5781.44 7107.42 8455.97 12524.9 
1.385 10 9.55567 0 0 5781.44 7107.42 8455.97 -12524.9 
1.39 9.94222 10 0.160442 2.88888e-12 11506 14175.7 5.72159 8.4703e-10 
1.39 10 10.4443 0 0 5801.42 7116.63 8455.91 12554.8 
1.39 10 9.55567 0 0 5801.42 7116.63 8455.91 -12554.8 
1.395 9.94302 10 0.160853 2.94976e-12 11548.6 14194 5.7969 8.56697e-10 
1.395 10 10.4443 0 0 5821.57 7125.75 8455.84 12580.6 
1.395 10 9.55567 0 0 5821.57 7125.75 8455.84 -12580.6 
1.4 9.94383 10 0.16127 3.01235e-12 11591.5 14212 5.87257 8.86134e-10 
1.4 10 10.4443 0 0 5841.89 7134.78 8455.77 12610.2 
1.4 10 9.55567 0 0 5841.89 7134.78 8455.77 -12610.2 
1.405 9.94463 10 0.161692 3.0767e-12 11634.8 14229.9 5.94863 9.15323e-10 
1.405 10 10.4443 0 0 5862.37 7143.71 8455.71 12635.7 
1.405 10 9.55567 0 0 5862.37 7143.71 8455.71 -12635.7 
1.41 9.94544 10 0.16212 3.14285e-12 11678.3 14247.6 6.02507 9.36986e-10 
1.41 10 10.4443 0 0 5883.02 7152.56 8455.64 12665.2 
1.41 10 9.55567 0 0 5883.02 7152.56 8455.64 -12665.2 
1.415 9.94625 10 0.162553 3.21089e-12 11722.2 14265.1 6.1019 9.69296e-10 
1.415 10 10.4443 0 0 5903.83 7161.31 8455.57 12690.5 
1.415 10 9.55567 0 0 5903.83 7161.31 8455.57 -12690.5 
1.42 9.94707 10 0.162991 3.28089e-12 11766.4 14282.4 6.17914 9.97696e-10 
1.42 10 10.4443 0 0 5924.81 7169.96 8455.5 12719.7 
1.42 10 9.55567 0 0 5924.81 7169.96 8455.5 -12719.7 
1.425 9.94788 10 0.163436 3.35289e-12 11811 14299.5 6.25679 1.024e-09 
1.425 10 10.4443 0 0 5945.96 7178.52 8455.43 12744.7 
1.425 10 9.55567 0 0 5945.96 7178.52 8455.43 -12744.7 
1.43 9.9487 10 0.163885 3.42693e-12 11855.8 14316.4 6.33485 1.05365e-09 
1.43 10 10.4443 0 0 5967.28 7186.98 8455.36 12773.7 
1.43 10 9.55567 0 0 5967.28 7186.98 8455.36 -12773.7 
1.435 9.94952 10 0.164341 3.50308e-12 11901 14333.2 6.41333 1.08664e-09 
1.435 10 10.4443 0 0 5988.76 7195.33 8455.29 12798.5 
1.435 10 9.55567 0 0 5988.76 7195.33 8455.29 -12798.5 
1.44 9.95035 10 0.164801 3.58145e-12 11946.5 14349.7 6.49225 1.11569e-09 
1.44 10 10.4443 0 0 6010.42 7203.59 8455.22 12827.3 
1.44 10 9.55567 0 0 6010.42 7203.59 8455.22 -12827.3 
1.445 9.95117 10 0.165268 3.66209e-12 11992.3 14366 6.57161 1.14806e-09 
1.445 10 10.4443 0 0 6032.24 7211.75 8455.14 12851.8 
1.445 10 9.55567 0 0 6032.24 7211.75 8455.14 -12851.8 
1.45 9.952 10 0.16574 3.74503e-12 12038.4 14382.1 6.65142 1.17464e-09 
1.45 10 10.4443 0 0 6054.24 7219.8 8455.07 12880.3 
1.45 10 9.55567 0 0 6054.24 7219.8 8455.07 -12880.3 
1.455 9.95283 10 0.166218 3.83039e-12 12084.9 14398 6.73169 1.20817e-09 
1.455 10 10.4443 0 0 6076.4 7227.75 8455 12904.7 
1.455 10 9.55567 0 0 6076.4 7227.75 8455 -12904.7 
1.46 9.95366 10 0.166702 3.91825e-12 12131.7 14413.7 6.81241 1.24862e-09 
1.46 10 10.4443 0 0 6098.74 7235.59 8454.92 12932.9 
1.46 10 9.55567 0 0 6098.74 7235.59 8454.92 -12932.9 
1.465 9.9545 10 0.167191 4.00867e-12 12178.8 14429.1 6.89362 1.28144e-09 
1.465 10 10.4443 0 0 6121.25 7243.33 8454.85 12956.9 
1.465 10 9.55567 0 0 6121.25 7243.33 8454.85 -12956.9 
1.47 9.95533 10 0.167687 4.10171e-12 12226.2 14444.4 6.9753 1.32662e-09 
1.47 10 10.4443 0 0 6143.93 7250.95 8454.77 12984.9 
1.47 10 9.55567 0 0 6143.93 7250.95 8454.77 -12984.9 
1.475 9.95617 10 0.168188 4.19744e-12 12274 14459.4 7.05747 1.36597e-09 
1.475 10 10.4443 0 0 6166.78 7258.47 8454.7 13008.7 
1.475 10 9.55567 0 0 6166.78 7258.47 8454.7 -13008.7 
1.48 9.95701 10 0.168695 4.29598e-12 12322.1 14474.2 7.14014 1.4031e-09 
1.48 10 10.4443 0 0 6189.81 7265.87 8454.62 13036.4 
1.48 10 9.55567 0 0 6189.81 7265.87 8454.62 -13036.4 
1.485 9.95786 10 0.169208 4.39739e-12 12370.5 14488.8 7.22331 1.43438e-09 
1.485 10 10.4443 0 0 6213.01 7273.16 8454.54 13060 
1.485 10 9.55567 0 0 6213.01 7273.16 8454.54 -13060 
1.49 9.95871 10 0.169727 4.50178e-12 12419.3 14503.2 7.307 1.48525e-09 
1.49 10 10.4443 0 0 6236.38 7280.34 8454.47 13087.4 
1.49 10 9.55567 0 0 6236.38 7280.34 8454.47 -13087.4 
1.495 9.95956 10 0.170252 4.60918e-12 12468.3 14517.3 7.39121 1.52842e-09 
1.495 10 10.4443 0 0 6259.93 7287.4 8454.38 13110.6 
1.495 10 9.55567 0 0 6259.93 7287.4 8454.38 -13110.6 
1.5 9.96041 10 0.170783 4.71967e-12 12517.7 14531.2 7.47595 1.57116e-09 
1.5 10 10.4443 0 0 6283.65 7294.34 8454.31 13137.8 
1.5 10 9.55567 0 0 6283.65 7294.34 8454.31 -13137.8 
1.505 9.96126 10 0.17132 4.83336e-12 12567.4 14544.8 7.56124 1.61527e-09 
1.505 10 10.4443 0 0 6307.55 7301.16 8454.22 13160.8 
1.505 10 9.55567 0 0 6307.55 7301.16 8454.22 -13160.8 
1.51 9.96212 10 0.171863 4.95032e-12 12617.5 14558.2 7.64707 1.65529e-09 
1.51 10 10.4443 0 0 6331.62 7307.87 8454.15 13187.6 
1.51 10 9.55567 0 0 6331.62 7307.87 8454.15 -13187.6 
1.515 9.96298 10 0.172412 5.07066e-12 12667.8 14571.4 7.73346 1.70938e-09 
1.515 10 10.4443 0 0 6355.87 7314.45 8454.06 13210.3 
1.515 10 9.55567 0 0 6355.87 7314.45 8454.06 -13210.3 
1.52 9.96385 10 0.172968 5.19445e-12 12718.5 14584.3 7.82041 1.7539e-09 
1.52 10 10.4443 0 0 6380.29 7320.9 8453.98 13236.9 
1.52 10 9.55567 0 0 6380.29 7320.9 8453.98 -13236.9 
1.525 9.96471 10 0.17353 5.32179e-12 12769.6 14597 7.90794 1.81429e-09 
1.525 10 10.4443 0 0 6404.89 7327.23 8453.9 13259.2 
1.525 10 9.55567 0 0 6404.89 7327.23 8453.9 -13259.2 
1.53 9.96558 10 0.174098 5.45267e-12 12820.9 14609.4 7.99606 1.86327e-09 
1.53 10 10.4443 0 0 6429.66 7333.43 8453.82 13285.5 
1.53 10 9.55567 0 0 6429.66 7333.43 8453.82 -13285.5 
1.535 9.96645 10 0.174672 5.58733e-12 12872.6 14621.5 8.08477 1.91899e-09 
1.535 10 10.4443 0 0 6454.62 7339.51 8453.73 13307.6 
1.535 10 9.55567 0 0 6454.62 7339.51 8453.73 -13307.6 
1.54 9.96733 10 0.175253 5.72573e-12 12924.6 14633.4 8.17408 1.95964e-09 
1.54 10 10.4443 0 0 6479.75 7345.45 8453.65 13333.5 
1.54 10 9.55567 0 0 6479.75 7345.45 8453.65 -13333.5 
1.545 9.96821 10 0.17584 5.86796e-12 12976.9 14645 8.264 2.00885e-09 
1.545 10 10.4443 0 0 6505.05 7351.26 8453.56 13355.3 
1.545 10 9.55567 0 0 6505.05 7351.26 8453.56 -13355.3 
1.55 9.96909 10 0.176433 6.01421e-12 13029.6 14656.4 8.35455 2.06841e-09 
1.55 10 10.4443 0 0 6530.54 7356.94 8453.47 13380.9 
1.55 10 9.55567 0 0 6530.54 7356.94 8453.47 -13380.9 
1.555 9.96997 10 0.177033 6.16442e-12 13082.6 14667.4 8.44573 2.12924e-09 
1.555 10 10.4443 0 0 6556.2 7362.48 8453.38 13402.4 
1.555 10 9.55567 0 0 6556.2 7362.48 8453.38 -13402.4 
1.56 9.97086 10 0.17764 6.31873e-12 13135.8 14678.2 8.53755 2.19677e-09 
1.56 10 10.4443 0 0 6582.04 7367.88 8453.3 13427.7 
1.56 10 9.55567 0 0 6582.04 7367.88 8453.3 -13427.7 
1.565 9.97175 10 0.178253 6.47717e-12 13189.5 14688.8 8.63002 2.24371e-09 
1.565 10 10.4443 0 0 6608.05 7373.14 8453.21 13448.8 
1.565 10 9.55567 0 0 6608.05 7373.14 8453.21 -13448.8 
1.57 9.97264 10 0.178873 6.63981e-12 13243.4 14699 8.72316 2.30461e-09 
1.57 10 10.4443 0 0 6634.25 7378.26 8453.12 13473.8 
1.57 10 9.55567 0 0 6634.25 7378.26 8453.12 -13473.8 
1.575 9.97354 10 0.179499 6.80671e-12 13297.7 14709 8.81696 2.36674e-09 
1.575 10 10.4443 0 0 6660.62 7383.24 8453.02 13494.5 
1.575 10 9.55567 0 0 6660.62 7383.24 8453.02 -13494.5 
1.58 9.97443 10 0.180132 6.97792e-12 13352.3 14718.6 8.91145 2.42281e-09 
1.58 10 10.4443 0 0 6687.17 7388.07 8452.94 13519.2 
1.58 10 9.55567 0 0 6687.17 7388.07 8452.94 -13519.2 
1.585 9.97534 10 0.180772 7.15345e-12 13407.2 14728 9.00663 2.48373e-09 
1.585 10 10.4443 0 0 6713.9 7392.76 8452.84 13539.6 
1.585 10 9.55567 0 0 6713.9 7392.76 8452.84 -13539.6 
1.59 9.97624 10 0.181419 7.33336e-12 13462.4 14737.1 9.10252 2.54767e-09 
1.59 10 10.4443 0 0 6740.81 7397.3 8452.75 13563.9 
1.59 10 9.55567 0 0 6740.81 7397.3 8452.75 -13563.9 
1.595 9.97715 10 0.182072 7.51765e-12 13517.9 14745.9 9.19912 2.60554e-09 
1.595 10 10.4443 0 0 6767.9 7401.68 8452.65 13583.9 
1.595 10 9.55567 0 0 6767.9 7401.68 8452.65 -13583.9 
1.6 9.97806 10 0.182733 7.70637e-12 13573.8 14754.3 9.29644 2.66643e-09 
1.6 10 10.4443 0 0 6795.16 7405.91 8452.56 13607.8 
1.6 10 9.55567 0 0 6795.16 7405.91 8452.56 -13607.8 
1.605 9.97898 10 0.1834 7.89947e-12 13630 14762.5 9.3945 2.74308e-09 
1.605 10 10.4443 0 0 6822.61 7409.99 8452.46 13627.5 
1.605 10 9.55567 0 0 6822.61 7409.99 8452.46 -13627.5 
1.61 9.9799 10 0.184075 8.09703e-12 13686.5 14770.3 9.4933 2.80456e-09 
1.61 10 10.4443 0 0 6850.23 7413.91 8452.37 13651.1 
1.61 10 9.55567 0 0 6850.23 7413.91 8452.37 -13651.1 
1.615 9.98082 10 0.184757 8.29894e-12 13743.3 14777.8 9.59287 2.8636e-09 
1.615 10 10.4443 0 0 6878.03 7417.67 8452.27 13670.4 
1.615 10 9.55567 0 0 6878.03 7417.67 8452.27 -13670.4 
1.62 9.98175 10 0.185445 8.50518e-12 13800.4 14785 9.6932 2.92204e-09 
1.62 10 10.4443 0 0 6906.01 7421.27 8452.17 13693.5 
1.62 10 9.55567 0 0 6906.01 7421.27 8452.17 -13693.5 
1.625 9.98267 10 0.186141 8.7157e-12 13857.8 14791.9 9.79432 2.97988e-09 
1.625 10 10.4443 0 0 6934.16 7424.7 8452.07 13712.4 
1.625 10 9.55567 0 0 6934.16 7424.7 8452.07 -13712.4 
1.63 9.98361 10 0.186845 8.93039e-12 13915.5 14798.4 9.89623 3.0335e-09 
1.63 10 10.4443 0 0 6962.5 7427.97 8451.97 13735.2 
1.63 10 9.55567 0 0 6962.5 7427.97 8451.97 -13735.2 
1.635 9.98454 10 0.187555 9.14916e-12 13973.6 14804.6 9.99895 3.09382e-09 
1.635 10 10.4443 0 0 6991.01 7431.07 8451.87 13753.7 
1.635 10 9.55567 0 0 6991.01 7431.07 8451.87 -13753.7 
1.64 9.98548 10 0.188273 9.37191e-12 14031.9 14810.5 10.1025 3.14631e-09 
1.64 10 10.4443 0 0 7019.7 7434 8451.77 13776.1 
1.64 10 9.55567 0 0 7019.7 7434 8451.77 -13776.1 
1.645 9.98643 10 0.188998 9.5985e-12 14090.6 14816 10.2068 3.20372e-09 
1.645 10 10.4443 0 0 7048.57 7436.76 8451.66 13794.2 
1.645 10 9.55567 0 0 7048.57 7436.76 8451.66 -13794.2 
1.65 9.98737 10 0.189731 9.82874e-12 14149.5 14821.2 10.3121 3.2497e-09 
1.65 10 10.4443 0 0 7077.61 7439.35 8451.56 13816.1 
1.65 10 9.55567 0 0 7077.61 7439.35 8451.56 -13816.1 
1.655 9.98832 10 0.190472 1.00625e-11 14208.8 14826 10.4181 3.29519e-09 
1.655 10 10.4443 0 0 7106.83 7441.76 8451.46 13833.8 
1.655 10 9.55567 0 0 7106.83 7441.76 8451.46 -13833.8 
1.66 9.98928 10 0.19122 1.02994e-11 14268.3 14830.5 10.5251 3.34024e-09 
1.66 10 10.4443 0 0 7136.23 7443.98 8451.35 13855.3 
1.66 10 9.55567 0 0 7136.23 7443.98 8451.35 -13855.3 
1.665 9.99023 10 0.191975 1.05394e-11 14328.1 14834.6 10.6329 3.37759e-09 
1.665 10 10.4443 0 0 7165.8 7446.03 8451.24 13872.6 
1.665 10 9.55567 0 0 7165.8 7446.03 8451.24 -13872.6 
1.67 9.9912 10 0.192739 1.0782e-11 14388.3 14838.3 10.7416 3.41274e-09 
1.67 10 10.4443 0 0 7195.55 7447.89 8451.14 13893.7 
1.67 10 9.55567 0 0 7195.55 7447.89 8451.14 -13893.7 
1.675 9.99216 10 0.19351 1.10271e-11 14448.7 14841.6 10.8512 3.44391e-09 
1.675 10 10.4443 0 0 7225.48 7449.57 8451.03 13910.5 
1.675 10 9.55567 0 0 7225.48 7449.57 8451.03 -13910.5 
1.68 9.99313 10 0.194289 1.12742e-11 14509.4 14844.6 10.9618 3.47117e-09 
1.68 10 10.4443 0 0 7255.57 7451.06 8450.92 13931.1 
1.68 10 9.55567 0 0 7255.57 7451.06 8450.92 -13931.1 
1.685 9.99411 10 0.195076 1.15229e-11 14570.4 14847.2 11.0733 3.49455e-09 
1.685 10 10.4443 0 0 7285.85 7452.36 8450.81 13947.5 
1.685 10 9.55567 0 0 7285.85 7452.36 8450.81 -13947.5 
1.69 9.99508 10 0.195871 1.17728e-11 14631.7 14849.4 11.1857 3.50503e-09 
1.69 10 10.4443 0 0 7316.29 7453.46 8450.7 13967.6 
1.69 10 9.55567 0 0 7316.29 7453.46 8450.7 -13967.6 
1.695 9.99606 10 0.196674 1.20236e-11 14693.2 14851.2 11.2992 3.51359e-09 
1.695 10 10.4443 0 0 7346.91 7454.37 8450.58 13983.5 
1.695 10 9.55567 0 0 7346.91 7454.37 8450.58 -13983.5 
1.7 9.99705 10 0.197485 1.22745e-11 14755.1 14852.6 11.4136 3.51119e-09 
1.7 10 10.4443 0 0 7377.7 7455.08 8450.47 14003.2 
1.7 10 9.55567 0 0 7377.7 7455.08 8450.47 -14003.2 
1.705 9.99804 10 0.198304 1.25252e-11 14817.2 14853.7 11.529 3.50338e-09 
1.705 10 10.4443 0 0 7408.66 7455.58 8450.35 14018.6 
1.705 10 9.55567 0 0 7408.66 7455.58 8450.35 -14018.6 
1.71 9.99903 10 0.199132 1.27751e-11 14879.6 14854.3 11.6454 3.49751e-09 
1.71 10 10.4443 0 0 7439.79 7455.89 8450.24 14037.8 
1.71 10 9.55567 0 0 7439.79 7455.89 8450.24 -14037.8 
1.715 10 10 0.199968 1.30234e-11 14942.2 14854.5 11.7629 3.46093e-09 
1.715 10 10.4443 0 0 7471.1 7455.99 8450.12 14052.7 
1.715 10 9.55567 0 0 7471.1 7455.99 8450.12 -14052.7 
1.72 10.001 10 0.200812 1.32695e-11 15005.1 14854.2 11.8814 3.43739e-09 
1.72 10 10.4443 0 0 7502.57 7455.87 8450 14071.4 
1.72 10 9.55567 0 0 7502.57 7455.87 8450 -14071.4 
1.725 10.002 10 0.201665 1.35127e-11 15068.3 14853.6 12.001 3.37969e-09 
1.725 10 10.4443 0 0 7534.21 7455.55 8449.88 14085.8 
1.725 10 9.55567 0 0 7534.21 7455.55 8449.88 -14085.8 
1.73 10.003 10 0.202527 1.37522e-11 15131.7 14852.5 12.1216 3.33706e-09 
1.73 10 10.4443 0 0 7566.01 7455.01 8449.76 14104 
1.73 10 9.55567 0 0 7566.01 7455.01 8449.76 -14104 
1.735 10.0041 10 0.203397 1.39873e-11 15195.3 14851 12.2434 3.25867e-09 
1.735 10 10.4443 0 0 7597.99 7454.26 8449.64 14117.8 
1.735 10 9.55567 0 0 7597.99 7454.26 8449.64 -14117.8 
1.74 10.0051 10 0.204276 1.42172e-11 15259.2 14849.1 12.3663 3.17374e-09 
1.74 10 10.4443 0 0 7630.12 7453.29 8449.52 14135.5 
1.74 10 9.55567 0 0 7630.12 7453.29 8449.52 -14135.5 
1.745 10.0061 10 0.205164 1.44408e-11 15323.4 14846.7 12.4903 3.08422e-09 
1.745 10 10.4443 0 0 7662.43 7452.09 8449.39 14148.8 
1.745 10 9.55567 0 0 7662.43 7452.09 8449.39 -14148.8 
1.75 10.0071 10 0.20606 1.46574e-11 15387.8 14843.8 12.6155 2.97932e-09 
1.75 10 10.4443 0 0 7694.89 7450.67 8449.27 14165.9 
1.75 10 9.55567 0 0 7694.89 7450.67 8449.27 -14165.9 
1.755 10.0082 10 0.206966 1.4866e-11 15452.4 14840.5 12.7419 2.85917e-09 
1.755 10 10.4443 0 0 7727.52 7449.02 8449.14 14178.7 
1.755 10 9.55567 0 0 7727.52 7449.02 8449.14 -14178.7 
1.76 10.0092 10 0.207881 1.50656e-11 15517.3 14836.8 12.8695 2.72572e-09 
1.76 10 10.4443 0 0 7760.3 7447.14 8449.01 14195.2 
1.76 10 9.55567 0 0 7760.3 7447.14 8449.01 -14195.2 
1.765 10.0102 10 0.208804 1.52552e-11 15582.4 14832.5 12.9983 2.57911e-09 
1.765 10 10.4443 0 0 7793.25 7445.03 8448.88 14207.5 
1.765 10 9.55567 0 0 7793.25 7445.03 8448.88 -14207.5 
1.77 10.0113 10 0.209737 1.54339e-11 15647.7 14827.8 13.1284 2.42131e-09 
1.77 10 10.4443 0 0 7826.35 7442.68 8448.75 14223.4 
1.77 10 9.55567 0 0 7826.35 7442.68 8448.75 -14223.4 
1.775 10.0123 10 0.21068 1.56006e-11 15713.2 14822.7 13.2597 2.247e-09 
1.775 10 10.4443 0 0 7859.61 7440.09 8448.62 14235.1 
1.775 10 9.55567 0 0 7859.61 7440.09 8448.62 -14235.1 
1.78 10.0134 10 0.211632 1.57542e-11 15778.9 14817 13.3923 2.04722e-09 
1.78 10 10.4443 0 0 7893.03 7437.26 8448.49 14250.5 
1.78 10 9.55567 0 0 7893.03 7437.26 8448.49 -14250.5 
1.785 10.0145 10 0.212593 1.58939e-11 15844.8 14810.9 13.5262 1.85669e-09 
1.785 10 10.4443 0 0 7926.6 7434.18 8448.35 14261.5 
1.785 10 9.55567 0 0 7926.6 7434.18 8448.35 -14261.5 
1.79 10.0155 10 0.213564 1.60184e-11 15910.9 14804.2 13.6615 1.62461e-09 
1.79 10 10.4443 0 0 7960.32 7430.86 8448.22 14276.3 
1.79 10 9.55567 0 0 7960.32 7430.86 8448.22 -14276.3 
1.795 10.0166 10 0.214545 1.61269e-11 15977.2 14797.1 13.7981 1.40387e-09 
1.795 10 10.4443 0 0 7994.19 7427.28 8448.08 14286.7 
1.795 10 9.55567 0 0 7994.19 7427.28 8448.08 -14286.7 
1.8 10.0177 10 0.215535 1.62184e-11 16043.7 14789.4 13.9361 1.14914e-09 
1.8 10 10.4443 0 0 8028.2 7423.45 8447.94 14300.9 
1.8 10 9.55567 0 0 8028.2 7423.45 8447.94 -14300.9 
1.805 10.0188 10 0.216536 1.62918e-11 16110.4 14781.2 14.0756 8.95109e-10 
1.805 10 10.4443 0 0 8062.37 7419.36 8447.8 14310.7 
1.805 10 9.55567 0 0 8062.37 7419.36 8447.8 -14310.7 
1.81 10.0198 10 0.217546 1.63464e-11 16177.2 14772.5 14.2164 6.20073e-10 
1.81 10 10.4443 0 0 8096.68 7415.01 8447.66 14324.2 
1.81 10 9.55567 0 0 8096.68 7415.01 8447.66 -14324.2 
1.815 10.0209 10 0.218567 1.63812e-11 16244.2 14763.3 14.3588 3.49622e-10 
1.815 10 10.4443 0 0 8131.13 7410.4 8447.52 14333.4 
1.815 10 9.55567 0 0 8131.13 7410.4 8447.52 -14333.4 
1.82 10.022 10 0.219597 1.63956e-11 16311.4 14753.5 14.5026 6.02129e-11 
1.82 10 10.4443 0 0 8165.72 7405.53 8447.38 14346.2 
1.82 10 9.55567 0 0 8165.72 7405.53 8447.38 -14346.2 
1.825 10.0231 10 0.220639 1.63887e-11 16378.7 14743.2 14.6479 -2.55333e-10 
1.825 10 10.4443 0 0 8200.45 7400.38 8447.23 14354.7 
1.825 10 9.55567 0 0 8200.45 7400.38 8447.23 -14354.7 
1.83 10.0242 10 0.22169 1.636e-11 16446.2 14732.4 14.7948 -5.60547e-10 
1.83 10 10.4443 0 0 8235.32 7394.96 8447.08 14367 
1.83 10 9.55567 0 0 8235.32 7394.96 8447.08 -14367 
1.835 10.0253 10 0.222752 1.63089e-11 16513.8 14721 14.9433 -8.75362e-10 
1.835 10 10.4443 0 0 8270.32 7389.26 8446.93 14374.8 
1.835 10 9.55567 0 0 8270.32 7389.26 8446.93 -14374.8 
1.84 10.0265 10 0.223825 1.62351e-11 16581.5 14709.1 15.0934 -1.18517e-09 
1.84 10 10.4443 0 0 8305.45 7383.29 8446.79 14386.3 
1.84 10 9.55567 0 0 8305.45 7383.29 8446.79 -14386.3 
1.845 10.0276 10 0.224908 1.61382e-11 16649.4 14696.6 15.2452 -1.51721e-09 
1.845 10 10.4443 0 0 8340.71 7377.03 8446.63 14393.4 
1.845 10 9.55567 0 0 8340.71 7377.03 8446.63 -14393.4 
1.85 10.0287 10 0.226003 1.60179e-11 16717.3 14683.5 15.3987 -1.84599e-09 
1.85 10 10.4443 0 0 8376.1 7370.49 8446.48 14404.2 
1.85 10 9.55567 0 0 8376.1 7370.49 8446.48 -14404.2 
1.855 10.0298 10 0.227108 1.58743e-11 16785.4 14669.8 15.5538 -2.17877e-09 
1.855 10 10.4443 0 0 8411.61 7363.66 8446.32 14410.7 
1.855 10 9.55567 0 0 8411.61 7363.66 8446.32 -14410.7 
1.86 10.031 10 0.228225 1.57076e-11 16853.6 14655.6 15.7107 -2.49558e-09 
1.86 10 10.4443 0 0 8447.24 7356.54 8446.17 14420.8 
1.86 10 9.55567 0 0 8447.24 7356.54 8446.17 -14420.8 
1.865 10.0321 10 0.229353 1.55177e-11 16921.8 14640.7 15.8695 -2.82916e-09 
1.865 10 10.4443 0 0 8483 7349.12 8446.01 14426.5 
1.865 10 9.55567 0 0 8483 7349.12 8446.01 -14426.5 
1.87 10.0333 10 0.230492 1.53052e-11 16990.2 14625.3 16.03 -3.12502e-09 
1.87 10 10.4443 0 0 8518.87 7341.41 8445.85 14435.8 
1.87 10 9.55567 0 0 8518.87 7341.41 8445.85 -14435.8 
1.875 10.0344 10 0.231643 1.50706e-11 17058.6 14609.3 16.1924 -3.43415e-09 
1.875 10 10.4443 0 0 8554.85 7333.39 8445.69 14440.8 
1.875 10 9.55567 0 0 8554.85 7333.39 8445.69 -14440.8 
1.88 10.0356 10 0.232805 1.48146e-11 17127 14592.6 16.3567 -3.73845e-09 
1.88 10 10.4443 0 0 8590.94 7325.07 8445.53 14449.4 
1.88 10 9.55567 0 0 8590.94 7325.07 8445.53 -14449.4 
1.885 10.0368 10 0.233979 1.45379e-11 17195.6 14575.4 16.523 -4.01622e-09 
1.885 10 10.4443 0 0 8627.14 7316.44 8445.36 14453.5 
1.885 10 9.55567 0 0 8627.14 7316.44 8445.36 -14453.5 
1.89 10.0379 10 0.235166 1.42415e-11 17264.1 14557.5 16.6913 -4.2876e-09 
1.89 10 10.4443 0 0 8663.45 7307.5 8445.19 14461.4 
1.89 10 9.55567 0 0 8663.45 7307.5 8445.19 -14461.4 
1.895 10.0391 10 0.236364 1.39266e-11 17332.7 14539 16.8617 -4.53455e-09 
1.895 10 10.4443 0 0 8699.85 7298.24 8445.02 14464.8 
1.895 10 9.55567 0 0 8699.85 7298.24 8445.02 -14464.8 
1.9 10.0403 10 0.237574 1.35943e-11 17401.3 14519.8 17.0341 -4.77362e-09 
1.9 10 10.4443 0 0 8736.36 7288.67 8444.85 14471.8 
1.9 10 9.55567 0 0 8736.36 7288.67 8444.85 -14471.8 
1.905 10.0415 10 0.238797 1.32462e-11 17469.9 14500 17.2086 -4.9759e-09 
1.905 10 10.4443 0 0 8772.95 7278.77 8444.68 14474.4 
1.905 10 9.55567 0 0 8772.95 7278.77 8444.68 -14474.4 
1.91 10.0427 10 0.240033 1.28835e-11 17538.6 14479.6 17.3854 -5.17797e-09 
1.91 10 10.4443 0 0 8809.64 7268.55 8444.51 14480.6 
1.91 10 9.55567 0 0 8809.64 7268.55 8444.51 -14480.6 
1.915 10.0439 10 0.241281 1.2508e-11 17607.2 14458.5 17.5644 -5.34186e-09 
1.915 10 10.4443 0 0 8846.42 7258 8444.33 14482.4 
1.915 10 9.55567 0 0 8846.42 7258 8444.33 -14482.4 
1.92 10.0451 10 0.242542 1.21214e-11 17675.8 14436.7 17.7457 -5.486e-09 
1.92 10 10.4443 0 0 8883.28 7247.12 8444.15 14487.8 
1.92 10 9.55567 0 0 8883.28 7247.12 8444.15 -14487.8 
1.925 10.0463 10 0.243816 1.17252e-11 17744.3 14414.3 17.9294 -5.60517e-09 
1.925 10 10.4443 0 0 8920.22 7235.91 8443.97 14488.8 
1.925 10 9.55567 0 0 8920.22 7235.91 8443.97 -14488.8 
1.93 10.0475 10 0.245104 1.13215e-11 17812.8 14391.2 18.1154 -5.69599e-09 
1.93 10 10.4443 0 0 8957.23 7224.35 8443.79 14493.3 
1.93 10 9.55567 0 0 8957.23 7224.35 8443.79 -14493.3 
1.935 10.0488 10 0.246404 1.0912e-11 17881.3 14367.4 18.304 -5.76599e-09 
1.935 10 10.4443 0 0 8994.31 7212.46 8443.6 14493.4 
1.935 10 9.55567 0 0 8994.31 7212.46 8443.6 -14493.4 
1.94 10.05 10 0.247718 1.04986e-11 17949.7 14342.9 18.4951 -5.81725e-09 
1.94 10 10.4443 0 0 9031.47 7200.22 8443.41 14497.1 
1.94 10 9.55567 0 0 9031.47 7200.22 8443.41 -14497.1 
1.945 10.0512 10 0.249046 1.00831e-11 18018 14317.7 18.6888 -5.8282e-09 
1.945 10 10.4443 0 0 9068.69 7187.63 8443.22 14496.3 
1.945 10 9.55567 0 0 9068.69 7187.63 8443.22 -14496.3 
1.95 10.0525 10 0.250388 9.66745e-12 18086.2 14291.9 18.8851 -5.81548e-09 
1.95 10 10.4443 0 0 9105.96 7174.69 8443.03 14499.1 
1.95 10 9.55567 0 0 9105.96 7174.69 8443.03 -14499.1 
1.955 10.0537 10 0.251744 9.25334e-12 18154.3 14265.3 19.0842 -5.77752e-09 
1.955 10 10.4443 0 0 9143.29 7161.39 8442.83 14497.4 
1.955 10 9.55567 0 0 9143.29 7161.39 8442.83 -14497.4 
1.96 10.055 10 0.253115 8.84255e-12 18222.3 14238 19.2861 -5.72e-09 
1.96 10 10.4443 0 0 9180.67 7147.74 8442.64 14499.3 
1.96 10 9.55567 0 0 9180.67 7147.74 8442.64 -14499.3 
1.965 10.0563 10 0.2545 8.43678e-12 18290.1 14209.9 19.4909 -5.63955e-09 
1.965 10 10.4443 0 0 9218.1 7133.72 8442.44 14496.7 
1.965 10 9.55567 0 0 9218.1 7133.72 8442.44 -14496.7 
1.97 10.0575 10 0.255899 8.03753e-12 18357.8 14181.2 19.6987 -5.5309e-09 
1.97 10 10.4443 0 0 9255.57 7119.34 8442.24 14497.7 
1.97 10 9.55567 0 0 9255.57 7119.34 8442.24 -14497.7 
1.975 10.0588 10 0.257314 7.64632e-12 18425.4 14151.7 19.9095 -5.41792e-09 
1.975 10 10.4443 0 0 9293.07 7104.59 8442.03 14494.2 
1.975 10 9.55567 0 0 9293.07 7104.59 8442.03 -14494.2 
1.98 10.0601 10 0.258744 7.26443e-12 18492.7 14121.4 20.1235 -5.27896e-09 
1.98 10 10.4443 0 0 9330.61 7089.47 8441.83 14494.2 
1.98 10 9.55567 0 0 9330.61 7089.47 8441.83 -14494.2 
1.985 10.0614 10 0.260189 6.89311e-12 18559.9 14090.4 20.3407 -5.11966e-09 
1.985 10 10.4443 0 0 9368.17 7073.97 8441.61 14489.7 
1.985 10 9.55567 0 0 9368.17 7073.97 8441.61 -14489.7 
1.99 10.0627 10 0.261649 6.53344e-12 18626.9 14058.7 20.5612 -4.94743e-09 
1.99 10 10.4443 0 0 9405.76 7058.09 8441.4 14488.8 
1.99 10 9.55567 0 0 9405.76 7058.09 8441.4 -14488.8 
1.995 10.064 10 0.263126 6.18631e-12 18693.6 14026.2 20.7851 -4.77514e-09 
1.995 10 10.4443 0 0 9443.36 7041.83 8441.19 14483.3 
1.995 10 9.55567 0 0 9443.36 7041.83 8441.19 -14483.3 
2 10.0654 10 0.264619 5.85244e-12 18760.1 13992.9 21.0125 -4.58288e-09 
2 10 10.4443 0 0 9480.97 7025.19 8440.97 14481.4 
2 10 9.55567 0 0 9480.97 7025.19 8440.97 -14481.4 
2.005 10.0667 10 0.266128 5.53256e-12 18826.4 13958.8 21.2436 -4.37802e-09 
2.005 10 10.4443 0 0 9518.58 7008.16 8440.75 14475 
2.005 10 9.55567 0 0 9518.58 7008.16 8440.75 -14475 
2.01 10.068 10 0.267654 5.22703e-12 18892.4 13924 21.4783 -4.17335e-09 
2.01 10 10.4443 0 0 9556.2 6990.73 8440.53 14472 
2.01 10 9.55567 0 0 9556.2 6990.73 8440.53 -14472 
2.015 10.0694 10 0.269196 4.93619e-12 18958.1 13888.3 21.7169 -3.96165e-09 
2.015 10 10.4443 0 0 9593.81 6972.91 8440.3 14464.6 
2.015 10 9.55567 0 0 9593.81 6972.91 8440.3 -14464.6 
2.02 10.0707 10 0.270756 4.6602e-12 19023.5 13851.9 21.9595 -3.76294e-09 
2.02 10 10.4443 0 0 9631.4 6954.7 8440.07 14460.6 
2.02 10 9.55567 0 0 9631.4 6954.7 8440.07 -14460.6 
2.025 10.0721 10 0.272333 4.39909e-12 19088.5 13814.6 22.2062 -3.55358e-09 
2.025 10 10.4443 0 0 9668.98 6936.08 8439.83 14452.2 
2.025 10 9.55567 0 0 9668.98 6936.08 8439.83 -14452.2 
2.03 10.0734 10 0.273929 4.15275e-12 19153.3 13776.6 22.457 -3.34264e-09 
2.03 10 10.4443 0 0 9706.54 6917.05 8439.6 14447.2 
2.03 10 9.55567 0 0 9706.54 6917.05 8439.6 -14447.2 
2.035 10.0748 10 0.275542 3.92099e-12 19217.7 13737.7 22.7123 -3.14103e-09 
2.035 10 10.4443 0 0 9744.06 6897.62 8439.35 14437.6 
2.035 10 9.55567 0 0 9744.06 6897.62 8439.35 -14437.6 
2.04 10.0762 10 0.277173 3.70351e-12 19281.7 13698 22.972 -2.94687e-09 
2.04 10 10.4443 0 0 9781.55 6877.77 8439.11 14431.6 
2.04 10 9.55567 0 0 9781.55 6877.77 8439.11 -14431.6 
2.045 10.0776 10 0.278824 3.49988e-12 19345.4 13657.5 23.2363 -2.75465e-09 
2.045 10 10.4443 0 0 9819 6857.52 8438.86 14421 
2.045 10 9.55567 0 0 9819 6857.52 8438.86 -14421 
2.05 10.079 10 0.280493 3.30962e-12 19408.6 13616.2 23.5054 -2.56976e-09 
2.05 10 10.4443 0 0 9856.4 6836.84 8438.61 14413.9 
2.05 10 9.55567 0 0 9856.4 6836.84 8438.61 -14413.9 
2.055 10.0804 10 0.282182 3.13215e-12 19471.5 13574 23.7795 -2.39394e-09 
2.055 10 10.4443 0 0 9893.74 6815.74 8438.36 14402.2 
2.055 10 9.55567 0 0 9893.74 6815.74 8438.36 -14402.2 
2.06 10.0818 10 0.28389 2.96693e-12 19533.8 13530.9 24.0586 -2.23438e-09 
2.06 10 10.4443 0 0 9931.02 6794.22 8438.1 14394 
2.06 10 9.55567 0 0 9931.02 6794.22 8438.1 -14394 
2.065 10.0832 10 0.285619 2.81332e-12 19595.7 13487 24.3431 -2.07463e-09 
2.065 10 10.4443 0 0 9968.23 6772.28 8437.83 14381.2 
2.065 10 9.55567 0 0 9968.23 6772.28 8437.83 -14381.2 
2.07 10.0846 10 0.287368 2.67061e-12 19657.2 13442.3 24.633 -1.92186e-09 
2.07 10 10.4443 0 0 10005.4 6749.9 8437.57 14371.9 
2.07 10 9.55567 0 0 10005.4 6749.9 8437.57 -14371.9 
2.075 10.0861 10 0.289138 2.53819e-12 19718.1 13396.7 24.9286 -1.78691e-09 
2.075 10 10.4443 0 0 10042.4 6727.1 8437.29 14358 
2.075 10 9.55567 0 0 10042.4 6727.1 8437.29 -14358 
2.08 10.0875 10 0.290929 2.41534e-12 19778.6 13350.2 25.2301 -1.66421e-09 
2.08 10 10.4443 0 0 10079.4 6703.85 8437.02 14347.5 
2.08 10 9.55567 0 0 10079.4 6703.85 8437.02 -14347.5 
2.085 10.089 10 0.292742 2.30141e-12 19838.4 13302.8 25.5376 -1.53184e-09 
2.085 10 10.4443 0 0 10116.2 6680.17 8436.74 14332.5 
2.085 10 9.55567 0 0 10116.2 6680.17 8436.74 -14332.5 
2.09 10.0905 10 0.294578 2.19574e-12 19897.8 13254.6 25.8514 -1.417e-09 
2.09 10 10.4443 0 0 10153 6656.05 8436.45 14320.9 
2.09 10 9.55567 0 0 10153 6656.05 8436.45 -14320.9 
2.095 10.0919 10 0.296435 2.09765e-12 19956.5 13205.5 26.1717 -1.33233e-09 
2.095 10 10.4443 0 0 10189.7 6631.48 8436.16 14304.6 
2.095 10 9.55567 0 0 10189.7 6631.48 8436.16 -14304.6 
2.1 10.0934 10 0.298317 2.00656e-12 20014.7 13155.4 26.4988 -1.22135e-09 
2.1 10 10.4443 0 0 10226.2 6606.47 8435.87 14291.9 
2.1 10 9.55567 0 0 10226.2 6606.47 8435.87 -14291.9 
2.105 10.0949 10 0.300221 1.92189e-12 20072.2 13104.5 26.8329 -1.14401e-09 
2.105 10 10.4443 0 0 10262.6 6581.01 8435.57 14274.5 
2.105 10 9.55567 0 0 10262.6 6581.01 8435.57 -14274.5 
2.11 10.0964 10 0.30215 1.84308e-12 20129.1 13052.7 27.1743 -1.07295e-09 
2.11 10 10.4443 0 0 10298.8 6555.09 8435.26 14260.5 
2.11 10 9.55567 0 0 10298.8 6555.09 8435.26 -14260.5 
2.115 10.098 10 0.304103 1.76963e-12 20185.3 12999.9 27.5233 -9.86267e-10 
2.115 10 10.4443 0 0 10335 6528.73 8434.95 14241.9 
2.115 10 9.55567 0 0 10335 6528.73 8434.95 -14241.9 
2.12 10.0995 10 0.306082 1.70107e-12 20240.8 12946.3 27.8801 -9.27556e-10 
2.12 10 10.4443 0 0 10370.9 6501.9 8434.63 14226.8 
2.12 10 9.55567 0 0 10370.9 6501.9 8434.63 -14226.8 
2.125 10.101 10 0.308086 1.63695e-12 20295.7 12891.7 28.2451 -8.65828e-10 
2.125 10 10.4443 0 0 10406.8 6474.62 8434.31 14207 
2.125 10 9.55567 0 0 10406.8 6474.62 8434.31 -14207 
2.13 10.1026 10 0.310117 1.57688e-12 20349.8 12836.2 28.6185 -8.19219e-10 
2.13 10 10.4443 0 0 10442.4 6446.87 8433.98 14190.6 
2.13 10 9.55567 0 0 10442.4 6446.87 8433.98 -14190.6 
2.135 10.1041 10 0.312175 1.5205e-12 20403.1 12779.8 29.0008 -7.73126e-10 
2.135 10 10.4443 0 0 10477.9 6418.66 8433.65 14169.6 
2.135 10 9.55567 0 0 10477.9 6418.66 8433.65 -14169.6 
2.14 10.1057 10 0.31426 1.46747e-12 20455.7 12722.5 29.3922 -7.12951e-10 
2.14 10 10.4443 0 0 10513.1 6389.99 8433.31 14152 
2.14 10 9.55567 0 0 10513.1 6389.99 8433.31 -14152 
2.145 10.1073 10 0.316374 1.4175e-12 20507.5 12664.2 29.7932 -6.80489e-10 
2.145 10 10.4443 0 0 10548.2 6360.84 8432.96 14129.8 
2.145 10 9.55567 0 0 10548.2 6360.84 8432.96 -14129.8 
2.15 10.1088 10 0.318517 1.37027e-12 20558.4 12604.9 30.2042 -6.37497e-10 
2.15 10 10.4443 0 0 10583.1 6331.23 8432.6 14110.9 
2.15 10 9.55567 0 0 10583.1 6331.23 8432.6 -14110.9 
2.155 10.1104 10 0.320689 1.32561e-12 20608.5 12544.8 30.6255 -6.03959e-10 
2.155 10 10.4443 0 0 10617.8 6301.14 8432.24 14087.4 
2.155 10 9.55567 0 0 10617.8 6301.14 8432.24 -14087.4 
2.16 10.112 10 0.322892 1.28331e-12 20657.8 12483.6 31.0576 -5.81667e-10 
2.16 10 10.4443 0 0 10652.3 6270.57 8431.87 14067.3 
2.16 10 9.55567 0 0 10652.3 6270.57 8431.87 -14067.3 
2.165 10.1137 10 0.325126 1.24312e-12 20706.1 12421.6 31.5011 -5.50573e-10 
2.165 10 10.4443 0 0 10686.5 6239.53 8431.49 14042.5 
2.165 10 9.55567 0 0 10686.5 6239.53 8431.49 -14042.5 
2.17 10.1153 10 0.327393 1.20491e-12 20753.6 12358.5 31.9562 -5.16119e-10 
2.17 10 10.4443 0 0 10720.5 6208.02 8431.1 14021.1 
2.17 10 9.55567 0 0 10720.5 6208.02 8431.1 -14021.1 
2.175 10.1169 10 0.329692 1.16852e-12 20800.1 12294.5 32.4236 -5.00111e-10 
2.175 10 10.4443 0 0 10754.2 6176.02 8430.71 13995.1 
2.175 10 9.55567 0 0 10754.2 6176.02 8430.71 -13995.1 
2.18 10.1186 10 0.332025 1.13379e-12 20845.6 12229.6 32.9039 -4.82515e-10 
2.18 10 10.4443 0 0 10787.7 6143.53 8430.31 13972.4 
2.18 10 9.55567 0 0 10787.7 6143.53 8430.31 -13972.4 
2.185 10.1203 10 0.334393 1.1006e-12 20890.2 12163.6 33.3975 -4.45126e-10 
2.185 10 10.4443 0 0 10820.9 6110.57 8429.89 13945.1 
2.185 10 9.55567 0 0 10820.9 6110.57 8429.89 -13945.1 
2.19 10.1219 10 0.336796 1.06888e-12 20933.7 12096.7 33.9052 -4.44324e-10 
2.19 10 10.4443 0 0 10853.9 6077.12 8429.47 13921.1 
2.19 10 9.55567 0 0 10853.9 6077.12 8429.47 -13921.1 
2.195 10.1236 10 0.339237 1.03851e-12 20976.2 12028.8 34.4274 -4.16425e-10 
2.195 10 10.4443 0 0 10886.5 6043.18 8429.04 13892.4 
2.195 10 9.55567 0 0 10886.5 6043.18 8429.04 -13892.4 
2.2 10.1253 10 0.341715 1.00941e-12 21017.7 11960 34.965 -3.92342e-10 
2.2 10 10.4443 0 0 10918.9 6008.75 8428.6 13867.2 
2.2 10 9.55567 0 0 10918.9 6008.75 8428.6 -13867.2 
2.205 10.127 10 0.344232 9.81484e-13 21058 11890.2 35.5186 -3.84794e-10 
2.205 10 10.4443 0 0 10951 5973.83 8428.14 13837.2 
2.205 10 9.55567 0 0 10951 5973.83 8428.14 -13837.2 
2.21 10.1288 10 0.346789 9.54666e-13 21097.3 11819.3 36.0891 -3.61031e-10 
2.21 10 10.4443 0 0 10982.7 5938.42 8427.68 13810.6 
2.21 10 9.55567 0 0 10982.7 5938.42 8427.68 -13810.6 
2.215 10.1305 10 0.349388 9.28923e-13 21135.4 11747.5 36.6771 -3.57427e-10 
2.215 10 10.4443 0 0 11014.2 5902.52 8427.2 13779.3 
2.215 10 9.55567 0 0 11014.2 5902.52 8427.2 -13779.3 
2.22 10.1323 10 0.352029 9.04135e-13 21172.3 11674.7 37.2836 -3.44861e-10 
2.22 10 10.4443 0 0 11045.3 5866.12 8426.72 13751.4 
2.22 10 9.55567 0 0 11045.3 5866.12 8426.72 -13751.4 
2.225 10.134 10 0.354715 8.80312e-13 21208.1 11601 37.9095 -3.3425e-10 
2.225 10 10.4443 0 0 11076 5829.23 8426.21 13718.7 
2.225 10 9.55567 0 0 11076 5829.23 8426.21 -13718.7 
2.23 10.1358 10 0.357445 8.57388e-13 21242.6 11526.2 38.5557 -3.18307e-10 
2.23 10 10.4443 0 0 11106.4 5791.84 8425.7 13689.5 
2.23 10 9.55567 0 0 11106.4 5791.84 8425.7 -13689.5 
2.235 10.1376 10 0.360223 8.35318e-13 21275.9 11450.4 39.2232 -3.00666e-10 
2.235 10 10.4443 0 0 11136.5 5753.96 8425.17 13655.5 
2.235 10 9.55567 0 0 11136.5 5753.96 8425.17 -13655.5 
2.24 10.1394 10 0.363049 8.14068e-13 21307.9 11373.6 39.9132 -2.95871e-10 
2.24 10 10.4443 0 0 11166.1 5715.58 8424.63 13624.9 
2.24 10 9.55567 0 0 11166.1 5715.58 8424.63 -13624.9 
2.245 10.1412 10 0.365926 7.93552e-13 21338.6 11295.9 40.6269 -2.80266e-10 
2.245 10 10.4443 0 0 11195.4 5676.7 8424.07 13589.6 
2.245 10 9.55567 0 0 11195.4 5676.7 8424.07 -13589.6 
2.25 10.1431 10 0.368854 7.73776e-13 21368 11217.1 41.3654 -2.70221e-10 
2.25 10 10.4443 0 0 11224.3 5637.31 8423.5 13557.6 
2.25 10 9.55567 0 0 11224.3 5637.31 8423.5 -13557.6 
2.255 10.1449 10 0.371836 7.54672e-13 21396.1 11137.4 42.1301 -2.52995e-10 
2.255 10 10.4443 0 0 11252.8 5597.43 8422.9 13520.9 
2.255 10 9.55567 0 0 11252.8 5597.43 8422.9 -13520.9 
2.26 10.1468 10 0.374873 7.36278e-13 21422.8 11056.6 42.9223 -2.48601e-10 
2.26 10 10.4443 0 0 11280.8 5557.05 8422.3 13487.6 
2.26 10 9.55567 0 0 11280.8 5557.05 8422.3 -13487.6 
2.265 10.1487 10 0.377968 7.18505e-13 21448 10974.8 43.7437 -2.42474e-10 
2.265 10 10.4443 0 0 11308.5 5516.17 8421.67 13449.6 
2.265 10 9.55567 0 0 11308.5 5516.17 8421.67 -13449.6 
2.27 10.1506 10 0.381123 7.01355e-13 21471.9 10892.1 44.5957 -2.2734e-10 
2.27 10 10.4443 0 0 11335.7 5474.78 8421.02 13414.9 
2.27 10 9.55567 0 0 11335.7 5474.78 8421.02 -13414.9 
2.275 10.1525 10 0.38434 6.84795e-13 21494.2 10808.3 45.4802 -2.35936e-10 
2.275 10 10.4443 0 0 11362.4 5432.89 8420.35 13375.5 
2.275 10 9.55567 0 0 11362.4 5432.89 8420.35 -13375.5 
2.28 10.1544 10 0.387621 6.68768e-13 21515.1 10723.5 46.3989 -2.1914e-10 
2.28 10 10.4443 0 0 11388.7 5390.5 8419.67 13339.4 
2.28 10 9.55567 0 0 11388.7 5390.5 8419.67 -13339.4 
2.285 10.1564 10 0.390969 6.53282e-13 21534.5 10637.7 47.3538 -2.16972e-10 
2.285 10 10.4443 0 0 11414.5 5347.61 8418.95 13298.6 
2.285 10 9.55567 0 0 11414.5 5347.61 8418.95 -13298.6 
2.29 10.1583 10 0.394387 6.38328e-13 21552.3 10550.9 48.3471 -2.03964e-10 
2.29 10 10.4443 0 0 11439.9 5304.21 8418.22 13261.2 
2.29 10 9.55567 0 0 11439.9 5304.21 8418.22 -13261.2 
2.295 10.1603 10 0.397877 6.23902e-13 21568.6 10463.1 49.381 -1.94669e-10 
2.295 10 10.4443 0 0 11464.7 5260.31 8417.46 13219.1 
2.295 10 9.55567 0 0 11464.7 5260.31 8417.46 -13219.1 
2.3 10.1623 10 0.401442 6.09954e-13 21583.2 10374.3 50.458 -1.94535e-10 
2.3 10 10.4443 0 0 11489.1 5215.91 8416.67 13180.3 
2.3 10 9.55567 0 0 11489.1 5215.91 8416.67 -13180.3 
2.305 10.1643 10 0.405086 5.96439e-13 21596.3 10284.5 51.5807 -1.87186e-10 
2.305 10 10.4443 0 0 11512.9 5171 8415.85 13136.7 
2.305 10 9.55567 0 0 11512.9 5171 8415.85 -13136.7 
2.31 10.1664 10 0.408812 5.83387e-13 21607.6 10193.7 52.7519 -1.87177e-10 
2.31 10 10.4443 0 0 11536.2 5125.59 8415.01 13096.6 
2.31 10 9.55567 0 0 11536.2 5125.59 8415.01 -13096.6 
2.315 10.1684 10 0.412623 5.70784e-13 21617.3 10101.8 53.9748 -1.7268e-10 
2.315 10 10.4443 0 0 11559 5079.68 8414.13 13051.7 
2.315 10 9.55567 0 0 11559 5079.68 8414.13 -13051.7 
2.32 10.1705 10 0.416524 5.58565e-13 21625.2 10009 55.2525 -1.6915e-10 
2.32 10 10.4443 0 0 11581.2 5033.26 8413.22 13010.1 
2.32 10 9.55567 0 0 11581.2 5033.26 8413.22 -13010.1 
2.325 10.1726 10 0.420518 5.46782e-13 21631.4 9915.16 56.5887 -1.62044e-10 
2.325 10 10.4443 0 0 11602.9 4986.33 8412.27 12963.9 
2.325 10 9.55567 0 0 11602.9 4986.33 8412.27 -12963.9 
2.33 10.1747 10 0.424609 5.35393e-13 21635.9 9820.3 57.9873 -1.5863e-10 
2.33 10 10.4443 0 0 11624 4938.91 8411.28 12921 
2.33 10 9.55567 0 0 11624 4938.91 8411.28 -12921 
2.335 10.1768 10 0.428803 5.24352e-13 21638.5 9724.44 59.4524 -1.53446e-10 
2.335 10 10.4443 0 0 11644.5 4890.98 8410.26 12873.3 
2.335 10 9.55567 0 0 11644.5 4890.98 8410.26 -12873.3 
2.34 10.179 10 0.433104 5.13729e-13 21639.2 9627.57 60.9886 -1.51959e-10 
2.34 10 10.4443 0 0 11664.4 4842.54 8409.19 12829 
2.34 10 9.55567 0 0 11664.4 4842.54 8409.19 -12829 
2.345 10.1812 10 0.437518 5.03459e-13 21638.1 9529.69 62.6009 -1.41426e-10 
2.345 10 10.4443 0 0 11683.7 4793.6 8408.07 12780 
2.345 10 9.55567 0 0 11683.7 4793.6 8408.07 -12780 
2.35 10.1834 10 0.442049 4.93534e-13 21635.1 9430.81 64.2946 -1.36399e-10 
2.35 10 10.4443 0 0 11702.4 4744.16 8406.91 12734.4 
2.35 10 9.55567 0 0 11702.4 4744.16 8406.91 -12734.4 
2.355 10.1856 10 0.446705 4.83935e-13 21630.1 9330.91 66.0757 -1.30507e-10 
2.355 10 10.4443 0 0 11720.5 4694.21 8405.69 12684 
2.355 10 9.55567 0 0 11720.5 4694.21 8405.69 -12684 
2.36 10.1878 10 0.451491 4.74687e-13 21623.2 9230.01 67.9505 -1.20118e-10 
2.36 10 10.4443 0 0 11737.9 4643.76 8404.42 12637 
2.36 10 9.55567 0 0 11737.9 4643.76 8404.42 -12637 
2.365 10.1901 10 0.456414 4.65743e-13 21614.2 9128.09 69.9262 -1.21594e-10 
2.365 10 10.4443 0 0 11754.6 4592.8 8403.09 12585.2 
2.365 10 9.55567 0 0 11754.6 4592.8 8403.09 -12585.2 
2.37 10.1924 10 0.461483 4.57126e-13 21603.2 9025.17 72.0104 -1.12202e-10 
2.37 10 10.4443 0 0 11770.7 4541.34 8401.69 12536.8 
2.37 10 9.55567 0 0 11770.7 4541.34 8401.69 -12536.8 
2.375 10.1947 10 0.466704 4.48813e-13 21590.1 8921.23 74.2117 -1.19224e-10 
2.375 10 10.4443 0 0 11786 4489.37 8400.22 12483.7 
2.375 10 9.55567 0 0 11786 4489.37 8400.22 -12483.7 
2.38 10.1971 10 0.472088 4.40843e-13 21574.9 8816.28 76.5393 -1.04465e-10 
2.38 10 10.4443 0 0 11800.7 4436.89 8398.68 12434 
2.38 10 9.55567 0 0 11800.7 4436.89 8398.68 -12434 
2.385 10.1994 10 0.477642 4.33133e-13 21557.5 8710.31 79.0036 -1.09752e-10 
2.385 10 10.4443 0 0 11814.7 4383.91 8397.06 12379.5 
2.385 10 9.55567 0 0 11814.7 4383.91 8397.06 -12379.5 
2.39 10.2018 10 0.483377 4.25712e-13 21537.9 8603.33 81.6159 -1.03256e-10 
2.39 10 10.4443 0 0 11827.9 4330.42 8395.36 12328.3 
2.39 10 9.55567 0 0 11827.9 4330.42 8395.36 -12328.3 
2.395 10.2043 10 0.489305 4.18605e-13 21516 8495.32 84.3888 -9.31665e-11 
2.395 10 10.4443 0 0 11840.3 4276.42 8393.55 12272.5 
2.395 10 9.55567 0 0 11840.3 4276.42 8393.55 -12272.5 
2.4 10.2067 10 0.495437 4.11764e-13 21491.8 8386.29 87.3363 -9.58467e-11 
2.4 10 10.4443 0 0 11852 4221.9 8391.65 12220 
2.4 10 9.55567 0 0 11852 4221.9 8391.65 -12220 
2.405 10.2092 10 0.501786 4.05221e-13 21465.3 8276.24 90.474 -9.31116e-11 
2.405 10 10.4443 0 0 11862.9 4166.87 8389.64 12162.7 
2.405 10 9.55567 0 0 11862.9 4166.87 8389.64 -12162.7 
2.41 10.2117 10 0.508367 3.98951e-13 21436.4 8165.15 93.8192 -8.95053e-11 
2.41 10 10.4443 0 0 11873.1 4111.33 8387.51 12108.9 
2.41 10 9.55567 0 0 11873.1 4111.33 8387.51 -12108.9 
2.415 10.2143 10 0.515194 3.92982e-13 21405.1 8053.02 97.3913 -8.13936e-11 
2.415 10 10.4443 0 0 11882.3 4055.27 8385.24 12050.2 
2.415 10 9.55567 0 0 11882.3 4055.27 8385.24 -12050.2 
2.42 10.2169 10 0.522286 3.87311e-13 21371.2 7939.85 101.212 -7.78712e-11 
2.42 10 10.4443 0 0 11890.8 3998.68 8382.83 11995 
2.42 10 9.55567 0 0 11890.8 3998.68 8382.83 -11995 
2.425 10.2195 10 0.52966 3.81908e-13 21334.8 7825.63 105.306 -7.25672e-11 
2.425 10 10.4443 0 0 11898.3 3941.57 8380.27 11934.9 
2.425 10 9.55567 0 0 11898.3 3941.57 8380.27 -11934.9 
2.43 10.2222 10 0.537337 3.76775e-13 21295.7 7710.35 109.701 -6.82106e-11 
2.43 10 10.4443 0 0 11905 3883.93 8377.54 11878.2 
2.43 10 9.55567 0 0 11905 3883.93 8377.54 -11878.2 
2.435 10.2249 10 0.545339 3.71938e-13 21254 7594 114.427 -6.20764e-11 
2.435 10 10.4443 0 0 11910.7 3825.75 8374.61 11816.8 
2.435 10 9.55567 0 0 11910.7 3825.75 8374.61 -11816.8 
2.44 10.2276 10 0.553692 3.67381e-13 21209.4 7476.57 119.522 -6.23479e-11 
2.44 10 10.4443 0 0 11915.5 3767.04 8371.48 11758.7 
2.44 10 9.55567 0 0 11915.5 3767.04 8371.48 -11758.7 
2.445 10.2304 10 0.562423 3.63134e-13 21162 7358.04 125.024 -6.53914e-11 
2.445 10 10.4443 0 0 11919.3 3707.78 8368.12 11695.7 
2.445 10 9.55567 0 0 11919.3 3707.78 8368.12 -11695.7 
2.45 10.2333 10 0.571563 3.59224e-13 21111.6 7238.41 130.98 -5.12013e-11 
2.45 10 10.4443 0 0 11922.1 3647.96 8364.5 11636.1 
2.45 10 9.55567 0 0 11922.1 3647.96 8364.5 -11636.1 
2.455 10.2362 10 0.581147 3.55556e-13 21058.1 7117.65 137.444 -5.15974e-11 
2.455 10 10.4443 0 0 11923.8 3587.58 8360.6 11571.7 
2.455 10 9.55567 0 0 11923.8 3587.58 8360.6 -11571.7 
2.46 10.2391 10 0.591212 3.52225e-13 21001.5 6995.74 144.476 -3.47599e-11 
2.46 10 10.4443 0 0 11924.4 3526.62 8356.38 11510.5 
2.46 10 9.55567 0 0 11924.4 3526.62 8356.38 -11510.5 
2.465 10.2421 10 0.601801 3.49239e-13 20941.6 6872.66 152.147 -3.61609e-11 
2.465 10 10.4443 0 0 11923.8 3465.09 8351.8 11444.5 
2.465 10 9.55567 0 0 11923.8 3465.09 8351.8 -11444.5 
2.47 10.2451 10 0.612964 3.46625e-13 20878.2 6748.4 160.541 -4.03425e-11 
2.47 10 10.4443 0 0 11922 3402.95 8346.82 11381.7 
2.47 10 9.55567 0 0 11922 3402.95 8346.82 -11381.7 
2.475 10.2482 10 0.624755 3.44349e-13 20811.2 6622.9 169.753 -1.91052e-11 
2.475 10 10.4443 0 0 11918.9 3340.21 8341.39 11313.9 
2.475 10 9.55567 0 0 11918.9 3340.21 8341.39 -11313.9 
2.48 10.2514 10 0.637237 3.425e-13 20740.4 6496.16 179.897 -1.97558e-11 
2.48 10 10.4443 0 0 11914.5 3276.83 8335.45 11249.3 
2.48 10 9.55567 0 0 11914.5 3276.83 8335.45 -11249.3 
2.485 10.2546 10 0.65048 3.41036e-13 20665.6 6368.11 191.107 -1.7732e-11 
2.485 10 10.4443 0 0 11908.5 3212.81 8328.91 11179.7 
2.485 10 9.55567 0 0 11908.5 3212.81 8328.91 -11179.7 
2.49 10.2579 10 0.664567 3.4001e-13 20586.5 6238.73 203.544 -1.48598e-11 
2.49 10 10.4443 0 0 11901 3148.12 8321.71 11113.1 
2.49 10 9.55567 0 0 11901 3148.12 8321.71 -11113.1 
2.495 10.2612 10 0.679591 3.39468e-13 20502.9 6107.97 217.398 1.58717e-12 
2.495 10 10.4443 0 0 11891.8 3082.74 8313.73 11041.4 
2.495 10 9.55567 0 0 11891.8 3082.74 8313.73 -11041.4 
2.5 10.2647 10 0.695663 3.39429e-13 20414.4 5975.75 232.902 8.86868e-12 
2.5 10 10.4443 0 0 11880.7 3016.63 8304.85 10972.5 
2.5 10 9.55567 0 0 11880.7 3016.63 8304.85 -10972.5 
2.505 10.2682 10 0.712909 3.39911e-13 20320.6 5842.03 250.335 1.33487e-11 
2.505 10 10.4443 0 0 11867.5 2949.77 8294.93 10898.3 
2.505 10 9.55567 0 0 11867.5 2949.77 8294.93 -10898.3 
2.51 10.2718 10 0.731479 3.41152e-13 20221.1 5706.71 270.042 1.95415e-11 
2.51 10 10.4443 0 0 11852 2882.11 8283.78 10826.6 
2.51 10 9.55567 0 0 11852 2882.11 8283.78 -10826.6 
2.515 10.2755 10 0.751551 3.43056e-13 20115.2 5569.72 292.45 2.74605e-11 
2.515 10 10.4443 0 0 11834 2813.62 8271.17 10749.4 
2.515 10 9.55567 0 0 11834 2813.62 8271.17 -10749.4 
2.52 10.2793 10 0.773335 3.45737e-13 20002.3 5430.95 318.091 4.07277e-11 
2.52 10 10.4443 0 0 11813 2744.23 8256.82 10674.3 
2.52 10 9.55567 0 0 11813 2744.23 8256.82 -10674.3 
2.525 10.2832 10 0.797085 3.49327e-13 19881.5 5290.28 347.638 4.75011e-11 
2.525 10 10.4443 0 0 11788.6 2673.9 8240.38 10593 
2.525 10 9.55567 0 0 11788.6 2673.9 8240.38 -10593 
2.53 10.2873 10 0.82311 3.5391e-13 19751.7 5147.57 381.95 8.23302e-11 
2.53 10 10.4443 0 0 11760.3 2602.54 8221.41 10513.3 
2.53 10 9.55567 0 0 11760.3 2602.54 8221.41 -10513.3 
2.535 10.2915 10 0.851789 3.59757e-13 19611.5 5002.66 422.14 9.83373e-11 
2.535 10 10.4443 0 0 11727.2 2530.08 8199.3 10426.6 
2.535 10 9.55567 0 0 11727.2 2530.08 8199.3 -10426.6 
2.54 10.2958 10 0.88359 3.6706e-13 19459.1 4855.34 469.669 1.24145e-10 
2.54 10 10.4443 0 0 11688.4 2456.43 8173.32 10340.4 
2.54 10 9.55567 0 0 11688.4 2456.43 8173.32 -10340.4 
2.545 10.3003 10 0.919105 3.76045e-13 19292.3 4705.39 526.489 1.50627e-10 
2.545 10 10.4443 0 0 11642.7 2381.45 8142.42 10245.7 
2.545 10 9.55567 0 0 11642.7 2381.45 8142.42 -10245.7 
2.55 10.305 10 0.959087 3.87048e-13 19107.8 4552.53 595.25 1.66822e-10 
2.55 10 10.4443 0 0 11588.2 2305.02 8105.24 10149.5 
2.55 10 9.55567 0 0 11588.2 2305.02 8105.24 -10149.5 
2.555 10.3099 10 1.00451 4.00638e-13 18901.4 4396.39 679.623 2.07666e-10 
2.555 10 10.4443 0 0 11522.4 2226.95 8059.87 10042 
2.555 10 9.55567 0 0 11522.4 2226.95 8059.87 -10042 
2.56 10.3151 10 1.05667 4.17353e-13 18667.3 4236.57 784.819 2.61261e-10 
2.56 10 10.4443 0 0 11441.9 2147.04 8003.63 9929.2 
2.56 10 9.55567 0 0 11441.9 2147.04 8003.63 -9929.2 
2.565 10.3205 10 1.1173 4.38167e-13 18397 4072.52 918.415 3.33835e-10 
2.565 10 10.4443 0 0 11341.6 2065.02 7932.58 9799.55 
2.565 10 9.55567 0 0 11341.6 2065.02 7932.58 -9799.55 
2.57 10.3262 10 1.18881 4.64236e-13 18077.8 3903.58 1091.77 4.05675e-10 
2.57 10 10.4443 0 0 11213.8 1980.55 7840.9 9656.13 
2.57 10 9.55567 0 0 11213.8 1980.55 7840.9 -9656.13 
2.575 10.3324 10 1.27463 4.97366e-13 17690.8 3728.87 1322.51 5.28822e-10 
2.575 10 10.4443 0 0 11046.7 1893.19 7719.53 9482.99 
2.575 10 9.55567 0 0 11046.7 1893.19 7719.53 -9482.99 
2.58 10.339 10 1.37977 5.40248e-13 17205.2 3547.25 1639.09 6.81072e-10 
2.58 10 10.4443 0 0 10820.8 1802.38 7553.88 9275.41 
2.58 10 9.55567 0 0 10820.8 1802.38 7553.88 -9275.41 
2.585 10.3462 10 1.51195 5.97091e-13 16569.9 3357.15 2089.76 9.05492e-10 
2.585 10 10.4443 0 0 10503.4 1707.33 7319.29 9003.37 
2.585 10 9.55567 0 0 10503.4 1707.33 7319.29 -9003.37 
2.59 10.3542 10 1.6835 6.74738e-13 15693.8 3156.4 2761.09 1.28662e-09 
2.59 10 10.4443 0 0 10035.2 1606.96 6971.62 8635.08 
2.59 10 9.55567 0 0 10035.2 1606.96 6971.62 -8635.08 
2.595 10.3632 10 1.91548 7.85135e-13 14403.4 2941.84 3819.91 1.84369e-09 
2.595 10 10.4443 0 0 9301.3 1499.67 6425.98 8084.5 
2.595 10 9.55567 0 0 9301.3 1499.67 6425.98 -8084.5 
2.6 10.3735 10 2.24646 9.51083e-13 12335.8 2708.65 5617.38 2.91209e-09 
2.6 10 10.4443 0 0 8057.85 1383.08 5504.08 7192.51 
2.6 10 9.55567 0 0 8057.85 1383.08 5504.08 -7192.51 
2.605 10.3859 10 2.75433 1.21998e-12 8641.37 2449.13 8982.42 4.8699e-09 
2.605 10 10.4443 0 0 5722.95 1253.32 3786.03 5546.82 
2.605 10 9.55567 0 0 5722.95 1253.32 3786.03 -5546.82 
2.61 10.4017 10 3.61793 1.70699e-12 995.675 2149.88 16195.8 9.43973e-09 
2.61 10 10.4443 0 0 671.091 1103.7 118.93 2007.2 
2.61 10 9.55567 0 0 671.091 1103.7 118.93 -2007.2 
2.615 10.4228 10 4.82352 1.77164e-12 0 1796.68 16639.3 4.77837e-11 
2.615 10 10.4443 0 0 0 927.093 -187.229 1278.94 
2.615 10 9.55567 0 0 0 927.093 -187.229 -1278.94 
2.62 10.4498 10 5.99087 1.7722e-12 0 1417.7 16042.6 -3.14214e-11 
2.62 10 10.4443 0 0 0 737.604 29.4152 993.182 
2.62 10 9.55567 0 0 0 737.604 29.4152 -993.182 
2.625 10.4826 10 7.11531 1.76742e-12 0 1053.84 15445.4 -1.00443e-10 
2.625 10 10.4443 0 0 0 555.673 249.311 724.919 
2.625 10 9.55567 0 0 0 555.673 249.311 -724.919 
2.63 10.5209 10 8.19832 1.75826e-12 0 736.445 14888.5 -1.53162e-10 
2.63 10 10.4443 0 0 0 396.978 451.932 504.641 
2.63 10 9.55567 0 0 0 396.978 451.932 -504.641 
2.635 10.5645 10 9.24392 1.74588e-12 0 483.004 14401.4 -1.90595e-10 
2.635 10 10.4443 0 0 0 270.257 622.288 333.73 
2.635 10 9.55567 0 0 0 270.257 622.288 -333.73 
2.64 10.6133 10 10.2577 1.73138e-12 0 296.935 13997.3 -2.13235e-10 
2.64 10 10.4443 0 0 0 177.223 753.373 218.394 
2.64 10 9.55567 0 0 0 177.223 753.373 -218.394 
2.645 10.6671 10 11.2455 1.71565e-12 0 170.97 13674 -2.2567e-10 
2.645 10 10.4443 0 0 0 114.24 845.89 141.511 
2.645 10 9.55567 0 0 0 114.24 845.89 -141.511 
2.65 10.7257 10 12.2127 1.6993e-12 0 92.1606 13418.5 -2.31211e-10 
2.65 10 10.4443 0 0 0 74.8355 905.923 99.5574 
2.65 10 9.55567 0 0 0 74.8355 905.923 -99.5574 
2.655 10.7892 10 13.1636 1.68272e-12 0 46.5058 13213.6 -2.3273e-10 
2.655 10 10.4443 0 0 0 52.0081 941.805 73.6859 
2.655 10 9.55567 0 0 0 52.0081 941.805 -73.6859 
2.66 10.8573 10 14.1012 1.66611e-12 0 21.9738 13042.7 -2.32115e-10 
2.66 10 10.4443 0 0 0 39.7421 961.613 63.7318 
2.66 10 9.55567 0 0 0 39.7421 961.613 -63.7318 
2.665 10.9301 10 15.0273 1.64958e-12 0 9.72612 12892.8 -2.30516e-10 
2.665 10 10.4443 0 0 0 33.6183 971.727 56.1329 
2.665 10 9.55567 0 0 0 33.6183 971.727 -56.1329 
2.67 11.0076 10 15.9433 1.63319e-12 0 4.03553 12755 -2.28501e-10 
2.67 10 10.4443 0 0 0 30.773 976.52 55.7369 
2.67 10 9.55567 0 0 0 30.773 976.52 -55.7369 
