0 9.4 10 0 0 0 463.074 24954.4 5.16138e-11 
0 10 10.4012 0 0 0 316.042 2042.8 401.885 
0 10 9.59879 0 0 0 316.042 2042.8 -401.885 
0 9.40444 10 1.77283 3.75618e-15 0 484.915 24674 5.46128e-11 
0 10 10.4012 0 0 0 326.963 2059.04 414.632 
0 10 9.59879 0 0 0 326.963 2059.04 -414.632 
0.005 9.41769 10 3.52322 7.9522e-15 0 556.049 24323.9 6.46552e-11 
0.005 10 10.4012 0 0 0 362.53 2111.55 454.195 
0.005 10 9.59879 0 0 0 362.53 2111.55 -454.195 
0.01 9.43963 10 5.24544 1.32366e-14 0 695.92 23879.3 8.58003e-11 
0.01 10 10.4012 0 0 0 432.465 2213.3 541.109 
0.01 10 9.59879 0 0 0 432.465 2213.3 -541.109 
0.015 9.47008 10 6.9311 2.07138e-14 0 945.629 23288.8 1.28069e-10 
0.015 10 10.4012 0 0 0 557.32 2390.55 694.83 
0.015 10 9.59879 0 0 0 557.32 2390.55 -694.83 
0.02 9.50885 10 8.56679 3.25033e-14 0 1384.12 22460.3 2.11911e-10 
0.02 10 10.4012 0 0 0 776.565 2690.27 984.561 
0.02 10 9.59879 0 0 0 776.565 2690.27 -984.561 
0.025 9.55563 10 10.127 -2.94169e-14 2860.42 2157.11 18384.4 -3.25948e-08 
0.025 10 10.4012 0 0 2134.19 1163.06 4619 -64.5815 
0.025 10 9.59879 0 0 2134.19 1163.06 4619 64.5815 
0.03 9.60445 10 8.48487 -1.86888e-12 75578.5 3352.89 -55559.4 -1.25446e-08 
0.03 10 10.4012 0 0 53066.5 1760.95 41705.5 -34864 
0.03 10 9.59879 0 0 53066.5 1760.95 41705.5 34864 
0.035 9.63633 10 4.37871 -1.86031e-12 67497.1 4408.97 -48064.9 8.67836e-09 
0.035 10 10.4012 0 0 45549.6 2288.99 38245.7 -27379.2 
0.035 10 9.59879 0 0 45549.6 2288.99 38245.7 27379.2 
0.04 9.65153 10 2.04917 -1.13203e-12 38454.3 5001.53 -19269.3 9.65325e-09 
0.04 10 10.4012 0 0 25466.9 2585.27 24011.1 -12992.8 
0.04 10 9.59879 0 0 25466.9 2585.27 24011.1 12992.8 
0.045 9.65933 10 1.22372 -5.9104e-13 25143.3 5329.42 -6145.84 5.47383e-09 
0.045 10 10.4012 0 0 16492.3 2749.22 17507.2 -6692.98 
0.045 10 9.59879 0 0 16492.3 2749.22 17507.2 6692.98 
0.05 9.66467 10 0.959446 -3.15248e-13 20906.5 5563.63 -2089.56 2.54391e-09 
0.05 10 10.4012 0 0 13623.6 2866.32 15497.6 -4555.63 
0.05 10 9.59879 0 0 13623.6 2866.32 15497.6 4555.63 
0.055 9.66918 10 0.858335 -1.90947e-13 19618 5767.73 -976.303 1.13451e-09 
0.055 10 10.4012 0 0 12713.6 2968.37 14948.1 -3737.88 
0.055 10 9.59879 0 0 12713.6 2968.37 14948.1 3737.88 
0.06 9.67332 10 0.802172 -1.34317e-13 19128.7 5960.13 -655.728 5.3995e-10 
0.06 10 10.4012 0 0 12333.9 3064.57 14791.7 -3272.88 
0.06 10 9.59879 0 0 12333.9 3064.57 14791.7 3272.88 
0.065 9.67722 10 0.760208 -1.04968e-13 18845.2 6145.88 -534.282 3.13922e-10 
0.065 10 10.4012 0 0 12093.4 3157.44 14733.9 -2910.98 
0.065 10 9.59879 0 0 12093.4 3157.44 14733.9 2910.98 
0.07 9.68093 10 0.724661 -8.64416e-14 18620.6 6326.52 -465.548 2.1765e-10 
0.07 10 10.4012 0 0 11895.5 3247.76 14702 -2578.42 
0.07 10 9.59879 0 0 11895.5 3247.76 14702 2578.42 
0.075 9.68448 10 0.693284 -7.24547e-14 18420 6502.75 -415.025 1.76583e-10 
0.075 10 10.4012 0 0 11716.9 3335.88 14679 -2269.07 
0.075 10 9.59879 0 0 11716.9 3335.88 14679 2269.07 
0.08 9.68787 10 0.66515 -6.06964e-14 18234.3 6675 -373.975 1.55837e-10 
0.08 10 10.4012 0 0 11551.2 3422.01 14660.4 -1968.47 
0.08 10 9.59879 0 0 11551.2 3422.01 14660.4 1968.47 
0.085 9.69113 10 0.639705 -5.02541e-14 18060 6843.63 -339.444 1.36185e-10 
0.085 10 10.4012 0 0 11395.9 3506.32 14644.9 -1684.2 
0.085 10 9.59879 0 0 11395.9 3506.32 14644.9 1684.2 
0.09 9.69427 10 0.616539 -4.07352e-14 17895.5 7008.91 -309.926 1.27576e-10 
0.09 10 10.4012 0 0 11249.5 3588.96 14631.8 -1405.15 
0.09 10 9.59879 0 0 11249.5 3588.96 14631.8 1405.15 
0.095 9.6973 10 0.595334 -3.19303e-14 17739.3 7171.09 -284.415 1.16339e-10 
0.095 10 10.4012 0 0 11110.9 3670.05 14620.5 -1139.95 
0.095 10 9.59879 0 0 11110.9 3670.05 14620.5 1139.95 
0.1 9.70023 10 0.575831 -2.37014e-14 17590.6 7330.38 -262.174 1.11549e-10 
0.1 10 10.4012 0 0 10979.2 3749.7 14610.8 -878.016 
0.1 10 9.59879 0 0 10979.2 3749.7 14610.8 878.016 
0.105 9.70306 10 0.557817 -1.59593e-14 17448.4 7486.96 -242.632 1.06827e-10 
0.105 10 10.4012 0 0 10853.7 3827.99 14602.3 -628.344 
0.105 10 9.59879 0 0 10853.7 3827.99 14602.3 628.344 
0.11 9.70581 10 0.541115 -8.63426e-15 17312.2 7641 -225.347 1.03073e-10 
0.11 10 10.4012 0 0 10733.8 3905 14594.8 -380.599 
0.11 10 9.59879 0 0 10733.8 3905 14594.8 380.599 
0.115 9.70848 10 0.525579 -1.64893e-15 17181.5 7792.63 -209.963 9.48192e-11 
0.115 10 10.4012 0 0 10619.1 3980.82 14588.2 -143.97 
0.115 10 9.59879 0 0 10619.1 3980.82 14588.2 143.97 
0.12 9.71107 10 0.511082 5.02933e-15 17055.7 7941.98 -196.198 9.29748e-11 
0.12 10 10.4012 0 0 10509.1 4055.49 14582.3 91.7142 
0.12 10 9.59879 0 0 10509.1 4055.49 14582.3 -91.7142 
0.125 9.71359 10 0.497518 1.14395e-14 16934.6 8089.17 -183.82 8.57108e-11 
0.125 10 10.4012 0 0 10403.4 4129.09 14577.1 317.138 
0.125 10 9.59879 0 0 10403.4 4129.09 14577.1 -317.138 
0.13 9.71604 10 0.484794 1.76337e-14 16817.7 8234.3 -172.64 8.57531e-11 
0.13 10 10.4012 0 0 10301.8 4201.65 14572.4 542.368 
0.13 10 9.59879 0 0 10301.8 4201.65 14572.4 -542.368 
0.135 9.71844 10 0.47283 2.3626e-14 16704.8 8377.47 -162.498 8.30952e-11 
0.135 10 10.4012 0 0 10203.9 4273.24 14568.1 758 
0.135 10 9.59879 0 0 10203.9 4273.24 14568.1 -758 
0.14 9.72077 10 0.461558 2.94459e-14 16595.6 8518.76 -153.265 8.04614e-11 
0.14 10 10.4012 0 0 10109.6 4343.88 14564.3 974.031 
0.14 10 9.59879 0 0 10109.6 4343.88 14564.3 -974.031 
0.145 9.72305 10 0.450916 3.51144e-14 16490 8658.25 -144.83 7.60298e-11 
0.145 10 10.4012 0 0 10018.6 4413.63 14560.8 1180.99 
0.145 10 9.59879 0 0 10018.6 4413.63 14560.8 -1180.99 
0.15 9.72528 10 0.440851 4.06478e-14 16387.7 8796.01 -137.098 7.79836e-11 
0.15 10 10.4012 0 0 9930.63 4482.51 14557.7 1388.83 
0.15 10 9.59879 0 0 9930.63 4482.51 14557.7 -1388.83 
0.155 9.72746 10 0.431316 4.60541e-14 16288.6 8932.12 -129.99 7.81362e-11 
0.155 10 10.4012 0 0 9845.63 4550.56 14554.8 1588.04 
0.155 10 9.59879 0 0 9845.63 4550.56 14554.8 -1588.04 
0.16 9.7296 10 0.422268 5.13587e-14 16192.5 9066.63 -123.437 7.19365e-11 
0.16 10 10.4012 0 0 9763.41 4617.82 14552.2 1788.51 
0.16 10 9.59879 0 0 9763.41 4617.82 14552.2 -1788.51 
0.165 9.73169 10 0.41367 5.65779e-14 16099.3 9199.6 -117.381 7.21153e-11 
0.165 10 10.4012 0 0 9683.82 4684.31 14549.7 1980.7 
0.165 10 9.59879 0 0 9683.82 4684.31 14549.7 -1980.7 
0.17 9.73374 10 0.405489 6.17217e-14 16008.8 9331.09 -111.769 7.59427e-11 
0.17 10 10.4012 0 0 9606.74 4750.05 14547.5 2174.5 
0.17 10 9.59879 0 0 9606.74 4750.05 14547.5 -2174.5 
0.175 9.73574 10 0.397694 6.67839e-14 15920.9 9461.15 -106.558 6.88675e-11 
0.175 10 10.4012 0 0 9532.04 4815.08 14545.4 2360.32 
0.175 10 9.59879 0 0 9532.04 4815.08 14545.4 -2360.32 
0.18 9.73771 10 0.390258 7.17853e-14 15835.6 9589.82 -101.708 7.45338e-11 
0.18 10 10.4012 0 0 9459.62 4879.41 14543.5 2548.02 
0.18 10 9.59879 0 0 9459.62 4879.41 14543.5 -2548.02 
0.185 9.73965 10 0.383156 7.67244e-14 15752.6 9717.14 -97.185 7.02043e-11 
0.185 10 10.4012 0 0 9389.37 4943.08 14541.8 2728.01 
0.185 10 9.59879 0 0 9389.37 4943.08 14541.8 -2728.01 
0.19 9.74154 10 0.376367 8.16213e-14 15672.1 9843.17 -92.9593 6.40617e-11 
0.19 10 10.4012 0 0 9321.2 5006.09 14540.1 2910.12 
0.19 10 9.59879 0 0 9321.2 5006.09 14540.1 -2910.12 
0.195 9.74341 10 0.36987 8.648e-14 15593.7 9967.94 -89.0039 6.88385e-11 
0.195 10 10.4012 0 0 9255.03 5068.48 14538.6 3084.75 
0.195 10 9.59879 0 0 9255.03 5068.48 14538.6 -3084.75 
0.2 9.74524 10 0.363646 9.12946e-14 15517.6 10091.5 -85.2953 6.81645e-11 
0.2 10 10.4012 0 0 9190.78 5130.25 14537.2 3261.7 
0.2 10 9.59879 0 0 9190.78 5130.25 14537.2 -3261.7 
0.205 9.74705 10 0.35768 9.60819e-14 15443.5 10213.8 -81.8124 6.11277e-11 
0.205 10 10.4012 0 0 9128.36 5191.43 14535.9 3431.36 
0.205 10 9.59879 0 0 9128.36 5191.43 14535.9 -3431.36 
0.21 9.74882 10 0.351954 1.00853e-13 15371.5 10335 -78.5364 7.13738e-11 
0.21 10 10.4012 0 0 9067.71 5252.03 14534.6 3603.53 
0.21 10 9.59879 0 0 9067.71 5252.03 14534.6 -3603.53 
0.215 9.75057 10 0.346456 1.05597e-13 15301.5 10455.1 -75.4505 7.07096e-11 
0.215 10 10.4012 0 0 9008.77 5312.07 14533.5 3768.59 
0.215 10 9.59879 0 0 9008.77 5312.07 14533.5 -3768.59 
0.22 9.75229 10 0.341171 1.10326e-13 15233.3 10574.1 -72.5397 7.00476e-11 
0.22 10 10.4012 0 0 8951.47 5371.56 14532.4 3936.32 
0.22 10 9.59879 0 0 8951.47 5371.56 14532.4 -3936.32 
0.225 9.75398 10 0.336089 1.1503e-13 15167.1 10692 -69.7902 6.02939e-11 
0.225 10 10.4012 0 0 8895.76 5430.53 14531.4 4097.09 
0.225 10 9.59879 0 0 8895.76 5430.53 14531.4 -4097.09 
0.23 9.75565 10 0.331198 1.19731e-13 15102.6 10808.9 -67.1899 6.50929e-11 
0.23 10 10.4012 0 0 8841.58 5488.97 14530.4 4260.68 
0.23 10 9.59879 0 0 8841.58 5488.97 14530.4 -4260.68 
0.235 9.75729 10 0.326487 1.24442e-13 15039.9 10924.8 -64.7277 6.98903e-11 
0.235 10 10.4012 0 0 8788.88 5546.91 14529.5 4417.44 
0.235 10 9.59879 0 0 8788.88 5546.91 14529.5 -4417.44 
0.24 9.75891 10 0.321948 1.29131e-13 14978.9 11039.7 -62.3935 6.74149e-11 
0.24 10 10.4012 0 0 8737.62 5604.36 14528.7 4577.16 
0.24 10 9.59879 0 0 8737.62 5604.36 14528.7 -4577.16 
0.245 9.76051 10 0.317571 1.33815e-13 14919.6 11153.7 -60.1781 6.67591e-11 
0.245 10 10.4012 0 0 8687.74 5661.33 14527.9 4730.17 
0.245 10 9.59879 0 0 8687.74 5661.33 14527.9 -4730.17 
0.25 9.76209 10 0.313348 1.38511e-13 14861.9 11266.7 -58.0734 6.42826e-11 
0.25 10 10.4012 0 0 8639.21 5717.84 14527.1 4886.24 
0.25 10 9.59879 0 0 8639.21 5717.84 14527.1 -4886.24 
0.255 9.76364 10 0.309272 1.43202e-13 14805.8 11378.8 -56.0716 6.36258e-11 
0.255 10 10.4012 0 0 8591.98 5773.88 14526.4 5035.73 
0.255 10 9.59879 0 0 8591.98 5773.88 14526.4 -5035.73 
0.26 9.76518 10 0.305336 1.47919e-13 14751.2 11489.9 -54.1658 7.20605e-11 
0.26 10 10.4012 0 0 8546.02 5829.48 14525.7 5188.38 
0.26 10 9.59879 0 0 8546.02 5829.48 14525.7 -5188.38 
0.265 9.7667 10 0.301532 1.52625e-13 14698.2 11600.3 -52.3498 6.59447e-11 
0.265 10 10.4012 0 0 8501.29 5884.64 14525.1 5334.55 
0.265 10 9.59879 0 0 8501.29 5884.64 14525.1 -5334.55 
0.27 9.7682 10 0.297855 1.57354e-13 14646.6 11709.7 -50.6176 6.34635e-11 
0.27 10 10.4012 0 0 8457.75 5939.38 14524.5 5483.98 
0.27 10 9.59879 0 0 8457.75 5939.38 14524.5 -5483.98 
0.275 9.76968 10 0.294299 1.62106e-13 14596.5 11818.4 -48.964 6.46173e-11 
0.275 10 10.4012 0 0 8415.38 5993.7 14523.9 5627.02 
0.275 10 9.59879 0 0 8415.38 5993.7 14523.9 -5627.02 
0.28 9.77114 10 0.290859 1.66844e-13 14547.8 11926.2 -47.384 6.57729e-11 
0.28 10 10.4012 0 0 8374.13 6047.61 14523.3 5773.41 
0.28 10 9.59879 0 0 8374.13 6047.61 14523.3 -5773.41 
0.285 9.77259 10 0.287528 1.71609e-13 14500.5 12033.2 -45.8732 6.87439e-11 
0.285 10 10.4012 0 0 8333.99 6101.12 14522.8 5913.49 
0.285 10 9.59879 0 0 8333.99 6101.12 14522.8 -5913.49 
0.29 9.77402 10 0.284304 1.76406e-13 14454.6 12139.5 -44.4272 6.62533e-11 
0.29 10 10.4012 0 0 8294.92 6154.25 14522.3 6057.01 
0.29 10 9.59879 0 0 8294.92 6154.25 14522.3 -6057.01 
0.295 9.77543 10 0.28118 1.81221e-13 14410 12245 -43.0424 6.55791e-11 
0.295 10 10.4012 0 0 8256.89 6206.99 14521.8 6194.28 
0.295 10 9.59879 0 0 8256.89 6206.99 14521.8 -6194.28 
0.3 9.77683 10 0.278153 1.8605e-13 14366.7 12349.7 -41.715 6.85411e-11 
0.3 10 10.4012 0 0 8219.88 6259.35 14521.4 6335.07 
0.3 10 9.59879 0 0 8219.88 6259.35 14521.4 -6335.07 
0.305 9.77821 10 0.27522 1.9092e-13 14324.7 12453.7 -40.4418 6.24023e-11 
0.305 10 10.4012 0 0 8183.87 6311.35 14521 6469.7 
0.305 10 9.59879 0 0 8183.87 6311.35 14521 -6469.7 
0.31 9.77958 10 0.272375 1.95794e-13 14283.9 12557 -39.2197 6.7177e-11 
0.31 10 10.4012 0 0 8148.82 6362.99 14520.5 6607.9 
0.31 10 9.59879 0 0 8148.82 6362.99 14520.5 -6607.9 
0.315 9.78093 10 0.269616 2.00708e-13 14244.4 12659.6 -38.0458 7.1946e-11 
0.315 10 10.4012 0 0 8114.72 6414.28 14520.1 6740.01 
0.315 10 9.59879 0 0 8114.72 6414.28 14520.1 -6740.01 
0.32 9.78228 10 0.266939 2.05654e-13 14206.1 12761.4 -36.9175 6.39775e-11 
0.32 10 10.4012 0 0 8081.55 6465.23 14519.8 6875.75 
0.32 10 9.59879 0 0 8081.55 6465.23 14519.8 -6875.75 
0.325 9.7836 10 0.264341 2.10638e-13 14169 12862.7 -35.8324 7.41938e-11 
0.325 10 10.4012 0 0 8049.28 6515.84 14519.4 7005.46 
0.325 10 9.59879 0 0 8049.28 6515.84 14519.4 -7005.46 
0.33 9.78492 10 0.261819 2.15657e-13 14133.1 12963.2 -34.7881 7.53102e-11 
0.33 10 10.4012 0 0 8017.9 6566.11 14519.1 7138.87 
0.33 10 9.59879 0 0 8017.9 6566.11 14519.1 -7138.87 
0.335 9.78622 10 0.25937 2.2068e-13 14098.3 13063.1 -33.7824 7.6426e-11 
0.335 10 10.4012 0 0 7987.38 6616.06 14518.7 7266.3 
0.335 10 9.59879 0 0 7987.38 6616.06 14518.7 -7266.3 
0.34 9.78751 10 0.256992 2.25739e-13 14064.7 13162.4 -32.8134 7.75367e-11 
0.34 10 10.4012 0 0 7957.71 6665.69 14518.4 7397.48 
0.34 10 9.59879 0 0 7957.71 6665.69 14518.4 -7397.48 
0.345 9.78879 10 0.254682 2.30873e-13 14032.1 13261 -31.8792 6.95419e-11 
0.345 10 10.4012 0 0 7928.86 6715.01 14518.1 7522.74 
0.345 10 9.59879 0 0 7928.86 6715.01 14518.1 -7522.74 
0.35 9.79006 10 0.252437 2.36032e-13 14000.7 13359 -30.978 7.24576e-11 
0.35 10 10.4012 0 0 7900.83 6764.02 14517.8 7651.8 
0.35 10 9.59879 0 0 7900.83 6764.02 14517.8 -7651.8 
0.355 9.79132 10 0.250255 2.41207e-13 13970.4 13456.5 -30.1082 7.35521e-11 
0.355 10 10.4012 0 0 7873.6 6812.73 14517.5 7774.98 
0.355 10 9.59879 0 0 7873.6 6812.73 14517.5 -7774.98 
0.36 9.79256 10 0.248135 2.46438e-13 13941.1 13553.3 -29.2682 6.91818e-11 
0.36 10 10.4012 0 0 7847.14 6861.15 14517.3 7902.02 
0.36 10 9.59879 0 0 7847.14 6861.15 14517.3 -7902.02 
0.365 9.7938 10 0.246074 2.51723e-13 13912.9 13649.5 -28.4565 7.93558e-11 
0.365 10 10.4012 0 0 7821.45 6909.27 14517 8023.23 
0.365 10 9.59879 0 0 7821.45 6909.27 14517 -8023.23 
0.37 9.79502 10 0.244069 2.57032e-13 13885.8 13745.2 -27.6719 8.04316e-11 
0.37 10 10.4012 0 0 7796.51 6957.11 14516.8 8148.33 
0.37 10 9.59879 0 0 7796.51 6957.11 14516.8 -8148.33 
0.375 9.79624 10 0.24212 2.62395e-13 13859.6 13840.3 -26.913 7.96809e-11 
0.375 10 10.4012 0 0 7772.31 7004.67 14516.5 8267.64 
0.375 10 9.59879 0 0 7772.31 7004.67 14516.5 -8267.64 
0.38 9.79745 10 0.240224 2.67814e-13 13834.5 13934.9 -26.1786 7.71031e-11 
0.38 10 10.4012 0 0 7748.82 7051.95 14516.3 8390.9 
0.38 10 9.59879 0 0 7748.82 7051.95 14516.3 -8390.9 
0.385 9.79864 10 0.238379 2.73281e-13 13810.4 14028.9 -25.4676 7.08808e-11 
0.385 10 10.4012 0 0 7726.05 7098.96 14516 8508.4 
0.385 10 9.59879 0 0 7726.05 7098.96 14516 -8508.4 
0.39 9.79983 10 0.236585 2.78771e-13 13787.2 14122.4 -24.7789 7.01121e-11 
0.39 10 10.4012 0 0 7703.98 7145.7 14515.8 8629.89 
0.39 10 9.59879 0 0 7703.98 7145.7 14515.8 -8629.89 
0.395 9.80101 10 0.234839 2.84336e-13 13765.1 14215.4 -24.1116 7.84281e-11 
0.395 10 10.4012 0 0 7682.59 7192.19 14515.6 8745.66 
0.395 10 9.59879 0 0 7682.59 7192.19 14515.6 -8745.66 
0.4 9.80218 10 0.23314 2.89942e-13 13743.9 14307.8 -23.4645 7.76432e-11 
0.4 10 10.4012 0 0 7661.88 7238.41 14515.4 8865.45 
0.4 10 9.59879 0 0 7661.88 7238.41 14515.4 -8865.45 
0.405 9.80334 10 0.231487 2.95622e-13 13723.6 14399.8 -22.8369 8.04861e-11 
0.405 10 10.4012 0 0 7641.83 7284.39 14515.2 8979.56 
0.405 10 9.59879 0 0 7641.83 7284.39 14515.2 -8979.56 
0.41 9.80449 10 0.229877 3.01337e-13 13704.3 14491.2 -22.2279 8.3324e-11 
0.41 10 10.4012 0 0 7622.43 7330.11 14515 9097.73 
0.41 10 9.59879 0 0 7622.43 7330.11 14515 -9097.73 
0.415 9.80564 10 0.228311 3.07116e-13 13686 14582.2 -21.6367 8.06958e-11 
0.415 10 10.4012 0 0 7603.67 7375.59 14514.8 9210.25 
0.415 10 9.59879 0 0 7603.67 7375.59 14514.8 -9210.25 
0.42 9.80678 10 0.226786 3.1294e-13 13668.5 14672.7 -21.0625 8.16995e-11 
0.42 10 10.4012 0 0 7585.55 7420.83 14514.7 9326.86 
0.42 10 9.59879 0 0 7585.55 7420.83 14514.7 -9326.86 
0.425 9.80791 10 0.225301 3.18851e-13 13652 14762.7 -20.5046 8.81479e-11 
0.425 10 10.4012 0 0 7568.04 7465.83 14514.5 9437.86 
0.425 10 9.59879 0 0 7568.04 7465.83 14514.5 -9437.86 
0.43 9.80903 10 0.223856 3.24799e-13 13636.3 14852.2 -19.9623 8.36772e-11 
0.43 10 10.4012 0 0 7551.15 7510.6 14514.3 9552.97 
0.43 10 9.59879 0 0 7551.15 7510.6 14514.3 -9552.97 
0.435 9.81014 10 0.222449 3.30858e-13 13621.6 14941.3 -19.435 8.28289e-11 
0.435 10 10.4012 0 0 7534.87 7555.14 14514.1 9662.5 
0.435 10 9.59879 0 0 7534.87 7555.14 14514.1 -9662.5 
0.44 9.81125 10 0.221079 3.36935e-13 13607.7 15029.9 -18.922 8.56162e-11 
0.44 10 10.4012 0 0 7519.18 7599.46 14514 9776.18 
0.44 10 9.59879 0 0 7519.18 7599.46 14514 -9776.18 
0.445 9.81236 10 0.219746 3.43075e-13 13594.7 15118.1 -18.4227 7.56616e-11 
0.445 10 10.4012 0 0 7504.07 7643.55 14513.8 9884.31 
0.445 10 9.59879 0 0 7504.07 7643.55 14513.8 -9884.31 
0.45 9.81345 10 0.218447 3.49303e-13 13582.6 15205.8 -17.9367 8.57037e-11 
0.45 10 10.4012 0 0 7489.55 7687.42 14513.7 9996.61 
0.45 10 9.59879 0 0 7489.55 7687.42 14513.7 -9996.61 
0.455 9.81454 10 0.217183 3.556e-13 13571.4 15293.2 -17.4633 8.6641e-11 
0.455 10 10.4012 0 0 7475.59 7731.08 14513.5 10103.4 
0.455 10 9.59879 0 0 7475.59 7731.08 14513.5 -10103.4 
0.46 9.81562 10 0.215952 3.61975e-13 13561 15380 -17.002 8.21106e-11 
0.46 10 10.4012 0 0 7462.2 7774.53 14513.4 10214.4 
0.46 10 9.59879 0 0 7462.2 7774.53 14513.4 -10214.4 
0.465 9.8167 10 0.214754 3.68401e-13 13551.4 15466.5 -16.5525 9.03059e-11 
0.465 10 10.4012 0 0 7449.37 7817.76 14513.2 10319.8 
0.465 10 9.59879 0 0 7449.37 7817.76 14513.2 -10319.8 
0.47 9.81777 10 0.213587 3.74916e-13 13542.7 15552.6 -16.1141 8.75748e-11 
0.47 10 10.4012 0 0 7437.08 7860.79 14513.1 10429.5 
0.47 10 9.59879 0 0 7437.08 7860.79 14513.1 -10429.5 
0.475 9.81884 10 0.212452 3.81528e-13 13534.8 15638.2 -15.6865 9.75631e-11 
0.475 10 10.4012 0 0 7425.34 7903.62 14513 10533.8 
0.475 10 9.59879 0 0 7425.34 7903.62 14513 -10533.8 
0.48 9.81989 10 0.211346 3.88194e-13 13527.7 15723.5 -15.2693 9.663e-11 
0.48 10 10.4012 0 0 7414.14 7946.25 14512.8 10642.2 
0.48 10 9.59879 0 0 7414.14 7946.25 14512.8 -10642.2 
0.485 9.82095 10 0.21027 3.94929e-13 13521.5 15808.4 -14.8621 9.3868e-11 
0.485 10 10.4012 0 0 7403.46 7988.68 14512.7 10745.3 
0.485 10 9.59879 0 0 7403.46 7988.68 14512.7 -10745.3 
0.49 9.822 10 0.209223 4.01774e-13 13516.1 15892.8 -14.4644 1.00186e-10 
0.49 10 10.4012 0 0 7393.31 8030.92 14512.6 10852.6 
0.49 10 9.59879 0 0 7393.31 8030.92 14512.6 -10852.6 
0.495 9.82304 10 0.208204 4.08677e-13 13511.5 15976.9 -14.076 9.37622e-11 
0.495 10 10.4012 0 0 7383.68 8072.96 14512.5 10954.4 
0.495 10 9.59879 0 0 7383.68 8072.96 14512.5 -10954.4 
0.5 9.82408 10 0.207212 4.15663e-13 13507.7 16060.6 -13.6964 9.64223e-11 
0.5 10 10.4012 0 0 7374.56 8114.82 14512.3 11060.6 
0.5 10 9.59879 0 0 7374.56 8114.82 14512.3 -11060.6 
0.505 9.82511 10 0.206247 4.22785e-13 13504.7 16144 -13.3254 9.90631e-11 
0.505 10 10.4012 0 0 7365.95 8156.49 14512.2 11161.3 
0.505 10 9.59879 0 0 7365.95 8156.49 14512.2 -11161.3 
0.51 9.82614 10 0.205308 4.29959e-13 13502.4 16226.9 -12.9626 1.07154e-10 
0.51 10 10.4012 0 0 7357.84 8197.98 14512.1 11266.4 
0.51 10 9.59879 0 0 7357.84 8197.98 14512.1 -11266.4 
0.515 9.82717 10 0.204395 4.37248e-13 13501 16309.6 -12.6078 8.79433e-11 
0.515 10 10.4012 0 0 7350.22 8239.28 14512 11366 
0.515 10 9.59879 0 0 7350.22 8239.28 14512 -11366 
0.52 9.82819 10 0.203507 4.44618e-13 13500.4 16391.8 -12.2605 9.60066e-11 
0.52 10 10.4012 0 0 7343.1 8280.41 14511.9 11470 
0.52 10 9.59879 0 0 7343.1 8280.41 14511.9 -11470 
0.525 9.8292 10 0.202643 4.52084e-13 13500.5 16473.7 -11.9207 9.13233e-11 
0.525 10 10.4012 0 0 7336.47 8321.36 14511.8 11568.7 
0.525 10 9.59879 0 0 7336.47 8321.36 14511.8 -11568.7 
0.53 9.83021 10 0.201804 4.59649e-13 13501.4 16555.3 -11.5879 1.10273e-10 
0.53 10 10.4012 0 0 7330.32 8362.13 14511.7 11671.7 
0.53 10 9.59879 0 0 7330.32 8362.13 14511.7 -11671.7 
0.535 9.83122 10 0.200988 4.67336e-13 13503.1 16636.5 -11.2619 1.05559e-10 
0.535 10 10.4012 0 0 7324.65 8402.74 14511.6 11769.3 
0.535 10 9.59879 0 0 7324.65 8402.74 14511.6 -11769.3 
0.54 9.83222 10 0.200195 4.75095e-13 13505.6 16717.3 -10.9425 1.0993e-10 
0.54 10 10.4012 0 0 7319.46 8443.17 14511.5 11871.3 
0.54 10 9.59879 0 0 7319.46 8443.17 14511.5 -11871.3 
0.545 9.83322 10 0.199424 4.82988e-13 13508.8 16797.9 -10.6295 1.03368e-10 
0.545 10 10.4012 0 0 7314.73 8483.44 14511.4 11968 
0.545 10 9.59879 0 0 7314.73 8483.44 14511.4 -11968 
0.55 9.83422 10 0.198676 4.90976e-13 13512.8 16878.1 -10.3226 1.05887e-10 
0.55 10 10.4012 0 0 7310.48 8523.54 14511.3 12069 
0.55 10 9.59879 0 0 7310.48 8523.54 14511.3 -12069 
0.555 9.83521 10 0.197949 4.99067e-13 13517.5 16957.9 -10.0216 1.26583e-10 
0.555 10 10.4012 0 0 7306.68 8563.47 14511.2 12164.7 
0.555 10 9.59879 0 0 7306.68 8563.47 14511.2 -12164.7 
0.56 9.8362 10 0.197244 5.07302e-13 13523 17037.5 -9.72632 1.12697e-10 
0.56 10 10.4012 0 0 7303.35 8603.25 14511.1 12264.9 
0.56 10 9.59879 0 0 7303.35 8603.25 14511.1 -12264.9 
0.565 9.83718 10 0.19656 5.15619e-13 13529.3 17116.7 -9.43653 1.1517e-10 
0.565 10 10.4012 0 0 7300.47 8642.86 14511 12359.7 
0.565 10 9.59879 0 0 7300.47 8642.86 14511 -12359.7 
0.57 9.83816 10 0.195896 5.24072e-13 13536.3 17195.6 -9.15203 1.15806e-10 
0.57 10 10.4012 0 0 7298.05 8682.32 14510.9 12458.9 
0.57 10 9.59879 0 0 7298.05 8682.32 14510.9 -12458.9 
0.575 9.83914 10 0.195252 5.32661e-13 13544.1 17274.2 -8.87266 1.23699e-10 
0.575 10 10.4012 0 0 7296.08 8721.62 14510.8 12552.9 
0.575 10 9.59879 0 0 7296.08 8721.62 14510.8 -12552.9 
0.58 9.84011 10 0.194628 5.41359e-13 13552.6 17352.5 -8.59822 1.18843e-10 
0.58 10 10.4012 0 0 7294.56 8760.77 14510.7 12651.3 
0.58 10 9.59879 0 0 7294.56 8760.77 14510.7 -12651.3 
0.585 9.84109 10 0.194024 5.50182e-13 13561.9 17430.5 -8.32855 1.3216e-10 
0.585 10 10.4012 0 0 7293.48 8799.77 14510.6 12744.4 
0.585 10 9.59879 0 0 7293.48 8799.77 14510.6 -12744.4 
0.59 9.84205 10 0.193438 5.59181e-13 13571.9 17508.2 -8.06348 1.29081e-10 
0.59 10 10.4012 0 0 7292.84 8838.61 14510.5 12842 
0.59 10 9.59879 0 0 7292.84 8838.61 14510.5 -12842 
0.595 9.84302 10 0.192872 5.68272e-13 13582.6 17585.6 -7.80285 1.22351e-10 
0.595 10 10.4012 0 0 7292.64 8877.3 14510.4 12934.3 
0.595 10 9.59879 0 0 7292.64 8877.3 14510.4 -12934.3 
0.6 9.84398 10 0.192324 5.77517e-13 13594.1 17662.7 -7.54651 1.30152e-10 
0.6 10 10.4012 0 0 7292.88 8915.85 14510.3 13031 
0.6 10 9.59879 0 0 7292.88 8915.85 14510.3 -13031 
0.605 9.84494 10 0.191794 5.86913e-13 13606.3 17739.5 -7.2943 1.45207e-10 
0.605 10 10.4012 0 0 7293.56 8954.25 14510.2 13122.6 
0.605 10 9.59879 0 0 7293.56 8954.25 14510.2 -13122.6 
0.61 9.8459 10 0.191281 5.96416e-13 13619.3 17816 -7.04609 1.36601e-10 
0.61 10 10.4012 0 0 7294.66 8992.51 14510.1 13218.5 
0.61 10 9.59879 0 0 7294.66 8992.51 14510.1 -13218.5 
0.615 9.84686 10 0.190787 6.06086e-13 13633 17892.2 -6.80173 1.44342e-10 
0.615 10 10.4012 0 0 7296.2 9030.62 14510 13309.3 
0.615 10 9.59879 0 0 7296.2 9030.62 14510 -13309.3 
0.62 9.84781 10 0.19031 6.15946e-13 13647.4 17968.2 -6.5611 1.32048e-10 
0.62 10 10.4012 0 0 7298.17 9068.59 14510 13404.5 
0.62 10 9.59879 0 0 7298.17 9068.59 14510 -13404.5 
0.625 9.84876 10 0.189849 6.25947e-13 13662.6 18043.8 -6.32405 1.4338e-10 
0.625 10 10.4012 0 0 7300.56 9106.42 14509.9 13494.5 
0.625 10 9.59879 0 0 7300.56 9106.42 14509.9 -13494.5 
0.63 9.84971 10 0.189406 6.36137e-13 13678.5 18119.2 -6.09047 1.47411e-10 
0.63 10 10.4012 0 0 7303.38 9144.11 14509.8 13589.1 
0.63 10 9.59879 0 0 7303.38 9144.11 14509.8 -13589.1 
0.635 9.85065 10 0.188979 6.46491e-13 13695.2 18194.3 -5.86024 1.4778e-10 
0.635 10 10.4012 0 0 7306.62 9181.66 14509.7 13678.3 
0.635 10 9.59879 0 0 7306.62 9181.66 14509.7 -13678.3 
0.64 9.8516 10 0.188569 6.56952e-13 13712.6 18269.1 -5.63323 1.59049e-10 
0.64 10 10.4012 0 0 7310.28 9219.08 14509.6 13772.2 
0.64 10 9.59879 0 0 7310.28 9219.08 14509.6 -13772.2 
0.645 9.85254 10 0.188175 6.67601e-13 13730.7 18343.7 -5.40934 1.48463e-10 
0.645 10 10.4012 0 0 7314.37 9256.36 14509.5 13860.8 
0.645 10 9.59879 0 0 7314.37 9256.36 14509.5 -13860.8 
0.65 9.85348 10 0.187796 6.78446e-13 13749.5 18418 -5.18846 1.46945e-10 
0.65 10 10.4012 0 0 7318.87 9293.51 14509.4 13953.9 
0.65 10 9.59879 0 0 7318.87 9293.51 14509.4 -13953.9 
0.655 9.85442 10 0.187433 6.89477e-13 13769.1 18492 -4.97047 1.58133e-10 
0.655 10 10.4012 0 0 7323.79 9330.52 14509.4 14041.8 
0.655 10 9.59879 0 0 7323.79 9330.52 14509.4 -14041.8 
0.66 9.85535 10 0.187086 7.00671e-13 13789.5 18565.8 -4.75528 1.52928e-10 
0.66 10 10.4012 0 0 7329.13 9367.4 14509.3 14134.3 
0.66 10 9.59879 0 0 7329.13 9367.4 14509.3 -14134.3 
0.665 9.85629 10 0.186754 7.12103e-13 13810.5 18639.3 -4.54279 1.69518e-10 
0.665 10 10.4012 0 0 7334.89 9404.14 14509.2 14221.6 
0.665 10 9.59879 0 0 7334.89 9404.14 14509.2 -14221.6 
0.67 9.85722 10 0.186437 7.23647e-13 13832.3 18712.5 -4.33289 1.60625e-10 
0.67 10 10.4012 0 0 7341.06 9440.76 14509.1 14313.4 
0.67 10 9.59879 0 0 7341.06 9440.76 14509.1 -14313.4 
0.675 9.85815 10 0.186135 7.35464e-13 13854.9 18785.5 -4.1255 1.73523e-10 
0.675 10 10.4012 0 0 7347.64 9477.25 14509 14400 
0.675 10 9.59879 0 0 7347.64 9477.25 14509 -14400 
0.68 9.85908 10 0.185847 7.4749e-13 13878.1 18858.2 -3.92053 1.7184e-10 
0.68 10 10.4012 0 0 7354.63 9513.61 14509 14491.2 
0.68 10 9.59879 0 0 7354.63 9513.61 14509 -14491.2 
0.685 9.86001 10 0.185575 7.59713e-13 13902.1 18930.7 -3.71789 1.77404e-10 
0.685 10 10.4012 0 0 7362.04 9549.84 14508.9 14577.2 
0.685 10 9.59879 0 0 7362.04 9549.84 14508.9 -14577.2 
0.69 9.86094 10 0.185316 7.72151e-13 13926.9 19002.9 -3.51748 1.90215e-10 
0.69 10 10.4012 0 0 7369.86 9585.94 14508.8 14667.8 
0.69 10 9.59879 0 0 7369.86 9585.94 14508.8 -14667.8 
0.695 9.86186 10 0.185072 7.84831e-13 13952.4 19074.8 -3.31923 1.77526e-10 
0.695 10 10.4012 0 0 7378.1 9621.92 14508.7 14753.3 
0.695 10 9.59879 0 0 7378.1 9621.92 14508.7 -14753.3 
0.7 9.86279 10 0.184842 7.97753e-13 13978.6 19146.5 -3.12306 1.75717e-10 
0.7 10 10.4012 0 0 7386.74 9657.77 14508.6 14843.3 
0.7 10 9.59879 0 0 7386.74 9657.77 14508.6 -14843.3 
0.705 9.86371 10 0.184626 8.10899e-13 14005.6 19218 -2.92889 1.70238e-10 
0.705 10 10.4012 0 0 7395.79 9693.5 14508.5 14928.1 
0.705 10 9.59879 0 0 7395.79 9693.5 14508.5 -14928.1 
0.71 9.86464 10 0.184424 8.24294e-13 14033.3 19289.2 -2.73663 2.01105e-10 
0.71 10 10.4012 0 0 7405.26 9729.1 14508.5 15017.5 
0.71 10 9.59879 0 0 7405.26 9729.1 14508.5 -15017.5 
0.715 9.86556 10 0.184235 8.37897e-13 14061.8 19360.1 -2.54622 1.95563e-10 
0.715 10 10.4012 0 0 7415.13 9764.57 14508.4 15101.8 
0.715 10 9.59879 0 0 7415.13 9764.57 14508.4 -15101.8 
0.72 9.86648 10 0.18406 8.51784e-13 14091 19430.8 -2.35759 1.97256e-10 
0.72 10 10.4012 0 0 7425.42 9799.93 14508.3 15190.7 
0.72 10 9.59879 0 0 7425.42 9799.93 14508.3 -15190.7 
0.725 9.8674 10 0.183898 8.65953e-13 14121 19501.3 -2.17066 1.98911e-10 
0.725 10 10.4012 0 0 7436.11 9835.16 14508.2 15274.4 
0.725 10 9.59879 0 0 7436.11 9835.16 14508.2 -15274.4 
0.73 9.86832 10 0.18375 8.80359e-13 14151.7 19571.5 -1.98536 2.00532e-10 
0.73 10 10.4012 0 0 7447.22 9870.27 14508.1 15362.7 
0.73 10 9.59879 0 0 7447.22 9870.27 14508.1 -15362.7 
0.735 9.86924 10 0.183614 8.95115e-13 14183.1 19641.5 -1.80163 1.94828e-10 
0.735 10 10.4012 0 0 7458.74 9905.25 14508 15445.9 
0.735 10 9.59879 0 0 7458.74 9905.25 14508 -15445.9 
0.74 9.87015 10 0.183492 9.10118e-13 14215.4 19711.2 -1.6194 2.14556e-10 
0.74 10 10.4012 0 0 7470.66 9940.12 14508 15533.7 
0.74 10 9.59879 0 0 7470.66 9940.12 14508 -15533.7 
0.745 9.87107 10 0.183383 9.25438e-13 14248.4 19780.7 -1.43861 2.23325e-10 
0.745 10 10.4012 0 0 7483 9974.86 14507.9 15616.4 
0.745 10 9.59879 0 0 7483 9974.86 14507.9 -15616.4 
0.75 9.87199 10 0.183287 9.41064e-13 14282.1 19849.9 -1.25919 2.17499e-10 
0.75 10 10.4012 0 0 7495.75 10009.5 14507.8 15703.7 
0.75 10 9.59879 0 0 7495.75 10009.5 14507.8 -15703.7 
0.755 9.8729 10 0.183203 9.57007e-13 14316.6 19918.9 -1.08108 2.15267e-10 
0.755 10 10.4012 0 0 7508.91 10044 14507.7 15785.8 
0.755 10 9.59879 0 0 7508.91 10044 14507.7 -15785.8 
0.76 9.87382 10 0.183132 9.73224e-13 14351.9 19987.7 -0.904232 2.31187e-10 
0.76 10 10.4012 0 0 7522.48 10078.4 14507.6 15872.6 
0.76 10 9.59879 0 0 7522.48 10078.4 14507.6 -15872.6 
0.765 9.87473 10 0.183074 9.89788e-13 14387.9 20056.2 -0.728577 2.2523e-10 
0.765 10 10.4012 0 0 7536.46 10112.6 14507.5 15954.3 
0.765 10 9.59879 0 0 7536.46 10112.6 14507.5 -15954.3 
0.77 9.87565 10 0.183028 1.00671e-12 14424.8 20124.5 -0.554062 2.37412e-10 
0.77 10 10.4012 0 0 7550.86 10146.7 14507.5 16040.5 
0.77 10 9.59879 0 0 7550.86 10146.7 14507.5 -16040.5 
0.775 9.87656 10 0.182995 1.02397e-12 14462.4 20192.5 -0.380629 2.49548e-10 
0.775 10 10.4012 0 0 7565.67 10180.8 14507.4 16121.7 
0.775 10 9.59879 0 0 7565.67 10180.8 14507.4 -16121.7 
0.78 9.87748 10 0.182974 1.04164e-12 14500.7 20260.3 -0.208226 2.5435e-10 
0.78 10 10.4012 0 0 7580.9 10214.7 14507.3 16207.5 
0.78 10 9.59879 0 0 7580.9 10214.7 14507.3 -16207.5 
0.785 9.87839 10 0.182965 1.05965e-12 14539.9 20327.9 -0.0367985 2.51829e-10 
0.785 10 10.4012 0 0 7596.54 10248.4 14507.2 16288.2 
0.785 10 9.59879 0 0 7596.54 10248.4 14507.2 -16288.2 
0.79 9.87931 10 0.182968 1.07809e-12 14579.8 20395.2 0.133706 2.63799e-10 
0.79 10 10.4012 0 0 7612.6 10282.1 14507.1 16373.5 
0.79 10 9.59879 0 0 7612.6 10282.1 14507.1 -16373.5 
0.795 9.88022 10 0.182984 1.0969e-12 14620.5 20462.2 0.303337 2.57529e-10 
0.795 10 10.4012 0 0 7629.08 10315.6 14507 16453.8 
0.795 10 9.59879 0 0 7629.08 10315.6 14507 -16453.8 
0.8 9.88114 10 0.183012 1.1161e-12 14662 20529.1 0.472147 2.87582e-10 
0.8 10 10.4012 0 0 7645.97 10349 14507 16538.6 
0.8 10 9.59879 0 0 7645.97 10349 14507 -16538.6 
0.805 9.88205 10 0.183052 1.13576e-12 14704.4 20595.6 0.640183 2.77554e-10 
0.805 10 10.4012 0 0 7663.29 10382.3 14506.9 16618.4 
0.805 10 9.59879 0 0 7663.29 10382.3 14506.9 -16618.4 
0.81 9.88297 10 0.183103 1.15583e-12 14747.5 20662 0.807495 2.8202e-10 
0.81 10 10.4012 0 0 7681.03 10415.5 14506.8 16702.8 
0.81 10 9.59879 0 0 7681.03 10415.5 14506.8 -16702.8 
0.815 9.88389 10 0.183167 1.17639e-12 14791.4 20728.1 0.974129 2.93693e-10 
0.815 10 10.4012 0 0 7699.18 10448.5 14506.7 16782.1 
0.815 10 9.59879 0 0 7699.18 10448.5 14506.7 -16782.1 
0.82 9.8848 10 0.183242 1.19738e-12 14836.1 20793.9 1.14013 3.01669e-10 
0.82 10 10.4012 0 0 7717.76 10481.5 14506.6 16866 
0.82 10 9.59879 0 0 7717.76 10481.5 14506.6 -16866 
0.825 9.88572 10 0.18333 1.21881e-12 14881.6 20859.5 1.30555 3.13221e-10 
0.825 10 10.4012 0 0 7736.77 10514.3 14506.5 16944.9 
0.825 10 9.59879 0 0 7736.77 10514.3 14506.5 -16944.9 
0.83 9.88663 10 0.183429 1.24079e-12 14927.9 20924.9 1.47043 3.24696e-10 
0.83 10 10.4012 0 0 7756.2 10546.9 14506.4 17028.4 
0.83 10 9.59879 0 0 7756.2 10546.9 14506.4 -17028.4 
0.835 9.88755 10 0.18354 1.26328e-12 14975.1 20990 1.63481 3.06996e-10 
0.835 10 10.4012 0 0 7776.06 10579.5 14506.3 17106.9 
0.835 10 9.59879 0 0 7776.06 10579.5 14506.3 -17106.9 
0.84 9.88847 10 0.183662 1.28629e-12 15023 21054.8 1.79874 3.2924e-10 
0.84 10 10.4012 0 0 7796.35 10611.9 14506.2 17189.9 
0.84 10 9.59879 0 0 7796.35 10611.9 14506.2 -17189.9 
0.845 9.88939 10 0.183797 1.30985e-12 15071.8 21119.4 1.96226 3.51407e-10 
0.845 10 10.4012 0 0 7817.07 10644.2 14506.2 17267.9 
0.845 10 9.59879 0 0 7817.07 10644.2 14506.2 -17267.9 
0.85 9.89031 10 0.183943 1.33399e-12 15121.5 21183.8 2.12541 3.37114e-10 
0.85 10 10.4012 0 0 7838.22 10676.4 14506.1 17350.6 
0.85 10 9.59879 0 0 7838.22 10676.4 14506.1 -17350.6 
0.855 9.89123 10 0.1841 1.35867e-12 15171.9 21247.9 2.28823 3.44573e-10 
0.855 10 10.4012 0 0 7859.81 10708.4 14506 17428.2 
0.855 10 9.59879 0 0 7859.81 10708.4 14506 -17428.2 
0.86 9.89215 10 0.18427 1.38392e-12 15223.2 21311.7 2.45077 3.5559e-10 
0.86 10 10.4012 0 0 7881.83 10740.4 14505.9 17510.4 
0.86 10 9.59879 0 0 7881.83 10740.4 14505.9 -17510.4 
0.865 9.89307 10 0.18445 1.40987e-12 15275.4 21375.3 2.61307 3.6287e-10 
0.865 10 10.4012 0 0 7904.29 10772.2 14505.8 17587.5 
0.865 10 9.59879 0 0 7904.29 10772.2 14505.8 -17587.5 
0.87 9.89399 10 0.184643 1.43642e-12 15328.4 21438.6 2.77515 3.70067e-10 
0.87 10 10.4012 0 0 7927.19 10803.8 14505.7 17669.3 
0.87 10 9.59879 0 0 7927.19 10803.8 14505.7 -17669.3 
0.875 9.89492 10 0.184847 1.46372e-12 15382.2 21501.7 2.93708 3.9535e-10 
0.875 10 10.4012 0 0 7950.53 10835.4 14505.6 17746.1 
0.875 10 9.59879 0 0 7950.53 10835.4 14505.6 -17746.1 
0.88 9.89584 10 0.185062 1.49167e-12 15436.9 21564.5 3.09887 3.95075e-10 
0.88 10 10.4012 0 0 7974.31 10866.8 14505.5 17827.5 
0.88 10 9.59879 0 0 7974.31 10866.8 14505.5 -17827.5 
0.885 9.89677 10 0.18529 1.52029e-12 15492.5 21627.1 3.26058 4.09258e-10 
0.885 10 10.4012 0 0 7998.54 10898 14505.4 17903.8 
0.885 10 9.59879 0 0 7998.54 10898 14505.4 -17903.8 
0.89 9.8977 10 0.185528 1.54966e-12 15548.9 21689.3 3.42223 4.1606e-10 
0.89 10 10.4012 0 0 8023.22 10929.2 14505.3 17984.8 
0.89 10 9.59879 0 0 8023.22 10929.2 14505.3 -17984.8 
0.895 9.89862 10 0.185778 1.57985e-12 15606.2 21751.3 3.58387 4.11834e-10 
0.895 10 10.4012 0 0 8048.35 10960.2 14505.2 18060.7 
0.895 10 9.59879 0 0 8048.35 10960.2 14505.2 -18060.7 
0.9 9.89955 10 0.18604 1.61081e-12 15664.4 21813.1 3.74553 4.18413e-10 
0.9 10 10.4012 0 0 8073.93 10991 14505.1 18141.2 
0.9 10 9.59879 0 0 8073.93 10991 14505.1 -18141.2 
0.905 9.90048 10 0.186314 1.64259e-12 15723.5 21874.5 3.90725 4.3943e-10 
0.905 10 10.4012 0 0 8099.96 11021.8 14505 18216.7 
0.905 10 9.59879 0 0 8099.96 11021.8 14505 -18216.7 
0.91 9.90142 10 0.186598 1.67526e-12 15783.4 21935.7 4.06907 4.60322e-10 
0.91 10 10.4012 0 0 8126.45 11052.4 14504.9 18296.9 
0.91 10 9.59879 0 0 8126.45 11052.4 14504.9 -18296.9 
0.915 9.90235 10 0.186895 1.70874e-12 15844.3 21996.6 4.23102 4.70187e-10 
0.915 10 10.4012 0 0 8153.4 11082.8 14504.8 18372 
0.915 10 9.59879 0 0 8153.4 11082.8 14504.8 -18372 
0.92 9.90329 10 0.187203 1.74311e-12 15906 22057.2 4.39314 5.01755e-10 
0.92 10 10.4012 0 0 8180.81 11113.1 14504.7 18451.7 
0.92 10 9.59879 0 0 8180.81 11113.1 14504.7 -18451.7 
0.925 9.90422 10 0.187522 1.77851e-12 15968.7 22117.6 4.55545 5.11351e-10 
0.925 10 10.4012 0 0 8208.68 11143.3 14504.6 18526.4 
0.925 10 9.59879 0 0 8208.68 11143.3 14504.6 -18526.4 
0.93 9.90516 10 0.187854 1.8149e-12 16032.2 22177.6 4.71801 5.13533e-10 
0.93 10 10.4012 0 0 8237.03 11173.3 14504.5 18605.7 
0.93 10 9.59879 0 0 8237.03 11173.3 14504.5 -18605.7 
0.935 9.9061 10 0.188196 1.85228e-12 16096.7 22237.4 4.88084 5.2649e-10 
0.935 10 10.4012 0 0 8265.83 11203.2 14504.4 18680 
0.935 10 9.59879 0 0 8265.83 11203.2 14504.4 -18680 
0.94 9.90704 10 0.188551 1.89072e-12 16162.1 22296.8 5.04397 5.57487e-10 
0.94 10 10.4012 0 0 8295.12 11232.9 14504.3 18758.9 
0.94 10 9.59879 0 0 8295.12 11232.9 14504.3 -18758.9 
0.945 9.90799 10 0.188917 1.93023e-12 16228.4 22356 5.20745 5.55594e-10 
0.945 10 10.4012 0 0 8324.87 11262.5 14504.2 18832.8 
0.945 10 9.59879 0 0 8324.87 11262.5 14504.2 -18832.8 
0.95 9.90893 10 0.189295 1.97092e-12 16295.7 22414.9 5.37129 5.68089e-10 
0.95 10 10.4012 0 0 8355.1 11291.9 14504.1 18911.3 
0.95 10 9.59879 0 0 8355.1 11291.9 14504.1 -18911.3 
0.955 9.90988 10 0.189684 2.01278e-12 16363.9 22473.4 5.53555 5.87693e-10 
0.955 10 10.4012 0 0 8385.81 11321.2 14504 18984.7 
0.955 10 9.59879 0 0 8385.81 11321.2 14504 -18984.7 
0.96 9.91083 10 0.190086 2.05587e-12 16433 22531.6 5.70025 6.18041e-10 
0.96 10 10.4012 0 0 8417.01 11350.3 14503.8 19062.8 
0.96 10 9.59879 0 0 8417.01 11350.3 14503.8 -19062.8 
0.965 9.91178 10 0.190499 2.10029e-12 16503.1 22589.6 5.86542 6.3365e-10 
0.965 10 10.4012 0 0 8448.68 11379.3 14503.7 19135.9 
0.965 10 9.59879 0 0 8448.68 11379.3 14503.7 -19135.9 
0.97 9.91273 10 0.190924 2.14602e-12 16574.2 22647.2 6.0311 6.56352e-10 
0.97 10 10.4012 0 0 8480.85 11408.1 14503.6 19213.5 
0.97 10 9.59879 0 0 8480.85 11408.1 14503.6 -19213.5 
0.975 9.91369 10 0.19136 2.19315e-12 16646.2 22704.4 6.19733 6.67944e-10 
0.975 10 10.4012 0 0 8513.51 11436.7 14503.5 19286.1 
0.975 10 9.59879 0 0 8513.51 11436.7 14503.5 -19286.1 
0.98 9.91465 10 0.191809 2.24175e-12 16719.2 22761.4 6.36412 6.9752e-10 
0.98 10 10.4012 0 0 8546.66 11465.2 14503.4 19363.4 
0.98 10 9.59879 0 0 8546.66 11465.2 14503.4 -19363.4 
0.985 9.91561 10 0.192269 2.29181e-12 16793.1 22818 6.53153 6.86874e-10 
0.985 10 10.4012 0 0 8580.31 11493.5 14503.3 19435.6 
0.985 10 9.59879 0 0 8580.31 11493.5 14503.3 -19435.6 
0.99 9.91657 10 0.192742 2.34341e-12 16868.1 22874.3 6.69957 7.26944e-10 
0.99 10 10.4012 0 0 8614.45 11521.6 14503.2 19512.4 
0.99 10 9.59879 0 0 8614.45 11521.6 14503.2 -19512.4 
0.995 9.91753 10 0.193227 2.39663e-12 16944 22930.2 6.86828 7.66786e-10 
0.995 10 10.4012 0 0 8649.1 11549.6 14503 19584.2 
0.995 10 9.59879 0 0 8649.1 11549.6 14503 -19584.2 
1 9.9185 10 0.193723 2.45165e-12 17020.9 22985.8 7.0377 7.95464e-10 
1 10 10.4012 0 0 8684.26 11577.4 14502.9 19660.5 
1 10 9.59879 0 0 8684.26 11577.4 14502.9 -19660.5 
1.005 9.91947 10 0.194232 2.50836e-12 17098.8 23041 7.20785 8.1299e-10 
1.005 10 10.4012 0 0 8719.93 11605 14502.8 19731.9 
1.005 10 9.59879 0 0 8719.93 11605 14502.8 -19731.9 
1.01 9.92044 10 0.194753 2.56698e-12 17177.8 23095.8 7.37878 8.3025e-10 
1.01 10 10.4012 0 0 8756.1 11632.4 14502.7 19807.8 
1.01 10 9.59879 0 0 8756.1 11632.4 14502.7 -19807.8 
1.015 9.92142 10 0.195286 2.62743e-12 17257.7 23150.3 7.5505 8.54529e-10 
1.015 10 10.4012 0 0 8792.8 11659.7 14502.6 19878.7 
1.015 10 9.59879 0 0 8792.8 11659.7 14502.6 -19878.7 
1.02 9.9224 10 0.195832 2.68989e-12 17338.7 23204.5 7.72306 8.96716e-10 
1.02 10 10.4012 0 0 8830.01 11686.7 14502.4 19954.2 
1.02 10 9.59879 0 0 8830.01 11686.7 14502.4 -19954.2 
1.025 9.92338 10 0.196389 2.75445e-12 17420.6 23258.2 7.89648 9.13144e-10 
1.025 10 10.4012 0 0 8867.74 11713.6 14502.3 20024.6 
1.025 10 9.59879 0 0 8867.74 11713.6 14502.3 -20024.6 
1.03 9.92436 10 0.19696 2.8212e-12 17503.7 23311.6 8.0708 9.54731e-10 
1.03 10 10.4012 0 0 8906 11740.3 14502.2 20099.6 
1.03 10 9.59879 0 0 8906 11740.3 14502.2 -20099.6 
1.035 9.92535 10 0.197542 2.8902e-12 17587.7 23364.5 8.24605 9.70538e-10 
1.035 10 10.4012 0 0 8944.79 11766.8 14502 20169.6 
1.035 10 9.59879 0 0 8944.79 11766.8 14502 -20169.6 
1.04 9.92634 10 0.198138 2.96163e-12 17672.8 23417.1 8.42226 1.01875e-09 
1.04 10 10.4012 0 0 8984.11 11793.1 14501.9 20244.1 
1.04 10 9.59879 0 0 8984.11 11793.1 14501.9 -20244.1 
1.045 9.92733 10 0.198746 3.0355e-12 17758.9 23469.3 8.59946 1.04478e-09 
1.045 10 10.4012 0 0 9023.96 11819.1 14501.8 20313.6 
1.045 10 9.59879 0 0 9023.96 11819.1 14501.8 -20313.6 
1.05 9.92832 10 0.199366 3.11196e-12 17846.2 23521 8.77769 1.07774e-09 
1.05 10 10.4012 0 0 9064.35 11845 14501.7 20387.7 
1.05 10 9.59879 0 0 9064.35 11845 14501.7 -20387.7 
1.055 9.92932 10 0.2 3.19107e-12 17934.4 23572.3 8.95698 1.13578e-09 
1.055 10 10.4012 0 0 9105.29 11870.7 14501.5 20456.7 
1.055 10 9.59879 0 0 9105.29 11870.7 14501.5 -20456.7 
1.06 9.93032 10 0.200646 3.27309e-12 18023.8 23623.3 9.13735 1.16796e-09 
1.06 10 10.4012 0 0 9146.76 11896.1 14501.4 20530.3 
1.06 10 9.59879 0 0 9146.76 11896.1 14501.4 -20530.3 
1.065 9.93133 10 0.201305 3.35805e-12 18114.2 23673.7 9.31885 1.20699e-09 
1.065 10 10.4012 0 0 9188.79 11921.4 14501.2 20598.8 
1.065 10 9.59879 0 0 9188.79 11921.4 14501.2 -20598.8 
1.07 9.93234 10 0.201977 3.44608e-12 18205.7 23723.8 9.5015 1.25652e-09 
1.07 10 10.4012 0 0 9231.37 11946.4 14501.1 20671.9 
1.07 10 9.59879 0 0 9231.37 11946.4 14501.1 -20671.9 
1.075 9.93335 10 0.202662 3.53734e-12 18298.2 23773.3 9.68534 1.31286e-09 
1.075 10 10.4012 0 0 9274.51 11971.2 14501 20739.9 
1.075 10 9.59879 0 0 9274.51 11971.2 14501 -20739.9 
1.08 9.93436 10 0.203361 3.63197e-12 18391.9 23822.4 9.8704 1.35055e-09 
1.08 10 10.4012 0 0 9318.2 11995.7 14500.8 20812.4 
1.08 10 9.59879 0 0 9318.2 11995.7 14500.8 -20812.4 
1.085 9.93538 10 0.204072 3.73008e-12 18486.7 23871.1 10.0567 1.40593e-09 
1.085 10 10.4012 0 0 9362.46 12020.1 14500.7 20879.9 
1.085 10 9.59879 0 0 9362.46 12020.1 14500.7 -20879.9 
1.09 9.9364 10 0.204797 3.83191e-12 18582.6 23919.3 10.2443 1.45716e-09 
1.09 10 10.4012 0 0 9407.28 12044.1 14500.5 20951.9 
1.09 10 9.59879 0 0 9407.28 12044.1 14500.5 -20951.9 
1.095 9.93743 10 0.205536 3.93762e-12 18679.6 23967 10.4332 1.50421e-09 
1.095 10 10.4012 0 0 9452.67 12068 14500.4 21018.8 
1.095 10 9.59879 0 0 9452.67 12068 14500.4 -21018.8 
1.1 9.93846 10 0.206288 4.04729e-12 18777.7 24014.1 10.6235 1.5798e-09 
1.1 10 10.4012 0 0 9498.64 12091.6 14500.2 21090.3 
1.1 10 9.59879 0 0 9498.64 12091.6 14500.2 -21090.3 
1.105 9.93949 10 0.207054 4.16123e-12 18876.9 24060.8 10.8151 1.61115e-09 
1.105 10 10.4012 0 0 9545.18 12114.9 14500.1 21156.7 
1.105 10 9.59879 0 0 9545.18 12114.9 14500.1 -21156.7 
1.11 9.94053 10 0.207833 4.27961e-12 18977.3 24107 11.0081 1.70007e-09 
1.11 10 10.4012 0 0 9592.3 12138 14499.9 21227.6 
1.11 10 9.59879 0 0 9592.3 12138 14499.9 -21227.6 
1.115 9.94157 10 0.208626 4.40264e-12 19078.8 24152.7 11.2026 1.75925e-09 
1.115 10 10.4012 0 0 9640.01 12160.8 14499.8 21293.4 
1.115 10 9.59879 0 0 9640.01 12160.8 14499.8 -21293.4 
1.12 9.94262 10 0.209433 4.53049e-12 19181.4 24197.8 11.3986 1.83594e-09 
1.12 10 10.4012 0 0 9688.3 12183.4 14499.6 21363.7 
1.12 10 9.59879 0 0 9688.3 12183.4 14499.6 -21363.7 
1.125 9.94367 10 0.210255 4.66342e-12 19285.2 24242.3 11.5961 1.87554e-09 
1.125 10 10.4012 0 0 9737.18 12205.7 14499.5 21428.9 
1.125 10 9.59879 0 0 9737.18 12205.7 14499.5 -21428.9 
1.13 9.94472 10 0.21109 4.8016e-12 19390.1 24286.4 11.7951 1.96897e-09 
1.13 10 10.4012 0 0 9786.65 12227.7 14499.3 21498.6 
1.13 10 9.59879 0 0 9786.65 12227.7 14499.3 -21498.6 
1.135 9.94578 10 0.21194 4.94537e-12 19496.2 24329.8 11.9958 2.04343e-09 
1.135 10 10.4012 0 0 9836.72 12249.4 14499.2 21563.1 
1.135 10 9.59879 0 0 9836.72 12249.4 14499.2 -21563.1 
1.14 9.94684 10 0.212804 5.0949e-12 19603.4 24372.7 12.198 2.13527e-09 
1.14 10 10.4012 0 0 9887.39 12270.8 14499 21632.2 
1.14 10 9.59879 0 0 9887.39 12270.8 14499 -21632.2 
1.145 9.9479 10 0.213682 5.25063e-12 19711.9 24415 12.4019 2.2117e-09 
1.145 10 10.4012 0 0 9938.67 12292 14498.8 21696.1 
1.145 10 9.59879 0 0 9938.67 12292 14498.8 -21696.1 
1.15 9.94898 10 0.214575 5.41272e-12 19821.5 24456.7 12.6074 2.3127e-09 
1.15 10 10.4012 0 0 9990.55 12312.8 14498.7 21764.6 
1.15 10 9.59879 0 0 9990.55 12312.8 14498.7 -21764.6 
1.155 9.95005 10 0.215483 5.58152e-12 19932.2 24497.7 12.8147 2.40912e-09 
1.155 10 10.4012 0 0 10043 12333.4 14498.5 21827.8 
1.155 10 9.59879 0 0 10043 12333.4 14498.5 -21827.8 
1.16 9.95113 10 0.216406 5.75731e-12 20044.2 24538.2 13.0238 2.51548e-09 
1.16 10 10.4012 0 0 10096.2 12353.6 14498.3 21895.5 
1.16 10 9.59879 0 0 10096.2 12353.6 14498.3 -21895.5 
1.165 9.95221 10 0.217344 5.94036e-12 20157.3 24578 13.2346 2.59171e-09 
1.165 10 10.4012 0 0 10149.9 12373.5 14498.2 21958.1 
1.165 10 9.59879 0 0 10149.9 12373.5 14498.2 -21958.1 
1.17 9.9533 10 0.218297 6.13113e-12 20271.6 24617.1 13.4472 2.72508e-09 
1.17 10 10.4012 0 0 10204.2 12393.1 14498 22025.1 
1.17 10 9.59879 0 0 10204.2 12393.1 14498 -22025.1 
1.175 9.9544 10 0.219265 6.32992e-12 20387.1 24655.6 13.6617 2.83549e-09 
1.175 10 10.4012 0 0 10259.2 12412.3 14497.8 22087 
1.175 10 9.59879 0 0 10259.2 12412.3 14497.8 -22087 
1.18 9.9555 10 0.220249 6.537e-12 20503.8 24693.5 13.8781 2.95566e-09 
1.18 10 10.4012 0 0 10314.8 12431.2 14497.6 22153.3 
1.18 10 9.59879 0 0 10314.8 12431.2 14497.6 -22153.3 
1.185 9.9566 10 0.221248 6.75286e-12 20621.7 24730.6 14.0964 3.10006e-09 
1.185 10 10.4012 0 0 10371 12449.8 14497.5 22214.4 
1.185 10 9.59879 0 0 10371 12449.8 14497.5 -22214.4 
1.19 9.95771 10 0.222262 6.97786e-12 20740.8 24767 14.3167 3.22136e-09 
1.19 10 10.4012 0 0 10427.8 12468 14497.3 22279.9 
1.19 10 9.59879 0 0 10427.8 12468 14497.3 -22279.9 
1.195 9.95882 10 0.223293 7.21239e-12 20861.1 24802.7 14.5389 3.35951e-09 
1.195 10 10.4012 0 0 10485.3 12485.9 14497.1 22340.2 
1.195 10 9.59879 0 0 10485.3 12485.9 14497.1 -22340.2 
1.2 9.95994 10 0.224339 7.45686e-12 20982.6 24837.7 14.7632 3.49263e-09 
1.2 10 10.4012 0 0 10543.5 12503.3 14496.9 22405 
1.2 10 9.59879 0 0 10543.5 12503.3 14496.9 -22405 
1.205 9.96107 10 0.225402 7.71172e-12 21105.3 24871.9 14.9896 3.6243e-09 
1.205 10 10.4012 0 0 10602.2 12520.5 14496.7 22464.4 
1.205 10 9.59879 0 0 10602.2 12520.5 14496.7 -22464.4 
1.21 9.9622 10 0.226481 7.97743e-12 21229.2 24905.4 15.2181 3.80902e-09 
1.21 10 10.4012 0 0 10661.6 12537.2 14496.5 22528.4 
1.21 10 9.59879 0 0 10661.6 12537.2 14496.5 -22528.4 
1.215 9.96333 10 0.227576 8.25435e-12 21354.4 24938 15.4487 3.95579e-09 
1.215 10 10.4012 0 0 10721.7 12553.5 14496.3 22587 
1.215 10 9.59879 0 0 10721.7 12553.5 14496.3 -22587 
1.22 9.96447 10 0.228688 8.54301e-12 21480.7 24969.9 15.6815 4.12275e-09 
1.22 10 10.4012 0 0 10782.4 12569.5 14496.2 22650.1 
1.22 10 9.59879 0 0 10782.4 12569.5 14496.2 -22650.1 
1.225 9.96562 10 0.229816 8.84377e-12 21608.3 25001 15.9166 4.28801e-09 
1.225 10 10.4012 0 0 10843.7 12585 14496 22707.8 
1.225 10 9.59879 0 0 10843.7 12585 14496 -22707.8 
1.23 9.96677 10 0.230962 9.1572e-12 21737.1 25031.2 16.1538 4.47332e-09 
1.23 10 10.4012 0 0 10905.7 12600.1 14495.8 22770 
1.23 10 9.59879 0 0 10905.7 12600.1 14495.8 -22770 
1.235 9.96793 10 0.232124 9.48372e-12 21867 25060.6 16.3934 4.67135e-09 
1.235 10 10.4012 0 0 10968.4 12614.8 14495.6 22826.8 
1.235 10 9.59879 0 0 10968.4 12614.8 14495.6 -22826.8 
1.24 9.96909 10 0.233304 9.82364e-12 21998.2 25089.2 16.6353 4.85296e-09 
1.24 10 10.4012 0 0 11031.7 12629.1 14495.4 22888.1 
1.24 10 9.59879 0 0 11031.7 12629.1 14495.4 -22888.1 
1.245 9.97026 10 0.234501 1.01776e-11 22130.7 25116.8 16.8796 5.05079e-09 
1.245 10 10.4012 0 0 11095.7 12642.9 14495.1 22943.9 
1.245 10 9.59879 0 0 11095.7 12642.9 14495.1 -22943.9 
1.25 9.97144 10 0.235715 1.05459e-11 22264.3 25143.6 17.1264 5.25389e-09 
1.25 10 10.4012 0 0 11160.3 12656.3 14494.9 23004.2 
1.25 10 9.59879 0 0 11160.3 12656.3 14494.9 -23004.2 
1.255 9.97262 10 0.236947 1.0929e-11 22399.1 25169.4 17.3755 5.45855e-09 
1.255 10 10.4012 0 0 11225.6 12669.2 14494.7 23059.1 
1.255 10 9.59879 0 0 11225.6 12669.2 14494.7 -23059.1 
1.26 9.97381 10 0.238197 1.13273e-11 22535.2 25194.3 17.6272 5.70475e-09 
1.26 10 10.4012 0 0 11291.6 12681.7 14494.5 23118.3 
1.26 10 9.59879 0 0 11291.6 12681.7 14494.5 -23118.3 
1.265 9.975 10 0.239466 1.1741e-11 22672.4 25218.3 17.8814 5.90148e-09 
1.265 10 10.4012 0 0 11358.2 12693.7 14494.3 23172.2 
1.265 10 9.59879 0 0 11358.2 12693.7 14494.3 -23172.2 
1.27 9.9762 10 0.240752 1.21706e-11 22810.9 25241.3 18.1382 6.13965e-09 
1.27 10 10.4012 0 0 11425.5 12705.1 14494.1 23230.3 
1.27 10 9.59879 0 0 11425.5 12705.1 14494.1 -23230.3 
1.275 9.97741 10 0.242057 1.26164e-11 22950.5 25263.3 18.3976 6.35738e-09 
1.275 10 10.4012 0 0 11493.4 12716.1 14493.9 23283.1 
1.275 10 9.59879 0 0 11493.4 12716.1 14493.9 -23283.1 
1.28 9.97862 10 0.24338 1.30784e-11 23091.4 25284.3 18.6596 6.58373e-09 
1.28 10 10.4012 0 0 11562.1 12726.6 14493.6 23340.2 
1.28 10 9.59879 0 0 11562.1 12726.6 14493.6 -23340.2 
1.285 9.97984 10 0.244723 1.35569e-11 23233.4 25304.2 18.9244 6.82233e-09 
1.285 10 10.4012 0 0 11631.4 12736.6 14493.4 23391.8 
1.285 10 9.59879 0 0 11631.4 12736.6 14493.4 -23391.8 
1.29 9.98107 10 0.246084 1.40519e-11 23376.6 25323.1 19.1919 7.05135e-09 
1.29 10 10.4012 0 0 11701.3 12746.1 14493.2 23447.7 
1.29 10 9.59879 0 0 11701.3 12746.1 14493.2 -23447.7 
1.295 9.9823 10 0.247464 1.45634e-11 23521 25340.9 19.4622 7.27806e-09 
1.295 10 10.4012 0 0 11772 12755 14492.9 23498.1 
1.295 10 9.59879 0 0 11772 12755 14492.9 -23498.1 
1.3 9.98354 10 0.248864 1.50912e-11 23666.6 25357.6 19.7354 7.4952e-09 
1.3 10 10.4012 0 0 11843.3 12763.3 14492.7 23552.8 
1.3 10 9.59879 0 0 11843.3 12763.3 14492.7 -23552.8 
1.305 9.98479 10 0.250284 1.56351e-11 23813.3 25373.2 20.0114 7.70647e-09 
1.305 10 10.4012 0 0 11915.2 12771.1 14492.5 23602 
1.305 10 9.59879 0 0 11915.2 12771.1 14492.5 -23602 
1.31 9.98605 10 0.251723 1.61946e-11 23961.2 25387.7 20.2904 7.93737e-09 
1.31 10 10.4012 0 0 11987.9 12778.3 14492.2 23655.5 
1.31 10 9.59879 0 0 11987.9 12778.3 14492.2 -23655.5 
1.315 9.98731 10 0.253182 1.67692e-11 24110.3 25401 20.5723 8.15888e-09 
1.315 10 10.4012 0 0 12061.2 12785 14492 23703.4 
1.315 10 9.59879 0 0 12061.2 12785 14492 -23703.4 
1.32 9.98858 10 0.254662 1.73581e-11 24260.4 25413.1 20.8573 8.32382e-09 
1.32 10 10.4012 0 0 12135.1 12791.1 14491.7 23755.5 
1.32 10 9.59879 0 0 12135.1 12791.1 14491.7 -23755.5 
1.325 9.98985 10 0.256162 1.79604e-11 24411.7 25424 21.1453 8.52689e-09 
1.325 10 10.4012 0 0 12209.8 12796.5 14491.5 23802.1 
1.325 10 9.59879 0 0 12209.8 12796.5 14491.5 -23802.1 
1.33 9.99114 10 0.257683 1.85751e-11 24564.1 25433.7 21.4365 8.69913e-09 
1.33 10 10.4012 0 0 12285.1 12801.3 14491.2 23852.9 
1.33 10 9.59879 0 0 12285.1 12801.3 14491.2 -23852.9 
1.335 9.99243 10 0.259225 1.92007e-11 24717.6 25442.1 21.7308 8.82983e-09 
1.335 10 10.4012 0 0 12361 12805.5 14491 23898.1 
1.335 10 9.59879 0 0 12361 12805.5 14491 -23898.1 
1.34 9.99373 10 0.260787 1.98357e-11 24872.2 25449.2 22.0284 8.9483e-09 
1.34 10 10.4012 0 0 12437.6 12809.1 14490.7 23947.4 
1.34 10 9.59879 0 0 12437.6 12809.1 14490.7 -23947.4 
1.345 9.99504 10 0.262372 2.0478e-11 25027.9 25455 22.3292 9.03299e-09 
1.345 10 10.4012 0 0 12514.9 12812 14490.5 23991.1 
1.345 10 9.59879 0 0 12514.9 12812 14490.5 -23991.1 
1.35 9.99636 10 0.263977 2.11257e-11 25184.6 25459.5 22.6334 9.09876e-09 
1.35 10 10.4012 0 0 12592.8 12814.3 14490.2 24038.9 
1.35 10 9.59879 0 0 12592.8 12814.3 14490.2 -24038.9 
1.355 9.99768 10 0.265605 2.17761e-11 25342.4 25462.7 22.941 9.10957e-09 
1.355 10 10.4012 0 0 12671.4 12815.8 14489.9 24081.2 
1.355 10 9.59879 0 0 12671.4 12815.8 14489.9 -24081.2 
1.36 9.99901 10 0.267255 2.24266e-11 25501.2 25464.4 23.252 9.09853e-09 
1.36 10 10.4012 0 0 12750.7 12816.7 14489.7 24127.4 
1.36 10 9.59879 0 0 12750.7 12816.7 14489.7 -24127.4 
1.365 10.0004 10 0.268927 2.3074e-11 25661.1 25464.7 23.5665 9.02609e-09 
1.365 10 10.4012 0 0 12830.5 12816.9 14489.4 24168.1 
1.365 10 9.59879 0 0 12830.5 12816.9 14489.4 -24168.1 
1.37 10.0017 10 0.270621 2.37149e-11 25821.9 25463.6 23.8845 8.91453e-09 
1.37 10 10.4012 0 0 12911.1 12816.3 14489.1 24212.7 
1.37 10 9.59879 0 0 12911.1 12816.3 14489.1 -24212.7 
1.375 10.0031 10 0.272339 2.43455e-11 25983.7 25461.1 24.2062 8.73528e-09 
1.375 10 10.4012 0 0 12992.2 12815 14488.8 24251.7 
1.375 10 9.59879 0 0 12992.2 12815 14488.8 -24251.7 
1.38 10.0044 10 0.27408 2.4962e-11 26146.4 25457 24.5315 8.51074e-09 
1.38 10 10.4012 0 0 13074 12813 14488.5 24294.7 
1.38 10 9.59879 0 0 13074 12813 14488.5 -24294.7 
1.385 10.0058 10 0.275844 2.55597e-11 26310.1 25451.5 24.8606 8.21241e-09 
1.385 10 10.4012 0 0 13156.4 12810.2 14488.3 24331.9 
1.385 10 9.59879 0 0 13156.4 12810.2 14488.3 -24331.9 
1.39 10.0072 10 0.277631 2.61341e-11 26474.6 25444.3 25.1935 7.85914e-09 
1.39 10 10.4012 0 0 13239.4 12806.7 14488 24373.2 
1.39 10 9.59879 0 0 13239.4 12806.7 14488 -24373.2 
1.395 10.0086 10 0.279443 2.66803e-11 26640.1 25435.6 25.5303 7.42978e-09 
1.395 10 10.4012 0 0 13323.1 12802.3 14487.7 24408.6 
1.395 10 9.59879 0 0 13323.1 12802.3 14487.7 -24408.6 
1.4 10.01 10 0.281278 2.7193e-11 26806.4 25425.3 25.871 6.91417e-09 
1.4 10 10.4012 0 0 13407.3 12797.2 14487.4 24448 
1.4 10 9.59879 0 0 13407.3 12797.2 14487.4 -24448 
1.405 10.0114 10 0.283139 2.7667e-11 26973.5 25413.4 26.2157 6.34577e-09 
1.405 10 10.4012 0 0 13492.2 12791.2 14487.1 24481.6 
1.405 10 9.59879 0 0 13492.2 12791.2 14487.1 -24481.6 
1.41 10.0128 10 0.285024 2.80968e-11 27141.4 25399.8 26.5645 5.68533e-09 
1.41 10 10.4012 0 0 13577.6 12784.4 14486.8 24519.1 
1.41 10 9.59879 0 0 13577.6 12784.4 14486.8 -24519.1 
1.415 10.0142 10 0.286934 2.84768e-11 27310.1 25384.5 26.9175 4.96273e-09 
1.415 10 10.4012 0 0 13663.7 12776.8 14486.5 24550.8 
1.415 10 9.59879 0 0 13663.7 12776.8 14486.5 -24550.8 
1.42 10.0157 10 0.288869 2.88015e-11 27479.6 25367.5 27.2747 4.13145e-09 
1.42 10 10.4012 0 0 13750.3 12768.3 14486.1 24586.3 
1.42 10 9.59879 0 0 13750.3 12768.3 14486.1 -24586.3 
1.425 10.0171 10 0.29083 2.90656e-11 27649.7 25348.7 27.6362 3.23954e-09 
1.425 10 10.4012 0 0 13837.5 12758.9 14485.8 24615.9 
1.425 10 9.59879 0 0 13837.5 12758.9 14485.8 -24615.9 
1.43 10.0186 10 0.292817 2.9264e-11 27820.6 25328.2 28.0021 2.295e-09 
1.43 10 10.4012 0 0 13925.2 12748.6 14485.5 24649.4 
1.43 10 9.59879 0 0 13925.2 12748.6 14485.5 -24649.4 
1.435 10.0201 10 0.294831 2.93915e-11 27992 25305.8 28.3725 1.27304e-09 
1.435 10 10.4012 0 0 14013.5 12737.4 14485.2 24676.9 
1.435 10 9.59879 0 0 14013.5 12737.4 14485.2 -24676.9 
1.44 10.0215 10 0.296871 2.94439e-11 28164.1 25281.6 28.7475 1.88867e-10 
1.44 10 10.4012 0 0 14102.3 12725.3 14484.8 24708.3 
1.44 10 9.59879 0 0 14102.3 12725.3 14484.8 -24708.3 
1.445 10.023 10 0.298937 2.9417e-11 28336.7 25255.5 29.1271 -9.31518e-10 
1.445 10 10.4012 0 0 14191.7 12712.3 14484.5 24733.6 
1.445 10 9.59879 0 0 14191.7 12712.3 14484.5 -24733.6 
1.45 10.0245 10 0.301032 2.93077e-11 28509.8 25227.5 29.5116 -2.13859e-09 
1.45 10 10.4012 0 0 14281.5 12698.3 14484.2 24762.7 
1.45 10 9.59879 0 0 14281.5 12698.3 14484.2 -24762.7 
1.455 10.026 10 0.303153 2.91134e-11 28683.5 25197.6 29.9008 -3.31193e-09 
1.455 10 10.4012 0 0 14371.9 12683.3 14483.8 24785.8 
1.455 10 9.59879 0 0 14371.9 12683.3 14483.8 -24785.8 
1.46 10.0276 10 0.305303 2.88324e-11 28857.5 25165.7 30.2951 -4.55318e-09 
1.46 10 10.4012 0 0 14462.8 12667.4 14483.5 24812.6 
1.46 10 9.59879 0 0 14462.8 12667.4 14483.5 -24812.6 
1.465 10.0291 10 0.307481 2.8464e-11 29032 25131.8 30.6944 -5.76398e-09 
1.465 10 10.4012 0 0 14554.1 12650.4 14483.1 24833.4 
1.465 10 9.59879 0 0 14554.1 12650.4 14483.1 -24833.4 
1.47 10.0306 10 0.309688 2.80084e-11 29206.8 25095.8 31.0989 -6.9735e-09 
1.47 10 10.4012 0 0 14645.9 12632.4 14482.8 24857.8 
1.47 10 9.59879 0 0 14645.9 12632.4 14482.8 -24857.8 
1.475 10.0322 10 0.311924 2.74671e-11 29381.9 25057.8 31.5087 -8.15648e-09 
1.475 10 10.4012 0 0 14738.1 12613.4 14482.4 24876.2 
1.475 10 9.59879 0 0 14738.1 12613.4 14482.4 -24876.2 
1.48 10.0337 10 0.31419 2.68426e-11 29557.3 25017.7 31.924 -9.31689e-09 
1.48 10 10.4012 0 0 14830.8 12593.4 14482 24898.1 
1.48 10 9.59879 0 0 14830.8 12593.4 14482 -24898.1 
1.485 10.0353 10 0.316485 2.61388e-11 29732.8 24975.5 32.3448 -1.03934e-08 
1.485 10 10.4012 0 0 14923.9 12572.2 14481.7 24913.9 
1.485 10 9.59879 0 0 14923.9 12572.2 14481.7 -24913.9 
1.49 10.0369 10 0.318811 2.53603e-11 29908.5 24931 32.7713 -1.13904e-08 
1.49 10 10.4012 0 0 15017.4 12550 14481.3 24933.3 
1.49 10 9.59879 0 0 15017.4 12550 14481.3 -24933.3 
1.495 10.0385 10 0.321167 2.45133e-11 30084.3 24884.4 33.2037 -1.22977e-08 
1.495 10 10.4012 0 0 15111.3 12526.7 14480.9 24946.5 
1.495 10 9.59879 0 0 15111.3 12526.7 14480.9 -24946.5 
1.5 10.0401 10 0.323554 2.36048e-11 30260.1 24835.6 33.642 -1.31055e-08 
1.5 10 10.4012 0 0 15205.5 12502.3 14480.5 24963.3 
1.5 10 9.59879 0 0 15205.5 12502.3 14480.5 -24963.3 
1.505 10.0418 10 0.325973 2.26427e-11 30435.9 24784.4 34.0865 -1.38003e-08 
1.505 10 10.4012 0 0 15300.1 12476.7 14480.1 24973.8 
1.505 10 9.59879 0 0 15300.1 12476.7 14480.1 -24973.8 
1.51 10.0434 10 0.328424 2.16357e-11 30611.6 24731 34.5373 -1.43796e-08 
1.51 10 10.4012 0 0 15395 12450 14479.7 24987.8 
1.51 10 9.59879 0 0 15395 12450 14479.7 -24987.8 
1.515 10.045 10 0.330907 2.05932e-11 30787.2 24675.3 34.9946 -1.48085e-08 
1.515 10 10.4012 0 0 15490.3 12422.1 14479.3 24995.5 
1.515 10 9.59879 0 0 15490.3 12422.1 14479.3 -24995.5 
1.52 10.0467 10 0.333423 1.9525e-11 30962.5 24617.2 35.4586 -1.50846e-08 
1.52 10 10.4012 0 0 15585.8 12393.1 14478.9 25006.7 
1.52 10 9.59879 0 0 15585.8 12393.1 14478.9 -25006.7 
1.525 10.0484 10 0.335973 1.84412e-11 31137.6 24556.7 35.9294 -1.52457e-08 
1.525 10 10.4012 0 0 15681.5 12362.8 14478.5 25011.5 
1.525 10 9.59879 0 0 15681.5 12362.8 14478.5 -25011.5 
1.53 10.0501 10 0.338556 1.73519e-11 31312.3 24493.7 36.4073 -1.52351e-08 
1.53 10 10.4012 0 0 15777.5 12331.4 14478.1 25019.7 
1.53 10 9.59879 0 0 15777.5 12331.4 14478.1 -25019.7 
1.535 10.0518 10 0.341174 1.62669e-11 31486.6 24428.3 36.8924 -1.51232e-08 
1.535 10 10.4012 0 0 15873.7 12298.7 14477.7 25021.6 
1.535 10 9.59879 0 0 15873.7 12298.7 14477.7 -25021.6 
1.54 10.0535 10 0.343827 1.51959e-11 31660.4 24360.4 37.385 -1.48641e-08 
1.54 10 10.4012 0 0 15970.2 12264.7 14477.2 25026.8 
1.54 10 9.59879 0 0 15970.2 12264.7 14477.2 -25026.8 
1.545 10.0552 10 0.346515 1.41474e-11 31833.7 24290 37.8854 -1.44845e-08 
1.545 10 10.4012 0 0 16066.7 12229.5 14476.8 25025.7 
1.545 10 9.59879 0 0 16066.7 12229.5 14476.8 -25025.7 
1.55 10.0569 10 0.349239 1.31298e-11 32006.3 24217 38.3938 -1.39892e-08 
1.55 10 10.4012 0 0 16163.5 12193 14476.4 25027.8 
1.55 10 9.59879 0 0 16163.5 12193 14476.4 -25027.8 
1.555 10.0587 10 0.352 1.215e-11 32178.2 24141.5 38.9104 -1.34154e-08 
1.555 10 10.4012 0 0 16260.3 12155.2 14475.9 25023.4 
1.555 10 9.59879 0 0 16260.3 12155.2 14475.9 -25023.4 
1.56 10.0605 10 0.354798 1.12142e-11 32349.3 24063.3 39.4355 -1.27678e-08 
1.56 10 10.4012 0 0 16357.2 12116.1 14475.4 25022.4 
1.56 10 9.59879 0 0 16357.2 12116.1 14475.4 -25022.4 
1.565 10.0622 10 0.357634 1.03273e-11 32519.5 23982.4 39.9694 -1.20579e-08 
1.565 10 10.4012 0 0 16454.2 12075.7 14475 25014.8 
1.565 10 9.59879 0 0 16454.2 12075.7 14475 -25014.8 
1.57 10.064 10 0.360508 9.49303e-12 32688.7 23898.9 40.5125 -1.12936e-08 
1.57 10 10.4012 0 0 16551.2 12034 14474.5 25010.4 
1.57 10 9.59879 0 0 16551.2 12034 14474.5 -25010.4 
1.575 10.0658 10 0.363421 8.71383e-12 32856.9 23812.7 41.0651 -1.05224e-08 
1.575 10 10.4012 0 0 16648.2 11990.9 14474 24999.5 
1.575 10 9.59879 0 0 16648.2 11990.9 14474 -24999.5 
1.58 10.0677 10 0.366375 7.99114e-12 33024 23723.7 41.6274 -9.71176e-09 
1.58 10 10.4012 0 0 16745.2 11946.4 14473.5 24991.7 
1.58 10 9.59879 0 0 16745.2 11946.4 14473.5 -24991.7 
1.585 10.0695 10 0.369368 7.32521e-12 33189.8 23632 42.2 -8.93095e-09 
1.585 10 10.4012 0 0 16842.1 11900.5 14473 24977.4 
1.585 10 9.59879 0 0 16842.1 11900.5 14473 -24977.4 
1.59 10.0714 10 0.372403 6.71532e-12 33354.3 23537.5 42.7831 -8.15434e-09 
1.59 10 10.4012 0 0 16938.9 11853.3 14472.5 24966.2 
1.59 10 9.59879 0 0 16938.9 11853.3 14472.5 -24966.2 
1.595 10.0732 10 0.375481 6.15996e-12 33517.5 23440.1 43.3773 -7.39992e-09 
1.595 10 10.4012 0 0 17035.6 11804.6 14472 24948.4 
1.595 10 9.59879 0 0 17035.6 11804.6 14472 -24948.4 
1.6 10.0751 10 0.3786 5.65666e-12 33679.1 23340 43.9829 -6.6928e-09 
1.6 10 10.4012 0 0 17132.1 11754.5 14471.5 24933.6 
1.6 10 9.59879 0 0 17132.1 11754.5 14471.5 -24933.6 
1.605 10.077 10 0.381764 5.20266e-12 33839.1 23236.9 44.6005 -6.02533e-09 
1.605 10 10.4012 0 0 17228.4 11702.9 14471 24912.2 
1.605 10 9.59879 0 0 17228.4 11702.9 14471 -24912.2 
1.61 10.0789 10 0.384972 4.79463e-12 33997.4 23130.9 45.2304 -5.38976e-09 
1.61 10 10.4012 0 0 17324.5 11650 14470.4 24893.8 
1.61 10 9.59879 0 0 17324.5 11650 14470.4 -24893.8 
1.615 10.0809 10 0.388226 4.42891e-12 34153.9 23022 45.8734 -4.82924e-09 
1.615 10 10.4012 0 0 17420.3 11595.5 14469.9 24868.7 
1.615 10 9.59879 0 0 17420.3 11595.5 14469.9 -24868.7 
1.62 10.0828 10 0.391526 4.10186e-12 34308.5 22910.2 46.5299 -4.33234e-09 
1.62 10 10.4012 0 0 17515.9 11539.6 14469.3 24846.6 
1.62 10 9.59879 0 0 17515.9 11539.6 14469.3 -24846.6 
1.625 10.0848 10 0.394873 3.80962e-12 34461.1 22795.4 47.2005 -3.86577e-09 
1.625 10 10.4012 0 0 17611 11482.2 14468.8 24817.7 
1.625 10 9.59879 0 0 17611 11482.2 14468.8 -24817.7 
1.63 10.0868 10 0.398269 3.54858e-12 34611.6 22677.5 47.8859 -3.45451e-09 
1.63 10 10.4012 0 0 17705.8 11423.3 14468.2 24791.8 
1.63 10 9.59879 0 0 17705.8 11423.3 14468.2 -24791.8 
1.635 10.0888 10 0.401715 3.3152e-12 34759.9 22556.7 48.5868 -3.08714e-09 
1.635 10 10.4012 0 0 17800.2 11362.9 14467.6 24759.1 
1.635 10 9.59879 0 0 17800.2 11362.9 14467.6 -24759.1 
1.64 10.0908 10 0.405211 3.10621e-12 34905.8 22432.9 49.3039 -2.75957e-09 
1.64 10 10.4012 0 0 17894.1 11300.9 14467 24729.4 
1.64 10 9.59879 0 0 17894.1 11300.9 14467 -24729.4 
1.645 10.0928 10 0.408758 2.91861e-12 35049.4 22306 50.038 -2.50774e-09 
1.645 10 10.4012 0 0 17987.5 11237.5 14466.4 24692.8 
1.645 10 9.59879 0 0 17987.5 11237.5 14466.4 -24692.8 
1.65 10.0949 10 0.412359 2.74962e-12 35190.3 22176 50.79 -2.25125e-09 
1.65 10 10.4012 0 0 18080.3 11172.5 14465.7 24659.2 
1.65 10 9.59879 0 0 18080.3 11172.5 14465.7 -24659.2 
1.655 10.0969 10 0.416015 2.59676e-12 35328.7 22042.9 51.5606 -2.04795e-09 
1.655 10 10.4012 0 0 18172.6 11106 14465.1 24618.6 
1.655 10 9.59879 0 0 18172.6 11106 14465.1 -24618.6 
1.66 10.099 10 0.419726 2.45808e-12 35464.2 21906.8 52.351 -1.87574e-09 
1.66 10 10.4012 0 0 18264.2 11037.9 14464.4 24581 
1.66 10 9.59879 0 0 18264.2 11037.9 14464.4 -24581 
1.665 10.1011 10 0.423494 2.33151e-12 35596.9 21767.5 53.162 -1.70886e-09 
1.665 10 10.4012 0 0 18355.2 10968.3 14463.8 24536.5 
1.665 10 9.59879 0 0 18355.2 10968.3 14463.8 -24536.5 
1.67 10.1033 10 0.427321 2.21558e-12 35726.6 21625.1 53.9948 -1.54711e-09 
1.67 10 10.4012 0 0 18445.5 10897.1 14463.1 24494.8 
1.67 10 9.59879 0 0 18445.5 10897.1 14463.1 -24494.8 
1.675 10.1054 10 0.431208 2.10885e-12 35853.2 21479.6 54.8505 -1.45213e-09 
1.675 10 10.4012 0 0 18534.9 10824.3 14462.4 24446.2 
1.675 10 9.59879 0 0 18534.9 10824.3 14462.4 -24446.2 
1.68 10.1076 10 0.435157 2.01025e-12 35976.5 21330.9 55.7304 -1.34738e-09 
1.68 10 10.4012 0 0 18623.6 10750 14461.7 24400.4 
1.68 10 9.59879 0 0 18623.6 10750 14461.7 -24400.4 
1.685 10.1098 10 0.43917 1.91871e-12 36096.5 21179.1 56.6358 -1.25452e-09 
1.685 10 10.4012 0 0 18711.5 10674.1 14460.9 24347.7 
1.685 10 9.59879 0 0 18711.5 10674.1 14460.9 -24347.7 
1.69 10.112 10 0.443248 1.83346e-12 36213.1 21024.1 57.5681 -1.16983e-09 
1.69 10 10.4012 0 0 18798.4 10596.6 14460.2 24297.7 
1.69 10 9.59879 0 0 18798.4 10596.6 14460.2 -24297.7 
1.695 10.1142 10 0.447395 1.75381e-12 36326 20866 58.5288 -1.06045e-09 
1.695 10 10.4012 0 0 18884.4 10517.5 14459.4 24240.9 
1.695 10 9.59879 0 0 18884.4 10517.5 14459.4 -24240.9 
1.7 10.1164 10 0.45161 1.67916e-12 36435.3 20704.7 59.5197 -1.00998e-09 
1.7 10 10.4012 0 0 18969.4 10436.9 14458.6 24186.8 
1.7 10 9.59879 0 0 18969.4 10436.9 14458.6 -24186.8 
1.705 10.1187 10 0.455898 1.60912e-12 36540.8 20540.2 60.5424 -9.45606e-10 
1.705 10 10.4012 0 0 19053.3 10354.6 14457.8 24125.8 
1.705 10 9.59879 0 0 19053.3 10354.6 14457.8 -24125.8 
1.71 10.121 10 0.46026 1.54315e-12 36642.3 20372.6 61.5988 -8.89076e-10 
1.71 10 10.4012 0 0 19136.2 10270.8 14457 24067.5 
1.71 10 9.59879 0 0 19136.2 10270.8 14457 -24067.5 
1.715 10.1233 10 0.464699 1.48092e-12 36739.8 20201.8 62.6909 -8.58536e-10 
1.715 10 10.4012 0 0 19218 10185.4 14456.1 24002.3 
1.715 10 9.59879 0 0 19218 10185.4 14456.1 -24002.3 
1.72 10.1256 10 0.469217 1.42209e-12 36833.1 20027.8 63.821 -8.03006e-10 
1.72 10 10.4012 0 0 19298.5 10098.4 14455.2 23939.8 
1.72 10 9.59879 0 0 19298.5 10098.4 14455.2 -23939.8 
1.725 10.128 10 0.473817 1.36651e-12 36922.1 19850.7 64.9912 -7.6612e-10 
1.725 10 10.4012 0 0 19377.9 10009.9 14454.3 23870.4 
1.725 10 9.59879 0 0 19377.9 10009.9 14454.3 -23870.4 
1.73 10.1304 10 0.478502 1.31382e-12 37006.7 19670.5 66.2043 -7.15087e-10 
1.73 10 10.4012 0 0 19455.9 9919.75 14453.4 23803.7 
1.73 10 9.59879 0 0 19455.9 9919.75 14453.4 -23803.7 
1.735 10.1328 10 0.483276 1.26386e-12 37086.8 19487.1 67.4628 -6.97179e-10 
1.735 10 10.4012 0 0 19532.7 9828.06 14452.4 23730.1 
1.735 10 9.59879 0 0 19532.7 9828.06 14452.4 -23730.1 
1.74 10.1352 10 0.488141 1.21643e-12 37162.3 19300.6 68.7698 -6.57795e-10 
1.74 10 10.4012 0 0 19608 9734.81 14451.4 23659.3 
1.74 10 9.59879 0 0 19608 9734.81 14451.4 -23659.3 
1.745 10.1377 10 0.493101 1.17134e-12 37233 19111 70.1283 -6.18742e-10 
1.745 10 10.4012 0 0 19682 9640.01 14450.4 23581.4 
1.745 10 9.59879 0 0 19682 9640.01 14450.4 -23581.4 
1.75 10.1401 10 0.498161 1.12846e-12 37298.9 18918.3 71.5417 -5.94547e-10 
1.75 10 10.4012 0 0 19754.5 9543.65 14449.4 23506.4 
1.75 10 9.59879 0 0 19754.5 9543.65 14449.4 -23506.4 
1.755 10.1427 10 0.503323 1.08765e-12 37359.7 18722.5 73.0138 -5.5973e-10 
1.755 10 10.4012 0 0 19825.5 9445.77 14448.3 23424.4 
1.755 10 9.59879 0 0 19825.5 9445.77 14448.3 -23424.4 
1.76 10.1452 10 0.508593 1.04876e-12 37415.5 18523.7 74.5485 -5.32458e-10 
1.76 10 10.4012 0 0 19894.9 9346.35 14447.1 23345.2 
1.76 10 9.59879 0 0 19894.9 9346.35 14447.1 -23345.2 
1.765 10.1477 10 0.513974 1.01174e-12 37466.1 18321.8 76.1501 -4.94532e-10 
1.765 10 10.4012 0 0 19962.7 9245.42 14445.9 23259.1 
1.765 10 9.59879 0 0 19962.7 9245.42 14445.9 -23259.1 
1.77 10.1503 10 0.519473 9.76408e-13 37511.4 18116.9 77.8233 -4.93224e-10 
1.77 10 10.4012 0 0 20028.9 9142.98 14444.7 23175.8 
1.77 10 9.59879 0 0 20028.9 9142.98 14444.7 -23175.8 
1.775 10.1529 10 0.525094 9.42627e-13 37551.2 17909.1 79.5733 -4.72124e-10 
1.775 10 10.4012 0 0 20093.4 9039.05 14443.5 23085.6 
1.775 10 9.59879 0 0 20093.4 9039.05 14443.5 -23085.6 
1.78 10.1556 10 0.530843 9.10492e-13 37585.5 17698.3 81.4055 -4.27606e-10 
1.78 10 10.4012 0 0 20156.1 8933.64 14442.1 22998.2 
1.78 10 9.59879 0 0 20156.1 8933.64 14442.1 -22998.2 
1.785 10.1582 10 0.536725 8.79763e-13 37614.2 17484.5 83.3259 -4.3058e-10 
1.785 10 10.4012 0 0 20217.1 8826.77 14440.8 22904 
1.785 10 9.59879 0 0 20217.1 8826.77 14440.8 -22904 
1.79 10.1609 10 0.542749 8.50415e-13 37637.2 17267.9 85.3411 -3.99186e-10 
1.79 10 10.4012 0 0 20276.2 8718.45 14439.3 22812.7 
1.79 10 9.59879 0 0 20276.2 8718.45 14439.3 -22812.7 
1.795 10.1637 10 0.548919 8.22366e-13 37654.3 17048.4 87.4583 -3.9526e-10 
1.795 10 10.4012 0 0 20333.5 8608.69 14437.8 22714.5 
1.795 10 9.59879 0 0 20333.5 8608.69 14437.8 -22714.5 
1.8 10.1664 10 0.555245 7.95551e-13 37665.5 16826 89.6852 -3.58763e-10 
1.8 10 10.4012 0 0 20388.8 8497.53 14436.3 22619.3 
1.8 10 9.59879 0 0 20388.8 8497.53 14436.3 -22619.3 
1.805 10.1692 10 0.561734 7.6991e-13 37670.7 16600.9 92.0304 -3.49716e-10 
1.805 10 10.4012 0 0 20442.2 8384.97 14434.7 22517.3 
1.805 10 9.59879 0 0 20442.2 8384.97 14434.7 -22517.3 
1.81 10.172 10 0.568395 7.45422e-13 37669.7 16373.1 94.5034 -3.40831e-10 
1.81 10 10.4012 0 0 20493.6 8271.03 14433 22418.2 
1.81 10 9.59879 0 0 20493.6 8271.03 14433 -22418.2 
1.815 10.1749 10 0.575238 7.21978e-13 37662.5 16142.5 97.1143 -3.28454e-10 
1.815 10 10.4012 0 0 20542.9 8155.74 14431.2 22312.5 
1.815 10 9.59879 0 0 20542.9 8155.74 14431.2 -22312.5 
1.82 10.1778 10 0.582272 6.99549e-13 37649 15909.2 99.8745 -3.03486e-10 
1.82 10 10.4012 0 0 20590.2 8039.11 14429.3 22209.7 
1.82 10 9.59879 0 0 20590.2 8039.11 14429.3 -22209.7 
1.825 10.1807 10 0.58951 6.78095e-13 37629.1 15673.3 102.797 -2.76835e-10 
1.825 10 10.4012 0 0 20635.3 7921.17 14427.3 22100.4 
1.825 10 9.59879 0 0 20635.3 7921.17 14427.3 -22100.4 
1.83 10.1837 10 0.596962 6.57556e-13 37602.7 15434.9 105.894 -2.83055e-10 
1.83 10 10.4012 0 0 20678.3 7801.94 14425.3 21994.1 
1.83 10 9.59879 0 0 20678.3 7801.94 14425.3 -21994.1 
1.835 10.1867 10 0.604642 6.37907e-13 37569.7 15193.9 109.183 -2.56657e-10 
1.835 10 10.4012 0 0 20719.1 7681.45 14423.1 21881.2 
1.835 10 9.59879 0 0 20719.1 7681.45 14423.1 -21881.2 
1.84 10.1897 10 0.612564 6.19162e-13 37530.1 14950.4 112.679 -2.61308e-10 
1.84 10 10.4012 0 0 20757.7 7559.71 14420.8 21771.4 
1.84 10 9.59879 0 0 20757.7 7559.71 14420.8 -21771.4 
1.845 10.1928 10 0.620744 6.01224e-13 37483.7 14704.5 116.402 -2.49702e-10 
1.845 10 10.4012 0 0 20794.1 7436.75 14418.3 21655.2 
1.845 10 9.59879 0 0 20794.1 7436.75 14418.3 -21655.2 
1.85 10.1959 10 0.629199 5.84051e-13 37430.5 14456.2 120.373 -2.41841e-10 
1.85 10 10.4012 0 0 20828.1 7312.59 14415.8 21542.2 
1.85 10 9.59879 0 0 20828.1 7312.59 14415.8 -21542.2 
1.855 10.1991 10 0.637947 5.67656e-13 37370.4 14205.5 124.614 -2.24993e-10 
1.855 10 10.4012 0 0 20859.8 7187.27 14413 21422.8 
1.855 10 9.59879 0 0 20859.8 7187.27 14413 -21422.8 
1.86 10.2023 10 0.647008 5.52017e-13 37303.3 13952.6 129.152 -2.15528e-10 
1.86 10 10.4012 0 0 20889.2 7060.81 14410.1 21306.7 
1.86 10 9.59879 0 0 20889.2 7060.81 14410.1 -21306.7 
1.865 10.2056 10 0.656405 5.37086e-13 37229.1 13697.4 134.018 -2.04342e-10 
1.865 10 10.4012 0 0 20916.1 6933.22 14407 21184.2 
1.865 10 9.59879 0 0 20916.1 6933.22 14407 -21184.2 
1.87 10.2089 10 0.666162 5.22806e-13 37147.7 13440.1 139.242 -1.91429e-10 
1.87 10 10.4012 0 0 20940.6 6804.55 14403.7 21065.2 
1.87 10 9.59879 0 0 20940.6 6804.55 14403.7 -21065.2 
1.875 10.2122 10 0.676306 5.09227e-13 37059 13180.6 144.864 -1.94985e-10 
1.875 10 10.4012 0 0 20962.7 6674.81 14400.2 20939.9 
1.875 10 9.59879 0 0 20962.7 6674.81 14400.2 -20939.9 
1.88 10.2157 10 0.686867 4.963e-13 36963.1 12919.1 150.926 -1.82261e-10 
1.88 10 10.4012 0 0 20982.3 6544.03 14396.5 20818.1 
1.88 10 9.59879 0 0 20982.3 6544.03 14396.5 -20818.1 
1.885 10.2191 10 0.697879 4.84031e-13 36859.6 12655.5 157.475 -1.65991e-10 
1.885 10 10.4012 0 0 20999.3 6412.24 14392.4 20690.2 
1.885 10 9.59879 0 0 20999.3 6412.24 14392.4 -20690.2 
1.89 10.2226 10 0.709377 4.72403e-13 36748.7 12389.9 164.567 -1.5163e-10 
1.89 10 10.4012 0 0 21013.8 6279.45 14388.1 20565.8 
1.89 10 9.59879 0 0 21013.8 6279.45 14388.1 -20565.8 
1.895 10.2262 10 0.721403 4.61378e-13 36630.1 12122.4 172.264 -1.50087e-10 
1.895 10 10.4012 0 0 21025.7 6145.71 14383.4 20435.5 
1.895 10 9.59879 0 0 21025.7 6145.71 14383.4 -20435.5 
1.9 10.2299 10 0.734002 4.50948e-13 36503.7 11853 180.64 -1.48627e-10 
1.9 10 10.4012 0 0 21034.9 6011.02 14378.3 20308.8 
1.9 10 9.59879 0 0 21034.9 6011.02 14378.3 -20308.8 
1.905 10.2336 10 0.747226 4.41138e-13 36369.4 11581.8 189.778 -1.36339e-10 
1.905 10 10.4012 0 0 21041.5 5875.41 14372.8 20176.1 
1.905 10 9.59879 0 0 21041.5 5875.41 14372.8 -20176.1 
1.91 10.2373 10 0.761134 4.319e-13 36227.1 11308.8 199.775 -1.31408e-10 
1.91 10 10.4012 0 0 21045.3 5738.9 14366.8 20047.3 
1.91 10 9.59879 0 0 21045.3 5738.9 14366.8 -20047.3 
1.915 10.2412 10 0.775789 4.23299e-13 36076.6 11034 210.744 -9.74616e-11 
1.915 10 10.4012 0 0 21046.4 5601.52 14360.3 19912.6 
1.915 10 9.59879 0 0 21046.4 5601.52 14360.3 -19912.6 
1.92 10.2451 10 0.791266 4.15315e-13 35917.8 10757.5 222.819 -1.10896e-10 
1.92 10 10.4012 0 0 21044.6 5463.28 14353.2 19781.7 
1.92 10 9.59879 0 0 21044.6 5463.28 14353.2 -19781.7 
1.925 10.2491 10 0.80765 4.07925e-13 35750.3 10479.4 236.156 -1.00766e-10 
1.925 10 10.4012 0 0 21039.8 5324.19 14345.4 19645.1 
1.925 10 9.59879 0 0 21039.8 5324.19 14345.4 -19645.1 
1.93 10.2532 10 0.825037 4.01197e-13 35574 10199.5 250.94 -9.80053e-11 
1.93 10 10.4012 0 0 21032.1 5184.27 14336.8 19512.4 
1.93 10 9.59879 0 0 21032.1 5184.27 14336.8 -19512.4 
1.935 10.2573 10 0.843538 3.95114e-13 35388.6 9918.05 267.394 -7.4416e-11 
1.935 10 10.4012 0 0 21021.2 5043.53 14327.3 19373.9 
1.935 10 9.59879 0 0 21021.2 5043.53 14327.3 -19373.9 
1.94 10.2616 10 0.863282 3.89673e-13 35193.7 9634.93 285.783 -7.72924e-11 
1.94 10 10.4012 0 0 21007 4901.97 14316.7 19239.3 
1.94 10 9.59879 0 0 21007 4901.97 14316.7 -19239.3 
1.945 10.266 10 0.884418 3.84964e-13 34988.9 9350.18 306.43 -5.2986e-11 
1.945 10 10.4012 0 0 20989.4 4759.59 14304.9 19099 
1.945 10 9.59879 0 0 20989.4 4759.59 14304.9 -19099 
1.95 10.2704 10 0.907121 3.80973e-13 34773.8 9063.78 329.729 -5.33368e-11 
1.95 10 10.4012 0 0 20968.2 4616.39 14291.6 18962.6 
1.95 10 9.59879 0 0 20968.2 4616.39 14291.6 -18962.6 
1.955 10.275 10 0.931597 3.77812e-13 34547.6 8775.71 356.163 -5.10752e-11 
1.955 10 10.4012 0 0 20943.1 4472.36 14276.7 18820.2 
1.955 10 9.59879 0 0 20943.1 4472.36 14276.7 -18820.2 
1.96 10.2798 10 0.95809 3.75485e-13 34309.7 8485.93 386.334 -2.25548e-11 
1.96 10 10.4012 0 0 20913.8 4327.47 14259.8 18681.6 
1.96 10 9.59879 0 0 20913.8 4327.47 14259.8 -18681.6 
1.965 10.2846 10 0.986894 3.74141e-13 34059.2 8194.39 420.998 -1.69096e-11 
1.965 10 10.4012 0 0 20879.7 4181.7 14240.4 18536.7 
1.965 10 9.59879 0 0 20879.7 4181.7 14240.4 -18536.7 
1.97 10.2896 10 1.01836 3.73845e-13 33794.8 7901 461.114 -6.86358e-12 
1.97 10 10.4012 0 0 20840.5 4035 14218.2 18395.1 
1.97 10 9.59879 0 0 20840.5 4035 14218.2 -18395.1 
1.975 10.2948 10 1.05293 3.74696e-13 33515 7605.65 507.916 7.56924e-12 
1.975 10 10.4012 0 0 20795.3 3887.33 14192.3 18246.6 
1.975 10 9.59879 0 0 20795.3 3887.33 14192.3 -18246.6 
1.98 10.3002 10 1.09112 3.76969e-13 33218 7308.19 563.011 6.00022e-11 
1.98 10 10.4012 0 0 20743.1 3738.6 14162.1 18100.4 
1.98 10 9.59879 0 0 20743.1 3738.6 14162.1 -18100.4 
1.985 10.3057 10 1.1336 3.80823e-13 32901.2 7008.45 628.528 7.21957e-11 
1.985 10 10.4012 0 0 20682.7 3588.73 14126.4 17946.1 
1.985 10 9.59879 0 0 20682.7 3588.73 14126.4 -17946.1 
1.99 10.3115 10 1.18122 3.86487e-13 32561.2 6706.17 707.331 7.68598e-11 
1.99 10 10.4012 0 0 20612.1 3437.59 14083.7 17792.1 
1.99 10 9.59879 0 0 20612.1 3437.59 14083.7 -17792.1 
1.995 10.3176 10 1.23506 3.94499e-13 32193.5 6401.06 803.352 1.43951e-10 
1.995 10 10.4012 0 0 20528.8 3285.04 14031.9 17627.3 
1.995 10 9.59879 0 0 20528.8 3285.04 14031.9 -17627.3 
2 10.3239 10 1.29653 4.05241e-13 31791.9 6092.72 922.105 1.67913e-10 
2 10 10.4012 0 0 20429.1 3130.86 13968.2 17459 
2 10 9.59879 0 0 20429.1 3130.86 13968.2 -17459 
2.005 10.3305 10 1.36752 4.19455e-13 31347.3 5780.63 1071.51 2.2595e-10 
2.005 10 10.4012 0 0 20307.8 2974.82 13888.5 17273.9 
2.005 10 9.59879 0 0 20307.8 2974.82 13888.5 -17273.9 
2.01 10.3376 10 1.4506 4.3824e-13 30846.7 5464.15 1263.28 3.12452e-10 
2.01 10 10.4012 0 0 20156.7 2816.58 13786.8 17076.3 
2.01 10 9.59879 0 0 20156.7 2816.58 13786.8 -17076.3 
2.015 10.3451 10 1.54941 4.63064e-13 30270.6 5142.41 1515.28 3.98563e-10 
2.015 10 10.4012 0 0 19963.4 2655.71 13653.9 16848 
2.015 10 9.59879 0 0 19963.4 2655.71 13653.9 -16848 
2.02 10.3531 10 1.66917 4.96086e-13 29588.2 4814.27 1855.89 5.28546e-10 
2.02 10 10.4012 0 0 19707.8 2491.64 13475.2 16584.8 
2.02 10 9.59879 0 0 19707.8 2491.64 13475.2 -16584.8 
2.025 10.3618 10 1.81774 5.40803e-13 28749.1 4478.18 2332.13 7.25105e-10 
2.025 10 10.4012 0 0 19356.4 2323.59 13226.7 16253 
2.025 10 9.59879 0 0 19356.4 2323.59 13226.7 -16253 
2.03 10.3714 10 2.00747 6.03071e-13 27666.2 4131.99 3026.36 1.02653e-09 
2.03 10 10.4012 0 0 18849.2 2150.5 12866.3 15819.6 
2.03 10 9.59879 0 0 18849.2 2150.5 12866.3 -15819.6 
2.035 10.382 10 2.25882 6.92836e-13 26178.3 3772.65 4092.49 1.53829e-09 
2.035 10 10.4012 0 0 18072.9 1970.83 12315.7 15192.5 
2.035 10 9.59879 0 0 18072.9 1970.83 12315.7 -15192.5 
2.04 10.3941 10 2.60812 8.29523e-13 23961.5 3395.65 5842.6 2.37136e-09 
2.04 10 10.4012 0 0 16794 1782.33 11416.2 14209.1 
2.04 10 9.59879 0 0 16794 1782.33 11416.2 -14209.1 
2.045 10.4083 10 3.12572 1.05353e-12 20294 2994.01 8978.33 4.09966e-09 
2.045 10 10.4012 0 0 14478.2 1581.51 9812.08 12459.9 
2.045 10 9.59879 0 0 14478.2 1581.51 9812.08 -12459.9 
2.05 10.4259 10 3.96435 1.46403e-12 13329.5 2556.43 15306.8 8.03264e-09 
2.05 10 10.4012 0 0 9719.53 1362.72 6589.15 8884.11 
2.05 10 9.59879 0 0 9719.53 1362.72 6589.15 -8884.11 
2.055 10.4491 10 5.50194 2.21642e-12 0 2063.61 27810.9 5.69109e-11 
2.055 10 10.4012 0 0 0 1116.31 229.537 1452.55 
2.055 10 9.59879 0 0 0 1116.31 229.537 -1452.55 
2.06 10.4816 10 7.45385 2.21603e-12 0 1518.3 26835.5 -6.66141e-11 
2.06 10 10.4012 0 0 0 843.655 580.608 1075.26 
2.06 10 9.59879 0 0 0 843.655 580.608 -1075.26 
2.065 10.5236 10 9.33609 2.20754e-12 0 1007.38 25880.4 -1.66494e-10 
2.065 10 10.4012 0 0 0 588.196 926.392 734.36 
2.065 10 9.59879 0 0 0 588.196 926.392 -734.36 
2.07 10.5748 10 11.154 2.19301e-12 0 600.613 25047 -2.34264e-10 
2.07 10 10.4012 0 0 0 384.812 1215.82 483.279 
2.07 10 9.59879 0 0 0 384.812 1215.82 -483.279 
2.075 10.635 10 12.9183 2.17476e-12 0 320.861 24383 -2.72068e-10 
2.075 10 10.4012 0 0 0 244.936 1424.35 318.385 
2.075 10 9.59879 0 0 0 244.936 1424.35 -318.385 
2.08 10.7039 10 14.6412 2.15462e-12 0 153.286 23881.5 -2.89059e-10 
2.08 10 10.4012 0 0 0 161.148 1554.49 230.826 
2.08 10 9.59879 0 0 0 161.148 1554.49 -230.826 
2.085 10.7814 10 16.3329 2.13373e-12 0 65.4168 23503.3 -2.94434e-10 
2.085 10 10.4012 0 0 0 117.213 1625.15 185.021 
2.085 10 9.59879 0 0 0 117.213 1625.15 -185.021 
2.09 10.8672 10 18.0006 2.11268e-12 0 24.9323 23202.8 -2.94493e-10 
2.09 10 10.4012 0 0 0 96.9712 1658.67 169.155 
2.09 10 9.59879 0 0 0 96.9712 1658.67 -169.155 
2.095 10.9613 10 19.6486 2.09171e-12 0 8.49011 22944.2 -2.92494e-10 
2.095 10 10.4012 0 0 0 88.7501 1672.61 159.941 
2.095 10 9.59879 0 0 0 88.7501 1672.61 -159.941 
2.1 11.0637 10 21.2789 2.07091e-12 0 2.58562 22705.7 -2.89852e-10 
2.1 10 10.4012 0 0 0 85.7979 1677.72 160.148 
2.1 10 9.59879 0 0 0 85.7979 1677.72 -160.148 
