0 9.4 10 0 0 0 523.213 31268.9 -2.50111e-11 
0 10 10.3834 0 0 0 393.646 2515.54 514.388 
0 10 9.61664 0 0 0 393.646 2515.54 -514.388 
0 9.40556 10 2.22126 -1.8408e-15 0 554.749 30910.6 -2.6459e-11 
0 10 10.3834 0 0 0 409.414 2539.39 532.254 
0 10 9.61664 0 0 0 409.414 2539.39 -532.254 
0.005 9.42216 10 4.4133 -3.96966e-15 0 659.954 30445.8 -3.36075e-11 
0.005 10 10.3834 0 0 0 462.016 2618.3 590.246 
0.005 10 9.61664 0 0 0 462.016 2618.3 -590.246 
0.01 9.44963 10 6.56699 -6.84118e-15 0 876.682 29824.9 -4.90649e-11 
0.01 10 10.3834 0 0 0 570.38 2777.99 721.14 
0.01 10 9.61664 0 0 0 570.38 2777.99 -721.14 
0.015 9.48775 10 8.66779 -1.13251e-14 0 1290.05 28939.9 -8.18614e-11 
0.015 10 10.3834 0 0 0 777.063 3073.43 974.878 
0.015 10 9.61664 0 0 0 777.063 3073.43 -974.878 
0.02 9.53618 10 10.6902 -1.93441e-14 0 2076.45 27586.7 -1.53499e-10 
0.02 10 10.3834 0 0 0 1170.26 3608.45 1495.66 
0.02 10 9.61664 0 0 0 1170.26 3608.45 -1495.66 
0.025 9.58955 10 9.57793 8.49458e-13 82187 3428.11 -56185.4 6.34765e-09 
0.025 10 10.3834 0 0 60203.5 1846.1 45571.9 -41564.2 
0.025 10 9.61664 0 0 60203.5 1846.1 45571.9 41564.2 
0.03 9.62607 10 5.06541 8.30634e-13 80338.5 4751.09 -55264 -4.5765e-09 
0.03 10 10.3834 0 0 56113.6 2507.59 45427.1 -35757.4 
0.03 10 9.61664 0 0 56113.6 2507.59 45427.1 35757.4 
0.035 9.64366 10 2.3729 4.69176e-13 46812.3 5529.04 -22171.5 -4.5127e-09 
0.035 10 10.3834 0 0 31956 2896.56 29069.5 -17707.8 
0.035 10 9.61664 0 0 31956 2896.56 29069.5 17707.8 
0.04 9.65273 10 1.43241 2.29774e-13 31246.9 5969.31 -6912.44 -2.26682e-09 
0.04 10 10.3834 0 0 21080.7 3116.69 21505.9 -9739.28 
0.04 10 9.61664 0 0 21080.7 3116.69 21505.9 9739.28 
0.045 9.65902 10 1.13489 1.21914e-13 26441 6291.05 -2384.97 -9.31119e-10 
0.045 10 10.3834 0 0 17693.5 3277.57 19263 -7084.34 
0.045 10 9.61664 0 0 17693.5 3277.57 19263 7084.34 
0.05 9.66436 10 1.01627 7.80069e-14 24983.2 6575.32 -1192.06 -3.84727e-10 
0.05 10 10.3834 0 0 16602.8 3419.7 18674.9 -6026.26 
0.05 10 9.61664 0 0 16602.8 3419.7 18674.9 6026.26 
0.055 9.66925 10 0.945753 5.85745e-14 24381.3 6844.61 -843.222 -1.90101e-10 
0.055 10 10.3834 0 0 16100.7 3554.35 18505.4 -5387.61 
0.055 10 9.61664 0 0 16100.7 3554.35 18505.4 5387.61 
0.06 9.67384 10 0.89131 4.77366e-14 23992 7104.85 -696.382 -1.26738e-10 
0.06 10 10.3834 0 0 15750.2 3684.47 18435.8 -4857.74 
0.06 10 9.61664 0 0 15750.2 3684.47 18435.8 4857.74 
0.065 9.67818 10 0.845027 4.00195e-14 23667.7 7357.95 -604.634 -9.83722e-11 
0.065 10 10.3834 0 0 15450.9 3811.01 18393.2 -4377.06 
0.065 10 9.61664 0 0 15450.9 3811.01 18393.2 4377.06 
0.07 9.6823 10 0.804424 3.36732e-14 23374.3 7604.81 -534.898 -8.11126e-11 
0.07 10 10.3834 0 0 15178.9 3934.44 18361.1 -3918.43 
0.07 10 9.61664 0 0 15178.9 3934.44 18361.1 3918.43 
0.075 9.68623 10 0.768305 2.81027e-14 23102.4 7846.06 -478.233 -7.12377e-11 
0.075 10 10.3834 0 0 14927 4055.07 18335.3 -3485.99 
0.075 10 9.61664 0 0 14927 4055.07 18335.3 3485.99 
0.08 9.68999 10 0.735882 2.30624e-14 22847.5 8082.21 -430.982 -6.59845e-11 
0.08 10 10.3834 0 0 14691.6 4173.15 18314 -3066.54 
0.08 10 9.61664 0 0 14691.6 4173.15 18314 3066.54 
0.085 9.6936 10 0.706564 1.84283e-14 22607.1 8313.66 -390.979 -6.16977e-11 
0.085 10 10.3834 0 0 14470.4 4288.87 18296 -2667.86 
0.085 10 9.61664 0 0 14470.4 4288.87 18296 2667.86 
0.09 9.69706 10 0.679891 1.41277e-14 22379.2 8540.76 -356.718 -5.83671e-11 
0.09 10 10.3834 0 0 14261.6 4402.42 18280.8 -2278.18 
0.09 10 9.61664 0 0 14261.6 4402.42 18280.8 2278.18 
0.095 9.7004 10 0.655494 1.0084e-14 22162.3 8763.79 -327.086 -5.68915e-11 
0.095 10 10.3834 0 0 14063.8 4513.93 18267.7 -1906.09 
0.095 10 9.61664 0 0 14063.8 4513.93 18267.7 1906.09 
0.1 9.70362 10 0.633075 6.2691e-15 21955.2 8983.01 -301.238 -4.90814e-11 
0.1 10 10.3834 0 0 13875.8 4623.54 18256.3 -1540.41 
0.1 10 9.61664 0 0 13875.8 4623.54 18256.3 1540.41 
0.105 9.70673 10 0.612386 2.63077e-15 21756.9 9198.65 -278.523 -5.0391e-11 
0.105 10 10.3834 0 0 13696.6 4731.36 18246.4 -1190.16 
0.105 10 9.61664 0 0 13696.6 4731.36 18246.4 1190.16 
0.11 9.70975 10 0.593223 -8.41873e-16 21566.7 9410.9 -258.426 -5.08143e-11 
0.11 10 10.3834 0 0 13525.5 4837.49 18237.7 -844.499 
0.11 10 9.61664 0 0 13525.5 4837.49 18237.7 844.499 
0.115 9.71267 10 0.575415 -4.18599e-15 21383.9 9619.95 -240.54 -4.57986e-11 
0.115 10 10.3834 0 0 13361.9 4942.01 18230 -512.712 
0.115 10 9.61664 0 0 13361.9 4942.01 18230 512.712 
0.12 9.7155 10 0.558816 -7.41521e-15 21207.9 9825.94 -224.536 -4.35275e-11 
0.12 10 10.3834 0 0 13205 5045.01 18223.1 -184.167 
0.12 10 9.61664 0 0 13205 5045.01 18223.1 184.167 
0.125 9.71826 10 0.5433 -1.05469e-14 21038.3 10029 -210.145 -4.58176e-11 
0.125 10 10.3834 0 0 13054.5 5146.55 18217 131.685 
0.125 10 9.61664 0 0 13054.5 5146.55 18217 -131.685 
0.13 9.72094 10 0.528762 -1.35874e-14 20874.7 10229.3 -197.147 -4.63015e-11 
0.13 10 10.3834 0 0 12909.9 5246.71 18211.6 445.334 
0.13 10 9.61664 0 0 12909.9 5246.71 18211.6 -445.334 
0.135 9.72355 10 0.515108 -1.65581e-14 20716.6 10427 -185.36 -4.77045e-11 
0.135 10 10.3834 0 0 12770.7 5345.53 18206.6 747.214 
0.135 10 9.61664 0 0 12770.7 5345.53 18206.6 -747.214 
0.14 9.72609 10 0.502257 -1.94638e-14 20563.8 10622.1 -174.63 -3.82027e-11 
0.14 10 10.3834 0 0 12636.8 5443.07 18202.2 1047.72 
0.14 10 9.61664 0 0 12636.8 5443.07 18202.2 -1047.72 
0.145 9.72857 10 0.490139 -2.23184e-14 20416 10814.7 -164.829 -4.05316e-11 
0.145 10 10.3834 0 0 12507.7 5539.39 18198.1 1337.19 
0.145 10 9.61664 0 0 12507.7 5539.39 18198.1 -1337.19 
0.15 9.73099 10 0.47869 -2.51277e-14 20273 11005 -155.848 -3.46813e-11 
0.15 10 10.3834 0 0 12383.1 5634.53 18194.4 1625.95 
0.15 10 9.61664 0 0 12383.1 5634.53 18194.4 -1625.95 
0.155 9.73336 10 0.467857 -2.78873e-14 20134.4 11193 -147.594 -3.79329e-11 
0.155 10 10.3834 0 0 12262.9 5728.53 18191 1904.3 
0.155 10 9.61664 0 0 12262.9 5728.53 18191 -1904.3 
0.16 9.73567 10 0.45759 -3.06253e-14 20000.2 11378.8 -139.986 -3.39116e-11 
0.16 10 10.3834 0 0 12146.8 5821.43 18188 2182.49 
0.16 10 9.61664 0 0 12146.8 5821.43 18188 -2182.49 
0.165 9.73794 10 0.447845 -3.33283e-14 19870.1 11562.5 -132.957 -3.89902e-11 
0.165 10 10.3834 0 0 12034.6 5913.27 18185.1 2450.77 
0.165 10 9.61664 0 0 12034.6 5913.27 18185.1 -2450.77 
0.17 9.74015 10 0.438584 -3.60043e-14 19744 11744.1 -126.445 -3.67965e-11 
0.17 10 10.3834 0 0 11926.1 6004.08 18182.5 2719.37 
0.17 10 9.61664 0 0 11926.1 6004.08 18182.5 -2719.37 
0.175 9.74232 10 0.429771 -3.8662e-14 19621.7 11923.7 -120.4 -3.64244e-11 
0.175 10 10.3834 0 0 11821.2 6093.9 18180.1 2978.49 
0.175 10 9.61664 0 0 11821.2 6093.9 18180.1 -2978.49 
0.18 9.74445 10 0.421374 -4.13117e-14 19503 12101.4 -114.776 -3.96915e-11 
0.18 10 10.3834 0 0 11719.6 6182.76 18177.9 3238.32 
0.18 10 9.61664 0 0 11719.6 6182.76 18177.9 -3238.32 
0.185 9.74654 10 0.413365 -4.39309e-14 19387.9 12277.3 -109.533 -3.56868e-11 
0.185 10 10.3834 0 0 11621.2 6270.68 18175.8 3489.05 
0.185 10 9.61664 0 0 11621.2 6270.68 18175.8 -3489.05 
0.19 9.74858 10 0.405718 -4.65342e-14 19276.2 12451.3 -104.636 -3.71413e-11 
0.19 10 10.3834 0 0 11525.9 6357.7 18173.9 3740.83 
0.19 10 9.61664 0 0 11525.9 6357.7 18173.9 -3740.83 
0.195 9.75059 10 0.39841 -4.91445e-14 19167.8 12623.6 -100.053 -2.76809e-11 
0.195 10 10.3834 0 0 11433.6 6443.84 18172.1 3983.83 
0.195 10 9.61664 0 0 11433.6 6443.84 18172.1 -3983.83 
0.2 9.75257 10 0.391418 -5.17502e-14 19062.5 12794.2 -95.758 -3.45921e-11 
0.2 10 10.3834 0 0 11344.2 6529.13 18170.5 4228.2 
0.2 10 9.61664 0 0 11344.2 6529.13 18170.5 -4228.2 
0.205 9.75451 10 0.384724 -5.43492e-14 18960.4 12963.1 -91.7256 -3.78662e-11 
0.205 10 10.3834 0 0 11257.4 6613.58 18168.9 4464.05 
0.205 10 9.61664 0 0 11257.4 6613.58 18168.9 -4464.05 
0.21 9.75642 10 0.378309 -5.69494e-14 18861.2 13130.4 -87.9339 -3.56832e-11 
0.21 10 10.3834 0 0 11173.3 6697.23 18167.5 4701.54 
0.21 10 9.61664 0 0 11173.3 6697.23 18167.5 -4701.54 
0.215 9.75829 10 0.372156 -5.95612e-14 18765 13296.1 -84.3634 -3.34985e-11 
0.215 10 10.3834 0 0 11091.8 6780.09 18166.1 4930.77 
0.215 10 9.61664 0 0 11091.8 6780.09 18166.1 -4930.77 
0.22 9.76014 10 0.366252 -6.21492e-14 18671.6 13460.3 -80.9965 -3.49552e-11 
0.22 10 10.3834 0 0 11012.6 6862.18 18164.9 5161.87 
0.22 10 9.61664 0 0 11012.6 6862.18 18164.9 -5161.87 
0.225 9.76196 10 0.360581 -6.47577e-14 18581 13623 -77.8173 -3.0952e-11 
0.225 10 10.3834 0 0 10935.9 6943.53 18163.7 5384.93 
0.225 10 9.61664 0 0 10935.9 6943.53 18163.7 -5384.93 
0.23 9.76374 10 0.355131 -6.73663e-14 18493 13784.2 -74.8115 -3.24058e-11 
0.23 10 10.3834 0 0 10861.4 7024.14 18162.5 5610.07 
0.23 10 9.61664 0 0 10861.4 7024.14 18162.5 -5610.07 
0.235 9.76551 10 0.34989 -6.99849e-14 18407.6 13944 -71.9661 -4.11342e-11 
0.235 10 10.3834 0 0 10789.1 7104.05 18161.5 5827.38 
0.235 10 9.61664 0 0 10789.1 7104.05 18161.5 -5827.38 
0.24 9.76724 10 0.344847 -7.2615e-14 18324.8 14102.4 -69.2695 -2.9852e-11 
0.24 10 10.3834 0 0 10719 7183.26 18160.5 6046.94 
0.24 10 9.61664 0 0 10719 7183.26 18160.5 -6046.94 
0.245 9.76896 10 0.339991 -7.52567e-14 18244.5 14259.5 -66.711 -4.76722e-11 
0.245 10 10.3834 0 0 10650.9 7261.8 18159.6 6258.86 
0.245 10 9.61664 0 0 10650.9 7261.8 18159.6 -6258.86 
0.25 9.77064 10 0.335313 -7.79034e-14 18166.5 14415.3 -64.2808 -3.63876e-11 
0.25 10 10.3834 0 0 10584.8 7339.68 18158.7 6473.2 
0.25 10 9.61664 0 0 10584.8 7339.68 18158.7 -6473.2 
0.255 9.77231 10 0.330805 -8.05817e-14 18091 14569.7 -61.9702 -4.14697e-11 
0.255 10 10.3834 0 0 10520.7 7416.91 18157.8 6680.06 
0.255 10 9.61664 0 0 10520.7 7416.91 18157.8 -6680.06 
0.26 9.77395 10 0.326458 -8.32449e-14 18017.8 14722.9 -59.771 -3.56398e-11 
0.26 10 10.3834 0 0 10458.4 7493.51 18157 6889.5 
0.26 10 9.61664 0 0 10458.4 7493.51 18157 -6889.5 
0.265 9.77557 10 0.322264 -8.59536e-14 17946.8 14874.9 -57.6759 -3.34416e-11 
0.265 10 10.3834 0 0 10398 7569.49 18156.3 7091.6 
0.265 10 9.61664 0 0 10398 7569.49 18156.3 -7091.6 
0.27 9.77718 10 0.318216 -8.86675e-14 17878 15025.7 -55.678 -3.85186e-11 
0.27 10 10.3834 0 0 10339.3 7644.88 18155.6 7296.43 
0.27 10 9.61664 0 0 10339.3 7644.88 18155.6 -7296.43 
0.275 9.77876 10 0.314308 -9.13878e-14 17811.4 15175.3 -53.7712 -4.35948e-11 
0.275 10 10.3834 0 0 10282.4 7719.67 18154.9 7494.05 
0.275 10 9.61664 0 0 10282.4 7719.67 18154.9 -7494.05 
0.28 9.78032 10 0.310533 -9.41398e-14 17746.9 15323.7 -51.9496 -3.95715e-11 
0.28 10 10.3834 0 0 10227.2 7793.89 18154.2 7694.53 
0.28 10 9.61664 0 0 10227.2 7793.89 18154.2 -7694.53 
0.285 9.78186 10 0.306885 -9.69084e-14 17684.5 15471 -50.2081 -3.19079e-11 
0.285 10 10.3834 0 0 10173.6 7867.55 18153.6 7887.92 
0.285 10 9.61664 0 0 10173.6 7867.55 18153.6 -7887.92 
0.29 9.78339 10 0.303358 -9.96865e-14 17624.2 15617.2 -48.5418 -4.2433e-11 
0.29 10 10.3834 0 0 10121.5 7940.65 18153 8084.29 
0.29 10 9.61664 0 0 10121.5 7940.65 18153 -8084.29 
0.295 9.7849 10 0.299948 -1.02492e-13 17565.8 15762.4 -46.946 -4.20402e-11 
0.295 10 10.3834 0 0 10071.1 8013.21 18152.5 8273.69 
0.295 10 9.61664 0 0 10071.1 8013.21 18152.5 -8273.69 
0.3 9.78639 10 0.29665 -1.05344e-13 17509.4 15906.4 -45.4168 -4.70979e-11 
0.3 10 10.3834 0 0 10022.1 8085.25 18151.9 8466.18 
0.3 10 9.61664 0 0 10022.1 8085.25 18151.9 -8466.18 
0.305 9.78786 10 0.293459 -1.08211e-13 17455 16049.5 -43.9501 -3.57825e-11 
0.305 10 10.3834 0 0 9974.64 8156.77 18151.4 8651.79 
0.305 10 9.61664 0 0 9974.64 8156.77 18151.4 -8651.79 
0.31 9.78932 10 0.29037 -1.11077e-13 17402.4 16191.5 -42.5425 -4.44763e-11 
0.31 10 10.3834 0 0 9928.61 8227.78 18150.9 8840.6 
0.31 10 9.61664 0 0 9928.61 8227.78 18150.9 -8840.6 
0.315 9.79077 10 0.28738 -1.14006e-13 17351.7 16332.5 -41.1906 -4.04283e-11 
0.315 10 10.3834 0 0 9883.98 8298.3 18150.5 9022.64 
0.315 10 9.61664 0 0 9883.98 8298.3 18150.5 -9022.64 
0.32 9.7922 10 0.284484 -1.16919e-13 17302.8 16472.6 -39.8913 -3.45633e-11 
0.32 10 10.3834 0 0 9840.72 8368.32 18150 9207.95 
0.32 10 9.61664 0 0 9840.72 8368.32 18150 -9207.95 
0.325 9.79361 10 0.28168 -1.199e-13 17255.8 16611.7 -38.6417 -4.14221e-11 
0.325 10 10.3834 0 0 9798.81 8437.87 18149.6 9386.59 
0.325 10 9.61664 0 0 9798.81 8437.87 18149.6 -9386.59 
0.33 9.79501 10 0.278963 -1.22881e-13 17210.5 16749.8 -37.4392 -4.10047e-11 
0.33 10 10.3834 0 0 9758.21 8506.96 18149.2 9568.59 
0.33 10 9.61664 0 0 9758.21 8506.96 18149.2 -9568.59 
0.335 9.7964 10 0.27633 -1.25909e-13 17166.9 16887.1 -36.2812 -3.33048e-11 
0.335 10 10.3834 0 0 9718.9 8575.58 18148.8 9744 
0.335 10 9.61664 0 0 9718.9 8575.58 18148.8 -9744 
0.34 9.79778 10 0.273779 -1.2896e-13 17125.1 17023.4 -35.1653 -4.74297e-11 
0.34 10 10.3834 0 0 9680.85 8643.76 18148.4 9922.86 
0.34 10 9.61664 0 0 9680.85 8643.76 18148.4 -9922.86 
0.345 9.79914 10 0.271306 -1.3205e-13 17084.9 17158.9 -34.0895 -4.15401e-11 
0.345 10 10.3834 0 0 9644.03 8711.5 18148.1 10095.2 
0.345 10 9.61664 0 0 9644.03 8711.5 18148.1 -10095.2 
0.35 9.80049 10 0.268908 -1.35167e-13 17046.5 17293.5 -33.0516 -5.56558e-11 
0.35 10 10.3834 0 0 9608.41 8778.8 18147.7 10271.1 
0.35 10 9.61664 0 0 9608.41 8778.8 18147.7 -10271.1 
0.355 9.80183 10 0.266583 -1.3831e-13 17009.6 17427.3 -32.0497 -3.52066e-11 
0.355 10 10.3834 0 0 9573.98 8845.68 18147.4 10440.5 
0.355 10 9.61664 0 0 9573.98 8845.68 18147.4 -10440.5 
0.36 9.80316 10 0.264329 -1.41514e-13 16974.4 17560.2 -31.0821 -4.38531e-11 
0.36 10 10.3834 0 0 9540.71 8912.14 18147 10613.5 
0.36 10 9.61664 0 0 9540.71 8912.14 18147 -10613.5 
0.365 9.80447 10 0.262142 -1.44738e-13 16940.8 17692.3 -30.147 -4.52207e-11 
0.365 10 10.3834 0 0 9508.57 8978.19 18146.7 10780.1 
0.365 10 9.61664 0 0 9508.57 8978.19 18146.7 -10780.1 
0.37 9.80578 10 0.260021 -1.48004e-13 16908.8 17823.6 -29.2428 -5.56776e-11 
0.37 10 10.3834 0 0 9477.56 9043.85 18146.4 10950.4 
0.37 10 9.61664 0 0 9477.56 9043.85 18146.4 -10950.4 
0.375 9.80707 10 0.257964 -1.51322e-13 16878.4 17954.1 -28.368 -4.9756e-11 
0.375 10 10.3834 0 0 9447.63 9109.11 18146.1 11114.4 
0.375 10 9.61664 0 0 9447.63 9109.11 18146.1 -11114.4 
0.38 9.80836 10 0.255968 -1.54628e-13 16849.5 18083.9 -27.5213 -4.92932e-11 
0.38 10 10.3834 0 0 9418.79 9173.98 18145.8 11282.1 
0.38 10 9.61664 0 0 9418.79 9173.98 18145.8 -11282.1 
0.385 9.80963 10 0.254032 -1.58011e-13 16822.1 18212.9 -26.7014 -5.24575e-11 
0.385 10 10.3834 0 0 9391 9238.47 18145.6 11443.6 
0.385 10 9.61664 0 0 9391 9238.47 18145.6 -11443.6 
0.39 9.8109 10 0.252153 -1.61437e-13 16796.2 18341.1 -25.9068 -4.83398e-11 
0.39 10 10.3834 0 0 9364.26 9302.59 18145.3 11608.8 
0.39 10 9.61664 0 0 9364.26 9302.59 18145.3 -11608.8 
0.395 9.81215 10 0.25033 -1.64894e-13 16771.8 18468.6 -25.1366 -5.51319e-11 
0.395 10 10.3834 0 0 9338.53 9366.34 18145 11767.8 
0.395 10 9.61664 0 0 9338.53 9366.34 18145 -11767.8 
0.4 9.8134 10 0.248562 -1.68398e-13 16748.9 18595.4 -24.3895 -5.64604e-11 
0.4 10 10.3834 0 0 9313.81 9429.74 18144.8 11930.7 
0.4 10 9.61664 0 0 9313.81 9429.74 18144.8 -11930.7 
0.405 9.81464 10 0.246845 -1.71922e-13 16727.4 18721.5 -23.6646 -4.6872e-11 
0.405 10 10.3834 0 0 9290.08 9492.78 18144.6 12087.4 
0.405 10 9.61664 0 0 9290.08 9492.78 18144.6 -12087.4 
0.41 9.81587 10 0.24518 -1.75549e-13 16707.4 18846.9 -22.9608 -5.72783e-11 
0.41 10 10.3834 0 0 9267.33 9555.47 18144.3 12248 
0.41 10 9.61664 0 0 9267.33 9555.47 18144.3 -12248 
0.415 9.81709 10 0.243565 -1.79232e-13 16688.8 18971.6 -22.2771 -5.13056e-11 
0.415 10 10.3834 0 0 9245.54 9617.82 18144.1 12402.6 
0.415 10 9.61664 0 0 9245.54 9617.82 18144.1 -12402.6 
0.42 9.8183 10 0.241997 -1.82899e-13 16671.6 19095.6 -21.6128 -5.62492e-11 
0.42 10 10.3834 0 0 9224.69 9679.84 18143.9 12561 
0.42 10 9.61664 0 0 9224.69 9679.84 18143.9 -12561 
0.425 9.81951 10 0.240477 -1.86647e-13 16655.9 19219 -20.9669 -5.39054e-11 
0.425 10 10.3834 0 0 9204.77 9741.52 18143.6 12713.4 
0.425 10 9.61664 0 0 9204.77 9741.52 18143.6 -12713.4 
0.43 9.82071 10 0.239002 -1.90442e-13 16641.5 19341.7 -20.3386 -4.97362e-11 
0.43 10 10.3834 0 0 9185.77 9802.88 18143.4 12869.8 
0.43 10 9.61664 0 0 9185.77 9802.88 18143.4 -12869.8 
0.435 9.8219 10 0.237571 -1.94275e-13 16628.5 19463.8 -19.7272 -6.01136e-11 
0.435 10 10.3834 0 0 9167.68 9863.92 18143.2 13020.2 
0.435 10 9.61664 0 0 9167.68 9863.92 18143.2 -13020.2 
0.44 9.82309 10 0.236183 -1.98207e-13 16616.8 19585.2 -19.132 -3.77351e-11 
0.44 10 10.3834 0 0 9150.48 9924.65 18143 13174.6 
0.44 10 9.61664 0 0 9150.48 9924.65 18143 -13174.6 
0.445 9.82426 10 0.234837 -2.02123e-13 16606.6 19706 -18.5523 -6.26529e-11 
0.445 10 10.3834 0 0 9134.17 9985.06 18142.8 13323.1 
0.445 10 9.61664 0 0 9134.17 9985.06 18142.8 -13323.1 
0.45 9.82543 10 0.233533 -2.06147e-13 16597.7 19826.3 -17.9874 -5.48135e-11 
0.45 10 10.3834 0 0 9118.73 10045.2 18142.6 13475.6 
0.45 10 9.61664 0 0 9118.73 10045.2 18142.6 -13475.6 
0.455 9.8266 10 0.232267 -2.10197e-13 16590.1 19945.9 -17.4367 -5.42464e-11 
0.455 10 10.3834 0 0 9104.15 10105 18142.5 13622.2 
0.455 10 9.61664 0 0 9104.15 10105 18142.5 -13622.2 
0.46 9.82776 10 0.231041 -2.14341e-13 16583.8 20064.9 -16.8996 -5.00283e-11 
0.46 10 10.3834 0 0 9090.42 10164.5 18142.3 13772.9 
0.46 10 9.61664 0 0 9090.42 10164.5 18142.3 -13772.9 
0.465 9.82891 10 0.229853 -2.18571e-13 16578.9 20183.4 -16.3756 -6.76261e-11 
0.465 10 10.3834 0 0 9077.53 10223.7 18142.1 13917.7 
0.465 10 9.61664 0 0 9077.53 10223.7 18142.1 -13917.7 
0.47 9.83006 10 0.228702 -2.22831e-13 16575.3 20301.3 -15.864 -5.24777e-11 
0.47 10 10.3834 0 0 9065.47 10282.7 18141.9 14066.7 
0.47 10 9.61664 0 0 9065.47 10282.7 18141.9 -14066.7 
0.475 9.8312 10 0.227586 -2.27131e-13 16572.9 20418.6 -15.3645 -6.64278e-11 
0.475 10 10.3834 0 0 9054.24 10341.3 18141.7 14209.8 
0.475 10 9.61664 0 0 9054.24 10341.3 18141.7 -14209.8 
0.48 9.83233 10 0.226506 -2.31505e-13 16571.9 20535.4 -14.8765 -6.94534e-11 
0.48 10 10.3834 0 0 9043.82 10399.7 18141.6 14357.1 
0.48 10 9.61664 0 0 9043.82 10399.7 18141.6 -14357.1 
0.485 9.83346 10 0.225461 -2.35993e-13 16572.2 20651.6 -14.3996 -5.7911e-11 
0.485 10 10.3834 0 0 9034.21 10457.8 18141.4 14498.6 
0.485 10 9.61664 0 0 9034.21 10457.8 18141.4 -14498.6 
0.49 9.83459 10 0.224449 -2.40467e-13 16573.7 20767.3 -13.9332 -7.91128e-11 
0.49 10 10.3834 0 0 9025.39 10515.7 18141.3 14644.3 
0.49 10 9.61664 0 0 9025.39 10515.7 18141.3 -14644.3 
0.495 9.83571 10 0.22347 -2.45074e-13 16576.6 20882.4 -13.477 -5.66397e-11 
0.495 10 10.3834 0 0 9017.37 10573.3 18141.1 14784.2 
0.495 10 9.61664 0 0 9017.37 10573.3 18141.1 -14784.2 
0.5 9.83682 10 0.222524 -2.49787e-13 16580.7 20997.1 -13.0307 -7.41699e-11 
0.5 10 10.3834 0 0 9010.13 10630.6 18140.9 14928.3 
0.5 10 9.61664 0 0 9010.13 10630.6 18140.9 -14928.3 
0.505 9.83793 10 0.221608 -2.54523e-13 16586 21111.2 -12.5936 -6.62309e-11 
0.505 10 10.3834 0 0 9003.67 10687.6 18140.8 15066.8 
0.505 10 9.61664 0 0 9003.67 10687.6 18140.8 -15066.8 
0.51 9.83904 10 0.220724 -2.59367e-13 16592.7 21224.8 -12.1656 -6.55526e-11 
0.51 10 10.3834 0 0 8997.97 10744.4 18140.6 15209.4 
0.51 10 9.61664 0 0 8997.97 10744.4 18140.6 -15209.4 
0.515 9.84014 10 0.21987 -2.64294e-13 16600.5 21337.9 -11.7463 -5.39488e-11 
0.515 10 10.3834 0 0 8993.05 10801 18140.5 15346.4 
0.515 10 9.61664 0 0 8993.05 10801 18140.5 -15346.4 
0.52 9.84124 10 0.219046 -2.69265e-13 16609.7 21450.5 -11.3352 -7.50809e-11 
0.52 10 10.3834 0 0 8988.88 10857.3 18140.3 15487.7 
0.52 10 9.61664 0 0 8988.88 10857.3 18140.3 -15487.7 
0.525 9.84233 10 0.218251 -2.7433e-13 16620.1 21562.6 -10.9322 -7.80099e-11 
0.525 10 10.3834 0 0 8985.46 10913.4 18140.2 15623.2 
0.525 10 9.61664 0 0 8985.46 10913.4 18140.2 -15623.2 
0.53 9.84342 10 0.217484 -2.79481e-13 16631.7 21674.3 -10.5368 -6.63747e-11 
0.53 10 10.3834 0 0 8982.79 10969.2 18140 15763.1 
0.53 10 9.61664 0 0 8982.79 10969.2 18140 -15763.1 
0.535 9.8445 10 0.216745 -2.84752e-13 16644.6 21785.4 -10.1488 -8.01889e-11 
0.535 10 10.3834 0 0 8980.86 11024.8 18139.9 15897.3 
0.535 10 9.61664 0 0 8980.86 11024.8 18139.9 -15897.3 
0.54 9.84559 10 0.216034 -2.90113e-13 16658.7 21896.1 -9.76782 -7.21622e-11 
0.54 10 10.3834 0 0 8979.67 11080.1 18139.8 16035.9 
0.54 10 9.61664 0 0 8979.67 11080.1 18139.8 -16035.9 
0.545 9.84666 10 0.21535 -2.95548e-13 16674.1 22006.4 -9.39367 -8.23154e-11 
0.545 10 10.3834 0 0 8979.21 11135.2 18139.6 16168.9 
0.545 10 9.61664 0 0 8979.21 11135.2 18139.6 -16168.9 
0.55 9.84774 10 0.214692 -3.01072e-13 16690.7 22116.1 -9.02605 -1.0337e-10 
0.55 10 10.3834 0 0 8979.49 11190.1 18139.5 16306.2 
0.55 10 9.61664 0 0 8979.49 11190.1 18139.5 -16306.2 
0.555 9.84881 10 0.21406 -3.0672e-13 16708.5 22225.4 -8.66469 -7.71133e-11 
0.555 10 10.3834 0 0 8980.49 11244.8 18139.3 16437.9 
0.555 10 9.61664 0 0 8980.49 11244.8 18139.3 -16437.9 
0.56 9.84988 10 0.213454 -3.12467e-13 16727.6 22334.3 -8.30936 -9.44987e-11 
0.56 10 10.3834 0 0 8982.2 11299.2 18139.2 16574 
0.56 10 9.61664 0 0 8982.2 11299.2 18139.2 -16574 
0.565 9.85095 10 0.212873 -3.18308e-13 16747.9 22442.7 -7.95981 -8.6405e-11 
0.565 10 10.3834 0 0 8984.64 11353.4 18139.1 16704.5 
0.565 10 9.61664 0 0 8984.64 11353.4 18139.1 -16704.5 
0.57 9.85201 10 0.212317 -3.24276e-13 16769.4 22550.7 -7.61582 -8.92075e-11 
0.57 10 10.3834 0 0 8987.79 11407.4 18138.9 16839.4 
0.57 10 9.61664 0 0 8987.79 11407.4 18138.9 -16839.4 
0.575 9.85307 10 0.211785 -3.30299e-13 16792.2 22658.3 -7.27715 -8.47263e-11 
0.575 10 10.3834 0 0 8991.66 11461.2 18138.8 16968.8 
0.575 10 9.61664 0 0 8991.66 11461.2 18138.8 -16968.8 
0.58 9.85413 10 0.211277 -3.36463e-13 16816.2 22765.4 -6.9436 -7.65873e-11 
0.58 10 10.3834 0 0 8996.23 11514.7 18138.7 17102.6 
0.58 10 9.61664 0 0 8996.23 11514.7 18138.7 -17102.6 
0.585 9.85518 10 0.210793 -3.42763e-13 16841.4 22872.1 -6.61496 -7.93432e-11 
0.585 10 10.3834 0 0 9001.51 11568.1 18138.6 17230.9 
0.585 10 9.61664 0 0 9001.51 11568.1 18138.6 -17230.9 
0.59 9.85623 10 0.210332 -3.49154e-13 16867.8 22978.4 -6.29103 -8.20865e-11 
0.59 10 10.3834 0 0 9007.49 11621.2 18138.4 17363.6 
0.59 10 9.61664 0 0 9007.49 11621.2 18138.4 -17363.6 
0.595 9.85728 10 0.209894 -3.55688e-13 16895.5 23084.2 -5.97162 -8.48097e-11 
0.595 10 10.3834 0 0 9014.18 11674.2 18138.3 17490.8 
0.595 10 9.61664 0 0 9014.18 11674.2 18138.3 -17490.8 
0.6 9.85833 10 0.209479 -3.62393e-13 16924.5 23189.7 -5.65654 -9.11471e-11 
0.6 10 10.3834 0 0 9021.56 11726.9 18138.2 17622.4 
0.6 10 9.61664 0 0 9021.56 11726.9 18138.2 -17622.4 
0.605 9.85938 10 0.209086 -3.69203e-13 16954.6 23294.7 -5.34561 -1.01108e-10 
0.605 10 10.3834 0 0 9029.65 11779.4 18138 17748.6 
0.605 10 9.61664 0 0 9029.65 11779.4 18138 -17748.6 
0.61 9.86042 10 0.208715 -3.76172e-13 16986 23399.3 -5.03865 -1.00132e-10 
0.61 10 10.3834 0 0 9038.43 11831.7 18137.9 17879.2 
0.61 10 9.61664 0 0 9038.43 11831.7 18137.9 -17879.2 
0.615 9.86147 10 0.208366 -3.83227e-13 17018.7 23503.6 -4.73551 -1.20972e-10 
0.615 10 10.3834 0 0 9047.9 11883.8 18137.8 18004.4 
0.615 10 9.61664 0 0 9047.9 11883.8 18137.8 -18004.4 
0.62 9.86251 10 0.208038 -3.90469e-13 17052.6 23607.4 -4.43601 -8.72164e-11 
0.62 10 10.3834 0 0 9058.07 11935.7 18137.7 18134.1 
0.62 10 9.61664 0 0 9058.07 11935.7 18137.7 -18134.1 
0.625 9.86355 10 0.207732 -3.97823e-13 17087.7 23710.8 -4.13999 -1.00739e-10 
0.625 10 10.3834 0 0 9068.94 11987.5 18137.5 18258.3 
0.625 10 9.61664 0 0 9068.94 11987.5 18137.5 -18258.3 
0.63 9.86459 10 0.207447 -4.05355e-13 17124.1 23813.9 -3.84731 -1.14237e-10 
0.63 10 10.3834 0 0 9080.5 12039 18137.4 18387 
0.63 10 9.61664 0 0 9080.5 12039 18137.4 -18387 
0.635 9.86562 10 0.207182 -4.13061e-13 17161.7 23916.5 -3.55781 -9.49675e-11 
0.635 10 10.3834 0 0 9092.75 12090.3 18137.3 18510.3 
0.635 10 9.61664 0 0 9092.75 12090.3 18137.3 -18510.3 
0.64 9.86666 10 0.206939 -4.20956e-13 17200.6 24018.7 -3.27135 -1.04776e-10 
0.64 10 10.3834 0 0 9105.69 12141.4 18137.1 18638.1 
0.64 10 9.61664 0 0 9105.69 12141.4 18137.1 -18638.1 
0.645 9.86769 10 0.206715 -4.28958e-13 17240.7 24120.6 -2.9878 -1.10932e-10 
0.645 10 10.3834 0 0 9119.33 12192.3 18137 18760.5 
0.645 10 9.61664 0 0 9119.33 12192.3 18137 -18760.5 
0.65 9.86872 10 0.206512 -4.37183e-13 17282.1 24222.1 -2.707 -1.09781e-10 
0.65 10 10.3834 0 0 9133.65 12243.1 18136.9 18887.4 
0.65 10 9.61664 0 0 9133.65 12243.1 18136.9 -18887.4 
0.655 9.86976 10 0.206328 -4.45557e-13 17324.8 24323.2 -2.42884 -1.19522e-10 
0.655 10 10.3834 0 0 9148.67 12293.6 18136.8 19008.9 
0.655 10 9.61664 0 0 9148.67 12293.6 18136.8 -19008.9 
0.66 9.87079 10 0.206165 -4.54154e-13 17368.7 24423.9 -2.15318 -1.14681e-10 
0.66 10 10.3834 0 0 9164.39 12344 18136.6 19135 
0.66 10 9.61664 0 0 9164.39 12344 18136.6 -19135 
0.665 9.87182 10 0.206021 -4.6289e-13 17413.9 24524.2 -1.87989 -1.31648e-10 
0.665 10 10.3834 0 0 9180.79 12394.1 18136.5 19255.7 
0.665 10 9.61664 0 0 9180.79 12394.1 18136.5 -19255.7 
0.67 9.87285 10 0.205896 -4.71884e-13 17460.4 24624.2 -1.60886 -1.2675e-10 
0.67 10 10.3834 0 0 9197.89 12444.1 18136.4 19380.9 
0.67 10 9.61664 0 0 9197.89 12444.1 18136.4 -19380.9 
0.675 9.87388 10 0.205791 -4.81057e-13 17508.2 24723.7 -1.33996 -1.5457e-10 
0.675 10 10.3834 0 0 9215.69 12493.9 18136.3 19500.7 
0.675 10 9.61664 0 0 9215.69 12493.9 18136.3 -19500.7 
0.68 9.87491 10 0.205705 -4.9047e-13 17557.3 24822.9 -1.07308 -1.2051e-10 
0.68 10 10.3834 0 0 9234.18 12543.5 18136.1 19625.2 
0.68 10 9.61664 0 0 9234.18 12543.5 18136.1 -19625.2 
0.685 9.87593 10 0.205637 -5.00092e-13 17607.6 24921.7 -0.808111 -1.30077e-10 
0.685 10 10.3834 0 0 9253.37 12592.9 18136 19744.2 
0.685 10 9.61664 0 0 9253.37 12592.9 18136 -19744.2 
0.69 9.87696 10 0.205589 -5.09889e-13 17659.3 25020.2 -0.544935 -1.46896e-10 
0.69 10 10.3834 0 0 9273.26 12642.1 18135.9 19867.9 
0.69 10 9.61664 0 0 9273.26 12642.1 18135.9 -19867.9 
0.695 9.87799 10 0.20556 -5.19982e-13 17712.3 25118.2 -0.283446 -1.45483e-10 
0.695 10 10.3834 0 0 9293.85 12691.2 18135.8 19986.2 
0.695 10 9.61664 0 0 9293.85 12691.2 18135.8 -19986.2 
0.7 9.87902 10 0.205549 -5.30285e-13 17766.5 25215.9 -0.0235388 -1.4404e-10 
0.7 10 10.3834 0 0 9315.14 12740 18135.6 20109.1 
0.7 10 9.61664 0 0 9315.14 12740 18135.6 -20109.1 
0.705 9.88005 10 0.205556 -5.40831e-13 17822.1 25313.2 0.234889 -1.57116e-10 
0.705 10 10.3834 0 0 9337.13 12788.6 18135.5 20226.6 
0.705 10 9.61664 0 0 9337.13 12788.6 18135.5 -20226.6 
0.71 9.88107 10 0.205582 -5.51647e-13 17879.1 25410.1 0.491938 -1.51964e-10 
0.71 10 10.3834 0 0 9359.83 12837.1 18135.4 20348.7 
0.71 10 9.61664 0 0 9359.83 12837.1 18135.4 -20348.7 
0.715 9.8821 10 0.205626 -5.62768e-13 17937.4 25506.7 0.747708 -1.57683e-10 
0.715 10 10.3834 0 0 9383.24 12885.4 18135.2 20465.5 
0.715 10 9.61664 0 0 9383.24 12885.4 18135.2 -20465.5 
0.72 9.88313 10 0.205689 -5.74158e-13 17997 25602.9 1.0023 -1.56088e-10 
0.72 10 10.3834 0 0 9407.36 12933.5 18135.1 20587 
0.72 10 9.61664 0 0 9407.36 12933.5 18135.1 -20587 
0.725 9.88416 10 0.20577 -5.85852e-13 18057.9 25698.6 1.25579 -1.61727e-10 
0.725 10 10.3834 0 0 9432.19 12981.4 18135 20703 
0.725 10 9.61664 0 0 9432.19 12981.4 18135 -20703 
0.73 9.88519 10 0.205868 -5.97772e-13 18120.3 25794.1 1.5083 -1.70972e-10 
0.73 10 10.3834 0 0 9457.74 13029.1 18134.8 20823.7 
0.73 10 9.61664 0 0 9457.74 13029.1 18134.8 -20823.7 
0.735 9.88622 10 0.205985 -6.10092e-13 18184 25889.1 1.7599 -1.65609e-10 
0.735 10 10.3834 0 0 9484.01 13076.6 18134.7 20939.1 
0.735 10 9.61664 0 0 9484.01 13076.6 18134.7 -20939.1 
0.74 9.88725 10 0.20612 -6.22691e-13 18249 25983.7 2.01068 -1.89312e-10 
0.74 10 10.3834 0 0 9511 13123.9 18134.6 21059.2 
0.74 10 9.61664 0 0 9511 13123.9 18134.6 -21059.2 
0.745 9.88828 10 0.206272 -6.35595e-13 18315.5 26078 2.26074 -1.80229e-10 
0.745 10 10.3834 0 0 9538.71 13171 18134.4 21173.8 
0.745 10 9.61664 0 0 9538.71 13171 18134.4 -21173.8 
0.75 9.88931 10 0.206443 -6.4887e-13 18383.3 26171.9 2.51016 -1.9656e-10 
0.75 10 10.3834 0 0 9567.15 13218 18134.3 21293.2 
0.75 10 9.61664 0 0 9567.15 13218 18134.3 -21293.2 
0.755 9.89034 10 0.206631 -6.62556e-13 18452.6 26265.3 2.75902 -1.98283e-10 
0.755 10 10.3834 0 0 9596.32 13264.7 18134.2 21407.2 
0.755 10 9.61664 0 0 9596.32 13264.7 18134.2 -21407.2 
0.76 9.89138 10 0.206837 -6.76614e-13 18523.2 26358.4 3.00742 -2.14504e-10 
0.76 10 10.3834 0 0 9626.23 13311.3 18134 21525.9 
0.76 10 9.61664 0 0 9626.23 13311.3 18134 -21525.9 
0.765 9.89241 10 0.20706 -6.91049e-13 18595.3 26451.1 3.25542 -2.12483e-10 
0.765 10 10.3834 0 0 9656.87 13357.6 18133.9 21639.3 
0.765 10 9.61664 0 0 9656.87 13357.6 18133.9 -21639.3 
0.77 9.89345 10 0.207302 -7.0583e-13 18668.8 26543.4 3.50311 -2.03138e-10 
0.77 10 10.3834 0 0 9688.26 13403.8 18133.7 21757.3 
0.77 10 9.61664 0 0 9688.26 13403.8 18133.7 -21757.3 
0.775 9.89448 10 0.207561 -7.21081e-13 18743.7 26635.3 3.75058 -2.15555e-10 
0.775 10 10.3834 0 0 9720.39 13449.7 18133.6 21870 
0.775 10 9.61664 0 0 9720.39 13449.7 18133.6 -21870 
0.78 9.89552 10 0.207838 -7.36762e-13 18820.1 26726.8 3.9979 -2.24274e-10 
0.78 10 10.3834 0 0 9753.27 13495.4 18133.5 21987.4 
0.78 10 9.61664 0 0 9753.27 13495.4 18133.5 -21987.4 
0.785 9.89656 10 0.208132 -7.52877e-13 18898 26817.9 4.24514 -2.25656e-10 
0.785 10 10.3834 0 0 9786.91 13541 18133.3 22099.4 
0.785 10 9.61664 0 0 9786.91 13541 18133.3 -22099.4 
0.79 9.8976 10 0.208444 -7.69547e-13 18977.3 26908.6 4.49239 -2.37874e-10 
0.79 10 10.3834 0 0 9821.3 13586.3 18133.2 22216.2 
0.79 10 9.61664 0 0 9821.3 13586.3 18133.2 -22216.2 
0.795 9.89865 10 0.208774 -7.86652e-13 19058.1 26998.8 4.73973 -2.57307e-10 
0.795 10 10.3834 0 0 9856.46 13631.4 18133 22327.6 
0.795 10 9.61664 0 0 9856.46 13631.4 18133 -22327.6 
0.8 9.89969 10 0.209121 -8.04281e-13 19140.4 27088.7 4.98722 -2.51201e-10 
0.8 10 10.3834 0 0 9892.38 13676.4 18132.9 22443.7 
0.8 10 9.61664 0 0 9892.38 13676.4 18132.9 -22443.7 
0.805 9.90074 10 0.209486 -8.2244e-13 19224.2 27178.1 5.23494 -2.52297e-10 
0.805 10 10.3834 0 0 9929.08 13721.1 18132.7 22554.5 
0.805 10 9.61664 0 0 9929.08 13721.1 18132.7 -22554.5 
0.81 9.90179 10 0.209869 -8.41092e-13 19309.5 27267 5.48297 -2.64238e-10 
0.81 10 10.3834 0 0 9966.56 13765.6 18132.6 22670 
0.81 10 9.61664 0 0 9966.56 13765.6 18132.6 -22670 
0.815 9.90284 10 0.210269 -8.60397e-13 19396.3 27355.6 5.73137 -2.79725e-10 
0.815 10 10.3834 0 0 10004.8 13809.8 18132.4 22780.2 
0.815 10 9.61664 0 0 10004.8 13809.8 18132.4 -22780.2 
0.82 9.90389 10 0.210688 -8.80315e-13 19484.7 27443.7 5.98023 -2.66022e-10 
0.82 10 10.3834 0 0 10043.9 13853.9 18132.3 22895 
0.82 10 9.61664 0 0 10043.9 13853.9 18132.3 -22895 
0.825 9.90494 10 0.211124 -9.008e-13 19574.6 27531.3 6.2296 -2.84982e-10 
0.825 10 10.3834 0 0 10083.7 13897.7 18132.1 23004.6 
0.825 10 9.61664 0 0 10083.7 13897.7 18132.1 -23004.6 
0.83 9.906 10 0.211578 -9.21962e-13 19666.1 27618.6 6.47957 -2.85658e-10 
0.83 10 10.3834 0 0 10124.3 13941.3 18131.9 23118.8 
0.83 10 9.61664 0 0 10124.3 13941.3 18131.9 -23118.8 
0.835 9.90706 10 0.212049 -9.43839e-13 19759.1 27705.3 6.73021 -2.97147e-10 
0.835 10 10.3834 0 0 10165.8 13984.7 18131.8 23227.7 
0.835 10 9.61664 0 0 10165.8 13984.7 18131.8 -23227.7 
0.84 9.90812 10 0.212539 -9.66398e-13 19853.8 27791.6 6.98157 -3.12179e-10 
0.84 10 10.3834 0 0 10208 14027.8 18131.6 23341.3 
0.84 10 9.61664 0 0 10208 14027.8 18131.6 -23341.3 
0.845 9.90919 10 0.213047 -9.89753e-13 19950 27877.4 7.23374 -3.23461e-10 
0.845 10 10.3834 0 0 10251.1 14070.7 18131.5 23449.6 
0.845 10 9.61664 0 0 10251.1 14070.7 18131.5 -23449.6 
0.85 9.91025 10 0.213573 -1.01389e-12 20047.8 27962.7 7.48679 -3.45549e-10 
0.85 10 10.3834 0 0 10294.9 14113.4 18131.3 23562.6 
0.85 10 9.61664 0 0 10294.9 14113.4 18131.3 -23562.6 
0.855 9.91132 10 0.214116 -1.03883e-12 20147.3 28047.5 7.74077 -3.63884e-10 
0.855 10 10.3834 0 0 10339.6 14155.8 18131.1 23670.2 
0.855 10 9.61664 0 0 10339.6 14155.8 18131.1 -23670.2 
0.86 9.91239 10 0.214678 -1.0646e-12 20248.4 28131.9 7.99576 -3.63914e-10 
0.86 10 10.3834 0 0 10385.2 14198 18131 23782.6 
0.86 10 9.61664 0 0 10385.2 14198 18131 -23782.6 
0.865 9.91347 10 0.215259 -1.09126e-12 20351.1 28215.7 8.25184 -3.78373e-10 
0.865 10 10.3834 0 0 10431.6 14239.9 18130.8 23889.6 
0.865 10 9.61664 0 0 10431.6 14239.9 18130.8 -23889.6 
0.87 9.91455 10 0.215857 -1.11885e-12 20455.5 28299.1 8.50905 -3.78148e-10 
0.87 10 10.3834 0 0 10478.8 14281.6 18130.6 24001.3 
0.87 10 9.61664 0 0 10478.8 14281.6 18130.6 -24001.3 
0.875 9.91563 10 0.216474 -1.14744e-12 20561.6 28381.9 8.76749 -4.14163e-10 
0.875 10 10.3834 0 0 10526.9 14323 18130.5 24107.7 
0.875 10 9.61664 0 0 10526.9 14323 18130.5 -24107.7 
0.88 9.91671 10 0.21711 -1.17705e-12 20669.3 28464.1 9.0272 -4.50036e-10 
0.88 10 10.3834 0 0 10575.8 14364.1 18130.3 24218.7 
0.88 10 9.61664 0 0 10575.8 14364.1 18130.3 -24218.7 
0.885 9.9178 10 0.217764 -1.20777e-12 20778.8 28545.9 9.28826 -4.38459e-10 
0.885 10 10.3834 0 0 10625.6 14405 18130.1 24324.5 
0.885 10 9.61664 0 0 10625.6 14405 18130.1 -24324.5 
0.89 9.91889 10 0.218437 -1.2396e-12 20890 28627 9.55074 -4.59469e-10 
0.89 10 10.3834 0 0 10676.2 14445.6 18129.9 24434.9 
0.89 10 9.61664 0 0 10676.2 14445.6 18129.9 -24434.9 
0.895 9.91998 10 0.219128 -1.27256e-12 21002.9 28707.7 9.8147 -4.73045e-10 
0.895 10 10.3834 0 0 10727.8 14485.9 18129.8 24539.9 
0.895 10 9.61664 0 0 10727.8 14485.9 18129.8 -24539.9 
0.9 9.92108 10 0.219839 -1.30681e-12 21117.5 28787.7 10.0802 -4.75525e-10 
0.9 10 10.3834 0 0 10780.2 14525.9 18129.6 24649.7 
0.9 10 9.61664 0 0 10780.2 14525.9 18129.6 -24649.7 
0.905 9.92218 10 0.220568 -1.34234e-12 21233.9 28867.2 10.3473 -4.99656e-10 
0.905 10 10.3834 0 0 10833.5 14565.6 18129.4 24754 
0.905 10 9.61664 0 0 10833.5 14565.6 18129.4 -24754 
0.91 9.92328 10 0.221317 -1.37927e-12 21352.1 28946 10.6162 -5.4178e-10 
0.91 10 10.3834 0 0 10887.7 14605.1 18129.2 24863.1 
0.91 10 9.61664 0 0 10887.7 14605.1 18129.2 -24863.1 
0.915 9.92439 10 0.222085 -1.41762e-12 21472 29024.3 10.8867 -5.50962e-10 
0.915 10 10.3834 0 0 10942.8 14644.2 18129 24966.8 
0.915 10 9.61664 0 0 10942.8 14644.2 18129 -24966.8 
0.92 9.92551 10 0.222872 -1.45736e-12 21593.8 29101.9 11.1591 -5.56313e-10 
0.92 10 10.3834 0 0 10998.9 14683 18128.8 25075.1 
0.92 10 9.61664 0 0 10998.9 14683 18128.8 -25075.1 
0.925 9.92662 10 0.223679 -1.49869e-12 21717.3 29178.9 11.4334 -5.90545e-10 
0.925 10 10.3834 0 0 11055.8 14721.5 18128.6 25178.1 
0.925 10 9.61664 0 0 11055.8 14721.5 18128.6 -25178.1 
0.93 9.92774 10 0.224506 -1.54173e-12 21842.7 29255.3 11.7096 -6.06347e-10 
0.93 10 10.3834 0 0 11113.7 14759.7 18128.4 25285.7 
0.93 10 9.61664 0 0 11113.7 14759.7 18128.4 -25285.7 
0.935 9.92887 10 0.225352 -1.58655e-12 21969.9 29331 11.9878 -6.25538e-10 
0.935 10 10.3834 0 0 11172.5 14797.5 18128.2 25388 
0.935 10 9.61664 0 0 11172.5 14797.5 18128.2 -25388 
0.94 9.93 10 0.226218 -1.63317e-12 22099 29406 12.2681 -6.62667e-10 
0.94 10 10.3834 0 0 11232.2 14835.1 18128 25494.9 
0.94 10 9.61664 0 0 11232.2 14835.1 18128 -25494.9 
0.945 9.93113 10 0.227105 -1.68175e-12 22229.9 29480.4 12.5506 -7.03161e-10 
0.945 10 10.3834 0 0 11292.9 14872.2 18127.8 25596.4 
0.945 10 9.61664 0 0 11292.9 14872.2 18127.8 -25596.4 
0.95 9.93227 10 0.228011 -1.73233e-12 22362.8 29554 12.8353 -7.17907e-10 
0.95 10 10.3834 0 0 11354.6 14909 18127.6 25702.5 
0.95 10 9.61664 0 0 11354.6 14909 18127.6 -25702.5 
0.955 9.93341 10 0.228938 -1.78508e-12 22497.5 29626.9 13.1223 -7.46902e-10 
0.955 10 10.3834 0 0 11417.2 14945.5 18127.4 25803.2 
0.955 10 9.61664 0 0 11417.2 14945.5 18127.4 -25803.2 
0.96 9.93456 10 0.229886 -1.84003e-12 22634.1 29699.1 13.4116 -7.9378e-10 
0.96 10 10.3834 0 0 11480.8 14981.6 18127.2 25908.5 
0.96 10 9.61664 0 0 11480.8 14981.6 18127.2 -25908.5 
0.965 9.93571 10 0.230854 -1.89741e-12 22772.6 29770.5 13.7034 -8.03937e-10 
0.965 10 10.3834 0 0 11545.3 15017.3 18127 26008.5 
0.965 10 9.61664 0 0 11545.3 15017.3 18127 -26008.5 
0.97 9.93687 10 0.231844 -1.95726e-12 22913.1 29841.2 13.9977 -8.64679e-10 
0.97 10 10.3834 0 0 11610.9 15052.6 18126.8 26113 
0.97 10 9.61664 0 0 11610.9 15052.6 18126.8 -26113 
0.975 9.93803 10 0.232854 -2.01978e-12 23055.5 29911.1 14.2945 -8.85031e-10 
0.975 10 10.3834 0 0 11677.4 15087.6 18126.6 26212 
0.975 10 9.61664 0 0 11677.4 15087.6 18126.6 -26212 
0.98 9.93919 10 0.233886 -2.08504e-12 23199.9 29980.1 14.5939 -9.26826e-10 
0.98 10 10.3834 0 0 11745 15122.1 18126.3 26315.7 
0.98 10 9.61664 0 0 11745 15122.1 18126.3 -26315.7 
0.985 9.94037 10 0.234939 -2.15323e-12 23346.2 30048.4 14.8961 -9.64574e-10 
0.985 10 10.3834 0 0 11813.5 15156.2 18126.1 26413.9 
0.985 10 9.61664 0 0 11813.5 15156.2 18126.1 -26413.9 
0.99 9.94154 10 0.236014 -2.22455e-12 23494.6 30115.8 15.201 -1.00552e-09 
0.99 10 10.3834 0 0 11883.1 15189.9 18125.9 26516.7 
0.99 10 9.61664 0 0 11883.1 15189.9 18125.9 -26516.7 
0.995 9.94273 10 0.237111 -2.29915e-12 23644.9 30182.3 15.5087 -1.05329e-09 
0.995 10 10.3834 0 0 11953.7 15223.2 18125.6 26614 
0.995 10 9.61664 0 0 11953.7 15223.2 18125.6 -26614 
1 9.94391 10 0.23823 -2.37717e-12 23797.3 30247.9 15.8194 -1.11512e-09 
1 10 10.3834 0 0 12025.3 15256 18125.4 26715.8 
1 10 9.61664 0 0 12025.3 15256 18125.4 -26715.8 
1.005 9.94511 10 0.239371 -2.45878e-12 23951.6 30312.7 16.133 -1.16191e-09 
1.005 10 10.3834 0 0 12098 15288.4 18125.2 26812.2 
1.005 10 9.61664 0 0 12098 15288.4 18125.2 -26812.2 
1.01 9.94631 10 0.240534 -2.54427e-12 24108 30376.5 16.4497 -1.2227e-09 
1.01 10 10.3834 0 0 12171.7 15320.3 18124.9 26913.1 
1.01 10 9.61664 0 0 12171.7 15320.3 18124.9 -26913.1 
1.015 9.94751 10 0.241721 -2.63379e-12 24266.5 30439.3 16.7695 -1.26837e-09 
1.015 10 10.3834 0 0 12246.4 15351.7 18124.7 27008.4 
1.015 10 9.61664 0 0 12246.4 15351.7 18124.7 -27008.4 
1.02 9.94873 10 0.24293 -2.72753e-12 24427 30501.2 17.0925 -1.35711e-09 
1.02 10 10.3834 0 0 12322.3 15382.7 18124.4 27108.3 
1.02 10 9.61664 0 0 12322.3 15382.7 18124.4 -27108.3 
1.025 9.94994 10 0.244163 -2.82589e-12 24589.6 30562.1 17.4188 -1.43429e-09 
1.025 10 10.3834 0 0 12399.2 15413.1 18124.2 27202.7 
1.025 10 9.61664 0 0 12399.2 15413.1 18124.2 -27202.7 
1.03 9.95117 10 0.245419 -2.92884e-12 24754.3 30622 17.7484 -1.48173e-09 
1.03 10 10.3834 0 0 12477.2 15443 18123.9 27301.5 
1.03 10 9.61664 0 0 12477.2 15443 18123.9 -27301.5 
1.035 9.9524 10 0.246698 -3.03688e-12 24921 30680.8 18.0814 -1.55027e-09 
1.035 10 10.3834 0 0 12556.2 15472.5 18123.7 27394.7 
1.035 10 9.61664 0 0 12556.2 15472.5 18123.7 -27394.7 
1.04 9.95363 10 0.248002 -3.15024e-12 25089.9 30738.6 18.4179 -1.62535e-09 
1.04 10 10.3834 0 0 12636.4 15501.3 18123.4 27492.4 
1.04 10 9.61664 0 0 12636.4 15501.3 18123.4 -27492.4 
1.045 9.95488 10 0.249329 -3.26922e-12 25260.9 30795.2 18.7579 -1.69601e-09 
1.045 10 10.3834 0 0 12717.6 15529.7 18123.2 27584.6 
1.045 10 9.61664 0 0 12717.6 15529.7 18123.2 -27584.6 
1.05 9.95613 10 0.250681 -3.394e-12 25433.9 30850.8 19.1016 -1.80587e-09 
1.05 10 10.3834 0 0 12800 15557.4 18122.9 27681.1 
1.05 10 9.61664 0 0 12800 15557.4 18122.9 -27681.1 
1.055 9.95738 10 0.252058 -3.52499e-12 25609.1 30905.1 19.4489 -1.86393e-09 
1.055 10 10.3834 0 0 12883.4 15584.6 18122.6 27772.1 
1.055 10 9.61664 0 0 12883.4 15584.6 18122.6 -27772.1 
1.06 9.95865 10 0.25346 -3.66253e-12 25786.5 30958.3 19.8001 -1.99383e-09 
1.06 10 10.3834 0 0 12968 15611.2 18122.4 27867.4 
1.06 10 9.61664 0 0 12968 15611.2 18122.4 -27867.4 
1.065 9.95992 10 0.254887 -3.80682e-12 25966 31010.3 20.1551 -2.05367e-09 
1.065 10 10.3834 0 0 13053.8 15637.2 18122.1 27957.1 
1.065 10 9.61664 0 0 13053.8 15637.2 18122.1 -27957.1 
1.07 9.9612 10 0.256339 -3.95841e-12 26147.6 31061.1 20.514 -2.1525e-09 
1.07 10 10.3834 0 0 13140.6 15662.6 18121.8 28051.1 
1.07 10 9.61664 0 0 13140.6 15662.6 18121.8 -28051.1 
1.075 9.96248 10 0.257818 -4.11758e-12 26331.4 31110.5 20.8769 -2.28301e-09 
1.075 10 10.3834 0 0 13228.6 15687.3 18121.5 28139.5 
1.075 10 9.61664 0 0 13228.6 15687.3 18121.5 -28139.5 
1.08 9.96378 10 0.259322 -4.28469e-12 26517.3 31158.7 21.2439 -2.4015e-09 
1.08 10 10.3834 0 0 13317.7 15711.4 18121.2 28232.2 
1.08 10 9.61664 0 0 13317.7 15711.4 18121.2 -28232.2 
1.085 9.96508 10 0.260853 -4.46007e-12 26705.4 31205.5 21.6151 -2.51155e-09 
1.085 10 10.3834 0 0 13408 15734.8 18120.9 28319.2 
1.085 10 9.61664 0 0 13408 15734.8 18120.9 -28319.2 
1.09 9.96638 10 0.26241 -4.64416e-12 26895.7 31251 21.9905 -2.63494e-09 
1.09 10 10.3834 0 0 13499.4 15757.5 18120.6 28410.5 
1.09 10 9.61664 0 0 13499.4 15757.5 18120.6 -28410.5 
1.095 9.9677 10 0.263994 -4.83729e-12 27088.1 31295.1 22.3702 -2.75706e-09 
1.095 10 10.3834 0 0 13592 15779.6 18120.3 28496 
1.095 10 9.61664 0 0 13592 15779.6 18120.3 -28496 
1.1 9.96902 10 0.265606 -5.03985e-12 27282.7 31337.7 22.7543 -2.89969e-09 
1.1 10 10.3834 0 0 13685.8 15800.9 18120 28585.8 
1.1 10 9.61664 0 0 13685.8 15800.9 18120 -28585.8 
1.105 9.97036 10 0.267245 -5.2523e-12 27479.4 31378.9 23.1429 -3.03365e-09 
1.105 10 10.3834 0 0 13780.7 15821.5 18119.7 28669.8 
1.105 10 9.61664 0 0 13780.7 15821.5 18119.7 -28669.8 
1.11 9.9717 10 0.268912 -5.47494e-12 27678.4 31418.5 23.5361 -3.19166e-09 
1.11 10 10.3834 0 0 13876.8 15841.3 18119.4 28758 
1.11 10 9.61664 0 0 13876.8 15841.3 18119.4 -28758 
1.115 9.97304 10 0.270607 -5.70818e-12 27879.4 31456.6 23.9338 -3.31544e-09 
1.115 10 10.3834 0 0 13974.1 15860.3 18119.1 28840.4 
1.115 10 9.61664 0 0 13974.1 15860.3 18119.1 -28840.4 
1.12 9.9744 10 0.272331 -5.9524e-12 28082.7 31493.1 24.3363 -3.49953e-09 
1.12 10 10.3834 0 0 14072.6 15878.6 18118.8 28926.9 
1.12 10 9.61664 0 0 14072.6 15878.6 18118.8 -28926.9 
1.125 9.97577 10 0.274084 -6.20787e-12 28288.1 31528 24.7436 -3.64203e-09 
1.125 10 10.3834 0 0 14172.3 15896.1 18118.4 29007.6 
1.125 10 9.61664 0 0 14172.3 15896.1 18118.4 -29007.6 
1.13 9.97714 10 0.275866 -6.47488e-12 28495.6 31561.3 25.1558 -3.8011e-09 
1.13 10 10.3834 0 0 14273.1 15912.7 18118.1 29092.5 
1.13 10 9.61664 0 0 14273.1 15912.7 18118.1 -29092.5 
1.135 9.97853 10 0.277678 -6.75354e-12 28705.3 31592.8 25.573 -3.99492e-09 
1.135 10 10.3834 0 0 14375.2 15928.4 18117.8 29171.4 
1.135 10 9.61664 0 0 14375.2 15928.4 18117.8 -29171.4 
1.14 9.97992 10 0.27952 -7.04402e-12 28917.1 31622.6 25.9952 -4.15798e-09 
1.14 10 10.3834 0 0 14478.4 15943.3 18117.4 29254.3 
1.14 10 9.61664 0 0 14478.4 15943.3 18117.4 -29254.3 
1.145 9.98132 10 0.281392 -7.34656e-12 29131.1 31650.6 26.4226 -4.31208e-09 
1.145 10 10.3834 0 0 14582.8 15957.3 18117.1 29331.3 
1.145 10 9.61664 0 0 14582.8 15957.3 18117.1 -29331.3 
1.15 9.98273 10 0.283294 -7.66109e-12 29347.2 31676.7 26.8552 -4.48632e-09 
1.15 10 10.3834 0 0 14688.5 15970.4 18116.7 29412.4 
1.15 10 9.61664 0 0 14688.5 15970.4 18116.7 -29412.4 
1.155 9.98416 10 0.285228 -7.98744e-12 29565.3 31701 27.2931 -4.66619e-09 
1.155 10 10.3834 0 0 14795.3 15982.6 18116.4 29487.4 
1.155 10 9.61664 0 0 14795.3 15982.6 18116.4 -29487.4 
1.16 9.98559 10 0.287193 -8.32545e-12 29785.5 31723.4 27.7365 -4.79713e-09 
1.16 10 10.3834 0 0 14903.3 15993.7 18116 29566.4 
1.16 10 9.61664 0 0 14903.3 15993.7 18116 -29566.4 
1.165 9.98703 10 0.289191 -8.67484e-12 30007.9 31743.8 28.1853 -4.9665e-09 
1.165 10 10.3834 0 0 15012.5 16003.9 18115.7 29639.4 
1.165 10 9.61664 0 0 15012.5 16003.9 18115.7 -29639.4 
1.17 9.98848 10 0.29122 -9.03502e-12 30232.2 31762.2 28.6398 -5.1198e-09 
1.17 10 10.3834 0 0 15122.9 16013.1 18115.3 29716.2 
1.17 10 9.61664 0 0 15122.9 16013.1 18115.3 -29716.2 
1.175 9.98994 10 0.293282 -9.40528e-12 30458.6 31778.5 29.0999 -5.24259e-09 
1.175 10 10.3834 0 0 15234.5 16021.3 18114.9 29787 
1.175 10 9.61664 0 0 15234.5 16021.3 18114.9 -29787 
1.18 9.99141 10 0.295377 -9.78485e-12 30687 31792.7 29.5658 -5.36771e-09 
1.18 10 10.3834 0 0 15347.3 16028.4 18114.5 29861.6 
1.18 10 9.61664 0 0 15347.3 16028.4 18114.5 -29861.6 
1.185 9.99289 10 0.297506 -1.01725e-11 30917.4 31804.8 30.0376 -5.49898e-09 
1.185 10 10.3834 0 0 15461.3 16034.4 18114.2 29930 
1.185 10 9.61664 0 0 15461.3 16034.4 18114.2 -29930 
1.19 9.99439 10 0.299669 -1.05669e-11 31149.7 31814.6 30.5154 -5.56381e-09 
1.19 10 10.3834 0 0 15576.5 16039.4 18113.8 30002.2 
1.19 10 9.61664 0 0 15576.5 16039.4 18113.8 -30002.2 
1.195 9.99589 10 0.301865 -1.09665e-11 31383.9 31822.2 30.9992 -5.63156e-09 
1.195 10 10.3834 0 0 15692.9 16043.2 18113.4 30068.2 
1.195 10 9.61664 0 0 15692.9 16043.2 18113.4 -30068.2 
1.2 9.9974 10 0.304097 -1.13695e-11 31620.1 31827.5 31.4893 -5.63699e-09 
1.2 10 10.3834 0 0 15810.4 16045.8 18113 30137.9 
1.2 10 9.61664 0 0 15810.4 16045.8 18113 -30137.9 
1.205 9.99893 10 0.306364 -1.17735e-11 31858.1 31830.4 31.9856 -5.62772e-09 
1.205 10 10.3834 0 0 15929.1 16047.2 18112.6 30201.3 
1.205 10 9.61664 0 0 15929.1 16047.2 18112.6 -30201.3 
1.21 10.0005 10 0.308667 -1.2176e-11 32097.9 31830.9 32.4884 -5.59321e-09 
1.21 10 10.3834 0 0 16049 16047.5 18112.1 30268.4 
1.21 10 9.61664 0 0 16049 16047.5 18112.1 -30268.4 
1.215 10.002 10 0.311005 -1.25741e-11 32339.5 31828.9 32.9976 -5.52655e-09 
1.215 10 10.3834 0 0 16170 16046.5 18111.7 30329.1 
1.215 10 9.61664 0 0 16170 16046.5 18111.7 -30329.1 
1.22 10.0036 10 0.313381 -1.29649e-11 32582.8 31824.3 33.5135 -5.40636e-09 
1.22 10 10.3834 0 0 16292.1 16044.2 18111.3 30393.4 
1.22 10 9.61664 0 0 16292.1 16044.2 18111.3 -30393.4 
1.225 10.0052 10 0.315793 -1.33447e-11 32827.9 31817.2 34.0361 -5.24405e-09 
1.225 10 10.3834 0 0 16415.4 16040.6 18110.9 30451.3 
1.225 10 9.61664 0 0 16415.4 16040.6 18110.9 -30451.3 
1.23 10.0067 10 0.318243 -1.37098e-11 33074.6 31807.4 34.5655 -4.98921e-09 
1.23 10 10.3834 0 0 16539.8 16035.8 18110.4 30512.7 
1.23 10 9.61664 0 0 16539.8 16035.8 18110.4 -30512.7 
1.235 10.0083 10 0.320731 -1.4056e-11 33322.9 31795 35.1019 -4.6788e-09 
1.235 10 10.3834 0 0 16665.4 16029.5 18110 30567.6 
1.235 10 9.61664 0 0 16665.4 16029.5 18110 -30567.6 
1.24 10.0099 10 0.323258 -1.43791e-11 33572.7 31779.7 35.6454 -4.32797e-09 
1.24 10 10.3834 0 0 16792 16021.9 18109.5 30625.9 
1.24 10 9.61664 0 0 16792 16021.9 18109.5 -30625.9 
1.245 10.0116 10 0.325824 -1.46746e-11 33824 31761.6 36.1962 -3.90824e-09 
1.245 10 10.3834 0 0 16919.7 16012.9 18109.1 30677.7 
1.245 10 9.61664 0 0 16919.7 16012.9 18109.1 -30677.7 
1.25 10.0132 10 0.328429 -1.49378e-11 34076.8 31740.7 36.7543 -3.44211e-09 
1.25 10 10.3834 0 0 17048.5 16002.4 18108.6 30732.8 
1.25 10 9.61664 0 0 17048.5 16002.4 18108.6 -30732.8 
1.255 10.0149 10 0.331074 -1.5164e-11 34330.9 31716.8 37.3199 -2.9084e-09 
1.255 10 10.3834 0 0 17178.3 15990.4 18108.2 30781.3 
1.255 10 9.61664 0 0 17178.3 15990.4 18108.2 -30781.3 
1.26 10.0165 10 0.333761 -1.53486e-11 34586.3 31689.9 37.8931 -2.26408e-09 
1.26 10 10.3834 0 0 17309.2 15977 18107.7 30833.1 
1.26 10 9.61664 0 0 17309.2 15977 18107.7 -30833.1 
1.265 10.0182 10 0.336488 -1.5487e-11 34843 31659.9 38.4741 -1.58623e-09 
1.265 10 10.3834 0 0 17441.1 15962 18107.2 30878.2 
1.265 10 9.61664 0 0 17441.1 15962 18107.2 -30878.2 
1.27 10.0199 10 0.339257 -1.5575e-11 35100.8 31626.7 39.0631 -8.53585e-10 
1.27 10 10.3834 0 0 17574 15945.4 18106.7 30926.4 
1.27 10 9.61664 0 0 17574 15945.4 18106.7 -30926.4 
1.275 10.0216 10 0.342069 -1.56085e-11 35359.7 31590.4 39.6601 -6.67162e-11 
1.275 10 10.3834 0 0 17707.8 15927.2 18106.2 30967.9 
1.275 10 9.61664 0 0 17707.8 15927.2 18106.2 -30967.9 
1.28 10.0233 10 0.344923 -1.55844e-11 35619.6 31550.8 40.2655 7.44826e-10 
1.28 10 10.3834 0 0 17842.6 15907.4 18105.7 31012.4 
1.28 10 9.61664 0 0 17842.6 15907.4 18105.7 -31012.4 
1.285 10.025 10 0.347821 -1.54998e-11 35880.4 31507.8 40.8792 1.62065e-09 
1.285 10 10.3834 0 0 17978.4 15886 18105.2 31050.1 
1.285 10 9.61664 0 0 17978.4 15886 18105.2 -31050.1 
1.29 10.0268 10 0.350763 -1.53527e-11 36142 31461.5 41.5016 2.48409e-09 
1.29 10 10.3834 0 0 18115 15862.8 18104.7 31090.8 
1.29 10 9.61664 0 0 18115 15862.8 18104.7 -31090.8 
1.295 10.0285 10 0.35375 -1.51421e-11 36404.3 31411.7 42.1329 3.41505e-09 
1.295 10 10.3834 0 0 18252.5 15837.9 18104.2 31124.5 
1.295 10 9.61664 0 0 18252.5 15837.9 18104.2 -31124.5 
1.3 10.0303 10 0.356782 -1.48678e-11 36667.2 31358.4 42.7731 4.26069e-09 
1.3 10 10.3834 0 0 18390.9 15811.2 18103.6 31161.2 
1.3 10 9.61664 0 0 18390.9 15811.2 18103.6 -31161.2 
1.305 10.0321 10 0.359861 -1.45311e-11 36930.7 31301.4 43.4225 5.15215e-09 
1.305 10 10.3834 0 0 18530 15782.8 18103.1 31190.8 
1.305 10 9.61664 0 0 18530 15782.8 18103.1 -31190.8 
1.31 10.0339 10 0.362986 -1.41338e-11 37194.6 31240.8 44.0815 5.94419e-09 
1.31 10 10.3834 0 0 18669.9 15752.5 18102.6 31223.3 
1.31 10 9.61664 0 0 18669.9 15752.5 18102.6 -31223.3 
1.315 10.0357 10 0.366158 -1.36794e-11 37458.8 31176.5 44.75 6.7537e-09 
1.315 10 10.3834 0 0 18810.6 15720.3 18102 31248.6 
1.315 10 9.61664 0 0 18810.6 15720.3 18102 -31248.6 
1.32 10.0376 10 0.369379 -1.31724e-11 37723.3 31108.4 45.4286 7.46853e-09 
1.32 10 10.3834 0 0 18952 15686.2 18101.4 31276.7 
1.32 10 9.61664 0 0 18952 15686.2 18101.4 -31276.7 
1.325 10.0394 10 0.372648 -1.26182e-11 37987.7 31036.4 46.1173 8.0858e-09 
1.325 10 10.3834 0 0 19094.1 15650.2 18100.9 31297.6 
1.325 10 9.61664 0 0 19094.1 15650.2 18100.9 -31297.6 
1.33 10.0413 10 0.375967 -1.20234e-11 38252.2 30960.4 46.8164 8.5846e-09 
1.33 10 10.3834 0 0 19236.8 15612.3 18100.3 31321.1 
1.33 10 9.61664 0 0 19236.8 15612.3 18100.3 -31321.1 
1.335 10.0432 10 0.379337 -1.13952e-11 38516.4 30880.5 47.5264 8.99871e-09 
1.335 10 10.3834 0 0 19380 15572.3 18099.7 31337.3 
1.335 10 9.61664 0 0 19380 15572.3 18099.7 -31337.3 
1.34 10.0451 10 0.382757 -1.07419e-11 38780.3 30796.5 48.2474 9.27468e-09 
1.34 10 10.3834 0 0 19523.9 15530.3 18099.1 31356 
1.34 10 9.61664 0 0 19523.9 15530.3 18099.1 -31356 
1.345 10.047 10 0.386229 -1.00716e-11 39043.8 30708.3 48.9798 9.4355e-09 
1.345 10 10.3834 0 0 19668.2 15486.2 18098.5 31367.3 
1.345 10 9.61664 0 0 19668.2 15486.2 18098.5 -31367.3 
1.35 10.049 10 0.389754 -9.39321e-12 39306.7 30616 49.7239 9.53698e-09 
1.35 10 10.3834 0 0 19813 15440 18097.9 31381.2 
1.35 10 9.61664 0 0 19813 15440 18097.9 -31381.2 
1.355 10.0509 10 0.393333 -8.7151e-12 39568.8 30519.3 50.4802 9.4384e-09 
1.355 10 10.3834 0 0 19958.1 15391.7 18097.2 31387.4 
1.355 10 9.61664 0 0 19958.1 15391.7 18097.2 -31387.4 
1.36 10.0529 10 0.396966 -8.04557e-12 39830 30418.4 51.249 9.28282e-09 
1.36 10 10.3834 0 0 20103.7 15341.2 18096.6 31396.1 
1.36 10 9.61664 0 0 20103.7 15341.2 18096.6 -31396.1 
1.365 10.0549 10 0.400655 -7.39222e-12 40090.2 30313 52.0307 9.00945e-09 
1.365 10 10.3834 0 0 20249.5 15288.6 18095.9 31397.2 
1.365 10 9.61664 0 0 20249.5 15288.6 18095.9 -31397.2 
1.37 10.0569 10 0.404399 -6.76201e-12 40349.2 30203.2 52.8259 8.63018e-09 
1.37 10 10.3834 0 0 20395.6 15233.6 18095.3 31400.6 
1.37 10 9.61664 0 0 20395.6 15233.6 18095.3 -31400.6 
1.375 10.0589 10 0.408202 -6.1608e-12 40606.7 30088.9 53.6349 8.16402e-09 
1.375 10 10.3834 0 0 20541.8 15176.5 18094.6 31396.2 
1.375 10 9.61664 0 0 20541.8 15176.5 18094.6 -31396.2 
1.38 10.061 10 0.412062 -5.5936e-12 40862.7 29969.9 54.4584 7.68806e-09 
1.38 10 10.3834 0 0 20688.2 15117 18093.9 31394.1 
1.38 10 9.61664 0 0 20688.2 15117 18093.9 -31394.1 
1.385 10.063 10 0.415982 -5.06393e-12 41117 29846.3 55.2968 7.13369e-09 
1.385 10 10.3834 0 0 20834.7 15055.2 18093.2 31384.2 
1.385 10 9.61664 0 0 20834.7 15055.2 18093.2 -31384.2 
1.39 10.0651 10 0.419962 -4.57442e-12 41369.4 29718 56.1508 6.57767e-09 
1.39 10 10.3834 0 0 20981.2 14991.1 18092.5 31376.4 
1.39 10 9.61664 0 0 20981.2 14991.1 18092.5 -31376.4 
1.395 10.0672 10 0.424004 -4.12625e-12 41619.6 29585 57.021 5.96194e-09 
1.395 10 10.3834 0 0 21127.6 14924.5 18091.8 31360.7 
1.395 10 9.61664 0 0 21127.6 14924.5 18091.8 -31360.7 
1.4 10.0694 10 0.428108 -3.71979e-12 41867.5 29447.1 57.908 5.39935e-09 
1.4 10 10.3834 0 0 21273.8 14855.6 18091.1 31347 
1.4 10 9.61664 0 0 21273.8 14855.6 18091.1 -31347 
1.405 10.0715 10 0.432277 -3.35407e-12 42113 29304.3 58.8128 4.84611e-09 
1.405 10 10.3834 0 0 21419.9 14784.2 18090.3 31325.4 
1.405 10 9.61664 0 0 21419.9 14784.2 18090.3 -31325.4 
1.41 10.0737 10 0.43651 -3.02755e-12 42355.8 29156.6 59.7359 4.29835e-09 
1.41 10 10.3834 0 0 21565.7 14710.4 18089.6 31305.7 
1.41 10 9.61664 0 0 21565.7 14710.4 18089.6 -31305.7 
1.415 10.0759 10 0.440811 -2.73792e-12 42595.6 29004 60.6783 3.79941e-09 
1.415 10 10.3834 0 0 21711.2 14634 18088.8 31278 
1.415 10 9.61664 0 0 21711.2 14634 18088.8 -31278 
1.42 10.0781 10 0.445179 -2.4825e-12 42832.4 28846.2 61.6409 3.36347e-09 
1.42 10 10.3834 0 0 21856.2 14555.2 18088 31252.1 
1.42 10 9.61664 0 0 21856.2 14555.2 18088 -31252.1 
1.425 10.0803 10 0.449617 -2.25816e-12 43065.8 28683.5 62.6246 2.95007e-09 
1.425 10 10.3834 0 0 22000.8 14473.8 18087.2 31218.1 
1.425 10 9.61664 0 0 22000.8 14473.8 18087.2 -31218.1 
1.43 10.0826 10 0.454126 -2.06177e-12 43295.7 28515.5 63.6306 2.57332e-09 
1.43 10 10.3834 0 0 22144.8 14389.8 18086.4 31185.8 
1.43 10 9.61664 0 0 22144.8 14389.8 18086.4 -31185.8 
1.435 10.0849 10 0.458708 -1.89e-12 43521.9 28342.5 64.66 2.25096e-09 
1.435 10 10.3834 0 0 22288.1 14303.3 18085.6 31145.4 
1.435 10 9.61664 0 0 22288.1 14303.3 18085.6 -31145.4 
1.44 10.0872 10 0.463364 -1.73979e-12 43744.1 28164.2 65.714 1.96435e-09 
1.44 10 10.3834 0 0 22430.7 14214.1 18084.7 31106.7 
1.44 10 9.61664 0 0 22430.7 14214.1 18084.7 -31106.7 
1.445 10.0895 10 0.468096 -1.60811e-12 43962 27980.7 66.7939 1.72036e-09 
1.445 10 10.3834 0 0 22572.4 14122.4 18083.8 31059.7 
1.445 10 9.61664 0 0 22572.4 14122.4 18083.8 -31059.7 
1.45 10.0919 10 0.472906 -1.49239e-12 44175.6 27791.9 67.9012 1.51135e-09 
1.45 10 10.3834 0 0 22713.3 14028 18082.9 31014.3 
1.45 10 9.61664 0 0 22713.3 14028 18082.9 -31014.3 
1.455 10.0943 10 0.477797 -1.39025e-12 44384.5 27597.8 69.0373 1.35516e-09 
1.455 10 10.3834 0 0 22853.1 13930.9 18082 30960.6 
1.455 10 9.61664 0 0 22853.1 13930.9 18082 -30960.6 
1.46 10.0967 10 0.48277 -1.29964e-12 44588.5 27398.3 70.2041 1.20787e-09 
1.46 10 10.3834 0 0 22991.9 13831.2 18081.1 30908.5 
1.46 10 9.61664 0 0 22991.9 13831.2 18081.1 -30908.5 
1.465 10.0991 10 0.487827 -1.2187e-12 44787.3 27193.5 71.4033 1.06557e-09 
1.465 10 10.3834 0 0 23129.5 13728.8 18080.1 30848 
1.465 10 9.61664 0 0 23129.5 13728.8 18080.1 -30848 
1.47 10.1015 10 0.492971 -1.14589e-12 44980.8 26983.4 72.6367 9.89893e-10 
1.47 10 10.3834 0 0 23265.8 13623.7 18079.2 30789 
1.47 10 9.61664 0 0 23265.8 13623.7 18079.2 -30789 
1.475 10.104 10 0.498204 -1.08005e-12 45168.7 26767.8 73.9066 8.60621e-10 
1.475 10 10.3834 0 0 23400.8 13516 18078.2 30721.6 
1.475 10 9.61664 0 0 23400.8 13516 18078.2 -30721.6 
1.48 10.1065 10 0.50353 -1.02021e-12 45350.7 26546.9 75.2152 7.83121e-10 
1.48 10 10.3834 0 0 23534.3 13405.5 18077.1 30655.7 
1.48 10 9.61664 0 0 23534.3 13405.5 18077.1 -30655.7 
1.485 10.109 10 0.50895 -9.65445e-13 45526.6 26320.5 76.565 7.42712e-10 
1.485 10 10.3834 0 0 23666.3 13292.3 18076.1 30581.3 
1.485 10 9.61664 0 0 23666.3 13292.3 18076.1 -30581.3 
1.49 10.1116 10 0.514469 -9.15013e-13 45696.2 26088.7 77.9586 6.88357e-10 
1.49 10 10.3834 0 0 23796.6 13176.4 18075 30508.4 
1.49 10 9.61664 0 0 23796.6 13176.4 18075 -30508.4 
1.495 10.1142 10 0.520088 -8.68449e-13 45859.2 25851.6 79.399 6.4182e-10 
1.495 10 10.3834 0 0 23925.2 13057.8 18073.9 30427 
1.495 10 9.61664 0 0 23925.2 13057.8 18073.9 -30427 
1.5 10.1168 10 0.525813 -8.25237e-13 46015.4 25609 80.8892 5.88476e-10 
1.5 10 10.3834 0 0 24052 12936.5 18072.7 30347 
1.5 10 9.61664 0 0 24052 12936.5 18072.7 -30347 
1.505 10.1194 10 0.531645 -7.85039e-13 46164.5 25361 82.4326 5.53744e-10 
1.505 10 10.3834 0 0 24176.8 12812.5 18071.6 30258.5 
1.505 10 9.61664 0 0 24176.8 12812.5 18071.6 -30258.5 
1.51 10.1221 10 0.53759 -7.47511e-13 46306.3 25107.6 84.033 5.04834e-10 
1.51 10 10.3834 0 0 24299.6 12685.8 18070.4 30171.4 
1.51 10 9.61664 0 0 24299.6 12685.8 18070.4 -30171.4 
1.515 10.1248 10 0.543651 -7.1247e-13 46440.6 24848.9 85.6943 4.781e-10 
1.515 10 10.3834 0 0 24420.2 12556.5 18069.1 30075.8 
1.515 10 9.61664 0 0 24420.2 12556.5 18069.1 -30075.8 
1.52 10.1276 10 0.549834 -6.79573e-13 46567.1 24584.8 87.4209 4.58943e-10 
1.52 10 10.3834 0 0 24538.7 12424.4 18067.8 29981.7 
1.52 10 9.61664 0 0 24538.7 12424.4 18067.8 -29981.7 
1.525 10.1303 10 0.556142 -6.48727e-13 46685.6 24315.4 89.2175 4.03692e-10 
1.525 10 10.3834 0 0 24654.8 12289.7 18066.5 29879 
1.525 10 9.61664 0 0 24654.8 12289.7 18066.5 -29879 
1.53 10.1331 10 0.562581 -6.19689e-13 46795.8 24040.7 91.0894 3.99627e-10 
1.53 10 10.3834 0 0 24768.4 12152.4 18065.1 29777.8 
1.53 10 9.61664 0 0 24768.4 12152.4 18065.1 -29777.8 
1.535 10.1359 10 0.569157 -5.92339e-13 46897.6 23760.8 93.042 3.73969e-10 
1.535 10 10.3834 0 0 24879.6 12012.5 18063.6 29668.1 
1.535 10 9.61664 0 0 24879.6 12012.5 18063.6 -29668.1 
1.54 10.1388 10 0.575875 -5.66581e-13 46990.6 23475.8 95.0816 3.66725e-10 
1.54 10 10.3834 0 0 24988.2 11869.9 18062.1 29559.9 
1.54 10 9.61664 0 0 24988.2 11869.9 18062.1 -29559.9 
1.545 10.1417 10 0.582742 -5.42247e-13 47074.8 23185.5 97.2148 3.233e-10 
1.545 10 10.3834 0 0 25094 11724.8 18060.6 29443.2 
1.545 10 9.61664 0 0 25094 11724.8 18060.6 -29443.2 
1.55 10.1446 10 0.589765 -5.19224e-13 47149.8 22890.2 99.4489 2.90973e-10 
1.55 10 10.3834 0 0 25197.1 11577.1 18059 29328.1 
1.55 10 9.61664 0 0 25197.1 11577.1 18059 -29328.1 
1.555 10.1476 10 0.596951 -4.97492e-13 47215.4 22589.8 101.792 3.02483e-10 
1.555 10 10.3834 0 0 25297.2 11427 18057.3 29204.6 
1.555 10 9.61664 0 0 25297.2 11427 18057.3 -29204.6 
1.56 10.1506 10 0.604309 -4.76948e-13 47271.5 22284.5 104.253 2.81416e-10 
1.56 10 10.3834 0 0 25394.4 11274.3 18055.6 29082.8 
1.56 10 9.61664 0 0 25394.4 11274.3 18055.6 -29082.8 
1.565 10.1536 10 0.611848 -4.57483e-13 47317.9 21974.3 106.841 2.71415e-10 
1.565 10 10.3834 0 0 25488.5 11119.2 18053.7 28952.5 
1.565 10 9.61664 0 0 25488.5 11119.2 18053.7 -28952.5 
1.57 10.1567 10 0.619576 -4.39e-13 47354.3 21659.3 109.567 2.57913e-10 
1.57 10 10.3834 0 0 25579.5 10961.7 18051.8 28824 
1.57 10 9.61664 0 0 25579.5 10961.7 18051.8 -28824 
1.575 10.1598 10 0.627504 -4.21529e-13 47380.5 21339.6 112.443 2.33639e-10 
1.575 10 10.3834 0 0 25667.2 10801.8 18049.9 28687.3 
1.575 10 9.61664 0 0 25667.2 10801.8 18049.9 -28687.3 
1.58 10.163 10 0.635643 -4.04956e-13 47396.5 21015.2 115.481 2.24043e-10 
1.58 10 10.3834 0 0 25751.6 10639.6 18047.8 28552.3 
1.58 10 9.61664 0 0 25751.6 10639.6 18047.8 -28552.3 
1.585 10.1662 10 0.644005 -3.8914e-13 47401.9 20686.2 118.696 2.07277e-10 
1.585 10 10.3834 0 0 25832.5 10475.2 18045.6 28409.3 
1.585 10 9.61664 0 0 25832.5 10475.2 18045.6 -28409.3 
1.59 10.1694 10 0.652604 -3.742e-13 47396.7 20352.8 122.103 1.90633e-10 
1.59 10 10.3834 0 0 25910.1 10308.4 18043.3 28268.1 
1.59 10 9.61664 0 0 25910.1 10308.4 18043.3 -28268.1 
1.595 10.1727 10 0.661454 -3.6002e-13 47380.7 20015.1 125.72 1.92286e-10 
1.595 10 10.3834 0 0 25984 10139.6 18040.8 28119 
1.595 10 9.61664 0 0 25984 10139.6 18040.8 -28119 
1.6 10.1761 10 0.670569 -3.46505e-13 47353.6 19673 129.566 1.83118e-10 
1.6 10 10.3834 0 0 26054.4 9968.56 18038.3 27971.9 
1.6 10 9.61664 0 0 26054.4 9968.56 18038.3 -27971.9 
1.605 10.1794 10 0.679969 -3.33685e-13 47315.5 19326.9 133.662 1.63133e-10 
1.605 10 10.3834 0 0 26121 9795.48 18035.6 27817 
1.605 10 9.61664 0 0 26121 9795.48 18035.6 -27817 
1.61 10.1829 10 0.689671 -3.21553e-13 47266.1 18976.7 138.032 1.74167e-10 
1.61 10 10.3834 0 0 26183.9 9620.38 18032.7 27664.3 
1.61 10 9.61664 0 0 26183.9 9620.38 18032.7 -27664.3 
1.615 10.1863 10 0.699695 -3.09993e-13 47205.3 18622.6 142.704 1.67092e-10 
1.615 10 10.3834 0 0 26243 9443.34 18029.7 27503.9 
1.615 10 9.61664 0 0 26243 9443.34 18029.7 -27503.9 
1.62 10.1899 10 0.710065 -2.98994e-13 47132.9 18264.7 147.707 1.45543e-10 
1.62 10 10.3834 0 0 26298.2 9264.39 18026.4 27345.9 
1.62 10 9.61664 0 0 26298.2 9264.39 18026.4 -27345.9 
1.625 10.1934 10 0.720805 -2.88587e-13 47049 17903.2 153.074 1.3681e-10 
1.625 10 10.3834 0 0 26349.5 9083.62 18023 27180.5 
1.625 10 9.61664 0 0 26349.5 9083.62 18023 -27180.5 
1.63 10.1971 10 0.731942 -2.78716e-13 46953.2 17538.1 158.845 1.51799e-10 
1.63 10 10.3834 0 0 26396.9 8901.08 18019.3 27017.6 
1.63 10 9.61664 0 0 26396.9 8901.08 18019.3 -27017.6 
1.635 10.2008 10 0.743507 -2.69269e-13 46845.6 17169.6 165.061 1.2501e-10 
1.635 10 10.3834 0 0 26440.2 8716.84 18015.4 26847.4 
1.635 10 9.61664 0 0 26440.2 8716.84 18015.4 -26847.4 
1.64 10.2045 10 0.755534 -2.60338e-13 46726.1 16797.9 171.772 1.18303e-10 
1.64 10 10.3834 0 0 26479.4 8530.97 18011.2 26680.1 
1.64 10 9.61664 0 0 26479.4 8530.97 18011.2 -26680.1 
1.645 10.2083 10 0.768059 -2.51828e-13 46594.4 16423 179.033 1.18931e-10 
1.645 10 10.3834 0 0 26514.5 8343.53 18006.7 26505.7 
1.645 10 9.61664 0 0 26514.5 8343.53 18006.7 -26505.7 
1.65 10.2122 10 0.781125 -2.43846e-13 46450.6 16045.1 186.908 1.17813e-10 
1.65 10 10.3834 0 0 26545.5 8154.59 18001.9 26334.3 
1.65 10 9.61664 0 0 26545.5 8154.59 18001.9 -26334.3 
1.655 10.2161 10 0.794777 -2.3623e-13 46294.5 15664.4 195.468 9.30998e-11 
1.655 10 10.3834 0 0 26572.3 7964.22 17996.6 26156.1 
1.655 10 9.61664 0 0 26572.3 7964.22 17996.6 -26156.1 
1.66 10.2201 10 0.809067 -2.2902e-13 46126 15280.9 204.798 1.08461e-10 
1.66 10 10.3834 0 0 26594.9 7772.49 17991 25981.2 
1.66 10 9.61664 0 0 26594.9 7772.49 17991 -25981.2 
1.665 10.2242 10 0.824054 -2.22265e-13 45945 14894.8 214.994 9.84207e-11 
1.665 10 10.3834 0 0 26613.2 7579.46 17984.8 25799.8 
1.665 10 9.61664 0 0 26613.2 7579.46 17984.8 -25799.8 
1.67 10.2284 10 0.839804 -2.15898e-13 45751.4 14506.3 226.169 8.11583e-11 
1.67 10 10.3834 0 0 26627.2 7385.21 17978.1 25621.9 
1.67 10 9.61664 0 0 26627.2 7385.21 17978.1 -25621.9 
1.675 10.2326 10 0.85639 -2.09923e-13 45545.1 14115.5 238.453 8.75978e-11 
1.675 10 10.3834 0 0 26636.9 7189.8 17970.8 25437.6 
1.675 10 9.61664 0 0 26636.9 7189.8 17970.8 -25437.6 
1.68 10.2369 10 0.873898 -2.04329e-13 45325.8 13722.5 252.001 7.95386e-11 
1.68 10 10.3834 0 0 26642.2 6993.3 17962.8 25257.2 
1.68 10 9.61664 0 0 26642.2 6993.3 17962.8 -25257.2 
1.685 10.2414 10 0.892425 -1.99124e-13 45093.5 13327.5 266.993 6.24387e-11 
1.685 10 10.3834 0 0 26643.1 6795.77 17954 25070.7 
1.685 10 9.61664 0 0 26643.1 6795.77 17954 -25070.7 
1.69 10.2459 10 0.91208 -1.94256e-13 44847.8 12930.5 283.645 6.17573e-11 
1.69 10 10.3834 0 0 26639.5 6597.27 17944.3 24888.3 
1.69 10 9.61664 0 0 26639.5 6597.27 17944.3 -24888.3 
1.695 10.2505 10 0.932991 -1.89803e-13 44588.6 12531.6 302.216 4.47628e-11 
1.695 10 10.3834 0 0 26631.3 6397.86 17933.6 24700.1 
1.695 10 9.61664 0 0 26631.3 6397.86 17933.6 -24700.1 
1.7 10.2552 10 0.955306 -1.85724e-13 44315.6 12131.1 323.013 3.69156e-11 
1.7 10 10.3834 0 0 26618.4 6197.59 17921.6 24516.1 
1.7 10 9.61664 0 0 26618.4 6197.59 17921.6 -24516.1 
1.705 10.26 10 0.979198 -1.82012e-13 44028.3 11728.9 346.414 4.5491e-11 
1.705 10 10.3834 0 0 26600.7 5996.51 17908.2 24326.6 
1.705 10 9.61664 0 0 26600.7 5996.51 17908.2 -24326.6 
1.71 10.265 10 1.00487 -1.78691e-13 43726.2 11325.2 372.878 4.32071e-11 
1.71 10 10.3834 0 0 26578 5794.66 17893.2 24141.5 
1.71 10 9.61664 0 0 26578 5794.66 17893.2 -24141.5 
1.715 10.2701 10 1.03255 -1.75845e-13 43408.8 10920.1 402.97 2.64375e-11 
1.715 10 10.3834 0 0 26550.1 5592.08 17876.2 23950.8 
1.715 10 9.61664 0 0 26550.1 5592.08 17876.2 -23950.8 
1.72 10.2753 10 1.06254 -1.73413e-13 43075.3 10513.5 437.395 1.88211e-11 
1.72 10 10.3834 0 0 26516.6 5388.79 17856.9 23764.7 
1.72 10 9.61664 0 0 26516.6 5388.79 17856.9 -23764.7 
1.725 10.2807 10 1.09516 -1.71469e-13 42724.8 10105.5 477.043 1.21824e-11 
1.725 10 10.3834 0 0 26477.3 5184.8 17834.8 23573 
1.725 10 9.61664 0 0 26477.3 5184.8 17834.8 -23573 
1.73 10.2863 10 1.13084 -1.70062e-13 42355.9 9696.18 523.042 1.19853e-11 
1.73 10 10.3834 0 0 26431.4 4980.13 17809.3 23385.5 
1.73 10 9.61664 0 0 26431.4 4980.13 17809.3 -23385.5 
1.735 10.292 10 1.17007 -1.69152e-13 41967 9285.43 576.85 1.91339e-11 
1.735 10 10.3834 0 0 26378.3 4774.75 17779.7 23191.9 
1.735 10 9.61664 0 0 26378.3 4774.75 17779.7 -23191.9 
1.74 10.298 10 1.21347 -1.68929e-13 41556 8873.2 640.372 1.82225e-12 
1.74 10 10.3834 0 0 26316.8 4568.64 17744.9 23001.9 
1.74 10 9.61664 0 0 26316.8 4568.64 17744.9 -23001.9 
1.745 10.3042 10 1.26184 -1.69408e-13 41120 8459.37 716.141 -1.17533e-11 
1.745 10 10.3834 0 0 26245.6 4361.73 17703.6 22804.5 
1.745 10 9.61664 0 0 26245.6 4361.73 17703.6 -22804.5 
1.75 10.3106 10 1.31615 -1.70758e-13 40655.1 8043.78 807.579 -1.97498e-11 
1.75 10 10.3834 0 0 26162.6 4153.93 17654.1 22608.8 
1.75 10 9.61664 0 0 26162.6 4153.93 17654.1 -22608.8 
1.755 10.3173 10 1.37769 -1.73056e-13 40156.1 7626.17 919.406 -4.30752e-11 
1.755 10 10.3834 0 0 26064.9 3945.12 17593.9 22403 
1.755 10 9.61664 0 0 26064.9 3945.12 17593.9 -22403 
1.76 10.3244 10 1.44814 -1.76703e-13 39615.5 7206.19 1058.28 -4.89311e-11 
1.76 10 10.3834 0 0 25948.2 3735.13 17519.5 22194.3 
1.76 10 9.61664 0 0 25948.2 3735.13 17519.5 -22194.3 
1.765 10.3318 10 1.52974 -1.81884e-13 39022.7 6783.35 1233.82 -6.18484e-11 
1.765 10 10.3834 0 0 25806.1 3523.71 17426 21968.8 
1.765 10 9.61664 0 0 25806.1 3523.71 17426 -21968.8 
1.77 10.3397 10 1.62561 -1.89098e-13 38361.9 6357 1460.36 -1.02675e-10 
1.77 10 10.3834 0 0 25628.9 3310.54 17306 21729.8 
1.77 10 9.61664 0 0 25628.9 3310.54 17306 -21729.8 
1.775 10.3481 10 1.7401 -1.99018e-13 37609 5926.27 1759.99 -1.61314e-10 
1.775 10 10.3834 0 0 25401.2 3095.18 17148.2 21456.7 
1.775 10 9.61664 0 0 25401.2 3095.18 17148.2 -21456.7 
1.78 10.3572 10 1.8796 -2.1257e-13 36726 5489.95 2168.11 -1.9989e-10 
1.78 10 10.3834 0 0 25097.9 2877.01 16934.4 21141.8 
1.78 10 9.61664 0 0 25097.9 2877.01 16934.4 -21141.8 
1.785 10.367 10 2.05379 -2.31541e-13 35649.5 5046.35 2744.19 -3.07284e-10 
1.785 10 10.3834 0 0 24675.7 2655.22 16634.2 20744 
1.785 10 9.61664 0 0 24675.7 2655.22 16634.2 -20744 
1.79 10.3778 10 2.27807 -2.58544e-13 34268.1 4593.15 3593.99 -4.50388e-10 
1.79 10 10.3834 0 0 24055.9 2428.61 16193.6 20215.6 
1.79 10 9.61664 0 0 24055.9 2428.61 16193.6 -20215.6 
1.795 10.3899 10 2.57838 -2.98771e-13 32371.3 4126.93 4919.13 -6.87594e-10 
1.795 10 10.3834 0 0 23085.9 2195.51 15510 19432.7 
1.795 10 9.61664 0 0 23085.9 2195.51 15510 -19432.7 
1.8 10.4038 10 3.00171 -3.61939e-13 29525.8 3642.66 7138.55 -1.12304e-09 
1.8 10 10.3834 0 0 21441.1 1953.37 14370.6 18159.3 
1.8 10 9.61664 0 0 21441.1 1953.37 14370.6 -18159.3 
1.805 10.4203 10 3.64153 -4.70171e-13 24733.2 3132.52 11224.9 -1.99807e-09 
1.805 10 10.3834 0 0 18350.2 1698.3 12282.7 15790.3 
1.805 10 9.61664 0 0 18350.2 1698.3 12282.7 -15790.3 
1.81 10.4409 10 4.70826 -6.8189e-13 15328.7 2583.94 19792.4 -4.32108e-09 
1.81 10 10.3834 0 0 11680.7 1424.01 7924.32 10658.8 
1.81 10 9.61664 0 0 11680.7 1424.01 7924.32 -10658.8 
1.815 10.4689 10 6.70644 -1.02734e-12 0 1976.7 34046.1 -1.91855e-12 
1.815 10 10.3834 0 0 0 1120.39 657.666 1425.54 
1.815 10 9.61664 0 0 0 1120.39 657.666 -1425.54 
1.82 10.5085 10 9.09527 -1.02533e-12 0 1339.94 32843.7 5.63489e-11 
1.82 10 10.3834 0 0 0 802.01 1091.63 1009.16 
1.82 10 9.61664 0 0 0 802.01 1091.63 -1009.16 
1.825 10.5597 10 11.4009 -1.01966e-12 0 796.192 31742.4 9.93814e-11 
1.825 10 10.3834 0 0 0 530.135 1480.89 670.411 
1.825 10 9.61664 0 0 0 530.135 1480.89 -670.411 
1.83 10.6223 10 13.6351 -1.01163e-12 0 412.966 30854.2 1.23155e-10 
1.83 10 10.3834 0 0 0 338.522 1768.61 453.017 
1.83 10 9.61664 0 0 0 338.522 1768.61 -453.017 
1.835 10.696 10 15.8141 -1.0024e-12 0 186.393 30194.1 1.33629e-10 
1.835 10 10.3834 0 0 0 225.236 1946.13 331.142 
1.835 10 9.61664 0 0 0 225.236 1946.13 -331.142 
1.84 10.7804 10 17.9527 -9.92703e-13 0 73.075 29710.6 1.36997e-10 
1.84 10 10.3834 0 0 0 168.577 2038.18 279.253 
1.84 10 9.61664 0 0 0 168.577 2038.18 -279.253 
1.845 10.8755 10 20.061 -9.82905e-13 0 24.8694 29334.7 1.37095e-10 
1.845 10 10.3834 0 0 0 144.474 2078.53 255.789 
1.845 10 9.61664 0 0 0 144.474 2078.53 -255.789 
1.85 10.981 10 22.1446 -9.73144e-13 0 7.35013 29012.9 1.36129e-10 
1.85 10 10.3834 0 0 0 135.714 2093.55 251.409 
1.85 10 9.61664 0 0 0 135.714 2093.55 -251.409 
1.855 11.0969 10 24.2063 -9.63464e-13 0 0 28711.4 1.34886e-10 
1.855 10 10.3834 0 0 0 132.039 2100 246.387 
1.855 10 9.61664 0 0 0 132.039 2100 -246.387 
