0 9.4 10 0 0 0 484.023 27057.8 2.51248e-11 
0 10 10.3948 0 0 0 341.187 2201.08 437.697 
0 10 9.6052 0 0 0 341.187 2201.08 -437.697 
0 9.40481 10 1.92221 1.81724e-15 0 508.948 26751.7 2.62349e-11 
0 10 10.3948 0 0 0 353.65 2219.73 452.093 
0 10 9.6052 0 0 0 353.65 2219.73 -452.093 
0.005 9.41918 10 3.81977 3.87102e-15 0 590.775 26364.5 3.18591e-11 
0.005 10 10.3948 0 0 0 394.564 2280.48 497.485 
0.005 10 9.6052 0 0 0 394.564 2280.48 -497.485 
0.01 9.44296 10 5.68591 6.51497e-15 0 754.174 25864.4 4.37673e-11 
0.01 10 10.3948 0 0 0 476.263 2399.91 597.955 
0.01 10 9.6052 0 0 0 476.263 2399.91 -597.955 
0.015 9.47597 10 7.51044 1.03814e-14 0 1052.38 25184.4 6.76689e-11 
0.015 10 10.3948 0 0 0 625.365 2612.18 781.307 
0.015 10 9.6052 0 0 0 625.365 2612.18 -781.307 
0.02 9.51797 10 9.27656 1.67365e-14 0 1590.3 24202.4 1.17029e-10 
0.02 10 10.3948 0 0 0 894.328 2979.54 1136.65 
0.02 10 9.6052 0 0 0 894.328 2979.54 -1136.65 
0.025 9.5683 10 10.4923 -4.01007e-13 34386.5 2559.42 -11598.4 -1.46492e-08 
0.025 10 10.3948 0 0 25476.4 1378.89 20794.7 -16989.1 
0.025 10 9.6052 0 0 25476.4 1378.89 20794.7 16989.1 
0.03 9.61417 10 7.22339 -9.69219e-13 85070.5 3865.16 -63407.9 -7.5926e-10 
0.03 10 10.3948 0 0 59474.5 2031.75 46928 -38802.7 
0.03 10 9.6052 0 0 59474.5 2031.75 46928 38802.7 
0.035 9.63996 10 3.42315 -7.38715e-13 58921.4 4823.06 -37753.3 5.18436e-09 
0.035 10 10.3948 0 0 39871.4 2510.71 34366.9 -23344.2 
0.035 10 9.6052 0 0 39871.4 2510.71 34366.9 23344.2 
0.04 9.65208 10 1.71374 -4.01798e-13 34154.7 5335.97 -13243.6 3.80295e-09 
0.04 10 10.3948 0 0 22762.4 2767.16 22231.8 -11097.9 
0.04 10 9.6052 0 0 22762.4 2767.16 22231.8 11097.9 
0.045 9.65898 10 1.15475 -2.04101e-13 24857.8 5647.57 -4164.55 1.8635e-09 
0.045 10 10.3948 0 0 16423.5 2922.96 17731.4 -6525.85 
0.045 10 9.6052 0 0 16423.5 2922.96 17731.4 6525.85 
0.05 9.66422 10 0.969368 -1.13733e-13 22062.3 5893.29 -1577.51 8.06282e-10 
0.05 10 10.3948 0 0 14481.3 3045.82 16450.9 -4965.21 
0.05 10 9.6052 0 0 14481.3 3045.82 16450.9 4965.21 
0.055 9.66884 10 0.886809 -7.47266e-14 21162.4 6117.06 -878.116 3.54254e-10 
0.055 10 10.3948 0 0 13810.8 3157.7 16107 -4274.66 
0.055 10 9.6052 0 0 13810.8 3157.7 16107 4274.66 
0.06 9.67313 10 0.833217 -5.63925e-14 20749.6 6330.89 -657.683 1.84339e-10 
0.06 10 10.3948 0 0 13469.1 3264.62 16000.5 -3807.17 
0.06 10 9.6052 0 0 13469.1 3264.62 16000.5 3807.17 
0.065 9.67719 10 0.790198 -4.58697e-14 20463.4 6538.12 -556.137 1.21019e-10 
0.065 10 10.3948 0 0 13216.6 3368.24 15952.8 -3411.57 
0.065 10 9.6052 0 0 13216.6 3368.24 15952.8 3411.57 
0.07 9.68104 10 0.752985 -3.83972e-14 20218.9 6739.94 -489.158 9.6326e-11 
0.07 10 10.3948 0 0 12996.4 3469.14 15921.9 -3039.56 
0.07 10 9.6052 0 0 12996.4 3469.14 15921.9 3039.56 
0.075 9.68472 10 0.719976 -3.23031e-14 19995.8 6936.96 -436.928 7.91018e-11 
0.075 10 10.3948 0 0 12794.6 3567.65 15898.1 -2690.99 
0.075 10 9.6052 0 0 12794.6 3567.65 15898.1 2690.99 
0.08 9.68825 10 0.690352 -2.69629e-14 19787.8 7129.64 -393.807 6.92591e-11 
0.08 10 10.3948 0 0 12606.6 3664 15878.6 -2352.37 
0.08 10 9.6052 0 0 12606.6 3664 15878.6 2352.37 
0.085 9.69163 10 0.663559 -2.2133e-14 19592.3 7318.35 -357.395 6.31259e-11 
0.085 10 10.3948 0 0 12430.2 3758.35 15862.2 -2031.48 
0.085 10 9.6052 0 0 12430.2 3758.35 15862.2 2031.48 
0.09 9.69489 10 0.639171 -1.76923e-14 19407.4 7503.39 -326.237 6.06852e-11 
0.09 10 10.3948 0 0 12263.7 3850.87 15848.4 -1716.99 
0.09 10 9.6052 0 0 12263.7 3850.87 15848.4 1716.99 
0.095 9.69803 10 0.616853 -1.35531e-14 19231.6 7685.02 -299.301 5.46487e-11 
0.095 10 10.3948 0 0 12106.1 3941.68 15836.5 -1417.56 
0.095 10 9.6052 0 0 12106.1 3941.68 15836.5 1417.56 
0.1 9.70106 10 0.596332 -9.67426e-15 19064.1 7863.46 -275.812 4.86486e-11 
0.1 10 10.3948 0 0 11956.3 4030.91 15826.2 -1122.38 
0.1 10 9.6052 0 0 11956.3 4030.91 15826.2 1122.38 
0.105 9.70399 10 0.577383 -6.00672e-15 18903.8 8038.92 -255.173 5.35922e-11 
0.105 10 10.3948 0 0 11813.5 4118.63 15817.2 -840.483 
0.105 10 9.6052 0 0 11813.5 4118.63 15817.2 840.483 
0.11 9.70684 10 0.559822 -2.5182e-15 18750.2 8211.56 -236.916 4.67372e-11 
0.11 10 10.3948 0 0 11677.2 4204.96 15809.3 -561.334 
0.11 10 9.6052 0 0 11677.2 4204.96 15809.3 561.334 
0.115 9.70959 10 0.543491 8.06676e-16 18602.7 8381.54 -220.668 4.80908e-11 
0.115 10 10.3948 0 0 11546.6 4289.95 15802.3 -294.2 
0.115 10 9.6052 0 0 11546.6 4289.95 15802.3 294.2 
0.12 9.71227 10 0.528257 4.00264e-15 18460.7 8549 -206.129 4.67338e-11 
0.12 10 10.3948 0 0 11421.5 4373.68 15796.1 -28.7108 
0.12 10 9.6052 0 0 11421.5 4373.68 15796.1 28.7108 
0.125 9.71488 10 0.514009 7.08296e-15 18323.9 8714.06 -193.055 4.26646e-11 
0.125 10 10.3948 0 0 11301.4 4456.21 15790.5 225.722 
0.125 10 9.6052 0 0 11301.4 4456.21 15790.5 -225.722 
0.13 9.71741 10 0.500648 1.0057e-14 18191.8 8876.83 -181.247 4.40672e-11 
0.13 10 10.3948 0 0 11185.8 4537.59 15785.6 479.353 
0.13 10 9.6052 0 0 11185.8 4537.59 15785.6 -479.353 
0.135 9.71988 10 0.48809 1.2955e-14 18064.3 9037.42 -170.537 3.9114e-11 
0.135 10 10.3948 0 0 11074.6 4617.89 15781.1 722.673 
0.135 10 9.6052 0 0 11074.6 4617.89 15781.1 -722.673 
0.14 9.7223 10 0.476263 1.5765e-14 17941 9195.92 -160.786 3.7811e-11 
0.14 10 10.3948 0 0 10967.4 4697.14 15777.1 965.858 
0.14 10 9.6052 0 0 10967.4 4697.14 15777.1 -965.858 
0.145 9.72465 10 0.465101 1.8519e-14 17821.7 9352.42 -151.879 3.74255e-11 
0.145 10 10.3948 0 0 10864 4775.39 15773.4 1199.33 
0.145 10 9.6052 0 0 10864 4775.39 15773.4 -1199.33 
0.15 9.72695 10 0.454548 2.12085e-14 17706.2 9506.99 -143.716 3.43204e-11 
0.15 10 10.3948 0 0 10764.2 4852.67 15770 1433.2 
0.15 10 9.6052 0 0 10764.2 4852.67 15770 -1433.2 
0.155 9.7292 10 0.444554 2.38503e-14 17594.3 9659.71 -136.211 3.75886e-11 
0.155 10 10.3948 0 0 10667.7 4929.03 15767 1657.85 
0.155 10 9.6052 0 0 10667.7 4929.03 15767 -1657.85 
0.16 9.73139 10 0.435075 2.64433e-14 17485.7 9810.64 -129.294 3.17685e-11 
0.16 10 10.3948 0 0 10574.5 5004.5 15764.2 1883.34 
0.16 10 9.6052 0 0 10574.5 5004.5 15764.2 -1883.34 
0.165 9.73355 10 0.426071 2.89935e-14 17380.5 9959.85 -122.901 3.32305e-11 
0.165 10 10.3948 0 0 10484.2 5079.1 15761.6 2100.02 
0.165 10 9.6052 0 0 10484.2 5079.1 15761.6 -2100.02 
0.17 9.73566 10 0.417507 3.15181e-14 17278.4 10107.4 -116.978 3.37866e-11 
0.17 10 10.3948 0 0 10396.9 5152.88 15759.3 2317.92 
0.17 10 9.6052 0 0 10396.9 5152.88 15759.3 -2317.92 
0.175 9.73772 10 0.40935 3.40129e-14 17179.2 10253.3 -111.478 3.43468e-11 
0.175 10 10.3948 0 0 10312.3 5225.85 15757.1 2527.34 
0.175 10 9.6052 0 0 10312.3 5225.85 15757.1 -2527.34 
0.18 9.73975 10 0.401572 3.64729e-14 17083 10397.7 -106.36 3.67309e-11 
0.18 10 10.3948 0 0 10230.3 5298.04 15755.1 2738.3 
0.18 10 9.6052 0 0 10230.3 5298.04 15755.1 -2738.3 
0.185 9.74174 10 0.394147 3.89202e-14 16989.5 10540.6 -101.588 3.63883e-11 
0.185 10 10.3948 0 0 10150.8 5369.48 15753.2 2941.08 
0.185 10 9.6052 0 0 10150.8 5369.48 15753.2 -2941.08 
0.19 9.74369 10 0.387052 4.13429e-14 16898.7 10682 -97.1299 3.42301e-11 
0.19 10 10.3948 0 0 10073.7 5440.19 15751.5 3145.67 
0.19 10 9.6052 0 0 10073.7 5440.19 15751.5 -3145.67 
0.195 9.74561 10 0.380265 4.37532e-14 16810.4 10822 -92.9574 3.75307e-11 
0.195 10 10.3948 0 0 9998.95 5510.2 15749.9 3342.34 
0.195 10 9.6052 0 0 9998.95 5510.2 15749.9 -3342.34 
0.2 9.74749 10 0.373766 4.61409e-14 16724.7 10960.7 -89.0456 3.90154e-11 
0.2 10 10.3948 0 0 9926.38 5579.51 15748.4 3541.06 
0.2 10 9.6052 0 0 9926.38 5579.51 15748.4 -3541.06 
0.205 9.74935 10 0.367539 4.85286e-14 16641.3 11098 -85.3724 3.14051e-11 
0.205 10 10.3948 0 0 9855.93 5648.16 15747 3732.08 
0.205 10 9.6052 0 0 9855.93 5648.16 15747 -3732.08 
0.21 9.75117 10 0.361565 5.09086e-14 16560.3 11234 -81.9177 3.10719e-11 
0.21 10 10.3948 0 0 9787.52 5716.16 15745.6 3925.36 
0.21 10 9.6052 0 0 9787.52 5716.16 15745.6 -3925.36 
0.215 9.75296 10 0.355831 5.32841e-14 16481.6 11368.7 -78.6639 3.61963e-11 
0.215 10 10.3948 0 0 9721.08 5783.53 15744.4 4111.13 
0.215 10 9.6052 0 0 9721.08 5783.53 15744.4 -4111.13 
0.22 9.75473 10 0.350323 5.56479e-14 16405.1 11502.2 -75.5949 3.22274e-11 
0.22 10 10.3948 0 0 9656.53 5850.28 15743.3 4299.35 
0.22 10 9.6052 0 0 9656.53 5850.28 15743.3 -4299.35 
0.225 9.75647 10 0.345028 5.80094e-14 16330.7 11634.5 -72.6965 2.82588e-11 
0.225 10 10.3948 0 0 9593.82 5916.43 15742.2 4480.24 
0.225 10 9.6052 0 0 9593.82 5916.43 15742.2 -4480.24 
0.23 9.75818 10 0.339934 6.03782e-14 16258.3 11765.6 -69.9556 3.52031e-11 
0.23 10 10.3948 0 0 9532.87 5982 15741.2 4663.74 
0.23 10 9.6052 0 0 9532.87 5982 15741.2 -4663.74 
0.235 9.75987 10 0.335031 6.27265e-14 16188 11895.6 -67.3604 3.12364e-11 
0.235 10 10.3948 0 0 9473.63 6047 15740.2 4840.07 
0.235 10 9.6052 0 0 9473.63 6047 15740.2 -4840.07 
0.24 9.76153 10 0.330308 6.50836e-14 16119.7 12024.5 -64.9005 3.45444e-11 
0.24 10 10.3948 0 0 9416.04 6111.44 15739.3 5019.15 
0.24 10 9.6052 0 0 9416.04 6111.44 15739.3 -5019.15 
0.245 9.76317 10 0.325756 6.74512e-14 16053.3 12152.3 -62.566 3.23939e-11 
0.245 10 10.3948 0 0 9360.06 6175.35 15738.5 5191.21 
0.245 10 9.6052 0 0 9360.06 6175.35 15738.5 -5191.21 
0.25 9.76479 10 0.321367 6.98266e-14 15988.8 12279.1 -60.3483 3.56994e-11 
0.25 10 10.3948 0 0 9305.62 6238.72 15737.7 5366.16 
0.25 10 9.6052 0 0 9305.62 6238.72 15737.7 -5366.16 
0.255 9.76638 10 0.317133 7.22069e-14 15926.1 12404.8 -58.2393 3.17281e-11 
0.255 10 10.3948 0 0 9252.7 6301.58 15736.9 5534.2 
0.255 10 9.6052 0 0 9252.7 6301.58 15736.9 -5534.2 
0.26 9.76796 10 0.313045 7.45984e-14 15865.2 12529.5 -56.2317 3.50313e-11 
0.26 10 10.3948 0 0 9201.23 6363.94 15736.2 5705.25 
0.26 10 9.6052 0 0 9201.23 6363.94 15736.2 -5705.25 
0.265 9.76952 10 0.309097 7.69755e-14 15806 12653.2 -54.3188 3.46985e-11 
0.265 10 10.3948 0 0 9151.18 6425.8 15735.5 5869.52 
0.265 10 9.6052 0 0 9151.18 6425.8 15735.5 -5869.52 
0.27 9.77105 10 0.305283 7.93758e-14 15748.6 12776 -52.4944 3.43625e-11 
0.27 10 10.3948 0 0 9102.51 6487.18 15734.9 6036.91 
0.27 10 9.6052 0 0 9102.51 6487.18 15734.9 -6036.91 
0.275 9.77257 10 0.301596 8.17898e-14 15692.8 12897.8 -50.7528 3.40245e-11 
0.275 10 10.3948 0 0 9055.18 6548.09 15734.3 6197.62 
0.275 10 9.6052 0 0 9055.18 6548.09 15734.3 -6197.62 
0.28 9.77407 10 0.298031 8.42057e-14 15638.6 13018.7 -49.089 3.73243e-11 
0.28 10 10.3948 0 0 9009.15 6608.54 15733.7 6361.55 
0.28 10 9.6052 0 0 9009.15 6608.54 15733.7 -6361.55 
0.285 9.77555 10 0.294582 8.6633e-14 15586.1 13138.7 -47.498 3.51655e-11 
0.285 10 10.3948 0 0 8964.39 6668.54 15733.1 6518.89 
0.285 10 9.6052 0 0 8964.39 6668.54 15733.1 -6518.89 
0.29 9.77701 10 0.291244 8.9069e-14 15535.1 13257.8 -45.9755 3.11864e-11 
0.29 10 10.3948 0 0 8920.87 6728.1 15732.6 6679.55 
0.29 10 9.6052 0 0 8920.87 6728.1 15732.6 -6679.55 
0.295 9.77846 10 0.288012 9.15403e-14 15485.7 13376.1 -44.5175 2.90214e-11 
0.295 10 10.3948 0 0 8878.56 6787.23 15732.1 6833.71 
0.295 10 9.6052 0 0 8878.56 6787.23 15732.1 -6833.71 
0.3 9.77989 10 0.284883 9.40103e-14 15437.8 13493.5 -43.12 3.41326e-11 
0.3 10 10.3948 0 0 8837.42 6845.93 15731.6 6991.28 
0.3 10 9.6052 0 0 8837.42 6845.93 15731.6 -6991.28 
0.305 9.78131 10 0.281851 9.65156e-14 15391.3 13610.1 -41.7796 3.56009e-11 
0.305 10 10.3948 0 0 8797.42 6904.22 15731.2 7142.43 
0.305 10 9.6052 0 0 8797.42 6904.22 15731.2 -7142.43 
0.31 9.78271 10 0.278913 9.90185e-14 15346.4 13725.9 -40.4931 3.16125e-11 
0.31 10 10.3948 0 0 8758.55 6962.1 15730.7 7297.05 
0.31 10 9.6052 0 0 8758.55 6962.1 15730.7 -7297.05 
0.315 9.7841 10 0.276065 1.01535e-13 15302.8 13840.8 -39.2575 3.67171e-11 
0.315 10 10.3948 0 0 8720.76 7019.59 15730.3 7445.34 
0.315 10 9.6052 0 0 8720.76 7019.59 15730.3 -7445.34 
0.32 9.78547 10 0.273303 1.04081e-13 15260.7 13955 -38.0699 3.27227e-11 
0.32 10 10.3948 0 0 8684.05 7076.69 15729.9 7597.18 
0.32 10 9.6052 0 0 8684.05 7076.69 15729.9 -7597.18 
0.325 9.78683 10 0.270625 1.06627e-13 15219.9 14068.5 -36.9277 4.14613e-11 
0.325 10 10.3948 0 0 8648.37 7133.4 15729.5 7742.75 
0.325 10 9.6052 0 0 8648.37 7133.4 15729.5 -7742.75 
0.33 9.78818 10 0.268027 1.09219e-13 15180.5 14181.1 -35.8285 3.56413e-11 
0.33 10 10.3948 0 0 8613.72 7189.74 15729.2 7891.94 
0.33 10 9.6052 0 0 8613.72 7189.74 15729.2 -7891.94 
0.335 9.78951 10 0.265506 1.11827e-13 15142.5 14293.1 -34.77 2.80002e-11 
0.335 10 10.3948 0 0 8580.06 7245.71 15728.8 8034.92 
0.335 10 9.6052 0 0 8580.06 7245.71 15728.8 -8034.92 
0.34 9.79083 10 0.263059 1.14435e-13 15105.7 14404.3 -33.7502 3.49111e-11 
0.34 10 10.3948 0 0 8547.38 7301.33 15728.5 8181.59 
0.34 10 9.6052 0 0 8547.38 7301.33 15728.5 -8181.59 
0.345 9.79214 10 0.260684 1.1708e-13 15070.3 14514.8 -32.7669 4.18168e-11 
0.345 10 10.3948 0 0 8515.66 7356.59 15728.1 8322.11 
0.345 10 9.6052 0 0 8515.66 7356.59 15728.1 -8322.11 
0.35 9.79344 10 0.258377 1.19757e-13 15036.1 14624.6 -31.8184 3.7804e-11 
0.35 10 10.3948 0 0 8484.87 7411.5 15727.8 8466.38 
0.35 10 9.6052 0 0 8484.87 7411.5 15727.8 -8466.38 
0.355 9.79473 10 0.256137 1.22437e-13 15003.2 14733.8 -30.9029 4.4705e-11 
0.355 10 10.3948 0 0 8455 7466.07 15727.5 8604.55 
0.355 10 9.6052 0 0 8455 7466.07 15727.5 -8604.55 
0.36 9.796 10 0.253962 1.25152e-13 14971.6 14842.3 -30.0187 3.88678e-11 
0.36 10 10.3948 0 0 8426.04 7520.31 15727.2 8746.52 
0.36 10 9.6052 0 0 8426.04 7520.31 15727.2 -8746.52 
0.365 9.79727 10 0.251848 1.27873e-13 14941.1 14950.1 -29.1644 3.66679e-11 
0.365 10 10.3948 0 0 8397.95 7574.22 15727 8882.46 
0.365 10 9.6052 0 0 8397.95 7574.22 15727 -8882.46 
0.37 9.79852 10 0.249795 1.30629e-13 14911.9 15057.3 -28.3385 4.1739e-11 
0.37 10 10.3948 0 0 8370.73 7627.8 15726.7 9022.24 
0.37 10 9.6052 0 0 8370.73 7627.8 15726.7 -9022.24 
0.375 9.79977 10 0.247799 1.33431e-13 14883.9 15163.8 -27.5397 3.95277e-11 
0.375 10 10.3948 0 0 8344.36 7681.07 15726.4 9156.04 
0.375 10 9.6052 0 0 8344.36 7681.07 15726.4 -9156.04 
0.38 9.801 10 0.24586 1.36262e-13 14857 15269.7 -26.7666 4.09504e-11 
0.38 10 10.3948 0 0 8318.82 7734.03 15726.2 9293.74 
0.38 10 9.6052 0 0 8318.82 7734.03 15726.2 -9293.74 
0.385 9.80222 10 0.243975 1.39105e-13 14831.3 15375 -26.0181 4.41903e-11 
0.385 10 10.3948 0 0 8294.1 7786.69 15725.9 9425.49 
0.385 10 9.6052 0 0 8294.1 7786.69 15725.9 -9425.49 
0.39 9.80344 10 0.242142 1.41975e-13 14806.8 15479.7 -25.293 4.92456e-11 
0.39 10 10.3948 0 0 8270.19 7839.04 15725.7 9561.19 
0.39 10 9.6052 0 0 8270.19 7839.04 15725.7 -9561.19 
0.395 9.80465 10 0.240361 1.4489e-13 14783.3 15583.8 -24.5902 4.51995e-11 
0.395 10 10.3948 0 0 8247.07 7891.1 15725.5 9690.99 
0.395 10 9.6052 0 0 8247.07 7891.1 15725.5 -9690.99 
0.4 9.80584 10 0.238629 1.47821e-13 14761.1 15687.4 -23.9089 4.47892e-11 
0.4 10 10.3948 0 0 8224.73 7942.87 15725.3 9824.77 
0.4 10 9.6052 0 0 8224.73 7942.87 15725.3 -9824.77 
0.405 9.80703 10 0.236945 1.50784e-13 14739.9 15790.4 -23.2479 4.61933e-11 
0.405 10 10.3948 0 0 8203.15 7994.35 15725 9952.7 
0.405 10 9.6052 0 0 8203.15 7994.35 15725 -9952.7 
0.41 9.80821 10 0.235307 1.5377e-13 14719.8 15892.8 -22.6064 3.84992e-11 
0.41 10 10.3948 0 0 8182.33 8045.55 15724.8 10084.7 
0.41 10 9.6052 0 0 8182.33 8045.55 15724.8 -10084.7 
0.415 9.80939 10 0.233715 1.56817e-13 14700.8 15994.6 -21.9836 4.35296e-11 
0.415 10 10.3948 0 0 8162.24 8096.48 15724.6 10210.8 
0.415 10 9.6052 0 0 8162.24 8096.48 15724.6 -10210.8 
0.42 9.81055 10 0.232166 1.59887e-13 14682.8 16095.9 -21.3786 3.94619e-11 
0.42 10 10.3948 0 0 8142.89 8147.14 15724.4 10341 
0.42 10 9.6052 0 0 8142.89 8147.14 15724.4 -10341 
0.425 9.81171 10 0.23066 1.62983e-13 14665.9 16196.7 -20.7907 4.26664e-11 
0.425 10 10.3948 0 0 8124.26 8197.53 15724.2 10465.4 
0.425 10 9.6052 0 0 8124.26 8197.53 15724.2 -10465.4 
0.43 9.81286 10 0.229196 1.66108e-13 14650.1 16297 -20.2191 4.2229e-11 
0.43 10 10.3948 0 0 8106.33 8247.65 15724.1 10593.9 
0.43 10 9.6052 0 0 8106.33 8247.65 15724.1 -10593.9 
0.435 9.814 10 0.227772 1.69289e-13 14635.3 16396.7 -19.6632 5.08786e-11 
0.435 10 10.3948 0 0 8089.1 8297.52 15723.9 10716.7 
0.435 10 9.6052 0 0 8089.1 8297.52 15723.9 -10716.7 
0.44 9.81513 10 0.226387 1.72483e-13 14621.6 16495.9 -19.1223 5.22504e-11 
0.44 10 10.3948 0 0 8072.57 8347.14 15723.7 10843.6 
0.44 10 9.6052 0 0 8072.57 8347.14 15723.7 -10843.6 
0.445 9.81626 10 0.22504 1.7574e-13 14608.9 16594.6 -18.5958 4.08805e-11 
0.445 10 10.3948 0 0 8056.71 8396.5 15723.5 10964.8 
0.445 10 9.6052 0 0 8056.71 8396.5 15723.5 -10964.8 
0.45 9.81738 10 0.22373 1.79025e-13 14597.1 16692.9 -18.0831 4.58775e-11 
0.45 10 10.3948 0 0 8041.52 8445.62 15723.4 11090.1 
0.45 10 9.6052 0 0 8041.52 8445.62 15723.4 -11090.1 
0.455 9.8185 10 0.222456 1.82338e-13 14586.4 16790.6 -17.5836 4.35947e-11 
0.455 10 10.3948 0 0 8026.99 8494.49 15723.2 11209.8 
0.455 10 9.6052 0 0 8026.99 8494.49 15723.2 -11209.8 
0.46 9.81961 10 0.221217 1.85715e-13 14576.7 16887.9 -17.0968 4.676e-11 
0.46 10 10.3948 0 0 8013.11 8543.13 15723.1 11333.7 
0.46 10 9.6052 0 0 8013.11 8543.13 15723.1 -11333.7 
0.465 9.82071 10 0.220013 1.89146e-13 14568 16984.7 -16.6222 5.35557e-11 
0.465 10 10.3948 0 0 7999.88 8591.53 15722.9 11451.9 
0.465 10 9.6052 0 0 7999.88 8591.53 15722.9 -11451.9 
0.47 9.82181 10 0.218843 1.92612e-13 14560.3 17081.1 -16.1593 5.30704e-11 
0.47 10 10.3948 0 0 7987.29 8639.7 15722.8 11574.3 
0.47 10 9.6052 0 0 7987.29 8639.7 15722.8 -11574.3 
0.475 9.8229 10 0.217704 1.96115e-13 14553.5 17176.9 -15.7077 4.89419e-11 
0.475 10 10.3948 0 0 7975.32 8687.64 15722.6 11691.2 
0.475 10 9.6052 0 0 7975.32 8687.64 15722.6 -11691.2 
0.48 9.82399 10 0.216598 1.99691e-13 14547.7 17272.4 -15.2668 4.29842e-11 
0.48 10 10.3948 0 0 7963.98 8735.36 15722.5 11812.2 
0.48 10 9.6052 0 0 7963.98 8735.36 15722.5 -11812.2 
0.485 9.82507 10 0.215523 2.03251e-13 14542.9 17367.4 -14.8364 5.1581e-11 
0.485 10 10.3948 0 0 7953.26 8782.85 15722.3 11927.7 
0.485 10 9.6052 0 0 7953.26 8782.85 15722.3 -11927.7 
0.49 9.82614 10 0.214479 2.06896e-13 14539 17461.9 -14.4159 6.19846e-11 
0.49 10 10.3948 0 0 7943.14 8830.13 15722.2 12047.4 
0.49 10 9.6052 0 0 7943.14 8830.13 15722.2 -12047.4 
0.495 9.82721 10 0.213464 2.10568e-13 14536.1 17556 -14.005 4.69185e-11 
0.495 10 10.3948 0 0 7933.62 8877.19 15722.1 12161.6 
0.495 10 9.6052 0 0 7933.62 8877.19 15722.1 -12161.6 
0.5 9.82828 10 0.212478 2.14317e-13 14534.1 17649.7 -13.6033 4.82126e-11 
0.5 10 10.3948 0 0 7924.7 8924.04 15721.9 12280.1 
0.5 10 9.6052 0 0 7924.7 8924.04 15721.9 -12280.1 
0.505 9.82934 10 0.21152 2.18134e-13 14533 17743 -13.2105 4.22213e-11 
0.505 10 10.3948 0 0 7916.37 8970.68 15721.8 12393 
0.505 10 9.6052 0 0 7916.37 8970.68 15721.8 -12393 
0.51 9.83039 10 0.21059 2.2196e-13 14532.9 17835.9 -12.8262 5.07807e-11 
0.51 10 10.3948 0 0 7908.62 9017.11 15721.7 12510.2 
0.51 10 9.6052 0 0 7908.62 9017.11 15721.7 -12510.2 
0.515 9.83144 10 0.209688 2.25845e-13 14533.7 17928.3 -12.4502 5.20558e-11 
0.515 10 10.3948 0 0 7901.46 9063.34 15721.5 12622 
0.515 10 9.6052 0 0 7901.46 9063.34 15721.5 -12622 
0.52 9.83249 10 0.208811 2.29807e-13 14535.5 18020.4 -12.0821 5.1501e-11 
0.52 10 10.3948 0 0 7894.86 9109.37 15721.4 12738 
0.52 10 9.6052 0 0 7894.86 9109.37 15721.4 -12738 
0.525 9.83353 10 0.207961 2.33843e-13 14538.2 18112.1 -11.7216 4.9117e-11 
0.525 10 10.3948 0 0 7888.84 9155.2 15721.3 12848.6 
0.525 10 9.6052 0 0 7888.84 9155.2 15721.3 -12848.6 
0.53 9.83457 10 0.207137 2.37922e-13 14541.7 18203.3 -11.3684 5.7641e-11 
0.53 10 10.3948 0 0 7883.37 9200.84 15721.2 12963.5 
0.53 10 9.6052 0 0 7883.37 9200.84 15721.2 -12963.5 
0.535 9.8356 10 0.206337 2.42046e-13 14546.2 18294.2 -11.0223 5.16066e-11 
0.535 10 10.3948 0 0 7878.47 9246.28 15721.1 13073 
0.535 10 9.6052 0 0 7878.47 9246.28 15721.1 -13073 
0.54 9.83663 10 0.205562 2.46251e-13 14551.6 18384.7 -10.683 6.9208e-11 
0.54 10 10.3948 0 0 7874.12 9291.53 15721 13186.8 
0.54 10 9.6052 0 0 7874.12 9291.53 15721 -13186.8 
0.545 9.83766 10 0.204811 2.50501e-13 14557.9 18474.8 -10.3502 5.58799e-11 
0.545 10 10.3948 0 0 7870.32 9336.59 15720.8 13295.2 
0.545 10 9.6052 0 0 7870.32 9336.59 15720.8 -13295.2 
0.55 9.83868 10 0.204083 2.54835e-13 14565.2 18564.6 -10.0238 6.61872e-11 
0.55 10 10.3948 0 0 7867.07 9381.47 15720.7 13408 
0.55 10 9.6052 0 0 7867.07 9381.47 15720.7 -13408 
0.555 9.8397 10 0.203379 2.59232e-13 14573.3 18654 -9.70344 6.19336e-11 
0.555 10 10.3948 0 0 7864.36 9426.16 15720.6 13515.3 
0.555 10 9.6052 0 0 7864.36 9426.16 15720.6 -13515.3 
0.56 9.84071 10 0.202697 2.63644e-13 14582.3 18743 -9.38894 5.76779e-11 
0.56 10 10.3948 0 0 7862.19 9470.67 15720.5 13627.1 
0.56 10 9.6052 0 0 7862.19 9470.67 15720.5 -13627.1 
0.565 9.84173 10 0.202037 2.68178e-13 14592.2 18831.6 -9.08008 6.79572e-11 
0.565 10 10.3948 0 0 7860.56 9515 15720.4 13733.4 
0.565 10 9.6052 0 0 7860.56 9515 15720.4 -13733.4 
0.57 9.84273 10 0.2014 2.72766e-13 14603 18920 -8.77667 6.00387e-11 
0.57 10 10.3948 0 0 7859.45 9559.15 15720.3 13844.2 
0.57 10 9.6052 0 0 7859.45 9559.15 15720.3 -13844.2 
0.575 9.84374 10 0.200783 2.7744e-13 14614.7 19007.9 -8.4785 7.02985e-11 
0.575 10 10.3948 0 0 7858.88 9603.13 15720.2 13949.6 
0.575 10 9.6052 0 0 7858.88 9603.13 15720.2 -13949.6 
0.58 9.84474 10 0.200188 2.82191e-13 14627.3 19095.5 -8.18538 5.50812e-11 
0.58 10 10.3948 0 0 7858.83 9646.94 15720.1 14059.4 
0.58 10 9.6052 0 0 7858.83 9646.94 15720.1 -14059.4 
0.585 9.84574 10 0.199614 2.87013e-13 14640.7 19182.8 -7.89713 7.25962e-11 
0.585 10 10.3948 0 0 7859.3 9690.57 15720 14163.8 
0.585 10 9.6052 0 0 7859.3 9690.57 15720 -14163.8 
0.59 9.84674 10 0.19906 2.91902e-13 14655.1 19269.7 -7.61358 7.55499e-11 
0.59 10 10.3948 0 0 7860.29 9734.03 15719.9 14272.8 
0.59 10 9.6052 0 0 7860.29 9734.03 15719.9 -14272.8 
0.595 9.84773 10 0.198526 2.96881e-13 14670.3 19356.3 -7.33454 7.48528e-11 
0.595 10 10.3948 0 0 7861.8 9777.33 15719.8 14376.3 
0.595 10 9.6052 0 0 7861.8 9777.33 15719.8 -14376.3 
0.6 9.84872 10 0.198012 3.01976e-13 14686.5 19442.6 -7.05987 8.14154e-11 
0.6 10 10.3948 0 0 7863.83 9820.46 15719.7 14484.3 
0.6 10 9.6052 0 0 7863.83 9820.46 15719.7 -14484.3 
0.605 9.84971 10 0.197518 3.07138e-13 14703.5 19528.5 -6.7894 8.06927e-11 
0.605 10 10.3948 0 0 7866.37 9863.42 15719.6 14587 
0.605 10 9.6052 0 0 7866.37 9863.42 15719.6 -14587 
0.61 9.8507 10 0.197042 3.12342e-13 14721.4 19614.1 -6.52297 7.63262e-11 
0.61 10 10.3948 0 0 7869.42 9906.22 15719.5 14694.2 
0.61 10 9.6052 0 0 7869.42 9906.22 15719.5 -14694.2 
0.615 9.85168 10 0.196586 3.17659e-13 14740.1 19699.4 -6.26043 7.19438e-11 
0.615 10 10.3948 0 0 7872.98 9948.86 15719.4 14796 
0.615 10 9.6052 0 0 7872.98 9948.86 15719.4 -14796 
0.62 9.85266 10 0.196148 3.23097e-13 14759.8 19784.3 -6.00166 7.11825e-11 
0.62 10 10.3948 0 0 7877.04 9991.34 15719.3 14902.3 
0.62 10 9.6052 0 0 7877.04 9991.34 15719.3 -14902.3 
0.625 9.85364 10 0.195728 3.28591e-13 14780.3 19869 -5.7465 7.76893e-11 
0.625 10 10.3948 0 0 7881.61 10033.7 15719.2 15003.3 
0.625 10 9.6052 0 0 7881.61 10033.7 15719.2 -15003.3 
0.63 9.85462 10 0.195327 3.3418e-13 14801.8 19953.3 -5.49482 6.59929e-11 
0.63 10 10.3948 0 0 7886.68 10075.8 15719.1 15108.9 
0.63 10 9.6052 0 0 7886.68 10075.8 15719.1 -15108.9 
0.635 9.8556 10 0.194943 3.39893e-13 14824.1 20037.3 -5.24649 7.2469e-11 
0.635 10 10.3948 0 0 7892.26 10117.8 15719 15209.1 
0.635 10 9.6052 0 0 7892.26 10117.8 15719 -15209.1 
0.64 9.85657 10 0.194577 3.45702e-13 14847.3 20121 -5.00139 7.52938e-11 
0.64 10 10.3948 0 0 7898.33 10159.7 15718.9 15313.9 
0.64 10 9.6052 0 0 7898.33 10159.7 15718.9 -15313.9 
0.645 9.85754 10 0.194229 3.51644e-13 14871.3 20204.4 -4.7594 7.80999e-11 
0.645 10 10.3948 0 0 7904.91 10201.4 15718.8 15413.3 
0.645 10 9.6052 0 0 7904.91 10201.4 15718.8 -15413.3 
0.65 9.85851 10 0.193897 3.57692e-13 14896.3 20287.5 -4.5204 9.90813e-11 
0.65 10 10.3948 0 0 7911.98 10242.9 15718.7 15517.3 
0.65 10 9.6052 0 0 7911.98 10242.9 15718.7 -15517.3 
0.655 9.85948 10 0.193583 3.63778e-13 14922.1 20370.3 -4.28427 9.09531e-11 
0.655 10 10.3948 0 0 7919.55 10284.3 15718.6 15616.1 
0.655 10 9.6052 0 0 7919.55 10284.3 15718.6 -15616.1 
0.66 9.86045 10 0.193285 3.70052e-13 14948.9 20452.8 -4.0509 8.27987e-11 
0.66 10 10.3948 0 0 7927.62 10325.6 15718.5 15719.3 
0.66 10 9.6052 0 0 7927.62 10325.6 15718.5 -15719.3 
0.665 9.86142 10 0.193004 3.76436e-13 14976.5 20535 -3.82019 8.9181e-11 
0.665 10 10.3948 0 0 7936.19 10366.7 15718.4 15817.3 
0.665 10 9.6052 0 0 7936.19 10366.7 15718.4 -15817.3 
0.67 9.86238 10 0.192739 3.82924e-13 15005 20616.9 -3.59203 8.09966e-11 
0.67 10 10.3948 0 0 7945.25 10407.6 15718.3 15919.9 
0.67 10 9.6052 0 0 7945.25 10407.6 15718.3 -15919.9 
0.675 9.86334 10 0.192491 3.89545e-13 15034.4 20698.5 -3.36632 7.64317e-11 
0.675 10 10.3948 0 0 7954.8 10448.4 15718.2 16017.2 
0.675 10 9.6052 0 0 7954.8 10448.4 15718.2 -16017.2 
0.68 9.8643 10 0.192258 3.9629e-13 15064.7 20779.8 -3.14296 9.36775e-11 
0.68 10 10.3948 0 0 7964.85 10489.1 15718.1 16119.1 
0.68 10 9.6052 0 0 7964.85 10489.1 15718.1 -16119.1 
0.685 9.86527 10 0.192042 4.03145e-13 15095.9 20860.8 -2.92186 9.27178e-11 
0.685 10 10.3948 0 0 7975.39 10529.6 15718 16215.7 
0.685 10 9.6052 0 0 7975.39 10529.6 15718 -16215.7 
0.69 9.86623 10 0.191841 4.10194e-13 15128 20941.5 -2.70292 9.17309e-11 
0.69 10 10.3948 0 0 7986.43 10569.9 15717.9 16317 
0.69 10 9.6052 0 0 7986.43 10569.9 15717.9 -16317 
0.695 9.86718 10 0.191655 4.17357e-13 15161 21022 -2.48606 1.01642e-10 
0.695 10 10.3948 0 0 7997.96 10610.2 15717.8 16412.9 
0.695 10 9.6052 0 0 7997.96 10610.2 15717.8 -16412.9 
0.7 9.86814 10 0.191486 4.24666e-13 15194.9 21102.1 -2.27117 1.07895e-10 
0.7 10 10.3948 0 0 8009.98 10650.2 15717.7 16513.5 
0.7 10 9.6052 0 0 8009.98 10650.2 15717.7 -16513.5 
0.705 9.8691 10 0.191331 4.32087e-13 15229.7 21182 -2.05819 9.95799e-11 
0.705 10 10.3948 0 0 8022.5 10690.2 15717.6 16608.8 
0.705 10 9.6052 0 0 8022.5 10690.2 15717.6 -16608.8 
0.71 9.87005 10 0.191192 4.39644e-13 15265.4 21261.5 -1.84703 1.13074e-10 
0.71 10 10.3948 0 0 8035.51 10729.9 15717.5 16708.8 
0.71 10 9.6052 0 0 8035.51 10729.9 15717.5 -16708.8 
0.715 9.87101 10 0.191067 4.47405e-13 15302 21340.8 -1.63759 9.74353e-11 
0.715 10 10.3948 0 0 8049.02 10769.6 15717.4 16803.5 
0.715 10 9.6052 0 0 8049.02 10769.6 15717.4 -16803.5 
0.72 9.87197 10 0.190958 4.55359e-13 15339.6 21419.8 -1.42981 1.1815e-10 
0.72 10 10.3948 0 0 8063.02 10809.1 15717.3 16902.8 
0.72 10 9.6052 0 0 8063.02 10809.1 15717.3 -16902.8 
0.725 9.87292 10 0.190863 4.63412e-13 15378 21498.6 -1.22361 1.27937e-10 
0.725 10 10.3948 0 0 8077.52 10848.5 15717.2 16996.9 
0.725 10 9.6052 0 0 8077.52 10848.5 15717.2 -16996.9 
0.73 9.87387 10 0.190783 4.71666e-13 15417.4 21577 -1.01891 1.15867e-10 
0.73 10 10.3948 0 0 8092.51 10887.7 15717.2 17095.6 
0.73 10 9.6052 0 0 8092.51 10887.7 15717.2 -17095.6 
0.735 9.87483 10 0.190717 4.8009e-13 15457.7 21655.1 -0.815639 1.29239e-10 
0.735 10 10.3948 0 0 8108 10926.7 15717.1 17189.2 
0.735 10 9.6052 0 0 8108 10926.7 15717.1 -17189.2 
0.74 9.87578 10 0.190666 4.88689e-13 15498.9 21733 -0.613722 1.35312e-10 
0.74 10 10.3948 0 0 8123.99 10965.7 15717 17287.3 
0.74 10 9.6052 0 0 8123.99 10965.7 15717 -17287.3 
0.745 9.87673 10 0.190629 4.97529e-13 15541.1 21810.6 -0.413089 1.26798e-10 
0.745 10 10.3948 0 0 8140.48 11004.5 15716.9 17380.2 
0.745 10 9.6052 0 0 8140.48 11004.5 15716.9 -17380.2 
0.75 9.87769 10 0.190607 5.06526e-13 15584.2 21887.9 -0.213672 1.25539e-10 
0.75 10 10.3948 0 0 8157.47 11043.1 15716.8 17477.8 
0.75 10 9.6052 0 0 8157.47 11043.1 15716.8 -17477.8 
0.755 9.87864 10 0.190599 5.15706e-13 15628.2 21964.9 -0.0154031 1.20615e-10 
0.755 10 10.3948 0 0 8174.95 11081.6 15716.7 17570.2 
0.755 10 9.6052 0 0 8174.95 11081.6 15716.7 -17570.2 
0.76 9.87959 10 0.190605 5.25128e-13 15673.2 22041.7 0.181783 1.3021e-10 
0.76 10 10.3948 0 0 8192.94 11120 15716.6 17667.2 
0.76 10 9.6052 0 0 8192.94 11120 15716.6 -17667.2 
0.765 9.88055 10 0.190625 5.34717e-13 15719.1 22118.1 0.377952 1.2523e-10 
0.765 10 10.3948 0 0 8211.43 11158.2 15716.5 17759 
0.765 10 9.6052 0 0 8211.43 11158.2 15716.5 -17759 
0.77 9.8815 10 0.190659 5.44594e-13 15766 22194.3 0.573167 1.38399e-10 
0.77 10 10.3948 0 0 8230.43 11196.3 15716.4 17855.5 
0.77 10 9.6052 0 0 8230.43 11196.3 15716.4 -17855.5 
0.775 9.88245 10 0.190707 5.54669e-13 15813.8 22270.2 0.76749 1.40626e-10 
0.775 10 10.3948 0 0 8249.94 11234.3 15716.3 17946.8 
0.775 10 9.6052 0 0 8249.94 11234.3 15716.3 -17946.8 
0.78 9.88341 10 0.190768 5.64949e-13 15862.6 22345.8 0.960982 1.50101e-10 
0.78 10 10.3948 0 0 8269.95 11272.1 15716.2 18042.7 
0.78 10 9.6052 0 0 8269.95 11272.1 15716.2 -18042.7 
0.785 9.88436 10 0.190844 5.75486e-13 15912.4 22421.1 1.1537 1.52264e-10 
0.785 10 10.3948 0 0 8290.47 11309.7 15716.1 18133.5 
0.785 10 9.6052 0 0 8290.47 11309.7 15716.1 -18133.5 
0.79 9.88532 10 0.190933 5.86281e-13 15963.1 22496.1 1.34571 1.39839e-10 
0.79 10 10.3948 0 0 8311.5 11347.2 15716 18228.9 
0.79 10 9.6052 0 0 8311.5 11347.2 15716 -18228.9 
0.795 9.88627 10 0.191036 5.97317e-13 16014.9 22570.9 1.53706 1.49208e-10 
0.795 10 10.3948 0 0 8333.04 11384.6 15715.9 18319.1 
0.795 10 9.6052 0 0 8333.04 11384.6 15715.9 -18319.1 
0.8 9.88723 10 0.191153 6.08677e-13 16067.5 22645.3 1.72782 1.76721e-10 
0.8 10 10.3948 0 0 8355.1 11421.8 15715.8 18414 
0.8 10 9.6052 0 0 8355.1 11421.8 15715.8 -18414 
0.805 9.88818 10 0.191283 6.20262e-13 16121.2 22719.5 1.91803 1.71461e-10 
0.805 10 10.3948 0 0 8377.67 11458.9 15715.6 18503.8 
0.805 10 9.6052 0 0 8377.67 11458.9 15715.6 -18503.8 
0.81 9.88914 10 0.191427 6.32135e-13 16175.9 22793.4 2.10776 1.58885e-10 
0.81 10 10.3948 0 0 8400.77 11495.9 15715.5 18598.2 
0.81 10 9.6052 0 0 8400.77 11495.9 15715.5 -18598.2 
0.815 9.8901 10 0.191584 6.44351e-13 16231.6 22866.9 2.29705 1.75365e-10 
0.815 10 10.3948 0 0 8424.38 11532.6 15715.4 18687.4 
0.815 10 9.6052 0 0 8424.38 11532.6 15715.4 -18687.4 
0.82 9.89105 10 0.191755 6.5685e-13 16288.3 22940.2 2.48596 1.69977e-10 
0.82 10 10.3948 0 0 8448.52 11569.3 15715.3 18781.3 
0.82 10 9.6052 0 0 8448.52 11569.3 15715.3 -18781.3 
0.825 9.89201 10 0.191939 6.6967e-13 16345.9 23013.2 2.67454 1.93648e-10 
0.825 10 10.3948 0 0 8473.18 11605.8 15715.2 18870 
0.825 10 9.6052 0 0 8473.18 11605.8 15715.2 -18870 
0.83 9.89297 10 0.192137 6.82801e-13 16404.7 23085.9 2.86285 1.88172e-10 
0.83 10 10.3948 0 0 8498.37 11642.1 15715.1 18963.4 
0.83 10 9.6052 0 0 8498.37 11642.1 15715.1 -18963.4 
0.835 9.89394 10 0.192348 6.96304e-13 16464.4 23158.3 3.05093 1.86282e-10 
0.835 10 10.3948 0 0 8524.09 11678.3 15715 19051.6 
0.835 10 9.6052 0 0 8524.09 11678.3 15715 -19051.6 
0.84 9.8949 10 0.192573 7.10141e-13 16525.1 23230.3 3.23883 1.87982e-10 
0.84 10 10.3948 0 0 8550.34 11714.4 15714.9 19144.6 
0.84 10 9.6052 0 0 8550.34 11714.4 15714.9 -19144.6 
0.845 9.89586 10 0.192811 7.24349e-13 16586.9 23302.1 3.42661 2.11459e-10 
0.845 10 10.3948 0 0 8577.13 11750.2 15714.8 19232.3 
0.845 10 9.6052 0 0 8577.13 11750.2 15714.8 -19232.3 
0.85 9.89683 10 0.193062 7.38911e-13 16649.8 23373.6 3.61432 2.02145e-10 
0.85 10 10.3948 0 0 8604.45 11786 15714.7 19324.7 
0.85 10 9.6052 0 0 8604.45 11786 15714.7 -19324.7 
0.855 9.89779 10 0.193327 7.53911e-13 16713.6 23444.7 3.80199 1.92769e-10 
0.855 10 10.3948 0 0 8632.31 11821.5 15714.6 19412 
0.855 10 9.6052 0 0 8632.31 11821.5 15714.6 -19412 
0.86 9.89876 10 0.193606 7.69298e-13 16778.6 23515.6 3.98968 2.19719e-10 
0.86 10 10.3948 0 0 8660.72 11857 15714.5 19503.9 
0.86 10 9.6052 0 0 8660.72 11857 15714.5 -19503.9 
0.865 9.89973 10 0.193897 7.85108e-13 16844.6 23586.1 4.17744 2.17505e-10 
0.865 10 10.3948 0 0 8689.68 11892.2 15714.3 19590.7 
0.865 10 9.6052 0 0 8689.68 11892.2 15714.3 -19590.7 
0.87 9.9007 10 0.194202 8.01359e-13 16911.6 23656.3 4.36532 2.37058e-10 
0.87 10 10.3948 0 0 8719.18 11927.3 15714.2 19682.2 
0.87 10 9.6052 0 0 8719.18 11927.3 15714.2 -19682.2 
0.875 9.90167 10 0.194521 8.18076e-13 16979.8 23726.2 4.55335 2.27442e-10 
0.875 10 10.3948 0 0 8749.23 11962.3 15714.1 19768.5 
0.875 10 9.6052 0 0 8749.23 11962.3 15714.1 -19768.5 
0.88 9.90264 10 0.194853 8.35319e-13 17049 23795.7 4.74159 2.5777e-10 
0.88 10 10.3948 0 0 8779.84 11997 15714 19859.5 
0.88 10 9.6052 0 0 8779.84 11997 15714 -19859.5 
0.885 9.90362 10 0.195198 8.5296e-13 17119.3 23864.9 4.93007 2.44386e-10 
0.885 10 10.3948 0 0 8811.01 12031.6 15713.9 19945.3 
0.885 10 9.6052 0 0 8811.01 12031.6 15713.9 -19945.3 
0.89 9.9046 10 0.195557 8.71126e-13 17190.7 23933.8 5.11886 2.45481e-10 
0.89 10 10.3948 0 0 8842.74 12066.1 15713.8 20035.9 
0.89 10 9.6052 0 0 8842.74 12066.1 15713.8 -20035.9 
0.895 9.90557 10 0.195929 8.8987e-13 17263.2 24002.4 5.30799 2.75599e-10 
0.895 10 10.3948 0 0 8875.03 12100.4 15713.6 20121.2 
0.895 10 9.6052 0 0 8875.03 12100.4 15713.6 -20121.2 
0.9 9.90655 10 0.196315 9.09125e-13 17336.8 24070.6 5.4975 2.83817e-10 
0.9 10 10.3948 0 0 8907.9 12134.5 15713.5 20211.3 
0.9 10 9.6052 0 0 8907.9 12134.5 15713.5 -20211.3 
0.905 9.90754 10 0.196715 9.29004e-13 17411.5 24138.4 5.68744 2.84672e-10 
0.905 10 10.3948 0 0 8941.33 12168.4 15713.4 20296.2 
0.905 10 9.6052 0 0 8941.33 12168.4 15713.4 -20296.2 
0.91 9.90852 10 0.197128 9.4943e-13 17487.4 24205.9 5.87785 2.96364e-10 
0.91 10 10.3948 0 0 8975.34 12202.1 15713.3 20385.7 
0.91 10 9.6052 0 0 8975.34 12202.1 15713.3 -20385.7 
0.915 9.90951 10 0.197555 9.7051e-13 17564.4 24273 6.06878 2.97051e-10 
0.915 10 10.3948 0 0 9009.93 12235.7 15713.1 20470.1 
0.915 10 9.6052 0 0 9009.93 12235.7 15713.1 -20470.1 
0.92 9.9105 10 0.197995 9.92299e-13 17642.5 24339.8 6.26027 3.26743e-10 
0.92 10 10.3948 0 0 9045.1 12269.1 15713 20559.2 
0.92 10 9.6052 0 0 9045.1 12269.1 15713 -20559.2 
0.925 9.91149 10 0.198449 1.01466e-12 17721.8 24406.2 6.45236 3.2725e-10 
0.925 10 10.3948 0 0 9080.85 12302.3 15712.9 20643.1 
0.925 10 9.6052 0 0 9080.85 12302.3 15712.9 -20643.1 
0.93 9.91248 10 0.198917 1.03779e-12 17802.2 24472.3 6.6451 3.24013e-10 
0.93 10 10.3948 0 0 9117.2 12335.3 15712.8 20731.7 
0.93 10 9.6052 0 0 9117.2 12335.3 15712.8 -20731.7 
0.935 9.91348 10 0.199398 1.06165e-12 17883.8 24537.9 6.83852 3.42499e-10 
0.935 10 10.3948 0 0 9154.13 12368.1 15712.6 20815.2 
0.935 10 9.6052 0 0 9154.13 12368.1 15712.6 -20815.2 
0.94 9.91448 10 0.199894 1.08627e-12 17966.6 24603.2 7.03268 3.42691e-10 
0.94 10 10.3948 0 0 9191.67 12400.8 15712.5 20903.3 
0.94 10 9.6052 0 0 9191.67 12400.8 15712.5 -20903.3 
0.945 9.91548 10 0.200403 1.11168e-12 18050.6 24668.1 7.2276 3.53686e-10 
0.945 10 10.3948 0 0 9229.8 12433.2 15712.4 20986.2 
0.945 10 9.6052 0 0 9229.8 12433.2 15712.4 -20986.2 
0.95 9.91648 10 0.200926 1.138e-12 18135.7 24732.5 7.42335 3.68191e-10 
0.95 10 10.3948 0 0 9268.54 12465.4 15712.2 21073.8 
0.95 10 9.6052 0 0 9268.54 12465.4 15712.2 -21073.8 
0.955 9.91749 10 0.201463 1.16506e-12 18222.1 24796.6 7.61995 3.89868e-10 
0.955 10 10.3948 0 0 9307.89 12497.5 15712.1 21156.3 
0.955 10 9.6052 0 0 9307.89 12497.5 15712.1 -21156.3 
0.96 9.91849 10 0.202015 1.19305e-12 18309.6 24860.3 7.81744 4.00502e-10 
0.96 10 10.3948 0 0 9347.86 12529.3 15712 21243.4 
0.96 10 9.6052 0 0 9347.86 12529.3 15712 -21243.4 
0.965 9.91951 10 0.20258 1.22201e-12 18398.4 24923.5 8.01588 4.11e-10 
0.965 10 10.3948 0 0 9388.44 12560.9 15711.8 21325.3 
0.965 10 9.6052 0 0 9388.44 12560.9 15711.8 -21325.3 
0.97 9.92052 10 0.20316 1.25194e-12 18488.4 24986.4 8.2153 4.35913e-10 
0.97 10 10.3948 0 0 9429.64 12592.4 15711.7 21411.9 
0.97 10 9.6052 0 0 9429.64 12592.4 15711.7 -21411.9 
0.975 9.92154 10 0.203754 1.28291e-12 18579.6 25048.8 8.41574 4.42491e-10 
0.975 10 10.3948 0 0 9471.46 12623.6 15711.5 21493.3 
0.975 10 9.6052 0 0 9471.46 12623.6 15711.5 -21493.3 
0.98 9.92256 10 0.204362 1.31493e-12 18672 25110.7 8.61725 4.67113e-10 
0.98 10 10.3948 0 0 9513.92 12654.5 15711.4 21579.4 
0.98 10 9.6052 0 0 9513.92 12654.5 15711.4 -21579.4 
0.985 9.92358 10 0.204985 1.34819e-12 18765.7 25172.2 8.81986 4.80647e-10 
0.985 10 10.3948 0 0 9557.01 12685.3 15711.2 21660.3 
0.985 10 9.6052 0 0 9557.01 12685.3 15711.2 -21660.3 
0.99 9.92461 10 0.205622 1.38257e-12 18860.7 25233.3 9.02362 4.86747e-10 
0.99 10 10.3948 0 0 9600.74 12715.8 15711.1 21745.8 
0.99 10 9.6052 0 0 9600.74 12715.8 15711.1 -21745.8 
0.995 9.92564 10 0.206274 1.4182e-12 18956.9 25293.9 9.22857 5.03586e-10 
0.995 10 10.3948 0 0 9645.11 12746.1 15710.9 21826.2 
0.995 10 9.6052 0 0 9645.11 12746.1 15710.9 -21826.2 
1 9.92667 10 0.206941 1.45514e-12 19054.4 25354 9.43476 5.31158e-10 
1 10 10.3948 0 0 9690.13 12776.2 15710.8 21911.2 
1 10 9.6052 0 0 9690.13 12776.2 15710.8 -21911.2 
1.005 9.92771 10 0.207622 1.4933e-12 19153.1 25413.7 9.64221 5.62195e-10 
1.005 10 10.3948 0 0 9735.8 12806 15710.6 21991 
1.005 10 9.6052 0 0 9735.8 12806 15710.6 -21991 
1.01 9.92875 10 0.208318 1.53296e-12 19253.2 25472.8 9.85098 5.7847e-10 
1.01 10 10.3948 0 0 9782.12 12835.6 15710.5 22075.4 
1.01 10 9.6052 0 0 9782.12 12835.6 15710.5 -22075.4 
1.015 9.92979 10 0.209029 1.57409e-12 19354.5 25531.5 10.0611 5.65436e-10 
1.015 10 10.3948 0 0 9829.11 12864.9 15710.3 22154.7 
1.015 10 9.6052 0 0 9829.11 12864.9 15710.3 -22154.7 
1.02 9.93084 10 0.209755 1.6168e-12 19457.2 25589.6 10.2726 6.14028e-10 
1.02 10 10.3948 0 0 9876.76 12894 15710.2 22238.5 
1.02 10 9.6052 0 0 9876.76 12894 15710.2 -22238.5 
1.025 9.93189 10 0.210497 1.66111e-12 19561.2 25647.2 10.4856 6.36928e-10 
1.025 10 10.3948 0 0 9925.07 12922.8 15710 22317.2 
1.025 10 9.6052 0 0 9925.07 12922.8 15710 -22317.2 
1.03 9.93294 10 0.211253 1.70714e-12 19666.5 25704.3 10.7 6.55949e-10 
1.03 10 10.3948 0 0 9974.07 12951.3 15709.9 22400.5 
1.03 10 9.6052 0 0 9974.07 12951.3 15709.9 -22400.5 
1.035 9.934 10 0.212025 1.75492e-12 19773.1 25760.9 10.916 6.74726e-10 
1.035 10 10.3948 0 0 10023.7 12979.6 15709.7 22478.5 
1.035 10 9.6052 0 0 10023.7 12979.6 15709.7 -22478.5 
1.04 9.93506 10 0.212813 1.80466e-12 19881.1 25816.9 11.1335 7.00505e-10 
1.04 10 10.3948 0 0 10074.1 13007.6 15709.5 22561.2 
1.04 10 9.6052 0 0 10074.1 13007.6 15709.5 -22561.2 
1.045 9.93613 10 0.213616 1.85626e-12 19990.4 25872.3 11.3526 7.44213e-10 
1.045 10 10.3948 0 0 10125.1 13035.3 15709.4 22638.6 
1.045 10 9.6052 0 0 10125.1 13035.3 15709.4 -22638.6 
1.05 9.9372 10 0.214435 1.90996e-12 20101 25927.2 11.5734 7.73076e-10 
1.05 10 10.3948 0 0 10176.9 13062.8 15709.2 22720.6 
1.05 10 9.6052 0 0 10176.9 13062.8 15709.2 -22720.6 
1.055 9.93827 10 0.215269 1.96577e-12 20213 25981.5 11.7959 8.0528e-10 
1.055 10 10.3948 0 0 10229.3 13089.9 15709 22797.4 
1.055 10 9.6052 0 0 10229.3 13089.9 15709 -22797.4 
1.06 9.93935 10 0.21612 2.02389e-12 20326.4 26035.2 12.0201 8.40799e-10 
1.06 10 10.3948 0 0 10282.4 13116.8 15708.9 22878.8 
1.06 10 9.6052 0 0 10282.4 13116.8 15708.9 -22878.8 
1.065 9.94043 10 0.216986 2.08438e-12 20441.2 26088.3 12.246 8.57797e-10 
1.065 10 10.3948 0 0 10336.3 13143.3 15708.7 22954.9 
1.065 10 9.6052 0 0 10336.3 13143.3 15708.7 -22954.9 
1.07 9.94152 10 0.217869 2.14729e-12 20557.3 26140.8 12.4738 9.10835e-10 
1.07 10 10.3948 0 0 10390.8 13169.6 15708.5 23035.7 
1.07 10 9.6052 0 0 10390.8 13169.6 15708.5 -23035.7 
1.075 9.94261 10 0.218768 2.21291e-12 20674.9 26192.6 12.7035 9.3439e-10 
1.075 10 10.3948 0 0 10446.1 13195.5 15708.3 23111.1 
1.075 10 9.6052 0 0 10446.1 13195.5 15708.3 -23111.1 
1.08 9.94371 10 0.219684 2.28124e-12 20793.8 26243.8 12.9351 9.79395e-10 
1.08 10 10.3948 0 0 10502.1 13221.1 15708.2 23191.1 
1.08 10 9.6052 0 0 10502.1 13221.1 15708.2 -23191.1 
1.085 9.94481 10 0.220616 2.35245e-12 20914.2 26294.3 13.1686 1.01672e-09 
1.085 10 10.3948 0 0 10558.8 13246.3 15708 23265.8 
1.085 10 9.6052 0 0 10558.8 13246.3 15708 -23265.8 
1.09 9.94592 10 0.221565 2.42672e-12 21035.9 26344.2 13.4041 1.06817e-09 
1.09 10 10.3948 0 0 10616.2 13271.3 15707.8 23345.1 
1.09 10 9.6052 0 0 10616.2 13271.3 15707.8 -23345.1 
1.095 9.94703 10 0.222531 2.50411e-12 21159.1 26393.3 13.6416 1.10463e-09 
1.095 10 10.3948 0 0 10674.4 13295.9 15707.6 23419.1 
1.095 10 9.6052 0 0 10674.4 13295.9 15707.6 -23419.1 
1.1 9.94814 10 0.223514 2.58489e-12 21283.7 26441.8 13.8812 1.14425e-09 
1.1 10 10.3948 0 0 10733.3 13320.1 15707.4 23497.7 
1.1 10 9.6052 0 0 10733.3 13320.1 15707.4 -23497.7 
1.105 9.94926 10 0.224514 2.66912e-12 21409.8 26489.6 14.1229 1.19794e-09 
1.105 10 10.3948 0 0 10792.9 13344 15707.2 23570.9 
1.105 10 9.6052 0 0 10792.9 13344 15707.2 -23570.9 
1.11 9.95039 10 0.225532 2.75702e-12 21537.3 26536.6 14.3668 1.26203e-09 
1.11 10 10.3948 0 0 10853.3 13367.5 15707 23648.6 
1.11 10 9.6052 0 0 10853.3 13367.5 15707 -23648.6 
1.115 9.95152 10 0.226567 2.84888e-12 21666.2 26582.8 14.6129 1.32193e-09 
1.115 10 10.3948 0 0 10914.5 13390.6 15706.8 23721 
1.115 10 9.6052 0 0 10914.5 13390.6 15706.8 -23721 
1.12 9.95265 10 0.227619 2.94472e-12 21796.6 26628.3 14.8613 1.374e-09 
1.12 10 10.3948 0 0 10976.4 13413.3 15706.6 23798 
1.12 10 9.6052 0 0 10976.4 13413.3 15706.6 -23798 
1.125 9.95379 10 0.22869 3.04478e-12 21928.4 26673 15.112 1.42911e-09 
1.125 10 10.3948 0 0 11039 13435.7 15706.4 23869.6 
1.125 10 9.6052 0 0 11039 13435.7 15706.4 -23869.6 
1.13 9.95494 10 0.229778 3.14927e-12 22061.7 26717 15.365 1.47633e-09 
1.13 10 10.3948 0 0 11102.5 13457.7 15706.2 23945.6 
1.13 10 9.6052 0 0 11102.5 13457.7 15706.2 -23945.6 
1.135 9.95609 10 0.230885 3.25847e-12 22196.5 26760.1 15.6204 1.56291e-09 
1.135 10 10.3948 0 0 11166.7 13479.2 15706 24016.3 
1.135 10 9.6052 0 0 11166.7 13479.2 15706 -24016.3 
1.14 9.95725 10 0.23201 3.37258e-12 22332.7 26802.3 15.8783 1.63061e-09 
1.14 10 10.3948 0 0 11231.6 13500.3 15705.8 24091.5 
1.14 10 9.6052 0 0 11231.6 13500.3 15705.8 -24091.5 
1.145 9.95841 10 0.233153 3.49175e-12 22470.4 26843.7 16.1386 1.70487e-09 
1.145 10 10.3948 0 0 11297.4 13521 15705.6 24161.3 
1.145 10 9.6052 0 0 11297.4 13521 15705.6 -24161.3 
1.15 9.95958 10 0.234316 3.61634e-12 22609.6 26884.3 16.4015 1.80385e-09 
1.15 10 10.3948 0 0 11363.9 13541.3 15705.4 24235.6 
1.15 10 9.6052 0 0 11363.9 13541.3 15705.4 -24235.6 
1.155 9.96075 10 0.235497 3.74648e-12 22750.2 26923.9 16.6669 1.85475e-09 
1.155 10 10.3948 0 0 11431.2 13561.1 15705.2 24304.5 
1.155 10 9.6052 0 0 11431.2 13561.1 15705.2 -24304.5 
1.16 9.96193 10 0.236697 3.88248e-12 22892.4 26962.7 16.935 1.94121e-09 
1.16 10 10.3948 0 0 11499.3 13580.5 15705 24377.7 
1.16 10 9.6052 0 0 11499.3 13580.5 15705 -24377.7 
1.165 9.96312 10 0.237916 4.02458e-12 23036 27000.5 17.2057 2.02318e-09 
1.165 10 10.3948 0 0 11568.1 13599.4 15704.7 24445.6 
1.165 10 9.6052 0 0 11568.1 13599.4 15704.7 -24445.6 
1.17 9.96431 10 0.239155 4.173e-12 23181.1 27037.3 17.4792 2.14065e-09 
1.17 10 10.3948 0 0 11637.8 13617.8 15704.5 24517.9 
1.17 10 9.6052 0 0 11637.8 13617.8 15704.5 -24517.9 
1.175 9.96551 10 0.240413 4.3281e-12 23327.7 27073.2 17.7554 2.22807e-09 
1.175 10 10.3948 0 0 11708.3 13635.8 15704.3 24584.7 
1.175 10 9.6052 0 0 11708.3 13635.8 15704.3 -24584.7 
1.18 9.96672 10 0.241691 4.49019e-12 23475.8 27108.1 18.0345 2.32907e-09 
1.18 10 10.3948 0 0 11779.6 13653.2 15704.1 24655.9 
1.18 10 9.6052 0 0 11779.6 13653.2 15704.1 -24655.9 
1.185 9.96793 10 0.242989 4.65936e-12 23625.4 27142 18.3164 2.42544e-09 
1.185 10 10.3948 0 0 11851.6 13670.2 15703.8 24721.7 
1.185 10 9.6052 0 0 11851.6 13670.2 15703.8 -24721.7 
1.19 9.96915 10 0.244308 4.83599e-12 23776.5 27174.9 18.6013 2.52077e-09 
1.19 10 10.3948 0 0 11924.5 13686.6 15703.6 24791.8 
1.19 10 9.6052 0 0 11924.5 13686.6 15703.6 -24791.8 
1.195 9.97037 10 0.245647 5.02033e-12 23929.1 27206.7 18.8891 2.63684e-09 
1.195 10 10.3948 0 0 11998.2 13702.5 15703.4 24856.4 
1.195 10 9.6052 0 0 11998.2 13702.5 15703.4 -24856.4 
1.2 9.9716 10 0.247006 5.21259e-12 24083.1 27237.4 19.1799 2.7409e-09 
1.2 10 10.3948 0 0 12072.7 13717.9 15703.1 24925.3 
1.2 10 9.6052 0 0 12072.7 13717.9 15703.1 -24925.3 
1.205 9.97284 10 0.248387 5.41312e-12 24238.7 27267 19.4738 2.88017e-09 
1.205 10 10.3948 0 0 12148 13732.7 15702.9 24988.8 
1.205 10 9.6052 0 0 12148 13732.7 15702.9 -24988.8 
1.21 9.97409 10 0.249788 5.62203e-12 24395.7 27295.5 19.7709 2.97098e-09 
1.21 10 10.3948 0 0 12224.1 13746.9 15702.6 25056.5 
1.21 10 9.6052 0 0 12224.1 13746.9 15702.6 -25056.5 
1.215 9.97534 10 0.251211 5.83958e-12 24554.2 27322.8 20.0711 3.09695e-09 
1.215 10 10.3948 0 0 12301.1 13760.6 15702.4 25118.7 
1.215 10 9.6052 0 0 12301.1 13760.6 15702.4 -25118.7 
1.22 9.9766 10 0.252656 6.06595e-12 24714.2 27349 20.3745 3.24353e-09 
1.22 10 10.3948 0 0 12378.8 13773.7 15702.1 25185.2 
1.22 10 9.6052 0 0 12378.8 13773.7 15702.1 -25185.2 
1.225 9.97787 10 0.254122 6.30124e-12 24875.7 27373.9 20.6813 3.36702e-09 
1.225 10 10.3948 0 0 12457.4 13786.1 15701.9 25246 
1.225 10 9.6052 0 0 12457.4 13786.1 15701.9 -25246 
1.23 9.97914 10 0.25561 6.54568e-12 25038.6 27397.6 20.9913 3.47104e-09 
1.23 10 10.3948 0 0 12536.8 13798 15701.6 25311.2 
1.23 10 9.6052 0 0 12536.8 13798 15701.6 -25311.2 
1.235 9.98042 10 0.257121 6.79921e-12 25203 27420.1 21.3048 3.61745e-09 
1.235 10 10.3948 0 0 12617 13809.2 15701.3 25370.7 
1.235 10 9.6052 0 0 12617 13809.2 15701.3 -25370.7 
1.24 9.98171 10 0.258654 7.06199e-12 25368.9 27441.3 21.6217 3.75165e-09 
1.24 10 10.3948 0 0 12698 13819.8 15701.1 25434.5 
1.24 10 9.6052 0 0 12698 13819.8 15701.1 -25434.5 
1.245 9.98301 10 0.26021 7.33389e-12 25536.2 27461.1 21.9421 3.88457e-09 
1.245 10 10.3948 0 0 12779.9 13829.7 15700.8 25492.6 
1.245 10 9.6052 0 0 12779.9 13829.7 15700.8 -25492.6 
1.25 9.98431 10 0.261789 7.61479e-12 25704.9 27479.7 22.2661 3.99076e-09 
1.25 10 10.3948 0 0 12862.6 13839 15700.5 25554.9 
1.25 10 9.6052 0 0 12862.6 13839 15700.5 -25554.9 
1.255 9.98563 10 0.263391 7.90454e-12 25875.1 27496.8 22.5937 4.09208e-09 
1.255 10 10.3948 0 0 12946.1 13847.6 15700.3 25611.5 
1.255 10 9.6052 0 0 12946.1 13847.6 15700.3 -25611.5 
1.26 9.98695 10 0.265016 8.2029e-12 26046.6 27512.6 22.9249 4.22129e-09 
1.26 10 10.3948 0 0 13030.4 13855.5 15700 25672.2 
1.26 10 9.6052 0 0 13030.4 13855.5 15700 -25672.2 
1.265 9.98828 10 0.266666 8.50942e-12 26219.6 27526.9 23.2599 4.34937e-09 
1.265 10 10.3948 0 0 13115.6 13862.6 15699.7 25727.3 
1.265 10 9.6052 0 0 13115.6 13862.6 15699.7 -25727.3 
1.27 9.98961 10 0.268339 8.82367e-12 26394 27539.8 23.5988 4.44725e-09 
1.27 10 10.3948 0 0 13201.6 13869.1 15699.4 25786.5 
1.27 10 9.6052 0 0 13201.6 13869.1 15699.4 -25786.5 
1.275 9.99096 10 0.270037 9.14492e-12 26569.7 27551.2 23.9414 4.54052e-09 
1.275 10 10.3948 0 0 13288.3 13874.8 15699.1 25839.9 
1.275 10 9.6052 0 0 13288.3 13874.8 15699.1 -25839.9 
1.28 9.99232 10 0.27176 9.47251e-12 26746.8 27561.1 24.288 4.62563e-09 
1.28 10 10.3948 0 0 13375.9 13879.7 15698.8 25897.4 
1.28 10 9.6052 0 0 13375.9 13879.7 15698.8 -25897.4 
1.285 9.99368 10 0.273507 9.80551e-12 26925.3 27569.4 24.6386 4.69179e-09 
1.285 10 10.3948 0 0 13464.4 13883.9 15698.5 25949.1 
1.285 10 9.6052 0 0 13464.4 13883.9 15698.5 -25949.1 
1.29 9.99505 10 0.27528 1.01428e-11 27105 27576.2 24.9932 4.74643e-09 
1.29 10 10.3948 0 0 13553.6 13887.3 15698.2 26004.9 
1.29 10 9.6052 0 0 13553.6 13887.3 15698.2 -26004.9 
1.295 9.99643 10 0.277078 1.04832e-11 27286.1 27581.3 25.352 4.78609e-09 
1.295 10 10.3948 0 0 13643.6 13889.8 15697.9 26054.9 
1.295 10 9.6052 0 0 13643.6 13889.8 15697.9 -26054.9 
1.3 9.99782 10 0.278901 1.08252e-11 27468.5 27584.8 25.7149 4.79277e-09 
1.3 10 10.3948 0 0 13734.4 13891.6 15697.6 26108.8 
1.3 10 9.6052 0 0 13734.4 13891.6 15697.6 -26108.8 
1.305 9.99922 10 0.280751 1.11673e-11 27652.1 27586.6 26.0822 4.77763e-09 
1.305 10 10.3948 0 0 13826.1 13892.5 15697.3 26156.9 
1.305 10 9.6052 0 0 13826.1 13892.5 15697.3 -26156.9 
1.31 10.0006 10 0.282627 1.15075e-11 27837 27586.7 26.4537 4.73363e-09 
1.31 10 10.3948 0 0 13918.5 13892.5 15697 26208.9 
1.31 10 9.6052 0 0 13918.5 13892.5 15697 -26208.9 
1.315 10.002 10 0.28453 1.18439e-11 28023.1 27585 26.8296 4.67562e-09 
1.315 10 10.3948 0 0 14011.7 13891.7 15696.7 26255 
1.315 10 9.6052 0 0 14011.7 13891.7 15696.7 -26255 
1.32 10.0035 10 0.28646 1.21742e-11 28210.4 27581.6 27.2101 4.56753e-09 
1.32 10 10.3948 0 0 14105.7 13890 15696.3 26305.1 
1.32 10 9.6052 0 0 14105.7 13890 15696.3 -26305.1 
1.325 10.0049 10 0.288418 1.24961e-11 28398.8 27576.3 27.595 4.43152e-09 
1.325 10 10.3948 0 0 14200.5 13887.3 15696 26349.2 
1.325 10 9.6052 0 0 14200.5 13887.3 15696 -26349.2 
1.33 10.0064 10 0.290403 1.28068e-11 28588.4 27569.2 27.9846 4.25705e-09 
1.33 10 10.3948 0 0 14296 13883.8 15695.7 26397.1 
1.33 10 9.6052 0 0 14296 13883.8 15695.7 -26397.1 
1.335 10.0078 10 0.292416 1.31036e-11 28779.1 27560.2 28.379 4.04088e-09 
1.335 10 10.3948 0 0 14392.4 13879.3 15695.3 26439.1 
1.335 10 9.6052 0 0 14392.4 13879.3 15695.3 -26439.1 
1.34 10.0093 10 0.294457 1.33835e-11 28970.8 27549.3 28.7781 3.7834e-09 
1.34 10 10.3948 0 0 14489.4 13873.8 15695 26484.9 
1.34 10 9.6052 0 0 14489.4 13873.8 15695 -26484.9 
1.345 10.0108 10 0.296527 1.36435e-11 29163.6 27536.4 29.1821 3.48507e-09 
1.345 10 10.3948 0 0 14587.2 13867.4 15694.7 26524.7 
1.345 10 9.6052 0 0 14587.2 13867.4 15694.7 -26524.7 
1.35 10.0122 10 0.298626 1.38804e-11 29357.4 27521.4 29.591 3.14267e-09 
1.35 10 10.3948 0 0 14685.8 13859.9 15694.3 26568.2 
1.35 10 9.6052 0 0 14685.8 13859.9 15694.3 -26568.2 
1.355 10.0137 10 0.300754 1.40909e-11 29552.1 27504.5 30.0051 2.74576e-09 
1.355 10 10.3948 0 0 14785 13851.4 15693.9 26605.6 
1.355 10 9.6052 0 0 14785 13851.4 15693.9 -26605.6 
1.36 10.0153 10 0.302912 1.42718e-11 29747.8 27485.4 30.4243 2.31298e-09 
1.36 10 10.3948 0 0 14885 13841.9 15693.6 26646.8 
1.36 10 9.6052 0 0 14885 13841.9 15693.6 -26646.8 
1.365 10.0168 10 0.305101 1.44198e-11 29944.4 27464.3 30.8487 1.83023e-09 
1.365 10 10.3948 0 0 14985.7 13831.3 15693.2 26681.8 
1.365 10 9.6052 0 0 14985.7 13831.3 15693.2 -26681.8 
1.37 10.0183 10 0.30732 1.4532e-11 30141.8 27441 31.2785 1.29429e-09 
1.37 10 10.3948 0 0 15087.1 13819.7 15692.8 26720.5 
1.37 10 9.6052 0 0 15087.1 13819.7 15692.8 -26720.5 
1.375 10.0198 10 0.309569 1.46053e-11 30339.9 27415.4 31.7138 7.45599e-10 
1.375 10 10.3948 0 0 15189.1 13806.9 15692.5 26753 
1.375 10 9.6052 0 0 15189.1 13806.9 15692.5 -26753 
1.38 10.0214 10 0.31185 1.46371e-11 30538.9 27387.7 32.1546 1.26323e-10 
1.38 10 10.3948 0 0 15291.9 13793 15692.1 26789.1 
1.38 10 9.6052 0 0 15291.9 13793 15692.1 -26789.1 
1.385 10.023 10 0.314163 1.46249e-11 30738.5 27357.6 32.6011 -4.83159e-10 
1.385 10 10.3948 0 0 15395.2 13778 15691.7 26819 
1.385 10 9.6052 0 0 15395.2 13778 15691.7 -26819 
1.39 10.0245 10 0.316508 1.45669e-11 30938.8 27325.3 33.0535 -1.11897e-09 
1.39 10 10.3948 0 0 15499.2 13761.8 15691.3 26852.5 
1.39 10 9.6052 0 0 15499.2 13761.8 15691.3 -26852.5 
1.395 10.0261 10 0.318885 1.44616e-11 31139.6 27290.5 33.5117 -1.82818e-09 
1.395 10 10.3948 0 0 15603.9 13744.5 15690.9 26879.6 
1.395 10 9.6052 0 0 15603.9 13744.5 15690.9 -26879.6 
1.4 10.0277 10 0.321295 1.43079e-11 31341 27253.4 33.976 -2.47606e-09 
1.4 10 10.3948 0 0 15709.1 13725.9 15690.5 26910.3 
1.4 10 9.6052 0 0 15709.1 13725.9 15690.5 -26910.3 
1.405 10.0293 10 0.323739 1.41055e-11 31542.8 27213.8 34.4465 -3.16806e-09 
1.405 10 10.3948 0 0 15814.9 13706.1 15690.1 26934.6 
1.405 10 9.6052 0 0 15814.9 13706.1 15690.1 -26934.6 
1.41 10.031 10 0.326216 1.38547e-11 31745.1 27171.8 34.9233 -3.86055e-09 
1.41 10 10.3948 0 0 15921.3 13685.1 15689.7 26962.4 
1.41 10 9.6052 0 0 15921.3 13685.1 15689.7 -26962.4 
1.415 10.0326 10 0.328728 1.35565e-11 31947.7 27127.2 35.4066 -4.49911e-09 
1.415 10 10.3948 0 0 16028.2 13662.8 15689.3 26983.8 
1.415 10 9.6052 0 0 16028.2 13662.8 15689.3 -26983.8 
1.42 10.0343 10 0.331274 1.32126e-11 32150.6 27080 35.8965 -5.124e-09 
1.42 10 10.3948 0 0 16135.7 13639.2 15688.9 27008.6 
1.42 10 9.6052 0 0 16135.7 13639.2 15688.9 -27008.6 
1.425 10.0359 10 0.333856 1.28255e-11 32353.7 27030.2 36.3932 -5.69917e-09 
1.425 10 10.3948 0 0 16243.7 13614.3 15688.4 27026.9 
1.425 10 9.6052 0 0 16243.7 13614.3 15688.4 -27026.9 
1.43 10.0376 10 0.336474 1.2398e-11 32557 26977.8 36.8968 -6.24688e-09 
1.43 10 10.3948 0 0 16352.1 13588.1 15688 27048.5 
1.43 10 9.6052 0 0 16352.1 13588.1 15688 -27048.5 
1.435 10.0393 10 0.339127 1.19343e-11 32760.3 26922.6 37.4076 -6.73494e-09 
1.435 10 10.3948 0 0 16461 13560.5 15687.6 27063.7 
1.435 10 9.6052 0 0 16461 13560.5 15687.6 -27063.7 
1.44 10.041 10 0.341818 1.14388e-11 32963.6 26864.8 37.9257 -7.1385e-09 
1.44 10 10.3948 0 0 16570.4 13531.6 15687.1 27082.1 
1.44 10 9.6052 0 0 16570.4 13531.6 15687.1 -27082.1 
1.445 10.0427 10 0.344545 1.09163e-11 33166.8 26804.1 38.4514 -7.48009e-09 
1.445 10 10.3948 0 0 16680.1 13501.2 15686.7 27094 
1.445 10 9.6052 0 0 16680.1 13501.2 15686.7 -27094 
1.45 10.0444 10 0.347311 1.03722e-11 33369.9 26740.6 38.9847 -7.74226e-09 
1.45 10 10.3948 0 0 16790.3 13469.5 15686.2 27109 
1.45 10 9.6052 0 0 16790.3 13469.5 15686.2 -27109 
1.455 10.0462 10 0.350115 9.81239e-12 33572.7 26674.2 39.526 -7.91126e-09 
1.455 10 10.3948 0 0 16900.8 13436.3 15685.7 27117.5 
1.455 10 9.6052 0 0 16900.8 13436.3 15685.7 -27117.5 
1.46 10.0479 10 0.352958 9.24271e-12 33775.2 26605 40.0755 -8.03523e-09 
1.46 10 10.3948 0 0 17011.6 13401.7 15685.3 27129.1 
1.46 10 9.6052 0 0 17011.6 13401.7 15685.3 -27129.1 
1.465 10.0497 10 0.35584 8.669e-12 33977.2 26532.8 40.6334 -8.03859e-09 
1.465 10 10.3948 0 0 17122.7 13365.6 15684.8 27134 
1.465 10 9.6052 0 0 17122.7 13365.6 15684.8 -27134 
1.47 10.0515 10 0.358763 8.09715e-12 34178.8 26457.5 41.2 -7.95489e-09 
1.47 10 10.3948 0 0 17234.1 13327.9 15684.3 27142.1 
1.47 10 9.6052 0 0 17234.1 13327.9 15684.3 -27142.1 
1.475 10.0533 10 0.361726 7.53275e-12 34379.7 26379.3 41.7756 -7.8213e-09 
1.475 10 10.3948 0 0 17345.7 13288.8 15683.8 27143.3 
1.475 10 9.6052 0 0 17345.7 13288.8 15683.8 -27143.3 
1.48 10.0551 10 0.364731 6.98109e-12 34579.9 26298 42.3604 -7.6131e-09 
1.48 10 10.3948 0 0 17457.6 13248.2 15683.3 27147.7 
1.48 10 9.6052 0 0 17457.6 13248.2 15683.3 -27147.7 
1.485 10.0569 10 0.367778 6.4469e-12 34779.3 26213.5 42.9547 -7.33822e-09 
1.485 10 10.3948 0 0 17569.6 13205.9 15682.8 27145.2 
1.485 10 9.6052 0 0 17569.6 13205.9 15682.8 -27145.2 
1.49 10.0588 10 0.370868 5.93429e-12 34977.8 26125.9 43.559 -7.00452e-09 
1.49 10 10.3948 0 0 17681.7 13162.1 15682.3 27145.7 
1.49 10 9.6052 0 0 17681.7 13162.1 15682.3 -27145.7 
1.495 10.0607 10 0.374001 5.44673e-12 35175.3 26035.1 44.1734 -6.64522e-09 
1.495 10 10.3948 0 0 17794 13116.7 15681.7 27139.3 
1.495 10 9.6052 0 0 17794 13116.7 15681.7 -27139.3 
1.5 10.0625 10 0.377178 4.98701e-12 35371.7 25941.1 44.7985 -6.22433e-09 
1.5 10 10.3948 0 0 17906.3 13069.7 15681.2 27135.9 
1.5 10 9.6052 0 0 17906.3 13069.7 15681.2 -27135.9 
1.505 10.0644 10 0.380401 4.55715e-12 35566.8 25843.8 45.4345 -5.8149e-09 
1.505 10 10.3948 0 0 18018.6 13021.1 15680.7 27125.5 
1.505 10 9.6052 0 0 18018.6 13021.1 15680.7 -27125.5 
1.51 10.0663 10 0.383669 4.15842e-12 35760.6 25743.2 46.082 -5.37345e-09 
1.51 10 10.3948 0 0 18130.9 12970.8 15680.1 27118.1 
1.51 10 9.6052 0 0 18130.9 12970.8 15680.1 -27118.1 
1.515 10.0683 10 0.386984 3.7913e-12 35952.9 25639.2 46.7413 -4.91823e-09 
1.515 10 10.3948 0 0 18243.2 12918.8 15679.5 27103.6 
1.515 10 9.6052 0 0 18243.2 12918.8 15679.5 -27103.6 
1.52 10.0702 10 0.390347 3.4557e-12 36143.7 25531.9 47.413 -4.4929e-09 
1.52 10 10.3948 0 0 18355.3 12865.1 15679 27092 
1.52 10 9.6052 0 0 18355.3 12865.1 15679 -27092 
1.525 10.0722 10 0.393758 3.15108e-12 36332.8 25421.1 48.0974 -4.05734e-09 
1.525 10 10.3948 0 0 18467.3 12809.7 15678.4 27073.3 
1.525 10 9.6052 0 0 18467.3 12809.7 15678.4 -27073.3 
1.53 10.0741 10 0.397218 2.87609e-12 36520 25306.9 48.7953 -3.6514e-09 
1.53 10 10.3948 0 0 18579.2 12752.6 15677.8 27057.4 
1.53 10 9.6052 0 0 18579.2 12752.6 15677.8 -27057.4 
1.535 10.0761 10 0.400729 2.62922e-12 36705.3 25189.2 49.507 -3.27851e-09 
1.535 10 10.3948 0 0 18690.8 12693.8 15677.2 27034.4 
1.535 10 9.6052 0 0 18690.8 12693.8 15677.2 -27034.4 
1.54 10.0781 10 0.404291 2.40861e-12 36888.5 25068 50.2333 -2.92748e-09 
1.54 10 10.3948 0 0 18802.1 12633.2 15676.6 27014.1 
1.54 10 9.6052 0 0 18802.1 12633.2 15676.6 -27014.1 
1.545 10.0802 10 0.407905 2.21203e-12 37069.5 24943.2 50.9748 -2.60164e-09 
1.545 10 10.3948 0 0 18913.1 12570.8 15676 26986.7 
1.545 10 9.6052 0 0 18913.1 12570.8 15676 -26986.7 
1.55 10.0822 10 0.411573 2.03738e-12 37248.2 24814.8 51.7322 -2.28978e-09 
1.55 10 10.3948 0 0 19023.7 12506.6 15675.3 26961.9 
1.55 10 9.6052 0 0 19023.7 12506.6 15675.3 -26961.9 
1.555 10.0843 10 0.415296 1.88245e-12 37424.4 24682.9 52.5063 -2.01707e-09 
1.555 10 10.3948 0 0 19133.9 12440.6 15674.7 26929.9 
1.555 10 9.6052 0 0 19133.9 12440.6 15674.7 -26929.9 
1.56 10.0864 10 0.419075 1.74507e-12 37598 24547.3 53.2977 -1.81593e-09 
1.56 10 10.3948 0 0 19243.7 12372.8 15674 26900.6 
1.56 10 9.6052 0 0 19243.7 12372.8 15674 -26900.6 
1.565 10.0885 10 0.422911 1.62315e-12 37768.8 24408 54.1075 -1.59877e-09 
1.565 10 10.3948 0 0 19352.9 12303.2 15673.3 26864 
1.565 10 9.6052 0 0 19352.9 12303.2 15673.3 -26864 
1.57 10.0906 10 0.426805 1.5147e-12 37936.8 24265.1 54.9364 -1.43807e-09 
1.57 10 10.3948 0 0 19461.5 12231.7 15672.7 26830 
1.57 10 9.6052 0 0 19461.5 12231.7 15672.7 -26830 
1.575 10.0928 10 0.430759 1.41801e-12 38101.7 24118.5 55.7855 -1.28629e-09 
1.575 10 10.3948 0 0 19569.6 12158.4 15672 26788.7 
1.575 10 9.6052 0 0 19569.6 12158.4 15672 -26788.7 
1.58 10.0949 10 0.434775 1.33146e-12 38263.5 23968.1 56.6557 -1.16139e-09 
1.58 10 10.3948 0 0 19676.9 12083.2 15671.2 26750 
1.58 10 9.6052 0 0 19676.9 12083.2 15671.2 -26750 
1.585 10.0971 10 0.438853 1.25359e-12 38422 23814 57.5483 -1.03771e-09 
1.585 10 10.3948 0 0 19783.5 12006.2 15670.5 26703.9 
1.585 10 9.6052 0 0 19783.5 12006.2 15670.5 -26703.9 
1.59 10.0993 10 0.442996 1.18322e-12 38576.9 23656.1 58.4644 -9.33274e-10 
1.59 10 10.3948 0 0 19889.3 11927.2 15669.8 26660.4 
1.59 10 9.6052 0 0 19889.3 11927.2 15669.8 -26660.4 
1.595 10.1015 10 0.447206 1.11932e-12 38728.3 23494.4 59.4053 -8.51567e-10 
1.595 10 10.3948 0 0 19994.2 11846.4 15669 26609.4 
1.595 10 9.6052 0 0 19994.2 11846.4 15669 -26609.4 
1.6 10.1038 10 0.451484 1.06101e-12 38875.9 23329 60.3724 -7.88834e-10 
1.6 10 10.3948 0 0 20098.3 11763.7 15668.2 26561 
1.6 10 9.6052 0 0 20098.3 11763.7 15668.2 -26561 
1.605 10.106 10 0.455831 1.00751e-12 39019.6 23159.7 61.3671 -7.19497e-10 
1.605 10 10.3948 0 0 20201.4 11679 15667.4 26505.1 
1.605 10 9.6052 0 0 20201.4 11679 15667.4 -26505.1 
1.61 10.1083 10 0.460251 9.58219e-13 39159.3 22986.7 62.391 -6.76216e-10 
1.61 10 10.3948 0 0 20303.4 11592.5 15666.6 26451.7 
1.61 10 9.6052 0 0 20303.4 11592.5 15666.6 -26451.7 
1.615 10.1106 10 0.464745 9.12611e-13 39294.7 22809.8 63.4459 -6.04347e-10 
1.615 10 10.3948 0 0 20404.4 11504.1 15665.7 26390.9 
1.615 10 9.6052 0 0 20404.4 11504.1 15665.7 -26390.9 
1.62 10.113 10 0.469315 8.70178e-13 39425.8 22629.1 64.5335 -5.62026e-10 
1.62 10 10.3948 0 0 20504.2 11413.7 15664.9 26332.5 
1.62 10 9.6052 0 0 20504.2 11413.7 15664.9 -26332.5 
1.625 10.1153 10 0.473965 8.30644e-13 39552.3 22444.5 65.6558 -5.31025e-10 
1.625 10 10.3948 0 0 20602.8 11321.4 15664 26266.7 
1.625 10 9.6052 0 0 20602.8 11321.4 15664 -26266.7 
1.63 10.1177 10 0.478696 7.93731e-13 39674.2 22256.2 66.815 -5.11305e-10 
1.63 10 10.3948 0 0 20700.2 11227.3 15663.1 26203.3 
1.63 10 9.6052 0 0 20700.2 11227.3 15663.1 -26203.3 
1.635 10.1201 10 0.483511 7.59076e-13 39791.3 22064 68.0133 -4.59159e-10 
1.635 10 10.3948 0 0 20796.2 11131.2 15662.1 26132.4 
1.635 10 9.6052 0 0 20796.2 11131.2 15662.1 -26132.4 
1.64 10.1226 10 0.488413 7.26495e-13 39903.4 21868 69.2533 -4.29132e-10 
1.64 10 10.3948 0 0 20890.9 11033.2 15661.2 26063.9 
1.64 10 9.6052 0 0 20890.9 11033.2 15661.2 -26063.9 
1.645 10.125 10 0.493405 6.9584e-13 40010.3 21668.2 70.5374 -4.0665e-10 
1.645 10 10.3948 0 0 20984.1 10933.3 15660.2 25988 
1.645 10 9.6052 0 0 20984.1 10933.3 15660.2 -25988 
1.65 10.1275 10 0.498491 6.66923e-13 40112 21464.6 71.8687 -3.95325e-10 
1.65 10 10.3948 0 0 21075.8 10831.5 15659.2 25914.5 
1.65 10 9.6052 0 0 21075.8 10831.5 15659.2 -25914.5 
1.655 10.13 10 0.503673 6.39613e-13 40208.3 21257.2 73.2501 -3.66036e-10 
1.655 10 10.3948 0 0 21166 10727.8 15658.1 25833.5 
1.655 10 9.6052 0 0 21166 10727.8 15658.1 -25833.5 
1.66 10.1325 10 0.508956 6.13778e-13 40299 21046 74.6851 -3.44229e-10 
1.66 10 10.3948 0 0 21254.5 10622.2 15657 25754.9 
1.66 10 9.6052 0 0 21254.5 10622.2 15657 -25754.9 
1.665 10.1351 10 0.514344 5.89334e-13 40384 20831.1 76.1773 -3.40807e-10 
1.665 10 10.3948 0 0 21341.3 10514.7 15655.9 25668.9 
1.665 10 9.6052 0 0 21341.3 10514.7 15655.9 -25668.9 
1.67 10.1377 10 0.51984 5.6618e-13 40463.1 20612.4 77.7305 -3.23013e-10 
1.67 10 10.3948 0 0 21426.3 10405.4 15654.7 25585.3 
1.67 10 9.6052 0 0 21426.3 10405.4 15654.7 -25585.3 
1.675 10.1403 10 0.52545 5.44173e-13 40536.2 20390.1 79.349 -2.98104e-10 
1.675 10 10.3948 0 0 21509.6 10294.2 15653.5 25494.3 
1.675 10 9.6052 0 0 21509.6 10294.2 15653.5 -25494.3 
1.68 10.1429 10 0.531178 5.23318e-13 40603.1 20164 81.0375 -2.8427e-10 
1.68 10 10.3948 0 0 21591 10181.2 15652.3 25405.7 
1.68 10 9.6052 0 0 21591 10181.2 15652.3 -25405.7 
1.685 10.1456 10 0.537028 5.03518e-13 40663.8 19934.3 82.8009 -2.70584e-10 
1.685 10 10.3948 0 0 21670.4 10066.3 15651 25309.7 
1.685 10 9.6052 0 0 21670.4 10066.3 15651 -25309.7 
1.69 10.1483 10 0.543008 4.84699e-13 40718 19701 84.6446 -2.46121e-10 
1.69 10 10.3948 0 0 21747.9 9949.69 15649.7 25216.2 
1.69 10 9.6052 0 0 21747.9 9949.69 15649.7 -25216.2 
1.695 10.151 10 0.549123 4.66791e-13 40765.6 19464.1 86.5747 -2.43614e-10 
1.695 10 10.3948 0 0 21823.3 9831.25 15648.3 25115.3 
1.695 10 9.6052 0 0 21823.3 9831.25 15648.3 -25115.3 
1.7 10.1538 10 0.555378 4.49712e-13 40806.6 19223.7 88.5974 -2.26671e-10 
1.7 10 10.3948 0 0 21896.6 9711.03 15646.8 25016.9 
1.7 10 9.6052 0 0 21896.6 9711.03 15646.8 -25016.9 
1.705 10.1566 10 0.561782 4.33474e-13 40840.7 18979.8 90.7199 -2.24398e-10 
1.705 10 10.3948 0 0 21967.7 9589.05 15645.3 24911.2 
1.705 10 9.6052 0 0 21967.7 9589.05 15645.3 -24911.2 
1.71 10.1594 10 0.568341 4.17981e-13 40867.8 18732.3 92.9499 -2.13134e-10 
1.71 10 10.3948 0 0 22036.7 9465.35 15643.7 24808.1 
1.71 10 9.6052 0 0 22036.7 9465.35 15643.7 -24808.1 
1.715 10.1623 10 0.575063 4.03252e-13 40887.8 18481.5 95.2957 -2.11071e-10 
1.715 10 10.3948 0 0 22103.3 9339.94 15642.1 24697.7 
1.715 10 9.6052 0 0 22103.3 9339.94 15642.1 -24697.7 
1.72 10.1652 10 0.581957 3.8918e-13 40900.7 18227.3 97.7666 -1.89092e-10 
1.72 10 10.3948 0 0 22167.6 9212.84 15640.4 24589.9 
1.72 10 9.6052 0 0 22167.6 9212.84 15640.4 -24589.9 
1.725 10.1681 10 0.589033 3.75749e-13 40906.2 17969.8 100.373 -1.85393e-10 
1.725 10 10.3948 0 0 22229.6 9084.09 15638.6 24474.9 
1.725 10 9.6052 0 0 22229.6 9084.09 15638.6 -24474.9 
1.73 10.171 10 0.5963 3.62974e-13 40904.2 17709.1 103.125 -1.78147e-10 
1.73 10 10.3948 0 0 22289.1 8953.71 15636.7 24362.6 
1.73 10 9.6052 0 0 22289.1 8953.71 15636.7 -24362.6 
1.735 10.174 10 0.603769 3.50783e-13 40894.7 17445.1 106.036 -1.54613e-10 
1.735 10 10.3948 0 0 22346.1 8821.72 15634.7 24243.1 
1.735 10 9.6052 0 0 22346.1 8821.72 15634.7 -24243.1 
1.74 10.1771 10 0.611452 3.39101e-13 40877.5 17178 109.119 -1.49339e-10 
1.74 10 10.3948 0 0 22400.7 8688.17 15632.6 24126.4 
1.74 10 9.6052 0 0 22400.7 8688.17 15632.6 -24126.4 
1.745 10.1802 10 0.619362 3.27989e-13 40852.6 16907.8 112.389 -1.56878e-10 
1.745 10 10.3948 0 0 22452.6 8553.07 15630.4 24002.7 
1.745 10 9.6052 0 0 22452.6 8553.07 15630.4 -24002.7 
1.75 10.1833 10 0.627512 3.17383e-13 40819.7 16634.6 115.863 -1.37203e-10 
1.75 10 10.3948 0 0 22501.9 8416.46 15628.1 23881.9 
1.75 10 9.6052 0 0 22501.9 8416.46 15628.1 -23881.9 
1.755 10.1864 10 0.635919 3.07252e-13 40778.9 16358.4 119.559 -1.28509e-10 
1.755 10 10.3948 0 0 22548.6 8278.37 15625.7 23754 
1.755 10 9.6052 0 0 22548.6 8278.37 15625.7 -23754 
1.76 10.1896 10 0.644598 2.97586e-13 40730 16079.3 123.497 -1.34432e-10 
1.76 10 10.3948 0 0 22592.5 8138.84 15623.1 23629.2 
1.76 10 9.6052 0 0 22592.5 8138.84 15623.1 -23629.2 
1.765 10.1929 10 0.653568 2.88356e-13 40672.9 15797.4 127.701 -1.13131e-10 
1.765 10 10.3948 0 0 22633.8 7997.9 15620.4 23497.5 
1.765 10 9.6052 0 0 22633.8 7997.9 15620.4 -23497.5 
1.77 10.1962 10 0.662848 2.79549e-13 40607.5 15512.8 132.195 -1.19174e-10 
1.77 10 10.3948 0 0 22672.2 7855.59 15617.5 23368.8 
1.77 10 9.6052 0 0 22672.2 7855.59 15617.5 -23368.8 
1.775 10.1995 10 0.67246 2.71161e-13 40533.8 15225.5 137.009 -1.19818e-10 
1.775 10 10.3948 0 0 22707.8 7711.93 15614.4 23233.5 
1.775 10 9.6052 0 0 22707.8 7711.93 15614.4 -23233.5 
1.78 10.2029 10 0.682429 2.63176e-13 40451.6 14935.6 142.174 -1.09605e-10 
1.78 10 10.3948 0 0 22740.5 7566.98 15611.1 23101.3 
1.78 10 9.6052 0 0 22740.5 7566.98 15611.1 -23101.3 
1.785 10.2063 10 0.69278 2.55551e-13 40360.8 14643.2 147.726 -1.08538e-10 
1.785 10 10.3948 0 0 22770.4 7420.76 15607.6 22962.5 
1.785 10 9.6052 0 0 22770.4 7420.76 15607.6 -22962.5 
1.79 10.2098 10 0.703543 2.48306e-13 40261.4 14348.3 153.708 -9.66094e-11 
1.79 10 10.3948 0 0 22797.3 7273.31 15603.9 22827 
1.79 10 9.6052 0 0 22797.3 7273.31 15603.9 -22827 
1.795 10.2134 10 0.71475 2.41439e-13 40153.3 14051 160.165 -9.56481e-11 
1.795 10 10.3948 0 0 22821.2 7124.68 15599.9 22685.1 
1.795 10 9.6052 0 0 22821.2 7124.68 15599.9 -22685.1 
1.8 10.217 10 0.726436 2.34896e-13 40036.3 13751.4 167.15 -8.5637e-11 
1.8 10 10.3948 0 0 22842.2 6974.88 15595.6 22546.6 
1.8 10 9.6052 0 0 22842.2 6974.88 15595.6 -22546.6 
1.805 10.2206 10 0.738642 2.28672e-13 39910.4 13449.6 174.724 -8.84036e-11 
1.805 10 10.3948 0 0 22860.1 6823.98 15590.9 22401.7 
1.805 10 9.6052 0 0 22860.1 6823.98 15590.9 -22401.7 
1.81 10.2244 10 0.751412 2.22845e-13 39775.5 13145.6 182.955 -8.03118e-11 
1.81 10 10.3948 0 0 22874.9 6671.99 15585.9 22260.5 
1.81 10 9.6052 0 0 22874.9 6671.99 15585.9 -22260.5 
1.815 10.2282 10 0.764796 2.17269e-13 39631.3 12839.6 191.926 -8.49882e-11 
1.815 10 10.3948 0 0 22886.6 6518.96 15580.5 22113 
1.815 10 9.6052 0 0 22886.6 6518.96 15580.5 -22113 
1.82 10.232 10 0.77885 2.1203e-13 39477.9 12531.5 201.727 -6.60647e-11 
1.82 10 10.3948 0 0 22895.1 6364.92 15574.6 21969.3 
1.82 10 9.6052 0 0 22895.1 6364.92 15574.6 -21969.3 
1.825 10.2359 10 0.793637 2.07125e-13 39315.1 12221.5 212.467 -7.2654e-11 
1.825 10 10.3948 0 0 22900.5 6209.9 15568.2 21819.5 
1.825 10 9.6052 0 0 22900.5 6209.9 15568.2 -21819.5 
1.83 10.24 10 0.809228 2.02567e-13 39142.6 11909.5 224.271 -6.29208e-11 
1.83 10 10.3948 0 0 22902.6 6053.94 15561.2 21673.6 
1.83 10 9.6052 0 0 22902.6 6053.94 15561.2 -21673.6 
1.835 10.244 10 0.825704 1.9825e-13 38960.4 11595.8 237.288 -6.04974e-11 
1.835 10 10.3948 0 0 22901.3 5897.07 15553.6 21521.7 
1.835 10 9.6052 0 0 22901.3 5897.07 15553.6 -21521.7 
1.84 10.2482 10 0.843159 1.94311e-13 38768.2 11280.3 251.692 -3.99369e-11 
1.84 10 10.3948 0 0 22896.7 5739.31 15545.1 21373.8 
1.84 10 9.6052 0 0 22896.7 5739.31 15545.1 -21373.8 
1.845 10.2525 10 0.861698 1.90677e-13 38565.7 10963 267.69 -4.30661e-11 
1.845 10 10.3948 0 0 22888.6 5580.69 15535.8 21220.1 
1.845 10 9.6052 0 0 22888.6 5580.69 15535.8 -21220.1 
1.85 10.2568 10 0.881444 1.87397e-13 38352.6 10644.1 285.532 -4.6245e-11 
1.85 10 10.3948 0 0 22876.8 5421.22 15525.5 21070.5 
1.85 10 9.6052 0 0 22876.8 5421.22 15525.5 -21070.5 
1.855 10.2613 10 0.902539 1.84438e-13 38128.7 10323.5 305.518 -4.76496e-11 
1.855 10 10.3948 0 0 22861.4 5260.94 15514.1 20915.1 
1.855 10 9.6052 0 0 22861.4 5260.94 15514.1 -20915.1 
1.86 10.2659 10 0.925149 1.81824e-13 37893.4 10001.3 328.01 -3.09126e-11 
1.86 10 10.3948 0 0 22842 5099.84 15501.2 20763.8 
1.86 10 9.6052 0 0 22842 5099.84 15501.2 -20763.8 
1.865 10.2705 10 0.949468 1.79619e-13 37646.2 9677.5 353.454 -3.60609e-11 
1.865 10 10.3948 0 0 22818.6 4937.93 15486.8 20606.7 
1.865 10 9.6052 0 0 22818.6 4937.93 15486.8 -20606.7 
1.87 10.2754 10 0.975726 1.77777e-13 37386.4 9352.06 382.402 -2.6708e-11 
1.87 10 10.3948 0 0 22790.7 4775.21 15470.5 20453.6 
1.87 10 9.6052 0 0 22790.7 4775.21 15470.5 -20453.6 
1.875 10.2803 10 1.0042 1.76424e-13 37113.3 9024.98 415.54 -1.6514e-11 
1.875 10 10.3948 0 0 22758 4611.67 15451.9 20294.6 
1.875 10 9.6052 0 0 22758 4611.67 15451.9 -20294.6 
1.88 10.2854 10 1.03521 1.75504e-13 36825.7 8696.22 453.735 -5.47128e-12 
1.88 10 10.3948 0 0 22720.2 4447.28 15430.7 20139.3 
1.88 10 9.6052 0 0 22720.2 4447.28 15430.7 -20139.3 
1.885 10.2907 10 1.06916 1.75139e-13 36522.5 8365.7 498.093 -1.78214e-12 
1.885 10 10.3948 0 0 22676.4 4282.03 15406.1 19977.6 
1.885 10 9.6052 0 0 22676.4 4282.03 15406.1 -19977.6 
1.89 10.2961 10 1.10655 1.75259e-13 36201.7 8033.32 550.044 8.20559e-12 
1.89 10 10.3948 0 0 22626 4115.84 15377.5 19819 
1.89 10 9.6052 0 0 22626 4115.84 15377.5 -19819 
1.895 10.3017 10 1.14797 1.76125e-13 35861.4 7698.96 611.464 2.5365e-11 
1.895 10 10.3948 0 0 22567.8 3948.65 15343.9 19652.9 
1.895 10 9.6052 0 0 22567.8 3948.65 15343.9 -19652.9 
1.9 10.3076 10 1.19418 1.77792e-13 35498.5 7362.41 684.854 3.1498e-11 
1.9 10 10.3948 0 0 22500.2 3780.38 15304 19488.4 
1.9 10 9.6052 0 0 22500.2 3780.38 15304 -19488.4 
1.905 10.3137 10 1.24617 1.80404e-13 35109.2 7023.43 773.604 4.56845e-11 
1.905 10 10.3948 0 0 22421 3610.89 15256 19314.3 
1.905 10 9.6052 0 0 22421 3610.89 15256 -19314.3 
1.91 10.3201 10 1.30517 1.84141e-13 34688 6681.7 882.412 6.69893e-11 
1.91 10 10.3948 0 0 22327.4 3440.02 15197.4 19138.6 
1.91 10 9.6052 0 0 22327.4 3440.02 15197.4 -19138.6 
1.915 10.3268 10 1.37286 1.8921e-13 34227.4 6336.79 1017.93 9.35648e-11 
1.915 10 10.3948 0 0 22214.7 3267.57 15124.9 18948.5 
1.915 10 9.6052 0 0 22214.7 3267.57 15124.9 -18948.5 
1.92 10.3338 10 1.45145 1.96095e-13 33716.7 5988.15 1189.83 1.3171e-10 
1.92 10 10.3948 0 0 22076.5 3093.25 15033.5 18749.6 
1.92 10 9.6052 0 0 22076.5 3093.25 15033.5 -18749.6 
1.925 10.3413 10 1.54404 2.05326e-13 33139.8 5635.05 1412.58 1.44515e-10 
1.925 10 10.3948 0 0 21902.9 2916.7 14915.6 18525.3 
1.925 10 9.6052 0 0 21902.9 2916.7 14915.6 -18525.3 
1.93 10.3493 10 1.65499 2.17647e-13 32472.3 5276.52 1708.66 1.76441e-10 
1.93 10 10.3948 0 0 21678 2737.44 14759.8 18274.5 
1.93 10 9.6052 0 0 21678 2737.44 14759.8 -18274.5 
1.935 10.3579 10 1.79072 2.34317e-13 31675.1 4911.27 2114.36 2.90524e-10 
1.935 10 10.3948 0 0 21376 2554.81 14547.5 17969.1 
1.935 10 9.6052 0 0 21376 2554.81 14547.5 -17969.1 
1.94 10.3672 10 1.96108 2.57288e-13 30682.6 4537.5 2691.2 3.83261e-10 
1.94 10 10.3948 0 0 20952.3 2367.92 14247.1 17587.1 
1.94 10 9.6052 0 0 20952.3 2367.92 14247.1 -17587.1 
1.945 10.3776 10 2.18182 2.89838e-13 29378.3 4152.71 3549.85 5.39686e-10 
1.945 10 10.3948 0 0 20325.4 2175.53 13802.4 17059.5 
1.945 10 9.6052 0 0 20325.4 2175.53 13802.4 -17059.5 
1.95 10.3892 10 2.47983 3.38224e-13 27539.3 3753.27 4904.07 8.18951e-10 
1.95 10 10.3948 0 0 19335.3 1975.81 13104.4 16278 
1.95 10 9.6052 0 0 19335.3 1975.81 13104.4 -16278 
1.955 10.4026 10 2.90453 4.14299e-13 24698.6 3333.73 7205.76 1.38993e-09 
1.955 10 10.3948 0 0 17637.4 1766.04 11923.8 14974.8 
1.955 10 9.6052 0 0 17637.4 1766.04 11923.8 -14974.8 
1.96 10.4186 10 3.55607 5.45395e-13 19756.1 2885.55 11527.7 2.47435e-09 
1.96 10 10.3948 0 0 14396.9 1541.95 9717.31 12524 
1.96 10 9.6052 0 0 14396.9 1541.95 9717.31 -12524 
1.965 10.4389 10 4.66579 8.04626e-13 9683.78 2394.64 20842.1 5.29435e-09 
1.965 10 10.3948 0 0 7239.86 1296.5 4982.44 7074.66 
1.965 10 9.6052 0 0 7239.86 1296.5 4982.44 -7074.66 
1.97 10.4668 10 6.62241 1.04896e-12 0 1840.41 29542 -1.79044e-12 
1.97 10 10.3948 0 0 0 1019.38 495.586 1307.02 
1.97 10 9.6052 0 0 0 1019.38 495.586 -1307.02 
1.975 10.5052 10 8.69476 1.04672e-12 0 1269 28487.7 -5.77516e-11 
1.975 10 10.3948 0 0 0 733.677 877.654 920.968 
1.975 10 9.6052 0 0 0 733.677 877.654 -920.968 
1.98 10.5537 10 10.6942 1.04099e-12 0 780.63 27521.1 -9.9412e-11 
1.98 10 10.3948 0 0 0 489.491 1220.98 614.099 
1.98 10 9.6052 0 0 0 489.491 1220.98 -614.099 
1.985 10.612 10 12.6305 1.03295e-12 0 426.898 26728.2 -1.23525e-10 
1.985 10 10.3948 0 0 0 312.625 1481.9 402.587 
1.985 10 9.6052 0 0 0 312.625 1481.9 -402.587 
1.99 10.6799 10 14.5171 1.02367e-12 0 206.994 26125.3 -1.34973e-10 
1.99 10 10.3948 0 0 0 202.673 1651.29 284.91 
1.99 10 9.6052 0 0 0 202.673 1651.29 -284.91 
1.995 10.7571 10 16.3664 1.01385e-12 0 88.8489 25677.5 -1.39106e-10 
1.995 10 10.3948 0 0 0 143.601 1745.75 223.196 
1.995 10 9.6052 0 0 0 143.601 1745.75 -223.196 
2 10.8435 10 18.1877 1.00388e-12 0 33.739 25331.6 -1.3971e-10 
2 10 10.3948 0 0 0 116.046 1791.2 200.422 
2 10 9.6052 0 0 0 116.046 1791.2 -200.422 
2.005 10.9389 10 19.9865 9.93927e-13 0 11.3368 25041.8 -1.38936e-10 
2.005 10 10.3948 0 0 0 104.844 1810.15 188.619 
2.005 10 9.6052 0 0 0 104.844 1810.15 -188.619 
2.01 11.0433 10 21.7658 9.84045e-13 0 3.37377 24779 -1.3772e-10 
2.01 10 10.3948 0 0 0 100.863 1817.03 188.068 
2.01 10 9.6052 0 0 0 100.863 1817.03 -188.068 
