0 9.4 10 0 0 0 504.039 29162.7 2.52953e-11 
0 10 10.3889 0 0 0 367.04 2358.64 475.178 
0 10 9.61112 0 0 0 367.04 2358.64 -475.178 
0 9.40519 10 2.07169 1.83027e-15 0 532.198 28830.6 2.70289e-11 
0 10 10.3889 0 0 0 381.12 2379.82 491.281 
0 10 9.61112 0 0 0 381.12 2379.82 -491.281 
0.005 9.42067 10 4.11647 3.92155e-15 0 625.382 28405.2 3.27616e-11 
0.005 10 10.3889 0 0 0 427.712 2449.38 542.818 
0.005 10 9.61112 0 0 0 427.712 2449.38 -542.818 
0.01 9.4463 10 6.12644 6.67975e-15 0 814.373 27846.4 4.59611e-11 
0.01 10 10.3889 0 0 0 522.207 2588.1 657.933 
0.01 10 9.61112 0 0 0 522.207 2588.1 -657.933 
0.015 9.48186 10 8.08936 1.08444e-14 0 1166.97 27068.5 7.43117e-11 
0.015 10 10.3889 0 0 0 698.505 2839.65 874.519 
0.015 10 9.61112 0 0 0 698.505 2839.65 -874.519 
0.02 9.52708 10 9.98444 1.79801e-14 0 1820.23 25912.3 1.34363e-10 
0.02 10 10.3889 0 0 0 1025.13 3285.07 1306.39 
0.02 10 9.61112 0 0 0 1025.13 3285.07 -1306.39 
0.025 9.57976 10 10.2277 -6.8581e-13 62135.7 2990.27 -37761.4 -1.09517e-08 
0.025 10 10.3889 0 0 45742.9 1610.15 35104.6 -31454.2 
0.025 10 9.61112 0 0 45742.9 1610.15 35104.6 31454.2 
0.03 9.62112 10 6.04248 -9.27326e-13 84911.8 4330.68 -61556.8 2.74465e-09 
0.03 10 10.3889 0 0 59275.3 2280.36 47295.1 -38254.8 
0.03 10 9.61112 0 0 59275.3 2280.36 47295.1 38254.8 
0.035 9.64218 10 2.78765 -5.92051e-13 51847.1 5190.35 -28940.6 5.09607e-09 
0.035 10 10.3889 0 0 35227.8 2710.2 31215 -20056.6 
0.035 10 9.61112 0 0 35227.8 2710.2 31215 20056.6 
0.04 9.6524 10 1.53017 -3.00468e-13 32015.8 5655.34 -9388.38 2.98204e-09 
0.04 10 10.3889 0 0 21470.8 2942.69 21527 -10124.3 
0.04 10 9.61112 0 0 21470.8 2942.69 21527 10124.3 
0.045 9.65887 10 1.13293 -1.53861e-13 25418.1 5966.99 -3038.78 1.31213e-09 
0.045 10 10.3889 0 0 16905.9 3098.52 18380.1 -6708.68 
0.045 10 9.61112 0 0 16905.9 3098.52 18380.1 6708.68 
0.05 9.66413 10 0.990518 -9.15826e-14 23462.9 6230.16 -1319.88 5.467e-10 
0.05 10 10.3889 0 0 15501.3 3230.1 17530.6 -5472.65 
0.05 10 9.61112 0 0 15501.3 3230.1 17530.6 5472.65 
0.055 9.66889 10 0.916469 -6.48467e-14 22761.9 6475.88 -845.271 2.51007e-10 
0.055 10 10.3889 0 0 14947.6 3352.96 17298.5 -4829.72 
0.055 10 9.61112 0 0 14947.6 3352.96 17298.5 4829.72 
0.06 9.67333 10 0.863004 -5.13189e-14 22373.8 6712.38 -674.08 1.48158e-10 
0.06 10 10.3889 0 0 14610.2 3471.21 17216.6 -4337.13 
0.06 10 9.61112 0 0 14610.2 3471.21 17216.6 4337.13 
0.065 9.67753 10 0.81844 -4.26199e-14 22071.8 6942.08 -580.206 1.04193e-10 
0.065 10 10.3889 0 0 14336.6 3586.06 17172.8 -3901.04 
0.065 10 9.61112 0 0 14336.6 3586.06 17172.8 3901.04 
0.07 9.68152 10 0.77952 -3.588e-14 21803.8 7165.97 -512.376 8.50596e-11 
0.07 10 10.3889 0 0 14091.4 3698 17141.6 -3486.79 
0.07 10 9.61112 0 0 14091.4 3698 17141.6 3486.79 
0.075 9.68533 10 0.744928 -3.01147e-14 21556.8 7384.67 -457.992 7.78859e-11 
0.075 10 10.3889 0 0 13865 3807.35 17116.8 -3097.13 
0.075 10 9.61112 0 0 13865 3807.35 17116.8 3097.13 
0.08 9.68898 10 0.713876 -2.49614e-14 21325.8 7598.65 -412.786 7.07979e-11 
0.08 10 10.3889 0 0 13653.8 3914.34 17096.4 -2718.87 
0.08 10 9.61112 0 0 13653.8 3914.34 17096.4 2718.87 
0.085 9.69248 10 0.685793 -2.02566e-14 21108.2 7808.3 -374.549 6.28632e-11 
0.085 10 10.3889 0 0 13455.4 4019.17 17079.3 -2359.82 
0.085 10 9.61112 0 0 13455.4 4019.17 17079.3 2359.82 
0.09 9.69584 10 0.660238 -1.5889e-14 20902.1 8013.94 -341.812 5.67947e-11 
0.09 10 10.3889 0 0 13268.1 4121.99 17064.7 -2008.44 
0.09 10 9.61112 0 0 13268.1 4121.99 17064.7 2008.44 
0.095 9.69908 10 0.636858 -1.18089e-14 20706.1 8215.86 -313.504 5.44045e-11 
0.095 10 10.3889 0 0 13090.7 4222.95 17052.2 -1673.36 
0.095 10 9.61112 0 0 13090.7 4222.95 17052.2 1673.36 
0.1 9.70221 10 0.615366 -7.96913e-15 20519.1 8414.28 -288.815 5.29574e-11 
0.1 10 10.3889 0 0 12922.1 4322.16 17041.3 -1343.58 
0.1 10 9.61112 0 0 12922.1 4322.16 17041.3 1343.58 
0.105 9.70524 10 0.595527 -4.32468e-15 20340.1 8609.42 -267.12 4.78997e-11 
0.105 10 10.3889 0 0 12761.4 4419.73 17031.9 -1028.14 
0.105 10 9.61112 0 0 12761.4 4419.73 17031.9 1028.14 
0.11 9.70817 10 0.577146 -8.59053e-16 20168.5 8801.48 -247.927 4.92335e-11 
0.11 10 10.3889 0 0 12608 4515.76 17023.6 -716.334 
0.11 10 9.61112 0 0 12608 4515.76 17023.6 716.334 
0.115 9.71101 10 0.560059 2.46465e-15 20003.6 8990.6 -230.846 4.69491e-11 
0.115 10 10.3889 0 0 12461.2 4610.32 17016.2 -417.463 
0.115 10 9.61112 0 0 12461.2 4610.32 17016.2 417.463 
0.12 9.71377 10 0.544126 5.6722e-15 19844.9 9176.95 -215.562 4.37716e-11 
0.12 10 10.3889 0 0 12320.4 4703.49 17009.7 -121.002 
0.12 10 9.61112 0 0 12320.4 4703.49 17009.7 121.002 
0.125 9.71646 10 0.529228 8.76781e-15 19691.9 9360.64 -201.818 4.15192e-11 
0.125 10 10.3889 0 0 12185.3 4795.34 17003.9 163.592 
0.125 10 9.61112 0 0 12185.3 4795.34 17003.9 -163.592 
0.13 9.71907 10 0.515263 1.17667e-14 19544.3 9541.81 -189.404 4.29183e-11 
0.13 10 10.3889 0 0 12055.4 4885.93 16998.6 446.714 
0.13 10 9.61112 0 0 12055.4 4885.93 16998.6 -446.714 
0.135 9.72161 10 0.502143 1.46965e-14 19401.7 9720.57 -178.146 4.06891e-11 
0.135 10 10.3889 0 0 11930.4 4975.3 16993.9 718.802 
0.135 10 9.61112 0 0 11930.4 4975.3 16993.9 -718.802 
0.14 9.72409 10 0.489789 1.75561e-14 19263.8 9897 -167.898 4.39268e-11 
0.14 10 10.3889 0 0 11810 5063.52 16989.7 990.162 
0.14 10 9.61112 0 0 11810 5063.52 16989.7 -990.162 
0.145 9.72651 10 0.478136 2.0351e-14 19130.4 10071.2 -158.536 3.62595e-11 
0.145 10 10.3889 0 0 11693.9 5150.63 16985.8 1251.15 
0.145 10 9.61112 0 0 11693.9 5150.63 16985.8 -1251.15 
0.15 9.72887 10 0.467123 2.30993e-14 19001.3 10243.3 -149.956 3.76937e-11 
0.15 10 10.3889 0 0 11581.8 5236.67 16982.3 1512.02 
0.15 10 9.61112 0 0 11581.8 5236.67 16982.3 -1512.02 
0.155 9.73118 10 0.456697 2.57875e-14 18876.2 10413.3 -142.07 3.64079e-11 
0.155 10 10.3889 0 0 11473.6 5321.68 16979.1 1763.07 
0.155 10 9.61112 0 0 11473.6 5321.68 16979.1 -1763.07 
0.16 9.73344 10 0.446812 2.84461e-14 18755 10581.4 -134.802 3.96737e-11 
0.16 10 10.3889 0 0 11369.1 5405.7 16976.1 2014.49 
0.16 10 9.61112 0 0 11369.1 5405.7 16976.1 -2014.49 
0.165 9.73565 10 0.437427 3.10763e-14 18637.4 10747.5 -128.085 3.38484e-11 
0.165 10 10.3889 0 0 11267.9 5488.76 16973.4 2256.54 
0.165 10 9.61112 0 0 11267.9 5488.76 16973.4 -2256.54 
0.17 9.73782 10 0.428503 3.36637e-14 18523.4 10911.7 -121.862 3.53052e-11 
0.17 10 10.3889 0 0 11170.1 5570.89 16970.9 2499.39 
0.17 10 9.61112 0 0 11170.1 5570.89 16970.9 -2499.39 
0.175 9.73994 10 0.420007 3.62259e-14 18412.8 11074.2 -116.085 3.85845e-11 
0.175 10 10.3889 0 0 11075.4 5652.13 16968.6 2733.27 
0.175 10 9.61112 0 0 11075.4 5652.13 16968.6 -2733.27 
0.18 9.74202 10 0.41191 3.87811e-14 18305.4 11235 -110.709 3.27698e-11 
0.18 10 10.3889 0 0 10983.7 5732.51 16966.5 2968.29 
0.18 10 9.61112 0 0 10983.7 5732.51 16966.5 -2968.29 
0.185 9.74406 10 0.404183 4.1312e-14 18201.2 11394 -105.697 3.42344e-11 
0.185 10 10.3889 0 0 10894.8 5812.04 16964.6 3194.66 
0.185 10 9.61112 0 0 10894.8 5812.04 16964.6 -3194.66 
0.19 9.74606 10 0.396802 4.38202e-14 18099.9 11551.5 -101.016 2.84263e-11 
0.19 10 10.3889 0 0 10808.7 5890.76 16962.7 3422.5 
0.19 10 9.61112 0 0 10808.7 5890.76 16962.7 -3422.5 
0.195 9.74802 10 0.389745 4.63222e-14 18001.7 11707.3 -96.6342 3.7171e-11 
0.195 10 10.3889 0 0 10725.2 5968.68 16961 3641.98 
0.195 10 9.61112 0 0 10725.2 5968.68 16961 -3641.98 
0.2 9.74996 10 0.382991 4.8809e-14 17906.2 11861.6 -92.5272 3.50039e-11 
0.2 10 10.3889 0 0 10644.2 6045.84 16959.5 3863.19 
0.2 10 9.61112 0 0 10644.2 6045.84 16959.5 -3863.19 
0.205 9.75186 10 0.376521 5.13002e-14 17813.5 12014.5 -88.6709 3.82931e-11 
0.205 10 10.3889 0 0 10565.6 6122.25 16958 4076.29 
0.205 10 9.61112 0 0 10565.6 6122.25 16958 -4076.29 
0.21 9.75372 10 0.370318 5.37825e-14 17723.4 12165.8 -85.0446 3.97646e-11 
0.21 10 10.3889 0 0 10489.4 6197.93 16956.6 4291.35 
0.21 10 9.61112 0 0 10489.4 6197.93 16956.6 -4291.35 
0.215 9.75556 10 0.364367 5.62596e-14 17636 12315.8 -81.6294 3.21417e-11 
0.215 10 10.3889 0 0 10415.4 6272.91 16955.3 4498.53 
0.215 10 9.61112 0 0 10415.4 6272.91 16955.3 -4498.53 
0.22 9.75737 10 0.358652 5.8737e-14 17551 12464.4 -78.4086 3.36139e-11 
0.22 10 10.3889 0 0 10343.5 6347.2 16954.1 4707.89 
0.22 10 9.61112 0 0 10343.5 6347.2 16954.1 -4707.89 
0.225 9.75915 10 0.353161 6.12045e-14 17468.4 12611.6 -75.367 3.50875e-11 
0.225 10 10.3889 0 0 10273.8 6420.81 16953 4909.56 
0.225 10 9.61112 0 0 10273.8 6420.81 16953 -4909.56 
0.23 9.7609 10 0.347881 6.36917e-14 17388.3 12757.5 -72.491 4.20153e-11 
0.23 10 10.3889 0 0 10206.1 6493.78 16951.9 5113.59 
0.23 10 9.61112 0 0 10206.1 6493.78 16951.9 -5113.59 
0.235 9.76262 10 0.342802 6.6172e-14 17310.4 12902.2 -69.7683 3.2573e-11 
0.235 10 10.3889 0 0 10140.3 6566.1 16950.9 5310.12 
0.235 10 9.61112 0 0 10140.3 6566.1 16950.9 -5310.12 
0.24 9.76433 10 0.337911 6.86613e-14 17234.8 13045.6 -67.1877 3.76815e-11 
0.24 10 10.3889 0 0 10076.4 6637.81 16949.9 5509.17 
0.24 10 9.61112 0 0 10076.4 6637.81 16949.9 -5509.17 
0.245 9.766 10 0.3332 7.11734e-14 17161.3 13187.8 -64.739 3.36918e-11 
0.245 10 10.3889 0 0 10014.3 6708.9 16949 5700.88 
0.245 10 9.61112 0 0 10014.3 6708.9 16949 -5700.88 
0.25 9.76766 10 0.32866 7.36696e-14 17090.1 13328.8 -62.413 3.33423e-11 
0.25 10 10.3889 0 0 9954.02 6779.41 16948.2 5895.26 
0.25 10 9.61112 0 0 9954.02 6779.41 16948.2 -5895.26 
0.255 9.76929 10 0.324281 7.61759e-14 17020.9 13468.6 -60.2011 3.84485e-11 
0.255 10 10.3889 0 0 9895.44 6849.34 16947.4 6082.44 
0.255 10 9.61112 0 0 9895.44 6849.34 16947.4 -6082.44 
0.26 9.7709 10 0.320057 7.8708e-14 16953.7 13607.3 -58.0958 2.89989e-11 
0.26 10 10.3889 0 0 9838.53 6918.7 16946.6 6272.44 
0.26 10 9.61112 0 0 9838.53 6918.7 16946.6 -6272.44 
0.265 9.77249 10 0.31598 8.12348e-14 16888.5 13745 -56.0899 2.86452e-11 
0.265 10 10.3889 0 0 9783.24 6987.5 16945.9 6455.37 
0.265 10 9.61112 0 0 9783.24 6987.5 16945.9 -6455.37 
0.27 9.77406 10 0.312042 8.37811e-14 16825.3 13881.5 -54.1771 3.37457e-11 
0.27 10 10.3889 0 0 9729.52 7055.77 16945.2 6641.24 
0.27 10 9.61112 0 0 9729.52 7055.77 16945.2 -6641.24 
0.275 9.77561 10 0.308238 8.63438e-14 16764 14017 -52.3512 2.97489e-11 
0.275 10 10.3889 0 0 9677.32 7123.51 16944.6 6820.16 
0.275 10 9.61112 0 0 9677.32 7123.51 16944.6 -6820.16 
0.28 9.77714 10 0.304561 8.89223e-14 16704.6 14151.4 -50.6069 3.30259e-11 
0.28 10 10.3889 0 0 9626.62 7190.73 16944 7002.13 
0.28 10 9.61112 0 0 9626.62 7190.73 16944 -7002.13 
0.285 9.77866 10 0.301007 9.1508e-14 16647 14284.9 -48.9392 3.26639e-11 
0.285 10 10.3889 0 0 9577.36 7257.45 16943.4 7177.26 
0.285 10 9.61112 0 0 9577.36 7257.45 16943.4 -7177.26 
0.29 9.78015 10 0.297568 9.41264e-14 16591.2 14417.3 -47.3433 3.41164e-11 
0.29 10 10.3889 0 0 9529.51 7323.67 16942.8 7355.55 
0.29 10 9.61112 0 0 9529.51 7323.67 16942.8 -7355.55 
0.295 9.78163 10 0.294242 9.67532e-14 16537.2 14548.8 -45.815 3.01106e-11 
0.295 10 10.3889 0 0 9483.04 7389.41 16942.3 7527.1 
0.295 10 9.61112 0 0 9483.04 7389.41 16942.3 -7527.1 
0.3 9.7831 10 0.291022 9.9393e-14 16484.9 14679.3 -44.3503 3.70171e-11 
0.3 10 10.3889 0 0 9437.9 7454.68 16941.8 7701.91 
0.3 10 9.61112 0 0 9437.9 7454.68 16941.8 -7701.91 
0.305 9.78454 10 0.287905 1.02068e-13 16434.3 14808.9 -42.9456 3.30046e-11 
0.305 10 10.3889 0 0 9394.08 7519.48 16941.3 7870.07 
0.305 10 9.61112 0 0 9394.08 7519.48 16941.3 -7870.07 
0.31 9.78598 10 0.284885 1.04749e-13 16385.4 14937.6 -41.5973 3.44482e-11 
0.31 10 10.3889 0 0 9351.53 7583.82 16940.9 8041.58 
0.31 10 9.61112 0 0 9351.53 7583.82 16940.9 -8041.58 
0.315 9.78739 10 0.281961 1.07452e-13 16338.1 15065.4 -40.3024 3.22508e-11 
0.315 10 10.3889 0 0 9310.22 7647.72 16940.4 8206.52 
0.315 10 9.61112 0 0 9310.22 7647.72 16940.4 -8206.52 
0.32 9.7888 10 0.279127 1.10182e-13 16292.4 15192.3 -39.0578 3.36876e-11 
0.32 10 10.3889 0 0 9270.13 7711.18 16940 8374.89 
0.32 10 9.61112 0 0 9270.13 7711.18 16940 -8374.89 
0.325 9.79019 10 0.27638 1.12957e-13 16248.3 15318.4 -37.8609 4.23942e-11 
0.325 10 10.3889 0 0 9231.23 7774.22 16939.6 8536.79 
0.325 10 9.61112 0 0 9231.23 7774.22 16939.6 -8536.79 
0.33 9.79156 10 0.273717 1.15711e-13 16205.8 15443.6 -36.7091 4.01896e-11 
0.33 10 10.3889 0 0 9193.5 7836.83 16939.2 8702.18 
0.33 10 9.61112 0 0 9193.5 7836.83 16939.2 -8702.18 
0.335 9.79292 10 0.271135 1.18528e-13 16164.8 15568 -35.5999 4.52522e-11 
0.335 10 10.3889 0 0 9156.9 7899.03 16938.8 8861.17 
0.335 10 9.61112 0 0 9156.9 7899.03 16938.8 -8861.17 
0.34 9.79427 10 0.26863 1.2135e-13 16125.3 15691.6 -34.5311 4.30381e-11 
0.34 10 10.3889 0 0 9121.41 7960.83 16938.5 9023.74 
0.34 10 9.61112 0 0 9121.41 7960.83 16938.5 -9023.74 
0.345 9.79561 10 0.266201 1.24208e-13 16087.3 15814.4 -33.5007 3.71809e-11 
0.345 10 10.3889 0 0 9087.02 8022.23 16938.1 9179.97 
0.345 10 9.61112 0 0 9087.02 8022.23 16938.1 -9179.97 
0.35 9.79693 10 0.263844 1.27092e-13 16050.8 15936.5 -32.5067 3.49582e-11 
0.35 10 10.3889 0 0 9053.7 8083.25 16937.8 9339.84 
0.35 10 9.61112 0 0 9053.7 8083.25 16937.8 -9339.84 
0.355 9.79825 10 0.261556 1.29987e-13 16015.7 16057.7 -31.5473 4.72859e-11 
0.355 10 10.3889 0 0 9021.42 8143.88 16937.5 9493.44 
0.355 10 9.61112 0 0 9021.42 8143.88 16937.5 -9493.44 
0.36 9.79955 10 0.259336 1.3294e-13 15982 16178.2 -30.6206 4.14155e-11 
0.36 10 10.3889 0 0 8990.17 8204.13 16937.2 9650.75 
0.36 10 9.61112 0 0 8990.17 8204.13 16937.2 -9650.75 
0.365 9.80084 10 0.257181 1.35886e-13 15949.8 16298 -29.7252 3.91841e-11 
0.365 10 10.3889 0 0 8959.92 8264.02 16936.9 9801.84 
0.365 10 9.61112 0 0 8959.92 8264.02 16936.9 -9801.84 
0.37 9.80212 10 0.255089 1.38886e-13 15918.9 16417.1 -28.8596 3.3307e-11 
0.37 10 10.3889 0 0 8930.67 8323.55 16936.6 9956.69 
0.37 10 9.61112 0 0 8930.67 8323.55 16936.6 -9956.69 
0.375 9.80339 10 0.253058 1.41899e-13 15889.4 16535.4 -28.0222 3.47042e-11 
0.375 10 10.3889 0 0 8902.38 8382.73 16936.3 10105.4 
0.375 10 9.61112 0 0 8902.38 8382.73 16936.3 -10105.4 
0.38 9.80465 10 0.251085 1.44994e-13 15861.3 16653.1 -27.2117 4.15469e-11 
0.38 10 10.3889 0 0 8875.04 8441.55 16936 10257.9 
0.38 10 9.61112 0 0 8875.04 8441.55 16936 -10257.9 
0.385 9.8059 10 0.24917 1.48065e-13 15834.5 16770 -26.4269 4.8393e-11 
0.385 10 10.3889 0 0 8848.64 8500.04 16935.8 10404.3 
0.385 10 9.61112 0 0 8848.64 8500.04 16935.8 -10404.3 
0.39 9.80714 10 0.247309 1.51226e-13 15809 16886.3 -25.6666 3.52173e-11 
0.39 10 10.3889 0 0 8823.16 8558.19 16935.5 10554.6 
0.39 10 9.61112 0 0 8823.16 8558.19 16935.5 -10554.6 
0.395 9.80838 10 0.245502 1.54414e-13 15784.8 17002 -24.9296 5.47802e-11 
0.395 10 10.3889 0 0 8798.59 8616.01 16935.3 10698.8 
0.395 10 9.61112 0 0 8798.59 8616.01 16935.3 -10698.8 
0.4 9.8096 10 0.243747 1.576e-13 15761.9 17117 -24.215 5.0696e-11 
0.4 10 10.3889 0 0 8774.9 8673.5 16935 10847 
0.4 10 9.61112 0 0 8774.9 8673.5 16935 -10847 
0.405 9.81081 10 0.242043 1.60842e-13 15740.3 17231.3 -23.5216 5.02423e-11 
0.405 10 10.3889 0 0 8752.08 8730.68 16934.8 10989.1 
0.405 10 9.61112 0 0 8752.08 8730.68 16934.8 -10989.1 
0.41 9.81202 10 0.240387 1.64135e-13 15720 17345 -22.8486 4.06862e-11 
0.41 10 10.3889 0 0 8730.13 8787.54 16934.6 11135.2 
0.41 10 9.61112 0 0 8730.13 8787.54 16934.6 -11135.2 
0.415 9.81322 10 0.238778 1.67448e-13 15700.8 17458.1 -22.1951 4.93174e-11 
0.415 10 10.3889 0 0 8709.03 8844.09 16934.4 11275.4 
0.415 10 9.61112 0 0 8709.03 8844.09 16934.4 -11275.4 
0.42 9.81441 10 0.237216 1.7083e-13 15683 17570.6 -21.5601 5.61199e-11 
0.42 10 10.3889 0 0 8688.75 8900.34 16934.2 11419.5 
0.42 10 9.61112 0 0 8688.75 8900.34 16934.2 -11419.5 
0.425 9.81559 10 0.235698 1.74217e-13 15666.3 17682.5 -20.9429 5.20077e-11 
0.425 10 10.3889 0 0 8669.31 8956.3 16934 11557.8 
0.425 10 9.61112 0 0 8669.31 8956.3 16934 -11557.8 
0.43 9.81676 10 0.234223 1.77656e-13 15650.9 17793.9 -20.3428 4.60693e-11 
0.43 10 10.3889 0 0 8650.67 9011.96 16933.8 11700.1 
0.43 10 9.61112 0 0 8650.67 9011.96 16933.8 -11700.1 
0.435 9.81793 10 0.232791 1.81163e-13 15636.7 17904.6 -19.7589 6.01302e-11 
0.435 10 10.3889 0 0 8632.83 9067.33 16933.6 11836.4 
0.435 10 9.61112 0 0 8632.83 9067.33 16933.6 -11836.4 
0.44 9.81909 10 0.2314 1.84696e-13 15623.7 18014.8 -19.1907 4.69026e-11 
0.44 10 10.3889 0 0 8615.78 9122.41 16933.4 11976.9 
0.44 10 9.61112 0 0 8615.78 9122.41 16933.4 -11976.9 
0.445 9.82025 10 0.230049 1.88285e-13 15611.8 18124.4 -18.6374 4.27621e-11 
0.445 10 10.3889 0 0 8599.5 9177.22 16933.2 12111.6 
0.445 10 9.61112 0 0 8599.5 9177.22 16933.2 -12111.6 
0.45 9.82139 10 0.228737 1.91906e-13 15601.2 18233.5 -18.0985 5.68073e-11 
0.45 10 10.3889 0 0 8584 9231.76 16933 12250.3 
0.45 10 9.61112 0 0 8584 9231.76 16933 -12250.3 
0.455 9.82253 10 0.227463 1.95576e-13 15591.6 18342 -17.5733 4.90174e-11 
0.455 10 10.3889 0 0 8569.25 9286.02 16932.9 12383.3 
0.455 10 9.61112 0 0 8569.25 9286.02 16932.9 -12383.3 
0.46 9.82367 10 0.226227 1.99281e-13 15583.3 18450 -17.0613 5.03177e-11 
0.46 10 10.3889 0 0 8555.25 9340.02 16932.7 12520.4 
0.46 10 9.61112 0 0 8555.25 9340.02 16932.7 -12520.4 
0.465 9.8248 10 0.225026 2.03065e-13 15576.1 18557.5 -16.562 4.615e-11 
0.465 10 10.3889 0 0 8541.99 9393.75 16932.5 12651.8 
0.465 10 9.61112 0 0 8541.99 9393.75 16932.5 -12651.8 
0.47 9.82592 10 0.22386 2.06913e-13 15570 18664.4 -16.0747 5.65252e-11 
0.47 10 10.3889 0 0 8529.46 9447.23 16932.4 12787.3 
0.47 10 9.61112 0 0 8529.46 9447.23 16932.4 -12787.3 
0.475 9.82703 10 0.222729 2.10786e-13 15565.1 18770.9 -15.5992 6.5078e-11 
0.475 10 10.3889 0 0 8517.65 9500.45 16932.2 12917.1 
0.475 10 9.61112 0 0 8517.65 9500.45 16932.2 -12917.1 
0.48 9.82815 10 0.221632 2.14736e-13 15561.3 18876.8 -15.1348 5.7249e-11 
0.48 10 10.3889 0 0 8506.56 9553.42 16932.1 13051.1 
0.48 10 9.61112 0 0 8506.56 9553.42 16932.1 -13051.1 
0.485 9.82925 10 0.220567 2.18724e-13 15558.6 18982.3 -14.6812 5.48717e-11 
0.485 10 10.3889 0 0 8496.17 9606.15 16931.9 13179.4 
0.485 10 9.61112 0 0 8496.17 9606.15 16931.9 -13179.4 
0.49 9.83035 10 0.219534 2.22785e-13 15557 19087.2 -14.2379 5.97602e-11 
0.49 10 10.3889 0 0 8486.49 9658.63 16931.8 13311.9 
0.49 10 9.61112 0 0 8486.49 9658.63 16931.8 -13311.9 
0.495 9.83145 10 0.218533 2.26906e-13 15556.6 19191.7 -13.8045 6.64592e-11 
0.495 10 10.3889 0 0 8477.5 9710.87 16931.6 13438.8 
0.495 10 9.61112 0 0 8477.5 9710.87 16931.6 -13438.8 
0.5 9.83254 10 0.217562 2.3112e-13 15557.2 19295.7 -13.3806 5.13172e-11 
0.5 10 10.3889 0 0 8469.19 9762.87 16931.5 13569.9 
0.5 10 9.61112 0 0 8469.19 9762.87 16931.5 -13569.9 
0.505 9.83362 10 0.216621 2.35382e-13 15558.9 19399.2 -12.9659 6.16347e-11 
0.505 10 10.3889 0 0 8461.56 9814.64 16931.3 13695.4 
0.505 10 9.61112 0 0 8461.56 9814.64 16931.3 -13695.4 
0.51 9.8347 10 0.215709 2.39659e-13 15561.7 19502.3 -12.56 5.73977e-11 
0.51 10 10.3889 0 0 8454.61 9866.19 16931.2 13825.2 
0.51 10 9.61112 0 0 8454.61 9866.19 16931.2 -13825.2 
0.515 9.83578 10 0.214826 2.4402e-13 15565.6 19605 -12.1625 5.67872e-11 
0.515 10 10.3889 0 0 8448.32 9917.5 16931 13949.3 
0.515 10 9.61112 0 0 8448.32 9917.5 16931 -13949.3 
0.52 9.83685 10 0.213972 2.48461e-13 15570.6 19707.1 -11.7732 7.79936e-11 
0.52 10 10.3889 0 0 8442.7 9968.59 16930.9 14077.8 
0.52 10 9.61112 0 0 8442.7 9968.59 16930.9 -14077.8 
0.525 9.83792 10 0.213144 2.52968e-13 15576.6 19808.9 -11.3917 7.00866e-11 
0.525 10 10.3889 0 0 8437.73 10019.5 16930.8 14200.7 
0.525 10 9.61112 0 0 8437.73 10019.5 16930.8 -14200.7 
0.53 9.83898 10 0.212344 2.5757e-13 15583.8 19910.2 -11.0178 6.58043e-11 
0.53 10 10.3889 0 0 8433.42 10070.1 16930.6 14328 
0.53 10 9.61112 0 0 8433.42 10070.1 16930.6 -14328 
0.535 9.84004 10 0.21157 2.62212e-13 15592 20011.1 -10.6511 6.51544e-11 
0.535 10 10.3889 0 0 8429.75 10120.5 16930.5 14449.6 
0.535 10 9.61112 0 0 8429.75 10120.5 16930.5 -14449.6 
0.54 9.8411 10 0.210822 2.66927e-13 15601.2 20111.5 -10.2913 7.90463e-11 
0.54 10 10.3889 0 0 8426.72 10170.8 16930.4 14575.6 
0.54 10 9.61112 0 0 8426.72 10170.8 16930.4 -14575.6 
0.545 9.84215 10 0.2101 2.71733e-13 15611.6 20211.5 -9.9383 6.74594e-11 
0.545 10 10.3889 0 0 8424.33 10220.8 16930.3 14696.1 
0.545 10 9.61112 0 0 8424.33 10220.8 16930.3 -14696.1 
0.55 9.8432 10 0.209402 2.76621e-13 15622.9 20311.1 -9.59172 7.04131e-11 
0.55 10 10.3889 0 0 8422.57 10270.6 16930.1 14821 
0.55 10 9.61112 0 0 8422.57 10270.6 16930.1 -14821 
0.555 9.84424 10 0.208729 2.81616e-13 15635.4 20410.3 -9.25133 6.97139e-11 
0.555 10 10.3889 0 0 8421.44 10320.2 16930 14940.3 
0.555 10 9.61112 0 0 8421.44 10320.2 16930 -14940.3 
0.56 9.84529 10 0.208081 2.86656e-13 15648.9 20509.1 -8.91692 7.99222e-11 
0.56 10 10.3889 0 0 8420.94 10369.6 16929.9 15064.1 
0.56 10 9.61112 0 0 8420.94 10369.6 16929.9 -15064.1 
0.565 9.84633 10 0.207455 2.91761e-13 15663.4 20607.5 -8.58825 6.82936e-11 
0.565 10 10.3889 0 0 8421.06 10418.8 16929.8 15182.3 
0.565 10 9.61112 0 0 8421.06 10418.8 16929.8 -15182.3 
0.57 9.84736 10 0.206854 2.96988e-13 15679 20705.5 -8.2651 7.11998e-11 
0.57 10 10.3889 0 0 8421.8 10467.8 16929.7 15305 
0.57 10 9.61112 0 0 8421.8 10467.8 16929.7 -15305 
0.575 9.84839 10 0.206275 3.02343e-13 15695.7 20803.2 -7.94728 6.31739e-11 
0.575 10 10.3889 0 0 8423.15 10516.6 16929.5 15422.2 
0.575 10 9.61112 0 0 8423.15 10516.6 16929.5 -15422.2 
0.58 9.84942 10 0.205718 3.07721e-13 15713.4 20900.4 -7.63456 6.60591e-11 
0.58 10 10.3889 0 0 8425.11 10565.2 16929.4 15543.8 
0.58 10 9.61112 0 0 8425.11 10565.2 16929.4 -15543.8 
0.585 9.85045 10 0.205184 3.13212e-13 15732.1 20997.2 -7.32677 7.62044e-11 
0.585 10 10.3889 0 0 8427.69 10613.6 16929.3 15659.9 
0.585 10 9.61112 0 0 8427.69 10613.6 16929.3 -15659.9 
0.59 9.85148 10 0.204671 3.18793e-13 15751.9 21093.7 -7.02371 8.26991e-11 
0.59 10 10.3889 0 0 8430.87 10661.9 16929.2 15780.6 
0.59 10 9.61112 0 0 8430.87 10661.9 16929.2 -15780.6 
0.595 9.8525 10 0.20418 3.2452e-13 15772.8 21189.8 -6.7252 9.28114e-11 
0.595 10 10.3889 0 0 8434.66 10709.9 16929.1 15895.7 
0.595 10 9.61112 0 0 8434.66 10709.9 16929.1 -15895.7 
0.6 9.85352 10 0.20371 3.30326e-13 15794.7 21285.5 -6.43106 7.01704e-11 
0.6 10 10.3889 0 0 8439.04 10757.8 16929 16015.4 
0.6 10 9.61112 0 0 8439.04 10757.8 16929 -16015.4 
0.605 9.85454 10 0.203261 3.36245e-13 15817.6 21380.8 -6.14113 9.11699e-11 
0.605 10 10.3889 0 0 8444.03 10805.4 16928.8 16129.6 
0.605 10 9.61112 0 0 8444.03 10805.4 16928.8 -16129.6 
0.61 9.85555 10 0.202833 3.42263e-13 15841.6 21475.8 -5.85525 8.30513e-11 
0.61 10 10.3889 0 0 8449.62 10852.9 16928.7 16248.4 
0.61 10 9.61112 0 0 8449.62 10852.9 16928.7 -16248.4 
0.615 9.85656 10 0.202425 3.48389e-13 15866.7 21570.4 -5.57325 8.21935e-11 
0.615 10 10.3889 0 0 8455.8 10900.2 16928.6 16361.7 
0.615 10 9.61112 0 0 8455.8 10900.2 16928.6 -16361.7 
0.62 9.85757 10 0.202037 3.54657e-13 15892.8 21664.7 -5.29498 8.49541e-11 
0.62 10 10.3889 0 0 8462.58 10947.4 16928.5 16479.5 
0.62 10 9.61112 0 0 8462.58 10947.4 16928.5 -16479.5 
0.625 9.85858 10 0.201668 3.61014e-13 15919.9 21758.6 -5.02029 9.49781e-11 
0.625 10 10.3889 0 0 8469.95 10994.3 16928.4 16591.9 
0.625 10 9.61112 0 0 8469.95 10994.3 16928.4 -16591.9 
0.63 9.85959 10 0.20132 3.67482e-13 15948.1 21852.2 -4.74905 7.22445e-11 
0.63 10 10.3889 0 0 8477.92 11041.1 16928.3 16708.8 
0.63 10 9.61112 0 0 8477.92 11041.1 16928.3 -16708.8 
0.635 9.8606 10 0.20099 3.74098e-13 15977.4 21945.4 -4.48111 9.31463e-11 
0.635 10 10.3889 0 0 8486.47 11087.7 16928.2 16820.4 
0.635 10 9.61112 0 0 8486.47 11087.7 16928.2 -16820.4 
0.64 9.8616 10 0.200679 3.80842e-13 16007.7 22038.2 -4.21634 8.49261e-11 
0.64 10 10.3889 0 0 8495.62 11134.1 16928.1 16936.5 
0.64 10 9.61112 0 0 8495.62 11134.1 16928.1 -16936.5 
0.645 9.8626 10 0.200387 3.87712e-13 16039 22130.7 -3.9546 8.76024e-11 
0.645 10 10.3889 0 0 8505.35 11180.4 16927.9 17047.2 
0.645 10 9.61112 0 0 8505.35 11180.4 16927.9 -17047.2 
0.65 9.86361 10 0.200114 3.94776e-13 16071.5 22222.9 -3.69577 9.02514e-11 
0.65 10 10.3889 0 0 8515.68 11226.5 16927.8 17162.5 
0.65 10 9.61112 0 0 8515.68 11226.5 16927.8 -17162.5 
0.655 9.86461 10 0.199859 4.01932e-13 16105 22314.7 -3.43974 1.00164e-10 
0.655 10 10.3889 0 0 8526.59 11272.4 16927.7 17272.4 
0.655 10 9.61112 0 0 8526.59 11272.4 16927.7 -17272.4 
0.66 9.8656 10 0.199623 4.09216e-13 16139.5 22406.2 -3.18637 8.82298e-11 
0.66 10 10.3889 0 0 8538.09 11318.1 16927.6 17386.9 
0.66 10 9.61112 0 0 8538.09 11318.1 16927.6 -17386.9 
0.665 9.8666 10 0.199404 4.16685e-13 16175.1 22497.3 -2.93555 1.1265e-10 
0.665 10 10.3889 0 0 8550.18 11363.7 16927.5 17496 
0.665 10 9.61112 0 0 8550.18 11363.7 16927.5 -17496 
0.67 9.8676 10 0.199203 4.24284e-13 16211.8 22588.1 -2.68718 1.00672e-10 
0.67 10 10.3889 0 0 8562.85 11409.1 16927.4 17609.7 
0.67 10 9.61112 0 0 8562.85 11409.1 16927.4 -17609.7 
0.675 9.86859 10 0.19902 4.32049e-13 16249.6 22678.6 -2.44113 1.06861e-10 
0.675 10 10.3889 0 0 8576.11 11454.3 16927.3 17718.1 
0.675 10 9.61112 0 0 8576.11 11454.3 16927.3 -17718.1 
0.68 9.86959 10 0.198855 4.39999e-13 16288.4 22768.7 -2.19731 1.27576e-10 
0.68 10 10.3889 0 0 8589.97 11499.4 16927.2 17831.1 
0.68 10 9.61112 0 0 8589.97 11499.4 16927.2 -17831.1 
0.685 9.87058 10 0.198706 4.48092e-13 16328.3 22858.6 -1.95561 1.19167e-10 
0.685 10 10.3889 0 0 8604.41 11544.3 16927.1 17938.7 
0.685 10 9.61112 0 0 8604.41 11544.3 16927.1 -17938.7 
0.69 9.87158 10 0.198575 4.56395e-13 16369.3 22948 -1.71593 1.21643e-10 
0.69 10 10.3889 0 0 8619.43 11589 16927 18050.9 
0.69 10 9.61112 0 0 8619.43 11589 16927 -18050.9 
0.695 9.87257 10 0.198461 4.64864e-13 16411.4 23037.2 -1.47817 1.20457e-10 
0.695 10 10.3889 0 0 8635.05 11633.6 16926.8 18157.8 
0.695 10 9.61112 0 0 8635.05 11633.6 16926.8 -18157.8 
0.7 9.87356 10 0.198364 4.7354e-13 16454.6 23126 -1.24224 1.19243e-10 
0.7 10 10.3889 0 0 8651.26 11678 16926.7 18269.4 
0.7 10 9.61112 0 0 8651.26 11678 16926.7 -18269.4 
0.705 9.87455 10 0.198284 4.82397e-13 16498.9 23214.5 -1.00803 1.28917e-10 
0.705 10 10.3889 0 0 8668.06 11722.3 16926.6 18375.6 
0.705 10 9.61112 0 0 8668.06 11722.3 16926.6 -18375.6 
0.71 9.87554 10 0.19822 4.91396e-13 16544.3 23302.6 -0.775466 1.38571e-10 
0.71 10 10.3889 0 0 8685.45 11766.3 16926.5 18486.5 
0.71 10 9.61112 0 0 8685.45 11766.3 16926.5 -18486.5 
0.715 9.87653 10 0.198173 5.00657e-13 16590.7 23390.5 -0.54445 1.2636e-10 
0.715 10 10.3889 0 0 8703.43 11810.3 16926.4 18592 
0.715 10 9.61112 0 0 8703.43 11810.3 16926.4 -18592 
0.72 9.87752 10 0.198142 5.10104e-13 16638.3 23478 -0.314897 1.46866e-10 
0.72 10 10.3889 0 0 8722.01 11854 16926.3 18702.2 
0.72 10 9.61112 0 0 8722.01 11854 16926.3 -18702.2 
0.725 9.87852 10 0.198128 5.19748e-13 16687 23565.2 -0.0867215 1.34601e-10 
0.725 10 10.3889 0 0 8741.18 11897.6 16926.2 18807.1 
0.725 10 9.61112 0 0 8741.18 11897.6 16926.2 -18807.1 
0.73 9.87951 10 0.19813 5.2969e-13 16736.9 23652 0.14016 1.44124e-10 
0.73 10 10.3889 0 0 8760.96 11941 16926.1 18916.6 
0.73 10 9.61112 0 0 8760.96 11941 16926.1 -18916.6 
0.735 9.8805 10 0.198148 5.39843e-13 16787.8 23738.5 0.36583 1.39064e-10 
0.735 10 10.3889 0 0 8781.32 11984.3 16925.9 19020.8 
0.735 10 9.61112 0 0 8781.32 11984.3 16925.9 -19020.8 
0.74 9.88149 10 0.198182 5.50233e-13 16839.9 23824.7 0.590367 1.41247e-10 
0.74 10 10.3889 0 0 8802.29 12027.4 16925.8 19129.7 
0.74 10 9.61112 0 0 8802.29 12027.4 16925.8 -19129.7 
0.745 9.88248 10 0.198232 5.60888e-13 16893.2 23910.6 0.813851 1.65222e-10 
0.745 10 10.3889 0 0 8823.87 12070.3 16925.7 19233.3 
0.745 10 9.61112 0 0 8823.87 12070.3 16925.7 -19233.3 
0.75 9.88347 10 0.198298 5.7177e-13 16947.5 23996.1 1.03636 1.49146e-10 
0.75 10 10.3889 0 0 8846.04 12113.1 16925.6 19341.6 
0.75 10 9.61112 0 0 8846.04 12113.1 16925.6 -19341.6 
0.755 9.88446 10 0.19838 5.82927e-13 17003.1 24081.3 1.25796 1.62136e-10 
0.755 10 10.3889 0 0 8868.82 12155.7 16925.5 19444.6 
0.755 10 9.61112 0 0 8868.82 12155.7 16925.5 -19444.6 
0.76 9.88545 10 0.198478 5.9439e-13 17059.7 24166.2 1.47874 1.6417e-10 
0.76 10 10.3889 0 0 8892.21 12198.1 16925.4 19552.3 
0.76 10 9.61112 0 0 8892.21 12198.1 16925.4 -19552.3 
0.765 9.88645 10 0.198591 6.06128e-13 17117.6 24250.7 1.69876 1.62526e-10 
0.765 10 10.3889 0 0 8916.22 12240.4 16925.2 19654.7 
0.765 10 9.61112 0 0 8916.22 12240.4 16925.2 -19654.7 
0.77 9.88744 10 0.198721 6.18107e-13 17176.6 24334.9 1.9181 1.75401e-10 
0.77 10 10.3889 0 0 8940.83 12282.5 16925.1 19761.7 
0.77 10 9.61112 0 0 8940.83 12282.5 16925.1 -19761.7 
0.775 9.88843 10 0.198865 6.30451e-13 17236.8 24418.8 2.13682 1.73673e-10 
0.775 10 10.3889 0 0 8966.06 12324.4 16925 19863.5 
0.775 10 9.61112 0 0 8966.06 12324.4 16925 -19863.5 
0.78 9.88943 10 0.199026 6.43121e-13 17298.1 24502.3 2.355 1.90089e-10 
0.78 10 10.3889 0 0 8991.91 12366.2 16924.9 19970 
0.78 10 9.61112 0 0 8991.91 12366.2 16924.9 -19970 
0.785 9.89042 10 0.199202 6.56048e-13 17360.7 24585.5 2.57271 1.77365e-10 
0.785 10 10.3889 0 0 9018.38 12407.8 16924.8 20071.2 
0.785 10 9.61112 0 0 9018.38 12407.8 16924.8 -20071.2 
0.79 9.89142 10 0.199393 6.69368e-13 17424.5 24668.4 2.79 2.00967e-10 
0.79 10 10.3889 0 0 9045.47 12449.2 16924.6 20177.1 
0.79 10 9.61112 0 0 9045.47 12449.2 16924.6 -20177.1 
0.795 9.89242 10 0.1996 6.83038e-13 17489.4 24750.9 3.00695 1.95415e-10 
0.795 10 10.3889 0 0 9073.19 12490.5 16924.5 20277.7 
0.795 10 9.61112 0 0 9073.19 12490.5 16924.5 -20277.7 
0.8 9.89342 10 0.199823 6.971e-13 17555.6 24833 3.22362 2.00722e-10 
0.8 10 10.3889 0 0 9101.54 12531.5 16924.4 20383.1 
0.8 10 9.61112 0 0 9101.54 12531.5 16924.4 -20383.1 
0.805 9.89442 10 0.200061 7.1158e-13 17623 24914.8 3.44007 2.20523e-10 
0.805 10 10.3889 0 0 9130.52 12572.4 16924.3 20483.1 
0.805 10 9.61112 0 0 9130.52 12572.4 16924.3 -20483.1 
0.81 9.89542 10 0.200314 7.26431e-13 17691.6 24996.3 3.65637 2.00254e-10 
0.81 10 10.3889 0 0 9160.13 12613.2 16924.1 20587.9 
0.81 10 9.61112 0 0 9160.13 12613.2 16924.1 -20587.9 
0.815 9.89642 10 0.200583 7.41657e-13 17761.5 25077.4 3.87258 1.87208e-10 
0.815 10 10.3889 0 0 9190.39 12653.7 16924 20687.4 
0.815 10 9.61112 0 0 9190.39 12653.7 16924 -20687.4 
0.82 9.89742 10 0.200867 7.57289e-13 17832.6 25158.1 4.08877 2.28676e-10 
0.82 10 10.3889 0 0 9221.29 12694.1 16923.9 20791.6 
0.82 10 9.61112 0 0 9221.29 12694.1 16923.9 -20791.6 
0.825 9.89843 10 0.201167 7.73359e-13 17905 25238.5 4.30498 2.33702e-10 
0.825 10 10.3889 0 0 9252.83 12734.3 16923.8 20890.6 
0.825 10 9.61112 0 0 9252.83 12734.3 16923.8 -20890.6 
0.83 9.89943 10 0.201482 7.89928e-13 17978.6 25318.5 4.52129 2.45935e-10 
0.83 10 10.3889 0 0 9285.03 12774.3 16923.6 20994.2 
0.83 10 9.61112 0 0 9285.03 12774.3 16923.6 -20994.2 
0.835 9.90044 10 0.201813 8.06984e-13 18053.5 25398.1 4.73775 2.47185e-10 
0.835 10 10.3889 0 0 9317.88 12814.1 16923.5 21092.6 
0.835 10 9.61112 0 0 9317.88 12814.1 16923.5 -21092.6 
0.84 9.90145 10 0.202159 8.24548e-13 18129.7 25477.4 4.95442 2.5564e-10 
0.84 10 10.3889 0 0 9351.38 12853.7 16923.4 21195.7 
0.84 10 9.61112 0 0 9351.38 12853.7 16923.4 -21195.7 
0.845 9.90246 10 0.202521 8.42668e-13 18207.1 25556.3 5.17135 2.45827e-10 
0.845 10 10.3889 0 0 9385.55 12893.2 16923.2 21293.6 
0.845 10 9.61112 0 0 9385.55 12893.2 16923.2 -21293.6 
0.85 9.90348 10 0.202898 8.61332e-13 18285.9 25634.8 5.38862 2.61404e-10 
0.85 10 10.3889 0 0 9420.38 12932.4 16923.1 21396.2 
0.85 10 9.61112 0 0 9420.38 12932.4 16923.1 -21396.2 
0.855 9.90449 10 0.203291 8.80556e-13 18366 25712.9 5.60627 2.62351e-10 
0.855 10 10.3889 0 0 9455.89 12971.5 16923 21493.5 
0.855 10 9.61112 0 0 9455.89 12971.5 16923 -21493.5 
0.86 9.90551 10 0.203699 9.0041e-13 18447.4 25790.6 5.82436 2.85037e-10 
0.86 10 10.3889 0 0 9492.06 13010.3 16922.8 21595.5 
0.86 10 9.61112 0 0 9492.06 13010.3 16922.8 -21595.5 
0.865 9.90653 10 0.204123 9.20793e-13 18530.1 25868 6.04295 2.85821e-10 
0.865 10 10.3889 0 0 9528.92 13049 16922.7 21692.2 
0.865 10 9.61112 0 0 9528.92 13049 16922.7 -21692.2 
0.87 9.90755 10 0.204562 9.41776e-13 18614.1 25944.9 6.26209 3.11988e-10 
0.87 10 10.3889 0 0 9566.45 13087.5 16922.5 21793.7 
0.87 10 9.61112 0 0 9566.45 13087.5 16922.5 -21793.7 
0.875 9.90858 10 0.205017 9.63443e-13 18699.5 26021.4 6.48183 3.23507e-10 
0.875 10 10.3889 0 0 9604.67 13125.7 16922.4 21889.9 
0.875 10 9.61112 0 0 9604.67 13125.7 16922.4 -21889.9 
0.88 9.9096 10 0.205488 9.85805e-13 18786.3 26097.5 6.70225 3.131e-10 
0.88 10 10.3889 0 0 9643.59 13163.8 16922.3 21990.8 
0.88 10 9.61112 0 0 9643.59 13163.8 16922.3 -21990.8 
0.885 9.91063 10 0.205975 1.00891e-12 18874.4 26173.2 6.92338 3.09865e-10 
0.885 10 10.3889 0 0 9683.2 13201.6 16922.1 22086.5 
0.885 10 9.61112 0 0 9683.2 13201.6 16922.1 -22086.5 
0.89 9.91166 10 0.206477 1.03278e-12 18963.9 26248.4 7.14528 3.17437e-10 
0.89 10 10.3889 0 0 9723.51 13239.2 16922 22186.8 
0.89 10 9.61112 0 0 9723.51 13239.2 16922 -22186.8 
0.895 9.9127 10 0.206996 1.05741e-12 19054.8 26323.2 7.36802 3.46732e-10 
0.895 10 10.3889 0 0 9764.52 13276.6 16921.8 22281.9 
0.895 10 9.61112 0 0 9764.52 13276.6 16921.8 -22281.9 
0.9 9.91373 10 0.20753 1.08283e-12 19147 26397.6 7.59163 3.72276e-10 
0.9 10 10.3889 0 0 9806.25 13313.8 16921.7 22381.7 
0.9 10 9.61112 0 0 9806.25 13313.8 16921.7 -22381.7 
0.905 9.91477 10 0.20808 1.10912e-12 19240.7 26471.5 7.81618 3.90424e-10 
0.905 10 10.3889 0 0 9848.69 13350.8 16921.5 22476.2 
0.905 10 9.61112 0 0 9848.69 13350.8 16921.5 -22476.2 
0.91 9.91581 10 0.208647 1.13639e-12 19335.8 26545 8.04173 4.01158e-10 
0.91 10 10.3889 0 0 9891.85 13387.5 16921.4 22575.5 
0.91 10 9.61112 0 0 9891.85 13387.5 16921.4 -22575.5 
0.915 9.91686 10 0.209229 1.16456e-12 19432.3 26618 8.26831 4.0449e-10 
0.915 10 10.3889 0 0 9935.74 13424 16921.2 22669.4 
0.915 10 9.61112 0 0 9935.74 13424 16921.2 -22669.4 
0.92 9.91791 10 0.209828 1.19371e-12 19530.3 26690.6 8.49599 4.22237e-10 
0.92 10 10.3889 0 0 9980.36 13460.3 16921.1 22768.1 
0.92 10 9.61112 0 0 9980.36 13460.3 16921.1 -22768.1 
0.925 9.91896 10 0.210443 1.22381e-12 19629.7 26762.6 8.72482 4.253e-10 
0.925 10 10.3889 0 0 10025.7 13496.3 16920.9 22861.5 
0.925 10 9.61112 0 0 10025.7 13496.3 16920.9 -22861.5 
0.93 9.92001 10 0.211074 1.25505e-12 19730.5 26834.2 8.95486 4.42754e-10 
0.93 10 10.3889 0 0 10071.8 13532.1 16920.7 22959.6 
0.93 10 9.61112 0 0 10071.8 13532.1 16920.7 -22959.6 
0.935 9.92107 10 0.211722 1.28743e-12 19832.9 26905.3 9.18615 4.70962e-10 
0.935 10 10.3889 0 0 10118.6 13567.7 16920.6 23052.4 
0.935 10 9.61112 0 0 10118.6 13567.7 16920.6 -23052.4 
0.94 9.92213 10 0.212387 1.32093e-12 19936.7 26975.8 9.41874 4.80825e-10 
0.94 10 10.3889 0 0 10166.2 13602.9 16920.4 23149.8 
0.94 10 9.61112 0 0 10166.2 13602.9 16920.4 -23149.8 
0.945 9.92319 10 0.213068 1.35567e-12 20042 27045.9 9.65271 4.94152e-10 
0.945 10 10.3889 0 0 10214.6 13638 16920.3 23242 
0.945 10 9.61112 0 0 10214.6 13638 16920.3 -23242 
0.95 9.92426 10 0.213766 1.39166e-12 20148.8 27115.4 9.88808 5.1094e-10 
0.95 10 10.3889 0 0 10263.7 13672.7 16920.1 23338.9 
0.95 10 9.61112 0 0 10263.7 13672.7 16920.1 -23338.9 
0.955 9.92533 10 0.21448 1.42907e-12 20257.1 27184.4 10.1249 5.45722e-10 
0.955 10 10.3889 0 0 10313.6 13707.2 16919.9 23430.5 
0.955 10 9.61112 0 0 10313.6 13707.2 16919.9 -23430.5 
0.96 9.9264 10 0.215212 1.46787e-12 20366.9 27252.8 10.3633 5.69394e-10 
0.96 10 10.3889 0 0 10364.2 13741.4 16919.8 23526.7 
0.96 10 9.61112 0 0 10364.2 13741.4 16919.8 -23526.7 
0.965 9.92748 10 0.215961 1.50816e-12 20478.3 27320.7 10.6032 5.60115e-10 
0.965 10 10.3889 0 0 10415.7 13775.4 16919.6 23617.7 
0.965 10 9.61112 0 0 10415.7 13775.4 16919.6 -23617.7 
0.97 9.92856 10 0.216727 1.55003e-12 20591.2 27388 10.8448 5.97909e-10 
0.97 10 10.3889 0 0 10467.9 13809 16919.4 23713.3 
0.97 10 9.61112 0 0 10467.9 13809 16919.4 -23713.3 
0.975 9.92965 10 0.21751 1.59354e-12 20705.7 27454.8 11.0881 6.20921e-10 
0.975 10 10.3889 0 0 10520.9 13842.4 16919.2 23803.6 
0.975 10 9.61112 0 0 10520.9 13842.4 16919.2 -23803.6 
0.98 9.93074 10 0.218311 1.63876e-12 20821.7 27520.9 11.333 6.21866e-10 
0.98 10 10.3889 0 0 10574.7 13875.5 16919.1 23898.5 
0.98 10 9.61112 0 0 10574.7 13875.5 16919.1 -23898.5 
0.985 9.93183 10 0.219129 1.68578e-12 20939.3 27586.5 11.5798 6.66217e-10 
0.985 10 10.3889 0 0 10629.3 13908.3 16918.9 23988.1 
0.985 10 9.61112 0 0 10629.3 13908.3 16918.9 -23988.1 
0.99 9.93293 10 0.219965 1.73466e-12 21058.5 27651.4 11.8284 7.13944e-10 
0.99 10 10.3889 0 0 10684.7 13940.7 16918.7 24082.4 
0.99 10 9.61112 0 0 10684.7 13940.7 16918.7 -24082.4 
0.995 9.93403 10 0.220819 1.78559e-12 21179.4 27715.7 12.0789 7.32279e-10 
0.995 10 10.3889 0 0 10741 13972.9 16918.5 24171.4 
0.995 10 9.61112 0 0 10741 13972.9 16918.5 -24171.4 
1 9.93514 10 0.221691 1.83862e-12 21301.8 27779.3 12.3314 7.61235e-10 
1 10 10.3889 0 0 10798 14004.7 16918.3 24264.9 
1 10 9.61112 0 0 10798 14004.7 16918.3 -24264.9 
1.005 9.93625 10 0.222581 1.89375e-12 21425.8 27842.3 12.5858 8.11725e-10 
1.005 10 10.3889 0 0 10855.9 14036.2 16918.1 24353.1 
1.005 10 9.61112 0 0 10855.9 14036.2 16918.1 -24353.1 
1.01 9.93736 10 0.223489 1.95119e-12 21551.5 27904.7 12.8423 8.40064e-10 
1.01 10 10.3889 0 0 10914.6 14067.3 16917.9 24446 
1.01 10 9.61112 0 0 10914.6 14067.3 16917.9 -24446 
1.015 9.93848 10 0.224415 2.01108e-12 21678.8 27966.3 13.1009 8.71696e-10 
1.015 10 10.3889 0 0 10974.2 14098.2 16917.7 24533.5 
1.015 10 9.61112 0 0 10974.2 14098.2 16917.7 -24533.5 
1.02 9.93961 10 0.22536 2.07351e-12 21807.7 28027.2 13.3617 8.84784e-10 
1.02 10 10.3889 0 0 11034.6 14128.6 16917.5 24625.6 
1.02 10 9.61112 0 0 11034.6 14128.6 16917.5 -24625.6 
1.025 9.94074 10 0.226324 2.13864e-12 21938.4 28087.5 13.6247 9.12046e-10 
1.025 10 10.3889 0 0 11095.8 14158.7 16917.3 24712.3 
1.025 10 9.61112 0 0 11095.8 14158.7 16917.3 -24712.3 
1.03 9.94187 10 0.227307 2.20663e-12 22070.6 28146.9 13.89 9.75288e-10 
1.03 10 10.3889 0 0 11157.9 14188.5 16917.1 24803.6 
1.03 10 9.61112 0 0 11157.9 14188.5 16917.1 -24803.6 
1.035 9.94301 10 0.228309 2.27752e-12 22204.6 28205.7 14.1576 9.87192e-10 
1.035 10 10.3889 0 0 11220.9 14217.9 16916.9 24889.5 
1.035 10 9.61112 0 0 11220.9 14217.9 16916.9 -24889.5 
1.04 9.94415 10 0.229329 2.35162e-12 22340.3 28263.7 14.4276 1.04958e-09 
1.04 10 10.3889 0 0 11284.7 14246.8 16916.7 24980 
1.04 10 9.61112 0 0 11284.7 14246.8 16916.7 -24980 
1.045 9.9453 10 0.23037 2.42909e-12 22477.6 28320.8 14.7 1.12241e-09 
1.045 10 10.3889 0 0 11349.4 14275.4 16916.5 25065.1 
1.045 10 9.61112 0 0 11349.4 14275.4 16916.5 -25065.1 
1.05 9.94646 10 0.231429 2.50996e-12 22616.7 28377.2 14.9749 1.14019e-09 
1.05 10 10.3889 0 0 11415 14303.6 16916.3 25154.8 
1.05 10 9.61112 0 0 11415 14303.6 16916.3 -25154.8 
1.055 9.94762 10 0.232509 2.59454e-12 22757.5 28432.8 15.2524 1.20838e-09 
1.055 10 10.3889 0 0 11481.5 14331.4 16916.1 25239 
1.055 10 9.61112 0 0 11481.5 14331.4 16916.1 -25239 
1.06 9.94878 10 0.233608 2.68288e-12 22900 28487.6 15.5324 1.27241e-09 
1.06 10 10.3889 0 0 11548.9 14358.8 16915.9 25327.8 
1.06 10 9.61112 0 0 11548.9 14358.8 16915.9 -25327.8 
1.065 9.94995 10 0.234728 2.7752e-12 23044.2 28541.4 15.8152 1.33953e-09 
1.065 10 10.3889 0 0 11617.2 14385.7 16915.7 25411.1 
1.065 10 9.61112 0 0 11617.2 14385.7 16915.7 -25411.1 
1.07 9.95113 10 0.235868 2.8719e-12 23190.2 28594.4 16.1006 1.35873e-09 
1.07 10 10.3889 0 0 11686.3 14412.2 16915.4 25498.9 
1.07 10 9.61112 0 0 11686.3 14412.2 16915.4 -25498.9 
1.075 9.95231 10 0.237028 2.973e-12 23338 28646.6 16.3889 1.44644e-09 
1.075 10 10.3889 0 0 11756.4 14438.3 16915.2 25581.3 
1.075 10 9.61112 0 0 11756.4 14438.3 16915.2 -25581.3 
1.08 9.9535 10 0.238209 3.07881e-12 23487.5 28697.7 16.6799 1.50075e-09 
1.08 10 10.3889 0 0 11827.4 14463.9 16915 25668.2 
1.08 10 9.61112 0 0 11827.4 14463.9 16915 -25668.2 
1.085 9.95469 10 0.239411 3.1896e-12 23638.7 28748 16.9739 1.57619e-09 
1.085 10 10.3889 0 0 11899.3 14489 16914.8 25749.6 
1.085 10 9.61112 0 0 11899.3 14489 16914.8 -25749.6 
1.09 9.95589 10 0.240634 3.30559e-12 23791.8 28797.3 17.2708 1.68364e-09 
1.09 10 10.3889 0 0 11972.2 14513.7 16914.5 25835.5 
1.09 10 9.61112 0 0 11972.2 14513.7 16914.5 -25835.5 
1.095 9.9571 10 0.241878 3.42703e-12 23946.6 28845.6 17.5708 1.72849e-09 
1.095 10 10.3889 0 0 12045.9 14537.8 16914.3 25915.9 
1.095 10 9.61112 0 0 12045.9 14537.8 16914.3 -25915.9 
1.1 9.95831 10 0.243144 3.55424e-12 24103.2 28892.9 17.8738 1.80526e-09 
1.1 10 10.3889 0 0 12120.6 14561.5 16914 26000.7 
1.1 10 9.61112 0 0 12120.6 14561.5 16914 -26000.7 
1.105 9.95953 10 0.244432 3.68745e-12 24261.5 28939.2 18.1799 1.89939e-09 
1.105 10 10.3889 0 0 12196.3 14584.6 16913.8 26080 
1.105 10 9.61112 0 0 12196.3 14584.6 16913.8 -26080 
1.11 9.96076 10 0.245741 3.82707e-12 24421.7 28984.4 18.4892 1.98899e-09 
1.11 10 10.3889 0 0 12272.9 14607.2 16913.6 26163.7 
1.11 10 9.61112 0 0 12272.9 14607.2 16913.6 -26163.7 
1.115 9.96199 10 0.247073 3.97325e-12 24583.7 29028.6 18.8018 2.09585e-09 
1.115 10 10.3889 0 0 12350.4 14629.3 16913.3 26241.9 
1.115 10 9.61112 0 0 12350.4 14629.3 16913.3 -26241.9 
1.12 9.96323 10 0.248427 4.12636e-12 24747.4 29071.6 19.1177 2.19447e-09 
1.12 10 10.3889 0 0 12428.9 14650.8 16913.1 26324.4 
1.12 10 9.61112 0 0 12428.9 14650.8 16913.1 -26324.4 
1.125 9.96447 10 0.249804 4.28676e-12 24913 29113.6 19.4369 2.28116e-09 
1.125 10 10.3889 0 0 12508.4 14671.8 16912.8 26401.4 
1.125 10 9.61112 0 0 12508.4 14671.8 16912.8 -26401.4 
1.13 9.96573 10 0.251204 4.45465e-12 25080.4 29154.3 19.7596 2.39953e-09 
1.13 10 10.3889 0 0 12588.8 14692.2 16912.5 26482.8 
1.13 10 9.61112 0 0 12588.8 14692.2 16912.5 -26482.8 
1.135 9.96699 10 0.252627 4.63051e-12 25249.6 29193.9 20.0858 2.50952e-09 
1.135 10 10.3889 0 0 12670.2 14712 16912.3 26558.5 
1.135 10 9.61112 0 0 12670.2 14712 16912.3 -26558.5 
1.14 9.96825 10 0.254074 4.81451e-12 25420.6 29232.3 20.4155 2.63656e-09 
1.14 10 10.3889 0 0 12752.6 14731.2 16912 26638.6 
1.14 10 9.61112 0 0 12752.6 14731.2 16912 -26638.6 
1.145 9.96953 10 0.255544 5.00712e-12 25593.4 29269.5 20.7489 2.76602e-09 
1.145 10 10.3889 0 0 12835.9 14749.8 16911.7 26713 
1.145 10 9.61112 0 0 12835.9 14749.8 16911.7 -26713 
1.15 9.97081 10 0.257038 5.20863e-12 25768 29305.4 21.0859 2.89061e-09 
1.15 10 10.3889 0 0 12920.2 14767.7 16911.5 26791.8 
1.15 10 9.61112 0 0 12920.2 14767.7 16911.5 -26791.8 
1.155 9.9721 10 0.258556 5.41919e-12 25944.4 29339.9 21.4267 3.01757e-09 
1.155 10 10.3889 0 0 13005.5 14785 16911.2 26864.8 
1.155 10 9.61112 0 0 13005.5 14785 16911.2 -26864.8 
1.16 9.97339 10 0.260099 5.63926e-12 26122.6 29373.2 21.7714 3.15774e-09 
1.16 10 10.3889 0 0 13091.8 14801.6 16910.9 26942.2 
1.16 10 9.61112 0 0 13091.8 14801.6 16910.9 -26942.2 
1.165 9.9747 10 0.261667 5.86906e-12 26302.6 29405.1 22.1199 3.28928e-09 
1.165 10 10.3889 0 0 13179.1 14817.6 16910.6 27013.8 
1.165 10 9.61112 0 0 13179.1 14817.6 16910.6 -27013.8 
1.17 9.97601 10 0.263259 6.10875e-12 26484.4 29435.6 22.4723 3.4158e-09 
1.17 10 10.3889 0 0 13267.4 14832.8 16910.3 27089.7 
1.17 10 9.61112 0 0 13267.4 14832.8 16910.3 -27089.7 
1.175 9.97733 10 0.264877 6.35866e-12 26668 29464.8 22.8288 3.56271e-09 
1.175 10 10.3889 0 0 13356.6 14847.4 16910 27159.8 
1.175 10 9.61112 0 0 13356.6 14847.4 16910 -27159.8 
1.18 9.97866 10 0.26652 6.61886e-12 26853.4 29492.4 23.1893 3.7191e-09 
1.18 10 10.3889 0 0 13446.9 14861.2 16909.7 27234.1 
1.18 10 9.61112 0 0 13446.9 14861.2 16909.7 -27234.1 
1.185 9.98 10 0.26819 6.8896e-12 27040.6 29518.6 23.554 3.86309e-09 
1.185 10 10.3889 0 0 13538.2 14874.3 16909.4 27302.7 
1.185 10 9.61112 0 0 13538.2 14874.3 16909.4 -27302.7 
1.19 9.98134 10 0.269885 7.17083e-12 27229.5 29543.2 23.923 4.00562e-09 
1.19 10 10.3889 0 0 13630.4 14886.6 16909.1 27375.4 
1.19 10 9.61112 0 0 13630.4 14886.6 16909.1 -27375.4 
1.195 9.98269 10 0.271607 7.4626e-12 27420.2 29566.3 24.2962 4.17214e-09 
1.195 10 10.3889 0 0 13723.7 14898.2 16908.8 27442.3 
1.195 10 9.61112 0 0 13723.7 14898.2 16908.8 -27442.3 
1.2 9.98406 10 0.273356 7.76482e-12 27612.6 29587.9 24.6738 4.319e-09 
1.2 10 10.3889 0 0 13817.9 14908.9 16908.5 27513.3 
1.2 10 9.61112 0 0 13817.9 14908.9 16908.5 -27513.3 
1.205 9.98543 10 0.275132 8.07725e-12 27806.8 29607.7 25.0558 4.46808e-09 
1.205 10 10.3889 0 0 13913.1 14918.9 16908.2 27578.4 
1.205 10 9.61112 0 0 13913.1 14918.9 16908.2 -27578.4 
1.21 9.98681 10 0.276936 8.39964e-12 28002.7 29626 25.4424 4.56483e-09 
1.21 10 10.3889 0 0 14009.4 14928 16907.9 27647.6 
1.21 10 9.61112 0 0 14009.4 14928 16907.9 -27647.6 
1.215 9.9882 10 0.278767 8.73161e-12 28200.3 29642.5 25.8335 4.68934e-09 
1.215 10 10.3889 0 0 14106.6 14936.3 16907.6 27710.9 
1.215 10 9.61112 0 0 14106.6 14936.3 16907.6 -27710.9 
1.22 9.9896 10 0.280627 9.07252e-12 28399.6 29657.3 26.2293 4.83442e-09 
1.22 10 10.3889 0 0 14204.9 14943.7 16907.2 27778.2 
1.22 10 9.61112 0 0 14204.9 14943.7 16907.2 -27778.2 
1.225 9.991 10 0.282514 9.42153e-12 28600.5 29670.3 26.6298 4.95655e-09 
1.225 10 10.3889 0 0 14304.1 14950.2 16906.9 27839.6 
1.225 10 9.61112 0 0 14304.1 14950.2 16906.9 -27839.6 
1.23 9.99242 10 0.284431 9.77797e-12 28803.1 29681.5 27.0352 5.04489e-09 
1.23 10 10.3889 0 0 14404.3 14955.8 16906.6 27905 
1.23 10 9.61112 0 0 14404.3 14955.8 16906.6 -27905 
1.235 9.99385 10 0.286377 1.01406e-11 29007.4 29690.9 27.4454 5.12873e-09 
1.235 10 10.3889 0 0 14505.5 14960.4 16906.2 27964.3 
1.235 10 9.61112 0 0 14505.5 14960.4 16906.2 -27964.3 
1.24 9.99528 10 0.288352 1.05082e-11 29213.3 29698.3 27.8606 5.15366e-09 
1.24 10 10.3889 0 0 14607.7 14964.2 16905.9 28027.6 
1.24 10 9.61112 0 0 14607.7 14964.2 16905.9 -28027.6 
1.245 9.99673 10 0.290357 1.08792e-11 29420.7 29703.8 28.2809 5.2145e-09 
1.245 10 10.3889 0 0 14710.9 14966.9 16905.5 28084.9 
1.245 10 9.61112 0 0 14710.9 14966.9 16905.5 -28084.9 
1.25 9.99819 10 0.292392 1.1252e-11 29629.7 29707.4 28.7063 5.22052e-09 
1.25 10 10.3889 0 0 14815 14968.7 16905.2 28146 
1.25 10 9.61112 0 0 14815 14968.7 16905.2 -28146 
1.255 9.99966 10 0.294458 1.16244e-11 29840.3 29708.9 29.137 5.17929e-09 
1.255 10 10.3889 0 0 14920.1 14969.5 16904.8 28201 
1.255 10 9.61112 0 0 14920.1 14969.5 16904.8 -28201 
1.26 10.0011 10 0.296555 1.19942e-11 30052.3 29708.3 29.573 5.14572e-09 
1.26 10 10.3889 0 0 15026.2 14969.2 16904.5 28259.9 
1.26 10 9.61112 0 0 15026.2 14969.2 16904.5 -28259.9 
1.265 10.0026 10 0.298683 1.23588e-11 30265.8 29705.6 30.0144 5.06556e-09 
1.265 10 10.3889 0 0 15133.2 14967.8 16904.1 28312.6 
1.265 10 9.61112 0 0 15133.2 14967.8 16904.1 -28312.6 
1.27 10.0041 10 0.300842 1.27156e-11 30480.7 29700.8 30.4613 4.90648e-09 
1.27 10 10.3889 0 0 15241.2 14965.4 16903.7 28369.1 
1.27 10 9.61112 0 0 15241.2 14965.4 16903.7 -28369.1 
1.275 10.0056 10 0.303034 1.30615e-11 30697.1 29693.8 30.9138 4.75254e-09 
1.275 10 10.3889 0 0 15350.2 14961.9 16903.3 28419.3 
1.275 10 9.61112 0 0 15350.2 14961.9 16903.3 -28419.3 
1.28 10.0072 10 0.305259 1.33932e-11 30914.8 29684.5 31.372 4.51692e-09 
1.28 10 10.3889 0 0 15460 14957.3 16902.9 28473.3 
1.28 10 9.61112 0 0 15460 14957.3 16902.9 -28473.3 
1.285 10.0087 10 0.307516 1.37074e-11 31133.8 29673 31.836 4.25466e-09 
1.285 10 10.3889 0 0 15570.8 14951.5 16902.6 28521 
1.285 10 9.61112 0 0 15570.8 14951.5 16902.6 -28521 
1.29 10.0102 10 0.309807 1.40002e-11 31354.1 29659 32.3059 3.92262e-09 
1.29 10 10.3889 0 0 15682.5 14944.5 16902.2 28572.4 
1.29 10 9.61112 0 0 15682.5 14944.5 16902.2 -28572.4 
1.295 10.0118 10 0.312132 1.42679e-11 31575.6 29642.7 32.7818 3.56135e-09 
1.295 10 10.3889 0 0 15795.1 14936.4 16901.8 28617.4 
1.295 10 9.61112 0 0 15795.1 14936.4 16901.8 -28617.4 
1.3 10.0133 10 0.31449 1.45067e-11 31798.4 29624 33.2638 3.12411e-09 
1.3 10 10.3889 0 0 15908.5 14927 16901.4 28666 
1.3 10 9.61112 0 0 15908.5 14927 16901.4 -28666 
1.305 10.0149 10 0.316884 1.47125e-11 32022.2 29602.8 33.7521 2.63691e-09 
1.305 10 10.3889 0 0 16022.9 14916.4 16900.9 28708.3 
1.305 10 9.61112 0 0 16022.9 14916.4 16900.9 -28708.3 
1.31 10.0165 10 0.319312 1.48815e-11 32247.1 29579 34.2467 2.07483e-09 
1.31 10 10.3889 0 0 16138.1 14904.5 16900.5 28754 
1.31 10 9.61112 0 0 16138.1 14904.5 16900.5 -28754 
1.315 10.0181 10 0.321776 1.50098e-11 32473.1 29552.7 34.7478 1.48569e-09 
1.315 10 10.3889 0 0 16254.2 14891.4 16900.1 28793.4 
1.315 10 9.61112 0 0 16254.2 14891.4 16900.1 -28793.4 
1.32 10.0197 10 0.324276 1.50939e-11 32700 29523.7 35.2555 8.59088e-10 
1.32 10 10.3889 0 0 16371 14876.9 16899.7 28836.1 
1.32 10 9.61112 0 0 16371 14876.9 16899.7 -28836.1 
1.325 10.0214 10 0.326813 1.51306e-11 32927.8 29492 35.7699 1.62732e-10 
1.325 10 10.3889 0 0 16488.7 14861 16899.2 28872.4 
1.325 10 9.61112 0 0 16488.7 14861 16899.2 -28872.4 
1.33 10.023 10 0.329386 1.51169e-11 33156.5 29457.6 36.2912 -5.6295e-10 
1.33 10 10.3889 0 0 16607.2 14843.8 16898.8 28912.1 
1.33 10 9.61112 0 0 16607.2 14843.8 16898.8 -28912.1 
1.335 10.0247 10 0.331997 1.50504e-11 33385.9 29420.4 36.8195 -1.31035e-09 
1.335 10 10.3889 0 0 16726.5 14825.2 16898.3 28945.2 
1.335 10 9.61112 0 0 16726.5 14825.2 16898.3 -28945.2 
1.34 10.0263 10 0.334647 1.49295e-11 33616.1 29380.3 37.3549 -2.07196e-09 
1.34 10 10.3889 0 0 16846.5 14805.2 16897.9 28981.6 
1.34 10 9.61112 0 0 16846.5 14805.2 16897.9 -28981.6 
1.345 10.028 10 0.337334 1.47529e-11 33846.8 29337.4 37.8977 -2.86215e-09 
1.345 10 10.3889 0 0 16967.2 14783.7 16897.4 29011.3 
1.345 10 9.61112 0 0 16967.2 14783.7 16897.4 -29011.3 
1.35 10.0297 10 0.340061 1.45204e-11 34078.2 29291.4 38.448 -3.63723e-09 
1.35 10 10.3889 0 0 17088.7 14760.7 16897 29044.3 
1.35 10 9.61112 0 0 17088.7 14760.7 16897 -29044.3 
1.355 10.0314 10 0.342827 1.42324e-11 34310 29242.5 39.0059 -4.40457e-09 
1.355 10 10.3889 0 0 17210.8 14736.3 16896.5 29070.6 
1.355 10 9.61112 0 0 17210.8 14736.3 16896.5 -29070.6 
1.36 10.0331 10 0.345633 1.38905e-11 34542.2 29190.6 39.5717 -5.13886e-09 
1.36 10 10.3889 0 0 17333.6 14710.3 16896 29100.1 
1.36 10 9.61112 0 0 17333.6 14710.3 16896 -29100.1 
1.365 10.0349 10 0.34848 1.34969e-11 34774.7 29135.5 40.1455 -5.87321e-09 
1.365 10 10.3889 0 0 17457 14682.8 16895.5 29122.8 
1.365 10 9.61112 0 0 17457 14682.8 16895.5 -29122.8 
1.37 10.0366 10 0.351368 1.30551e-11 35007.4 29077.2 40.7275 -6.47711e-09 
1.37 10 10.3889 0 0 17581.1 14653.6 16895 29148.6 
1.37 10 9.61112 0 0 17581.1 14653.6 16895 -29148.6 
1.375 10.0384 10 0.354299 1.2569e-11 35240.2 29015.8 41.3179 -7.10028e-09 
1.375 10 10.3889 0 0 17705.7 14622.9 16894.5 29167.5 
1.375 10 9.61112 0 0 17705.7 14622.9 16894.5 -29167.5 
1.38 10.0402 10 0.357271 1.20437e-11 35473.1 28951 41.9171 -7.59427e-09 
1.38 10 10.3889 0 0 17830.8 14590.5 16894 29189.5 
1.38 10 9.61112 0 0 17830.8 14590.5 16894 -29189.5 
1.385 10.0419 10 0.360287 1.14849e-11 35705.9 28883 42.5251 -8.04719e-09 
1.385 10 10.3889 0 0 17956.5 14556.5 16893.5 29204.5 
1.385 10 9.61112 0 0 17956.5 14556.5 16893.5 -29204.5 
1.39 10.0438 10 0.363346 1.0899e-11 35938.5 28811.5 43.1422 -8.37626e-09 
1.39 10 10.3889 0 0 18082.6 14520.8 16893 29222.6 
1.39 10 9.61112 0 0 18082.6 14520.8 16893 -29222.6 
1.395 10.0456 10 0.36645 1.02926e-11 36170.9 28736.6 43.7687 -8.59332e-09 
1.395 10 10.3889 0 0 18209.2 14483.3 16892.5 29233.5 
1.395 10 9.61112 0 0 18209.2 14483.3 16892.5 -29233.5 
1.4 10.0474 10 0.369599 9.67308e-12 36402.8 28658.3 44.405 -8.71395e-09 
1.4 10 10.3889 0 0 18336.2 14444.2 16891.9 29247.4 
1.4 10 9.61112 0 0 18336.2 14444.2 16891.9 -29247.4 
1.405 10.0493 10 0.372794 9.04738e-12 36634.3 28576.4 45.0511 -8.76823e-09 
1.405 10 10.3889 0 0 18463.6 14403.2 16891.4 29254.2 
1.405 10 9.61112 0 0 18463.6 14403.2 16891.4 -29254.2 
1.41 10.0511 10 0.376035 8.42281e-12 36865.1 28490.8 45.7076 -8.69171e-09 
1.41 10 10.3889 0 0 18591.3 14360.4 16890.8 29263.8 
1.41 10 9.61112 0 0 18591.3 14360.4 16890.8 -29263.8 
1.415 10.053 10 0.379324 7.80615e-12 37095.2 28401.7 46.3747 -8.56172e-09 
1.415 10 10.3889 0 0 18719.3 14315.9 16890.3 29266.3 
1.415 10 9.61112 0 0 18719.3 14315.9 16890.3 -29266.3 
1.42 10.0549 10 0.382661 7.20373e-12 37324.4 28308.9 47.0528 -8.30275e-09 
1.42 10 10.3889 0 0 18847.5 14269.4 16889.7 29271.5 
1.42 10 9.61112 0 0 18847.5 14269.4 16889.7 -29271.5 
1.425 10.0569 10 0.386046 6.62137e-12 37552.6 28212.3 47.7422 -7.97384e-09 
1.425 10 10.3889 0 0 18976 14221.2 16889.1 29269.5 
1.425 10 9.61112 0 0 18976 14221.2 16889.1 -29269.5 
1.43 10.0588 10 0.389481 6.06406e-12 37779.8 28111.9 48.4433 -7.59386e-09 
1.43 10 10.3889 0 0 19104.6 14171 16888.5 29270.1 
1.43 10 9.61112 0 0 19104.6 14171 16888.5 -29270.1 
1.435 10.0608 10 0.392967 5.53602e-12 38005.6 28007.6 49.1566 -7.18887e-09 
1.435 10 10.3889 0 0 19233.3 14118.8 16887.9 29263.4 
1.435 10 9.61112 0 0 19233.3 14118.8 16887.9 -29263.4 
1.44 10.0627 10 0.396504 5.04046e-12 38230 27899.5 49.8826 -6.7084e-09 
1.44 10 10.3889 0 0 19362.1 14064.8 16887.3 29259.3 
1.44 10 9.61112 0 0 19362.1 14064.8 16887.3 -29259.3 
1.445 10.0647 10 0.400093 4.57961e-12 38452.9 27787.4 50.6216 -6.20368e-09 
1.445 10 10.3889 0 0 19490.9 14008.7 16886.7 29247.9 
1.445 10 9.61112 0 0 19490.9 14008.7 16886.7 -29247.9 
1.45 10.0667 10 0.403736 4.15484e-12 38674.1 27671.3 51.3743 -5.68218e-09 
1.45 10 10.3889 0 0 19619.7 13950.7 16886.1 29238.9 
1.45 10 9.61112 0 0 19619.7 13950.7 16886.1 -29238.9 
1.455 10.0688 10 0.407433 3.76664e-12 38893.5 27551.2 52.1411 -5.18399e-09 
1.455 10 10.3889 0 0 19748.4 13890.6 16885.4 29222.5 
1.455 10 9.61112 0 0 19748.4 13890.6 16885.4 -29222.5 
1.46 10.0708 10 0.411185 3.41445e-12 39110.9 27427 52.9227 -4.69085e-09 
1.46 10 10.3889 0 0 19876.9 13828.5 16884.8 29208.6 
1.46 10 9.61112 0 0 19876.9 13828.5 16884.8 -29208.6 
1.465 10.0729 10 0.414994 3.09727e-12 39326.1 27298.6 53.7198 -4.19169e-09 
1.465 10 10.3889 0 0 20005.3 13764.3 16884.1 29187.2 
1.465 10 9.61112 0 0 20005.3 13764.3 16884.1 -29187.2 
1.47 10.075 10 0.41886 2.81351e-12 39539 27166.1 54.5328 -3.75542e-09 
1.47 10 10.3889 0 0 20133.4 13698.1 16883.4 29168.1 
1.47 10 9.61112 0 0 20133.4 13698.1 16883.4 -29168.1 
1.475 10.0771 10 0.422784 2.5609e-12 39749.4 27029.4 55.3627 -3.3126e-09 
1.475 10 10.3889 0 0 20261.2 13629.7 16882.7 29141.4 
1.475 10 9.61112 0 0 20261.2 13629.7 16882.7 -29141.4 
1.48 10.0792 10 0.426769 2.33712e-12 39957.3 26888.5 56.2102 -2.94657e-09 
1.48 10 10.3889 0 0 20388.6 13559.3 16882 29117.1 
1.48 10 9.61112 0 0 20388.6 13559.3 16882 -29117.1 
1.485 10.0813 10 0.430815 2.13947e-12 40162.3 26743.2 57.0761 -2.5842e-09 
1.485 10 10.3889 0 0 20515.6 13486.6 16881.3 29085.1 
1.485 10 9.61112 0 0 20515.6 13486.6 16881.3 -29085.1 
1.49 10.0835 10 0.434923 1.96537e-12 40364.3 26593.6 57.9613 -2.2797e-09 
1.49 10 10.3889 0 0 20642.1 13411.8 16880.6 29055.4 
1.49 10 9.61112 0 0 20642.1 13411.8 16880.6 -29055.4 
1.495 10.0857 10 0.439095 1.81204e-12 40563.2 26439.7 58.8668 -2.01813e-09 
1.495 10 10.3889 0 0 20768 13334.9 16879.8 29017.9 
1.495 10 9.61112 0 0 20768 13334.9 16879.8 -29017.9 
1.5 10.0879 10 0.443333 1.67691e-12 40758.7 26281.4 59.7935 -1.77001e-09 
1.5 10 10.3889 0 0 20893.3 13255.7 16879.1 28982.7 
1.5 10 9.61112 0 0 20893.3 13255.7 16879.1 -28982.7 
1.505 10.0901 10 0.447638 1.55765e-12 40950.7 26118.7 60.7427 -1.55686e-09 
1.505 10 10.3889 0 0 21017.9 13174.3 16878.3 28939.7 
1.505 10 9.61112 0 0 21017.9 13174.3 16878.3 -28939.7 
1.51 10.0924 10 0.452011 1.45207e-12 41139.1 25951.5 61.7154 -1.37837e-09 
1.51 10 10.3889 0 0 21141.7 13090.8 16877.5 28898.9 
1.51 10 9.61112 0 0 21141.7 13090.8 16877.5 -28898.9 
1.515 10.0946 10 0.456455 1.35817e-12 41323.6 25779.8 62.713 -1.23062e-09 
1.515 10 10.3889 0 0 21264.8 13004.9 16876.7 28850.2 
1.515 10 9.61112 0 0 21264.8 13004.9 16876.7 -28850.2 
1.52 10.0969 10 0.460971 1.27425e-12 41504 25603.7 63.7368 -1.11337e-09 
1.52 10 10.3889 0 0 21386.9 12916.9 16875.9 28803.6 
1.52 10 9.61112 0 0 21386.9 12916.9 16875.9 -28803.6 
1.525 10.0992 10 0.465561 1.19887e-12 41680.2 25423 64.7883 -1.01914e-09 
1.525 10 10.3889 0 0 21508 12826.5 16875 28749.2 
1.525 10 9.61112 0 0 21508 12826.5 16875 -28749.2 
1.53 10.1016 10 0.470227 1.13082e-12 41851.9 25237.8 65.8691 -9.15023e-10 
1.53 10 10.3889 0 0 21628.1 12733.9 16874.1 28696.8 
1.53 10 9.61112 0 0 21628.1 12733.9 16874.1 -28696.8 
1.535 10.1039 10 0.474972 1.06892e-12 42019 25048.1 66.9809 -8.40873e-10 
1.535 10 10.3889 0 0 21747.1 12639.1 16873.3 28636.6 
1.535 10 9.61112 0 0 21747.1 12639.1 16873.3 -28636.6 
1.54 10.1063 10 0.479797 1.01241e-12 42181.3 24853.8 68.1255 -7.31098e-10 
1.54 10 10.3889 0 0 21864.8 12541.9 16872.4 28578.3 
1.54 10 9.61112 0 0 21864.8 12541.9 16872.4 -28578.3 
1.545 10.1087 10 0.484705 9.6047e-13 42338.6 24654.9 69.305 -6.9836e-10 
1.545 10 10.3889 0 0 21981.4 12442.5 16871.4 28512.1 
1.545 10 9.61112 0 0 21981.4 12442.5 16871.4 -28512.1 
1.55 10.1112 10 0.489698 9.12516e-13 42490.7 24451.5 70.5214 -6.37076e-10 
1.55 10 10.3889 0 0 22096.5 12340.8 16870.5 28448 
1.55 10 9.61112 0 0 22096.5 12340.8 16870.5 -28448 
1.555 10.1136 10 0.49478 8.68096e-13 42637.3 24243.5 71.7772 -5.94477e-10 
1.555 10 10.3889 0 0 22210.3 12236.8 16869.5 28375.8 
1.555 10 9.61112 0 0 22210.3 12236.8 16869.5 -28375.8 
1.56 10.1161 10 0.499953 8.26854e-13 42778.4 24031 73.0747 -5.52323e-10 
1.56 10 10.3889 0 0 22322.5 12130.5 16868.5 28305.7 
1.56 10 9.61112 0 0 22322.5 12130.5 16868.5 -28305.7 
1.565 10.1186 10 0.50522 7.88358e-13 42913.7 23813.8 74.4166 -5.03277e-10 
1.565 10 10.3889 0 0 22433.2 12021.9 16867.4 28227.5 
1.565 10 9.61112 0 0 22433.2 12021.9 16867.4 -28227.5 
1.57 10.1212 10 0.510585 7.52313e-13 43043.1 23592.1 75.806 -5.09144e-10 
1.57 10 10.3889 0 0 22542.2 11911.1 16866.4 28151.3 
1.57 10 9.61112 0 0 22542.2 11911.1 16866.4 -28151.3 
1.575 10.1237 10 0.516051 7.18491e-13 43166.2 23365.9 77.2459 -4.60753e-10 
1.575 10 10.3889 0 0 22649.5 11798 16865.3 28067.2 
1.575 10 9.61112 0 0 22649.5 11798 16865.3 -28067.2 
1.58 10.1263 10 0.521621 6.86744e-13 43283.1 23135.1 78.7398 -4.45395e-10 
1.58 10 10.3889 0 0 22755 11682.6 16864.1 27985 
1.58 10 9.61112 0 0 22755 11682.6 16864.1 -27985 
1.585 10.129 10 0.527301 6.56907e-13 43393.3 22899.8 80.2913 -4.23027e-10 
1.585 10 10.3889 0 0 22858.6 11564.9 16862.9 27894.9 
1.585 10 9.61112 0 0 22858.6 11564.9 16862.9 -27894.9 
1.59 10.1316 10 0.533093 6.2874e-13 43496.9 22660 81.9045 -3.86342e-10 
1.59 10 10.3889 0 0 22960.2 11445 16861.7 27806.7 
1.59 10 9.61112 0 0 22960.2 11445 16861.7 -27806.7 
1.595 10.1343 10 0.539003 6.02182e-13 43593.5 22415.7 83.5838 -3.78986e-10 
1.595 10 10.3889 0 0 23059.8 11322.9 16860.5 27710.5 
1.595 10 9.61112 0 0 23059.8 11322.9 16860.5 -27710.5 
1.6 10.137 10 0.545035 5.77091e-13 43683 22167 85.3338 -3.35455e-10 
1.6 10 10.3889 0 0 23157.3 11198.5 16859.2 27616.4 
1.6 10 9.61112 0 0 23157.3 11198.5 16859.2 -27616.4 
1.605 10.1397 10 0.551195 5.53354e-13 43765.2 21913.9 87.1597 -3.32131e-10 
1.605 10 10.3889 0 0 23252.6 11072 16857.8 27514.3 
1.605 10 9.61112 0 0 23252.6 11072 16857.8 -27514.3 
1.61 10.1425 10 0.557489 5.30885e-13 43839.9 21656.4 89.0672 -3.0352e-10 
1.61 10 10.3889 0 0 23345.6 10943.2 16856.4 27414.2 
1.61 10 9.61112 0 0 23345.6 10943.2 16856.4 -27414.2 
1.615 10.1453 10 0.563921 5.09605e-13 43907.1 21394.6 91.0622 -2.96902e-10 
1.615 10 10.3889 0 0 23436.3 10812.3 16855 27306.2 
1.615 10 9.61112 0 0 23436.3 10812.3 16855 -27306.2 
1.62 10.1482 10 0.5705 4.89455e-13 43966.4 21128.5 93.1516 -2.64977e-10 
1.62 10 10.3889 0 0 23524.5 10679.3 16853.5 27200.3 
1.62 10 9.61112 0 0 23524.5 10679.3 16853.5 -27200.3 
1.625 10.151 10 0.577231 4.70275e-13 44017.7 20858.2 95.3425 -2.80482e-10 
1.625 10 10.3889 0 0 23610.3 10544.1 16851.9 27086.5 
1.625 10 9.61112 0 0 23610.3 10544.1 16851.9 -27086.5 
1.63 10.1539 10 0.584123 4.521e-13 44060.9 20583.7 97.6429 -2.45195e-10 
1.63 10 10.3889 0 0 23693.5 10406.9 16850.3 26974.9 
1.63 10 9.61112 0 0 23693.5 10406.9 16850.3 -26974.9 
1.635 10.1569 10 0.591183 4.34837e-13 44095.7 20305.1 100.061 -2.46417e-10 
1.635 10 10.3889 0 0 23774 10267.6 16848.6 26855.5 
1.635 10 9.61112 0 0 23774 10267.6 16848.6 -26855.5 
1.64 10.1598 10 0.59842 4.18416e-13 44122.1 20022.4 102.608 -2.33204e-10 
1.64 10 10.3889 0 0 23851.9 10126.2 16846.8 26738.2 
1.64 10 9.61112 0 0 23851.9 10126.2 16846.8 -26738.2 
1.645 10.1628 10 0.605844 4.02827e-13 44139.9 19735.7 105.293 -2.23745e-10 
1.645 10 10.3889 0 0 23927 9982.89 16844.9 26613.3 
1.645 10 9.61112 0 0 23927 9982.89 16844.9 -26613.3 
1.65 10.1659 10 0.613466 3.87957e-13 44149 19445.1 108.127 -2.14387e-10 
1.65 10 10.3889 0 0 23999.3 9837.58 16843 26490.6 
1.65 10 9.61112 0 0 23999.3 9837.58 16843 -26490.6 
1.655 10.169 10 0.621295 3.7381e-13 44149.1 19150.7 111.124 -1.94217e-10 
1.655 10 10.3889 0 0 24068.6 9690.35 16840.9 26360.3 
1.655 10 9.61112 0 0 24068.6 9690.35 16840.9 -26360.3 
1.66 10.1721 10 0.629345 3.60381e-13 44140.2 18852.4 114.298 -1.83241e-10 
1.66 10 10.3889 0 0 24135.1 9541.23 16838.8 26232.3 
1.66 10 9.61112 0 0 24135.1 9541.23 16838.8 -26232.3 
1.665 10.1753 10 0.637628 3.47591e-13 44122.1 18550.5 117.663 -1.81451e-10 
1.665 10 10.3889 0 0 24198.4 9390.25 16836.5 26096.9 
1.665 10 9.61112 0 0 24198.4 9390.25 16836.5 -26096.9 
1.67 10.1785 10 0.646159 3.35405e-13 44094.7 18244.9 121.238 -1.63374e-10 
1.67 10 10.3889 0 0 24258.8 9237.46 16834.2 25963.9 
1.67 10 9.61112 0 0 24258.8 9237.46 16834.2 -25963.9 
1.675 10.1817 10 0.654953 3.23757e-13 44057.9 17935.8 125.042 -1.69019e-10 
1.675 10 10.3889 0 0 24316 9082.91 16831.6 25823.5 
1.675 10 9.61112 0 0 24316 9082.91 16831.6 -25823.5 
1.68 10.185 10 0.664028 3.12756e-13 44011.6 17623.2 129.095 -1.43832e-10 
1.68 10 10.3889 0 0 24370 8926.62 16829 25685.8 
1.68 10 9.61112 0 0 24370 8926.62 16829 -25685.8 
1.685 10.1884 10 0.673402 3.02197e-13 43955.6 17307.3 133.421 -1.44172e-10 
1.685 10 10.3889 0 0 24420.7 8768.67 16826.2 25540.7 
1.685 10 9.61112 0 0 24420.7 8768.67 16826.2 -25540.7 
1.69 10.1918 10 0.683095 2.922e-13 43889.8 16988.1 138.047 -1.20945e-10 
1.69 10 10.3889 0 0 24468.2 8609.07 16823.2 25398.4 
1.69 10 9.61112 0 0 24468.2 8609.07 16823.2 -25398.4 
1.695 10.1952 10 0.693131 2.82662e-13 43814.2 16665.8 143.004 -1.3598e-10 
1.695 10 10.3889 0 0 24512.4 8447.9 16820 25249 
1.695 10 9.61112 0 0 24512.4 8447.9 16820 -25249 
1.7 10.1987 10 0.703533 2.73548e-13 43728.5 16340.3 148.323 -1.27428e-10 
1.7 10 10.3889 0 0 24553.2 8285.19 16816.6 25102.5 
1.7 10 9.61112 0 0 24553.2 8285.19 16816.6 -25102.5 
1.705 10.2022 10 0.714329 2.64914e-13 43632.9 16011.9 154.043 -1.15306e-10 
1.705 10 10.3889 0 0 24590.6 8120.99 16813 24949 
1.705 10 9.61112 0 0 24590.6 8120.99 16813 -24949 
1.71 10.2058 10 0.725549 2.56704e-13 43527 15680.7 160.207 -1.10518e-10 
1.71 10 10.3889 0 0 24624.5 7955.36 16809.1 24798.5 
1.71 10 9.61112 0 0 24624.5 7955.36 16809.1 -24798.5 
1.715 10.2095 10 0.737227 2.48893e-13 43410.8 15346.6 166.862 -9.66916e-11 
1.715 10 10.3889 0 0 24655 7788.34 16805 24641.3 
1.715 10 9.61112 0 0 24655 7788.34 16805 -24641.3 
1.72 10.2132 10 0.7494 2.41536e-13 43284.3 15009.9 174.065 -1.01119e-10 
1.72 10 10.3889 0 0 24681.9 7619.99 16800.5 24487.3 
1.72 10 9.61112 0 0 24681.9 7619.99 16800.5 -24487.3 
1.725 10.217 10 0.762108 2.34482e-13 43147.3 14670.7 181.878 -7.8303e-11 
1.725 10 10.3889 0 0 24705.2 7450.36 16795.7 24326.7 
1.725 10 9.61112 0 0 24705.2 7450.36 16795.7 -24326.7 
1.73 10.2208 10 0.775399 2.27859e-13 42999.8 14329 190.374 -9.92039e-11 
1.73 10 10.3889 0 0 24725 7279.5 16790.5 24169.6 
1.73 10 9.61112 0 0 24725 7279.5 16790.5 -24169.6 
1.735 10.2248 10 0.789323 2.21605e-13 42841.5 13984.9 199.636 -7.28622e-11 
1.735 10 10.3889 0 0 24741.1 7107.46 16784.9 24006 
1.735 10 9.61112 0 0 24741.1 7107.46 16784.9 -24006 
1.74 10.2287 10 0.803939 2.15709e-13 42672.4 13638.5 209.76 -8.29508e-11 
1.74 10 10.3889 0 0 24753.5 6934.29 16778.8 23846 
1.74 10 9.61112 0 0 24753.5 6934.29 16778.8 -23846 
1.745 10.2328 10 0.819312 2.10116e-13 42492.4 13290 220.858 -6.94347e-11 
1.745 10 10.3889 0 0 24762.2 6760.04 16772.2 23679.9 
1.745 10 9.61112 0 0 24762.2 6760.04 16772.2 -23679.9 
1.75 10.2369 10 0.835516 2.04899e-13 42301.3 12939.5 233.063 -7.59803e-11 
1.75 10 10.3889 0 0 24767.1 6584.75 16765 23517.5 
1.75 10 9.61112 0 0 24767.1 6584.75 16765 -23517.5 
1.755 10.2412 10 0.852636 2.00043e-13 42098.9 12586.9 246.528 -7.34814e-11 
1.755 10 10.3889 0 0 24768.3 6408.48 16757.1 23349.1 
1.755 10 9.61112 0 0 24768.3 6408.48 16757.1 -23349.1 
1.76 10.2455 10 0.870769 1.95539e-13 41885 12232.5 261.434 -5.10228e-11 
1.76 10 10.3889 0 0 24765.5 6231.27 16748.3 23184.7 
1.76 10 9.61112 0 0 24765.5 6231.27 16748.3 -23184.7 
1.765 10.2499 10 0.890024 1.91372e-13 41659.4 11876.3 277.999 -5.58965e-11 
1.765 10 10.3889 0 0 24758.7 6053.15 16738.7 23014.4 
1.765 10 9.61112 0 0 24758.7 6053.15 16738.7 -23014.4 
1.77 10.2544 10 0.910528 1.8753e-13 41421.8 11518.3 296.482 -4.08066e-11 
1.77 10 10.3889 0 0 24747.9 5874.17 16728 22848.3 
1.77 10 9.61112 0 0 24747.9 5874.17 16728 -22848.3 
1.775 10.259 10 0.932431 1.84079e-13 41171.8 11158.7 317.194 -4.03233e-11 
1.775 10 10.3889 0 0 24732.9 5694.35 16716.1 22676.4 
1.775 10 9.61112 0 0 24732.9 5694.35 16716.1 -22676.4 
1.78 10.2637 10 0.955904 1.81002e-13 40909.1 10797.4 340.516 -4.35306e-11 
1.78 10 10.3889 0 0 24713.6 5513.73 16702.8 22508.9 
1.78 10 9.61112 0 0 24713.6 5513.73 16702.8 -22508.9 
1.785 10.2685 10 0.981149 1.78295e-13 40633 10434.6 366.913 -4.04232e-11 
1.785 10 10.3889 0 0 24689.7 5332.33 16687.9 22335.6 
1.785 10 9.61112 0 0 24689.7 5332.33 16687.9 -22335.6 
1.79 10.2735 10 1.00841 1.75993e-13 40343 10070.3 396.957 -2.37298e-11 
1.79 10 10.3889 0 0 24660.9 5150.15 16670.9 22166.6 
1.79 10 9.61112 0 0 24660.9 5150.15 16670.9 -22166.6 
1.795 10.2786 10 1.03796 1.74161e-13 40038.2 9704.37 431.368 -3.62063e-11 
1.795 10 10.3889 0 0 24627 4967.2 16651.7 21991.9 
1.795 10 9.61112 0 0 24627 4967.2 16651.7 -21991.9 
1.8 10.2839 10 1.07016 1.72771e-13 39717.6 9336.93 471.048 -1.50931e-11 
1.8 10 10.3889 0 0 24587.5 4783.49 16629.6 21821.2 
1.8 10 9.61112 0 0 24587.5 4783.49 16629.6 -21821.2 
1.805 10.2893 10 1.10541 1.71945e-13 39379.8 8967.91 517.153 -5.88253e-12 
1.805 10 10.3889 0 0 24541.7 4598.98 16604 21644.3 
1.805 10 9.61112 0 0 24541.7 4598.98 16604 -21644.3 
1.81 10.2949 10 1.14422 1.71695e-13 39023.1 8597.23 571.177 -1.29996e-12 
1.81 10 10.3889 0 0 24488.8 4413.64 16574.3 21470.9 
1.81 10 9.61112 0 0 24488.8 4413.64 16574.3 -21470.9 
1.815 10.3008 10 1.18724 1.72032e-13 38645.2 8224.78 635.08 6.83847e-12 
1.815 10 10.3889 0 0 24427.8 4227.41 16539.4 21290.4 
1.815 10 9.61112 0 0 24427.8 4227.41 16539.4 -21290.4 
1.82 10.3068 10 1.23525 1.73214e-13 38243.2 7850.4 711.475 1.84965e-11 
1.82 10 10.3889 0 0 24356.9 4040.22 16497.8 21111.9 
1.82 10 9.61112 0 0 24356.9 4040.22 16497.8 -21111.9 
1.825 10.3131 10 1.28926 1.75262e-13 37812.9 7473.87 803.911 4.09473e-11 
1.825 10 10.3889 0 0 24274.1 3851.95 16447.8 20924.2 
1.825 10 9.61112 0 0 24274.1 3851.95 16447.8 -20924.2 
1.83 10.3197 10 1.35059 1.78449e-13 37348.9 7094.87 917.304 5.68723e-11 
1.83 10 10.3889 0 0 24176.1 3662.46 16386.8 20735.3 
1.83 10 9.61112 0 0 24176.1 3662.46 16386.8 -20735.3 
1.835 10.3267 10 1.42096 1.83026e-13 36843.2 6713.01 1058.62 8.2607e-11 
1.835 10 10.3889 0 0 24058.4 3471.52 16311.2 20532.3 
1.835 10 9.61112 0 0 24058.4 3471.52 16311.2 -20532.3 
1.84 10.334 10 1.50272 1.89236e-13 36284.7 6327.74 1238.01 1.23575e-10 
1.84 10 10.3889 0 0 23914.3 3278.89 16215.8 20320.6 
1.84 10 9.61112 0 0 23914.3 3278.89 16215.8 -20320.6 
1.845 10.3417 10 1.59908 1.97713e-13 35656.5 5938.34 1470.66 1.28754e-10 
1.845 10 10.3889 0 0 23733.2 3084.19 16092.7 20083.4 
1.845 10 9.61112 0 0 23733.2 3084.19 16092.7 -20083.4 
1.85 10.35 10 1.71463 2.09217e-13 34933 5543.86 1780.19 2.02178e-10 
1.85 10 10.3889 0 0 23498.6 2886.95 15929.9 19819 
1.85 10 9.61112 0 0 23498.6 2886.95 15929.9 -19819 
1.855 10.3589 10 1.85612 2.24855e-13 34073 5142.97 2204.82 2.49557e-10 
1.855 10 10.3889 0 0 23183.3 2686.51 15707.7 19498.2 
1.855 10 9.61112 0 0 23183.3 2686.51 15707.7 -19498.2 
1.86 10.3686 10 2.03386 2.46586e-13 33007.6 4733.88 2809.49 3.41103e-10 
1.86 10 10.3889 0 0 22739.8 2481.96 15392.9 19096.9 
1.86 10 9.61112 0 0 22739.8 2481.96 15392.9 -19096.9 
1.865 10.3793 10 2.26447 2.77711e-13 31613.6 4314.03 3711.24 5.30015e-10 
1.865 10 10.3889 0 0 22081.4 2272.03 14925.9 18541.6 
1.865 10 9.61112 0 0 22081.4 2272.03 14925.9 -18541.6 
1.87 10.3914 10 2.57633 3.24127e-13 29654.4 3879.74 5136.97 8.07736e-10 
1.87 10 10.3889 0 0 21036.6 2054.89 14191.2 17714.8 
1.87 10 9.61112 0 0 21036.6 2054.89 14191.2 -17714.8 
1.875 10.4053 10 3.0218 3.97853e-13 26632.6 3425.45 7568.33 1.28855e-09 
1.875 10 10.3889 0 0 19234.1 1827.75 12944.3 16325.9 
1.875 10 9.61112 0 0 19234.1 1827.75 12944.3 -16325.9 
1.88 10.422 10 3.70748 5.26467e-13 21369.9 2942.49 12154.9 2.37036e-09 
1.88 10 10.3889 0 0 15767.4 1586.27 10603.1 13688.4 
1.88 10 9.61112 0 0 15767.4 1586.27 10603.1 -13688.4 
1.885 10.4432 10 4.88111 7.85017e-13 10599.3 2416.65 22105 5.31301e-09 
1.885 10 10.3889 0 0 8035.13 1323.35 5545.92 7754.24 
1.885 10 9.61112 0 0 8035.13 1323.35 5545.92 -7754.24 
1.89 10.4725 10 6.9694 1.03758e-12 0 1827.77 31644.8 -7.69966e-12 
1.89 10 10.3889 0 0 0 1028.9 629.923 1311.5 
1.89 10 9.61112 0 0 0 1028.9 629.923 -1311.5 
1.895 10.5129 10 9.18933 1.03491e-12 0 1229.33 30520.3 -6.33744e-11 
1.895 10 10.3889 0 0 0 729.685 1036.73 914.298 
1.895 10 9.61112 0 0 0 729.685 1036.73 -914.298 
1.9 10.5643 10 11.3322 1.02883e-12 0 730.782 29508 -1.03678e-10 
1.9 10 10.3889 0 0 0 480.412 1392.89 607.65 
1.9 10 9.61112 0 0 0 480.412 1392.89 -607.65 
1.905 10.6261 10 13.4096 1.02057e-12 0 382.517 28695.5 -1.2526e-10 
1.905 10 10.3889 0 0 0 306.279 1653.74 404.526 
1.905 10 9.61112 0 0 0 306.279 1653.74 -404.526 
1.91 10.6983 10 15.4365 1.01122e-12 0 175.823 28088.7 -1.35078e-10 
1.91 10 10.3889 0 0 0 202.933 1815.23 297.435 
1.91 10 9.61112 0 0 0 202.933 1815.23 -297.435 
1.915 10.7804 10 17.426 1.00143e-12 0 70.8575 27640.2 -1.38174e-10 
1.915 10 10.3889 0 0 0 150.45 1900.23 244.104 
1.915 10 9.61112 0 0 0 150.45 1900.23 -244.104 
1.92 10.8725 10 19.3874 9.91552e-13 0 25.0244 27289.1 -1.38255e-10 
1.92 10 10.3889 0 0 0 127.533 1938.46 226.411 
1.92 10 9.61112 0 0 0 127.533 1938.46 -226.411 
1.925 10.9743 10 21.3257 9.81706e-13 0 7.74798 26988.2 -1.3731e-10 
1.925 10 10.3889 0 0 0 118.895 1953.22 217.028 
1.925 10 9.61112 0 0 0 118.895 1953.22 -217.028 
1.93 11.0857 10 23.2434 9.71942e-13 0 2.10547 26709.9 -1.3605e-10 
1.93 10 10.3889 0 0 0 116.074 1958.13 217.478 
1.93 10 9.61112 0 0 0 116.074 1958.13 -217.478 
