0 9.4 10 0 0 0 541.623 33376.3 -2.5409e-11 
0 10 10.3782 0 0 0 421.043 2671.84 555.377 
0 10 9.62181 0 0 0 421.043 2671.84 -555.377 
0 9.40594 10 2.37091 -1.85087e-15 0 576.676 32991.4 -2.75376e-11 
0 10 10.3782 0 0 0 438.569 2698.48 575.058 
0 10 9.62181 0 0 0 438.569 2698.48 -575.058 
0.005 9.42366 10 4.71024 -4.0178e-15 0 694.566 32486.3 -3.43397e-11 
0.005 10 10.3782 0 0 0 497.514 2787.3 639.813 
0.005 10 9.62181 0 0 0 497.514 2787.3 -639.813 
0.01 9.45297 10 7.00755 -7.00634e-15 0 941.262 31799.8 -5.13724e-11 
0.01 10 10.3782 0 0 0 620.862 2969.71 787.668 
0.01 10 9.62181 0 0 0 620.862 2969.71 -787.668 
0.015 9.49363 10 9.24566 -1.18366e-14 0 1422.29 30797.9 -8.87248e-11 
0.015 10 10.3782 0 0 0 861.377 3313.99 1082.82 
0.015 10 9.62181 0 0 0 861.377 3313.99 -1082.82 
0.02 9.54524 10 11.263 2.06921e-13 18848.6 2360.76 10394.5 1.57116e-08 
0.02 10 10.3782 0 0 14739.1 1330.61 13374.4 -9625.8 
0.02 10 9.62181 0 0 14739.1 1330.61 13374.4 9625.8 
0.025 9.59766 10 8.7553 9.18061e-13 94267.7 3857.86 -66603.9 2.1666e-09 
0.025 10 10.3782 0 0 68818 2079.16 52048.7 -47399.3 
0.025 10 9.62181 0 0 68818 2079.16 52048.7 47399.3 
0.03 9.62968 10 4.30353 7.19939e-13 74547.3 5134.68 -47740.8 -5.31088e-09 
0.03 10 10.3782 0 0 52167.3 2717.57 42928.9 -32786 
0.03 10 9.62181 0 0 52167.3 2717.57 42928.9 32786 
0.035 9.64478 10 2.10408 3.72794e-13 43540.1 5851.41 -17171.3 -3.83027e-09 
0.035 10 10.3782 0 0 29867.1 3075.94 27798.3 -16159.2 
0.035 10 9.62181 0 0 29867.1 3075.94 27798.3 16159.2 
0.04 9.65315 10 1.38402 1.81075e-13 31334.5 6283.26 -5302.09 -1.7243e-09 
0.04 10 10.3782 0 0 21258.5 3291.86 21914.1 -9725.15 
0.04 10 9.62181 0 0 21258.5 3291.86 21914.1 9725.15 
0.045 9.65939 10 1.14903 1.01308e-13 27722.4 6621.53 -1999.51 -6.70845e-10 
0.045 10 10.3782 0 0 18654.2 3461 20279.3 -7567.47 
0.045 10 9.62181 0 0 18654.2 3461 20279.3 7567.47 
0.05 9.66485 10 1.04359 6.93166e-14 26562 6929.36 -1133.08 -2.96198e-10 
0.05 10 10.3782 0 0 17745.7 3614.91 19853.5 -6599.65 
0.05 10 9.62181 0 0 17745.7 3614.91 19853.5 6599.65 
0.055 9.66988 10 0.974049 5.42315e-14 26004.2 7223.52 -856.126 -1.5948e-10 
0.055 10 10.3782 0 0 17258.7 3761.99 19719.9 -5940.43 
0.055 10 9.62181 0 0 17258.7 3761.99 19719.9 5940.43 
0.06 9.67461 10 0.918124 4.49104e-14 25600.2 7508.49 -720.952 -1.09971e-10 
0.06 10 10.3782 0 0 16885.7 3904.48 19656.2 -5366.1 
0.06 10 9.62181 0 0 16885.7 3904.48 19656.2 5366.1 
0.065 9.67908 10 0.870078 3.77528e-14 25249.9 7785.9 -628.723 -8.98693e-11 
0.065 10 10.3782 0 0 16557.9 4043.18 19613.5 -4837.99 
0.065 10 9.62181 0 0 16557.9 4043.18 19613.5 4837.99 
0.07 9.68332 10 0.827836 3.16644e-14 24929.9 8056.63 -556.654 -7.99219e-11 
0.07 10 10.3782 0 0 16257.8 4178.54 19580.4 -4333.16 
0.07 10 9.62181 0 0 16257.8 4178.54 19580.4 4333.16 
0.075 9.68736 10 0.790246 2.6218e-14 24632.1 8321.32 -497.7 -7.37024e-11 
0.075 10 10.3782 0 0 15979.4 4310.89 19553.5 -3856.32 
0.075 10 9.62181 0 0 15979.4 4310.89 19553.5 3856.32 
0.08 9.69123 10 0.756506 2.12634e-14 24352.7 8580.51 -448.457 -6.57327e-11 
0.08 10 10.3782 0 0 15719.2 4440.49 19531.3 -3394.22 
0.08 10 9.62181 0 0 15719.2 4440.49 19531.3 3394.22 
0.085 9.69493 10 0.726002 1.66825e-14 24088.8 8834.61 -406.744 -5.87248e-11 
0.085 10 10.3782 0 0 15474.5 4567.54 19512.5 -2954.46 
0.085 10 9.62181 0 0 15474.5 4567.54 19512.5 2954.46 
0.09 9.69849 10 0.698257 1.24092e-14 23838.3 9083.99 -371.008 -6.08551e-11 
0.09 10 10.3782 0 0 15243.4 4692.23 19496.6 -2525.13 
0.09 10 9.62181 0 0 15243.4 4692.23 19496.6 2525.13 
0.095 9.70192 10 0.672887 8.38277e-15 23599.9 9328.96 -340.094 -5.84723e-11 
0.095 10 10.3782 0 0 15024.5 4814.71 19482.9 -2114.71 
0.095 10 9.62181 0 0 15024.5 4814.71 19482.9 2114.71 
0.1 9.70522 10 0.649579 4.5648e-15 23372.1 9569.79 -313.125 -5.24808e-11 
0.1 10 10.3782 0 0 14816.5 4935.13 19471.1 -1711.89 
0.1 10 9.62181 0 0 14816.5 4935.13 19471.1 1711.89 
0.105 9.70842 10 0.628077 9.14876e-16 23153.9 9806.72 -289.422 -4.65128e-11 
0.105 10 10.3782 0 0 14618.3 5053.59 19460.7 -1325.61 
0.105 10 9.62181 0 0 14618.3 5053.59 19460.7 1325.61 
0.11 9.71151 10 0.608168 -2.581e-15 22944.6 10040 -268.451 -4.96614e-11 
0.11 10 10.3782 0 0 14429.1 5170.21 19451.7 -944.949 
0.11 10 9.62181 0 0 14429.1 5170.21 19451.7 944.949 
0.115 9.7145 10 0.589672 -5.95069e-15 22743.4 10269.7 -249.786 -4.73706e-11 
0.115 10 10.3782 0 0 14248.1 5285.08 19443.6 -579.124 
0.115 10 9.62181 0 0 14248.1 5285.08 19443.6 579.124 
0.12 9.71741 10 0.572437 -9.22545e-15 22549.7 10496.1 -233.084 -4.78216e-11 
0.12 10 10.3782 0 0 14074.8 5398.28 19436.5 -217.433 
0.12 10 9.62181 0 0 14074.8 5398.28 19436.5 217.433 
0.125 9.72023 10 0.556334 -1.24028e-14 22363 10719.3 -218.067 -4.19198e-11 
0.125 10 10.3782 0 0 13908.5 5509.88 19430.1 130.72 
0.125 10 9.62181 0 0 13908.5 5509.88 19430.1 -130.72 
0.13 9.72297 10 0.54125 -1.54939e-14 22182.9 10939.5 -204.504 -4.1487e-11 
0.13 10 10.3782 0 0 13748.8 5619.96 19424.4 475.881 
0.13 10 9.62181 0 0 13748.8 5619.96 19424.4 -475.881 
0.135 9.72564 10 0.527089 -1.85257e-14 22009 11156.7 -192.204 -4.10626e-11 
0.135 10 10.3782 0 0 13595.2 5728.58 19419.2 808.522 
0.135 10 9.62181 0 0 13595.2 5728.58 19419.2 -808.522 
0.14 9.72824 10 0.513766 -2.15004e-14 21841 11371.1 -181.009 -4.42841e-11 
0.14 10 10.3782 0 0 13447.4 5835.8 19414.5 1139.08 
0.14 10 9.62181 0 0 13447.4 5835.8 19414.5 -1139.08 
0.145 9.73078 10 0.501208 -2.44233e-14 21678.4 11582.9 -170.784 -3.84179e-11 
0.145 10 10.3782 0 0 13305.1 5941.66 19410.3 1457.94 
0.145 10 9.62181 0 0 13305.1 5941.66 19410.3 -1457.94 
0.15 9.73326 10 0.489348 -2.7314e-14 21521.2 11792 -161.414 -4.34702e-11 
0.15 10 10.3782 0 0 13167.8 6046.23 19406.5 1775.46 
0.15 10 9.62181 0 0 13167.8 6046.23 19406.5 -1775.46 
0.155 9.73568 10 0.478131 -3.0157e-14 21369 11998.6 -152.804 -3.76152e-11 
0.155 10 10.3782 0 0 13035.4 6149.55 19402.9 2081.94 
0.155 10 9.62181 0 0 13035.4 6149.55 19402.9 -2081.94 
0.16 9.73804 10 0.467503 -3.29777e-14 21221.5 12202.8 -144.868 -4.44963e-11 
0.16 10 10.3782 0 0 12907.6 6251.65 19399.7 2387.71 
0.16 10 9.62181 0 0 12907.6 6251.65 19399.7 -2387.71 
0.165 9.74035 10 0.457421 -3.57752e-14 21078.7 12404.7 -137.536 -3.86476e-11 
0.165 10 10.3782 0 0 12784.2 6352.58 19396.7 2683.01 
0.165 10 9.62181 0 0 12784.2 6352.58 19396.7 -2683.01 
0.17 9.74261 10 0.447842 -3.85381e-14 20940.3 12604.3 -130.746 -4.37178e-11 
0.17 10 10.3782 0 0 12664.9 6452.39 19394 2978.1 
0.17 10 9.62181 0 0 12664.9 6452.39 19394 -2978.1 
0.175 9.74483 10 0.438731 -4.12996e-14 20806.2 12801.7 -124.442 -4.33312e-11 
0.175 10 10.3782 0 0 12549.5 6551.09 19391.5 3263.21 
0.175 10 9.62181 0 0 12549.5 6551.09 19391.5 -3263.21 
0.18 9.747 10 0.430054 -4.40487e-14 20676.1 12997 -118.578 -3.74893e-11 
0.18 10 10.3782 0 0 12438 6648.73 19389.2 3548.55 
0.18 10 9.62181 0 0 12438 6648.73 19389.2 -3548.55 
0.185 9.74913 10 0.421782 -4.67849e-14 20550 13190.2 -113.112 -3.52872e-11 
0.185 10 10.3782 0 0 12330.1 6745.34 19387 3824.33 
0.185 10 9.62181 0 0 12330.1 6745.34 19387 -3824.33 
0.19 9.75122 10 0.413887 -4.94986e-14 20427.7 13381.4 -108.007 -4.21833e-11 
0.19 10 10.3782 0 0 12225.6 6840.95 19385 4100.72 
0.19 10 9.62181 0 0 12225.6 6840.95 19385 -4100.72 
0.195 9.75327 10 0.406345 -5.22315e-14 20309.1 13570.7 -103.23 -3.99817e-11 
0.195 10 10.3782 0 0 12124.4 6935.58 19383.2 4367.9 
0.195 10 9.62181 0 0 12124.4 6935.58 19383.2 -4367.9 
0.2 9.75529 10 0.399133 -5.4965e-14 20194.1 13758.1 -98.7536 -3.4142e-11 
0.2 10 10.3782 0 0 12026.5 7029.27 19381.4 4636.04 
0.2 10 9.62181 0 0 12026.5 7029.27 19381.4 -4636.04 
0.205 9.75726 10 0.39223 -5.7692e-14 20082.5 13943.6 -94.5513 -3.92172e-11 
0.205 10 10.3782 0 0 11931.6 7122.04 19379.8 4895.29 
0.205 10 9.62181 0 0 11931.6 7122.04 19379.8 -4895.29 
0.21 9.75921 10 0.385619 -6.0419e-14 19974.3 14127.4 -90.6003 -3.88354e-11 
0.21 10 10.3782 0 0 11839.6 7213.91 19378.3 5155.78 
0.21 10 9.62181 0 0 11839.6 7213.91 19378.3 -5155.78 
0.215 9.76112 10 0.379282 -6.3149e-14 19869.4 14309.4 -86.8802 -3.84532e-11 
0.215 10 10.3782 0 0 11750.5 7304.91 19376.9 5407.66 
0.215 10 9.62181 0 0 11750.5 7304.91 19376.9 -5407.66 
0.22 9.763 10 0.373203 -6.58903e-14 19767.6 14489.7 -83.3725 -3.80695e-11 
0.22 10 10.3782 0 0 11664.2 7395.06 19375.6 5661.05 
0.22 10 9.62181 0 0 11664.2 7395.06 19375.6 -5661.05 
0.225 9.76485 10 0.367367 -6.86193e-14 19669 14668.3 -80.0607 -4.13254e-11 
0.225 10 10.3782 0 0 11580.5 7484.39 19374.3 5906.07 
0.225 10 9.62181 0 0 11580.5 7484.39 19374.3 -5906.07 
0.23 9.76668 10 0.361761 -7.13892e-14 19573.3 14845.3 -76.9299 -3.36616e-11 
0.23 10 10.3782 0 0 11499.3 7572.9 19373.1 6152.84 
0.23 10 9.62181 0 0 11499.3 7572.9 19373.1 -6152.84 
0.235 9.76847 10 0.356373 -7.41664e-14 19480.6 15020.8 -73.9664 -3.87298e-11 
0.235 10 10.3782 0 0 11420.6 7660.63 19372 6391.46 
0.235 10 9.62181 0 0 11420.6 7660.63 19372 -6391.46 
0.24 9.77024 10 0.351191 -7.69403e-14 19390.7 15194.7 -71.1582 -3.83415e-11 
0.24 10 10.3782 0 0 11344.3 7747.59 19371 6632.05 
0.24 10 9.62181 0 0 11344.3 7747.59 19371 -6632.05 
0.245 9.77198 10 0.346204 -7.97313e-14 19303.6 15367.1 -68.4939 -4.15887e-11 
0.245 10 10.3782 0 0 11270.3 7833.8 19370 6864.68 
0.245 10 9.62181 0 0 11270.3 7833.8 19370 -6864.68 
0.25 9.7737 10 0.341403 -8.25397e-14 19219.2 15538.1 -65.9636 -2.84625e-11 
0.25 10 10.3782 0 0 11198.6 7919.28 19369.1 7099.47 
0.25 10 9.62181 0 0 11198.6 7919.28 19369.1 -7099.47 
0.255 9.7754 10 0.336778 -8.53966e-14 19137.5 15707.6 -63.5579 -3.53385e-11 
0.255 10 10.3782 0 0 11129 8004.05 19368.2 7326.49 
0.255 10 9.62181 0 0 11129 8004.05 19368.2 -7326.49 
0.26 9.77707 10 0.33232 -8.82324e-14 19058.4 15875.8 -61.2684 -2.58465e-11 
0.26 10 10.3782 0 0 11061.5 8088.11 19367.4 7555.84 
0.26 10 9.62181 0 0 11061.5 8088.11 19367.4 -7555.84 
0.265 9.77872 10 0.328023 -9.10975e-14 18981.8 16042.5 -59.0874 -3.27214e-11 
0.265 10 10.3782 0 0 10996.1 8171.5 19366.6 7777.59 
0.265 10 9.62181 0 0 10996.1 8171.5 19366.6 -7777.59 
0.27 9.78035 10 0.323877 -9.39929e-14 18907.7 16208 -57.0078 -3.95921e-11 
0.27 10 10.3782 0 0 10932.7 8254.21 19365.8 8001.82 
0.27 10 9.62181 0 0 10932.7 8254.21 19365.8 -8001.82 
0.275 9.78196 10 0.319876 -9.69176e-14 18836.1 16372.1 -55.0231 -4.10016e-11 
0.275 10 10.3782 0 0 10871.2 8336.28 19365.1 8218.6 
0.275 10 9.62181 0 0 10871.2 8336.28 19365.1 -8218.6 
0.28 9.78355 10 0.316014 -9.98445e-14 18766.8 16534.9 -53.1273 -4.60489e-11 
0.28 10 10.3782 0 0 10811.6 8417.7 19364.4 8438 
0.28 10 9.62181 0 0 10811.6 8417.7 19364.4 -8438 
0.285 9.78512 10 0.312285 -1.02794e-13 18699.9 16696.5 -51.3148 -3.6541e-11 
0.285 10 10.3782 0 0 10753.8 8498.5 19363.8 8650.1 
0.285 10 9.62181 0 0 10753.8 8498.5 19363.8 -8650.1 
0.29 9.78667 10 0.308682 -1.05784e-13 18635.3 16856.9 -49.5806 -4.52174e-11 
0.29 10 10.3782 0 0 10697.8 8578.69 19363.2 8864.96 
0.29 10 9.62181 0 0 10697.8 8578.69 19363.2 -8864.96 
0.295 9.78821 10 0.3052 -1.08793e-13 18572.9 17016.1 -47.92 -4.11581e-11 
0.295 10 10.3782 0 0 10643.5 8658.28 19362.6 9072.64 
0.295 10 9.62181 0 0 10643.5 8658.28 19362.6 -9072.64 
0.3 9.78972 10 0.301835 -1.11839e-13 18512.8 17174.1 -46.3286 -4.07316e-11 
0.3 10 10.3782 0 0 10590.9 8737.29 19362 9283.19 
0.3 10 9.62181 0 0 10590.9 8737.29 19362 -9283.19 
0.305 9.79123 10 0.29858 -1.14898e-13 18454.8 17331 -44.8024 -5.30365e-11 
0.305 10 10.3782 0 0 10540 8815.73 19361.5 9486.69 
0.305 10 9.62181 0 0 10540 8815.73 19361.5 -9486.69 
0.31 9.79271 10 0.295433 -1.18005e-13 18399 17486.7 -43.3376 -4.89634e-11 
0.31 10 10.3782 0 0 10490.7 8893.6 19361 9693.17 
0.31 10 9.62181 0 0 10490.7 8893.6 19361 -9693.17 
0.315 9.79418 10 0.292388 -1.21133e-13 18345.2 17641.4 -41.9308 -4.30685e-11 
0.315 10 10.3782 0 0 10443 8970.92 19360.5 9892.71 
0.315 10 9.62181 0 0 10443 8970.92 19360.5 -9892.71 
0.32 9.79563 10 0.289441 -1.24309e-13 18293.6 17794.9 -40.5787 -4.98998e-11 
0.32 10 10.3782 0 0 10396.8 9047.71 19360 10095.3 
0.32 10 9.62181 0 0 10396.8 9047.71 19360 -10095.3 
0.325 9.79707 10 0.28659 -1.27519e-13 18243.9 17947.5 -39.2784 -4.58125e-11 
0.325 10 10.3782 0 0 10352.1 9123.96 19359.6 10291.1 
0.325 10 9.62181 0 0 10352.1 9123.96 19359.6 -10291.1 
0.33 9.7985 10 0.283829 -1.30749e-13 18196.3 18098.9 -38.0269 -5.80933e-11 
0.33 10 10.3782 0 0 10308.9 9199.7 19359.1 10490.1 
0.33 10 9.62181 0 0 10308.9 9199.7 19359.1 -10490.1 
0.335 9.79991 10 0.281156 -1.34023e-13 18150.6 18249.4 -36.8218 -5.03588e-11 
0.335 10 10.3782 0 0 10267.2 9274.94 19358.7 10682.3 
0.335 10 9.62181 0 0 10267.2 9274.94 19358.7 -10682.3 
0.34 9.80131 10 0.278568 -1.37315e-13 18106.9 18398.9 -35.6604 -4.2622e-11 
0.34 10 10.3782 0 0 10226.8 9349.67 19358.3 10877.8 
0.34 10 9.62181 0 0 10226.8 9349.67 19358.3 -10877.8 
0.345 9.8027 10 0.276061 -1.40661e-13 18065.1 18547.4 -34.5407 -4.39725e-11 
0.345 10 10.3782 0 0 10187.8 9423.92 19357.9 11066.6 
0.345 10 9.62181 0 0 10187.8 9423.92 19357.9 -11066.6 
0.35 9.80407 10 0.273632 -1.44049e-13 18025.1 18694.9 -33.4603 -5.62313e-11 
0.35 10 10.3782 0 0 10150.2 9497.69 19357.6 11258.8 
0.35 10 9.62181 0 0 10150.2 9497.69 19357.6 -11258.8 
0.355 9.80544 10 0.27128 -1.47462e-13 17987 18841.5 -32.4174 -4.30204e-11 
0.355 10 10.3782 0 0 10113.9 9570.99 19357.2 11444.5 
0.355 10 9.62181 0 0 10113.9 9570.99 19357.2 -11444.5 
0.36 9.80679 10 0.269 -1.50929e-13 17950.8 18987.2 -31.4099 -4.43541e-11 
0.36 10 10.3782 0 0 10078.9 9643.84 19356.9 11633.5 
0.36 10 9.62181 0 0 10078.9 9643.84 19356.9 -11633.5 
0.365 9.80813 10 0.266792 -1.54405e-13 17916.4 19132 -30.4363 -5.84194e-11 
0.365 10 10.3782 0 0 10045.2 9716.23 19356.5 11816.1 
0.365 10 9.62181 0 0 10045.2 9716.23 19356.5 -11816.1 
0.37 9.80945 10 0.264652 -1.57973e-13 17883.7 19275.9 -29.4947 -5.42819e-11 
0.37 10 10.3782 0 0 10012.7 9788.18 19356.2 12002.1 
0.37 10 9.62181 0 0 10012.7 9788.18 19356.2 -12002.1 
0.375 9.81077 10 0.262578 -1.61605e-13 17852.9 19418.9 -28.5837 -4.64974e-11 
0.375 10 10.3782 0 0 9981.44 9859.69 19355.9 12181.8 
0.375 10 9.62181 0 0 9981.44 9859.69 19355.9 -12181.8 
0.38 9.81208 10 0.260568 -1.65235e-13 17823.7 19561.1 -27.7017 -5.32652e-11 
0.38 10 10.3782 0 0 9951.4 9930.78 19355.6 12365 
0.38 10 9.62181 0 0 9951.4 9930.78 19355.6 -12365 
0.385 9.81338 10 0.25862 -1.68944e-13 17796.3 19702.4 -26.8474 -6.7298e-11 
0.385 10 10.3782 0 0 9922.55 10001.4 19355.3 12541.8 
0.385 10 9.62181 0 0 9922.55 10001.4 19355.3 -12541.8 
0.39 9.81467 10 0.256732 -1.72636e-13 17770.6 19843 -26.0194 -5.58671e-11 
0.39 10 10.3782 0 0 9894.87 10071.7 19355 12722.4 
0.39 10 9.62181 0 0 9894.87 10071.7 19355 -12722.4 
0.395 9.81595 10 0.254902 -1.76441e-13 17746.6 19982.7 -25.2167 -6.62484e-11 
0.395 10 10.3782 0 0 9868.33 10141.6 19354.8 12896.5 
0.395 10 9.62181 0 0 9868.33 10141.6 19354.8 -12896.5 
0.4 9.81722 10 0.253129 -1.80265e-13 17724.3 20121.6 -24.4378 -3.66089e-11 
0.4 10 10.3782 0 0 9842.93 10211 19354.5 13074.5 
0.4 10 9.62181 0 0 9842.93 10211 19354.5 -13074.5 
0.405 9.81848 10 0.25141 -1.84175e-13 17703.6 20259.7 -23.6819 -6.51656e-11 
0.405 10 10.3782 0 0 9818.64 10280.1 19354.2 13246.1 
0.405 10 9.62181 0 0 9818.64 10280.1 19354.2 -13246.1 
0.41 9.81973 10 0.249745 -1.88135e-13 17684.6 20397.1 -22.9478 -4.64211e-11 
0.41 10 10.3782 0 0 9795.44 10348.8 19354 13421.6 
0.41 10 9.62181 0 0 9795.44 10348.8 19354 -13421.6 
0.415 9.82097 10 0.248131 -1.92135e-13 17667.2 20533.7 -22.2345 -5.67752e-11 
0.415 10 10.3782 0 0 9773.32 10417.1 19353.7 13590.8 
0.415 10 9.62181 0 0 9773.32 10417.1 19353.7 -13590.8 
0.42 9.82221 10 0.246568 -1.96214e-13 17651.4 20669.6 -21.5412 -5.62041e-11 
0.42 10 10.3782 0 0 9752.26 10485 19353.5 13763.9 
0.42 10 9.62181 0 0 9752.26 10485 19353.5 -13763.9 
0.425 9.82344 10 0.245054 -2.00356e-13 17637.2 20804.7 -20.8669 -4.83482e-11 
0.425 10 10.3782 0 0 9732.26 10552.6 19353.3 13930.9 
0.425 10 9.62181 0 0 9732.26 10552.6 19353.3 -13930.9 
0.43 9.82466 10 0.243587 -2.04525e-13 17624.5 20939.2 -20.2108 -5.14026e-11 
0.43 10 10.3782 0 0 9713.29 10619.8 19353.1 14101.7 
0.43 10 9.62181 0 0 9713.29 10619.8 19353.1 -14101.7 
0.435 9.82588 10 0.242166 -2.08751e-13 17613.5 21072.9 -19.5721 -5.80869e-11 
0.435 10 10.3782 0 0 9695.34 10686.7 19352.8 14266.4 
0.435 10 9.62181 0 0 9695.34 10686.7 19352.8 -14266.4 
0.44 9.82708 10 0.24079 -2.13055e-13 17604 21206 -18.9501 -6.11224e-11 
0.44 10 10.3782 0 0 9678.39 10753.2 19352.6 14435.1 
0.44 10 9.62181 0 0 9678.39 10753.2 19352.6 -14435.1 
0.445 9.82828 10 0.239458 -2.17442e-13 17596.1 21338.3 -18.344 -5.32322e-11 
0.445 10 10.3782 0 0 9662.44 10819.4 19352.4 14597.7 
0.445 10 9.62181 0 0 9662.44 10819.4 19352.4 -14597.7 
0.45 9.82948 10 0.238169 -2.21899e-13 17589.6 21470 -17.7531 -6.71602e-11 
0.45 10 10.3782 0 0 9647.48 10885.2 19352.2 14764.3 
0.45 10 9.62181 0 0 9647.48 10885.2 19352.2 -14764.3 
0.455 9.83067 10 0.236922 -2.26399e-13 17584.8 21601.1 -17.1769 -5.92541e-11 
0.455 10 10.3782 0 0 9633.49 10950.8 19352 14924.9 
0.455 10 9.62181 0 0 9633.49 10950.8 19352 -14924.9 
0.46 9.83185 10 0.235715 -2.30963e-13 17581.4 21731.4 -16.6146 -6.58913e-11 
0.46 10 10.3782 0 0 9620.46 11016 19351.8 15089.5 
0.46 10 9.62181 0 0 9620.46 11016 19351.8 -15089.5 
0.465 9.83302 10 0.234548 -2.35655e-13 17579.6 21861.2 -16.0657 -6.88724e-11 
0.465 10 10.3782 0 0 9608.37 11080.8 19351.6 15248.2 
0.465 10 9.62181 0 0 9608.37 11080.8 19351.6 -15248.2 
0.47 9.83419 10 0.23342 -2.40381e-13 17579.2 21990.3 -15.5297 -6.09347e-11 
0.47 10 10.3782 0 0 9597.23 11145.4 19351.4 15410.9 
0.47 10 9.62181 0 0 9597.23 11145.4 19351.4 -15410.9 
0.475 9.83536 10 0.232329 -2.45204e-13 17580.4 22118.8 -15.0059 -6.02595e-11 
0.475 10 10.3782 0 0 9587.02 11209.6 19351.2 15567.7 
0.475 10 9.62181 0 0 9587.02 11209.6 19351.2 -15567.7 
0.48 9.83652 10 0.231276 -2.50104e-13 17583 22246.7 -14.4939 -8.14016e-11 
0.48 10 10.3782 0 0 9577.74 11273.6 19351.1 15728.6 
0.48 10 9.62181 0 0 9577.74 11273.6 19351.1 -15728.6 
0.485 9.83767 10 0.230258 -2.55084e-13 17587.1 22374 -13.9933 -6.61523e-11 
0.485 10 10.3782 0 0 9569.36 11337.2 19350.9 15883.7 
0.485 10 9.62181 0 0 9569.36 11337.2 19350.9 -15883.7 
0.49 9.83882 10 0.229277 -2.60133e-13 17592.7 22500.7 -13.5034 -7.27214e-11 
0.49 10 10.3782 0 0 9561.89 11400.6 19350.7 16042.9 
0.49 10 9.62181 0 0 9561.89 11400.6 19350.7 -16042.9 
0.495 9.83996 10 0.228329 -2.65267e-13 17599.7 22626.9 -13.024 -7.56407e-11 
0.495 10 10.3782 0 0 9555.32 11463.7 19350.5 16196.2 
0.495 10 9.62181 0 0 9555.32 11463.7 19350.5 -16196.2 
0.5 9.8411 10 0.227416 -2.70525e-13 17608.2 22752.4 -12.5545 -6.76286e-11 
0.5 10 10.3782 0 0 9549.64 11526.4 19350.4 16353.7 
0.5 10 9.62181 0 0 9549.64 11526.4 19350.4 -16353.7 
0.505 9.84224 10 0.226535 -2.7586e-13 17618.2 22877.4 -12.0945 -7.77958e-11 
0.505 10 10.3782 0 0 9544.84 11588.9 19350.2 16505.4 
0.505 10 9.62181 0 0 9544.84 11588.9 19350.2 -16505.4 
0.51 9.84337 10 0.225688 -2.81305e-13 17629.6 23001.8 -11.6437 -8.06714e-11 
0.51 10 10.3782 0 0 9540.91 11651.1 19350 16661.3 
0.51 10 9.62181 0 0 9540.91 11651.1 19350 -16661.3 
0.515 9.84449 10 0.224872 -2.86814e-13 17642.5 23125.7 -11.2017 -7.99002e-11 
0.515 10 10.3782 0 0 9537.86 11713.1 19349.9 16811.4 
0.515 10 9.62181 0 0 9537.86 11713.1 19349.9 -16811.4 
0.52 9.84562 10 0.224087 -2.92426e-13 17656.8 23249 -10.7681 -9.73045e-11 
0.52 10 10.3782 0 0 9535.67 11774.7 19349.7 16965.8 
0.52 10 9.62181 0 0 9535.67 11774.7 19349.7 -16965.8 
0.525 9.84673 10 0.223333 -2.9818e-13 17672.6 23371.8 -10.3425 -7.83088e-11 
0.525 10 10.3782 0 0 9534.34 11836.1 19349.5 17114.4 
0.525 10 9.62181 0 0 9534.34 11836.1 19349.5 -17114.4 
0.53 9.84785 10 0.22261 -3.03962e-13 17689.8 23494.1 -9.92476 -9.93275e-11 
0.53 10 10.3782 0 0 9533.86 11897.3 19349.4 17267.3 
0.53 10 9.62181 0 0 9533.86 11897.3 19349.4 -17267.3 
0.535 9.84896 10 0.221915 -3.09922e-13 17708.5 23615.8 -9.51441 -8.0303e-11 
0.535 10 10.3782 0 0 9534.23 11958.1 19349.2 17414.5 
0.535 10 9.62181 0 0 9534.23 11958.1 19349.2 -17414.5 
0.54 9.85007 10 0.22125 -3.15965e-13 17728.5 23737 -9.11117 -9.0371e-11 
0.54 10 10.3782 0 0 9535.44 12018.8 19349.1 17566 
0.54 10 9.62181 0 0 9535.44 12018.8 19349.1 -17566 
0.545 9.85117 10 0.220614 -3.22119e-13 17750.1 23857.8 -8.71477 -7.85954e-11 
0.545 10 10.3782 0 0 9537.49 12079.1 19348.9 17711.8 
0.545 10 9.62181 0 0 9537.49 12079.1 19348.9 -17711.8 
0.55 9.85227 10 0.220005 -3.28417e-13 17773 23978 -8.32491 -7.40757e-11 
0.55 10 10.3782 0 0 9540.38 12139.2 19348.8 17861.9 
0.55 10 9.62181 0 0 9540.38 12139.2 19348.8 -17861.9 
0.555 9.85337 10 0.219424 -3.34809e-13 17797.4 24097.7 -7.94131 -9.13708e-11 
0.555 10 10.3782 0 0 9544.09 12199.1 19348.6 18006.3 
0.555 10 9.62181 0 0 9544.09 12199.1 19348.6 -18006.3 
0.56 9.85447 10 0.21887 -3.41362e-13 17823.2 24216.9 -7.56373 -9.04534e-11 
0.56 10 10.3782 0 0 9548.64 12258.7 19348.5 18155.1 
0.56 10 9.62181 0 0 9548.64 12258.7 19348.5 -18155.1 
0.565 9.85556 10 0.218344 -3.48016e-13 17850.5 24335.6 -7.1919 -8.58838e-11 
0.565 10 10.3782 0 0 9554.01 12318 19348.3 18298.3 
0.565 10 9.62181 0 0 9554.01 12318 19348.3 -18298.3 
0.57 9.85665 10 0.217843 -3.54825e-13 17879.2 24453.9 -6.82559 -1.06759e-10 
0.57 10 10.3782 0 0 9560.2 12377.2 19348.2 18445.9 
0.57 10 9.62181 0 0 9560.2 12377.2 19348.2 -18445.9 
0.575 9.85774 10 0.217368 -3.61761e-13 17909.3 24571.6 -6.46455 -9.12355e-11 
0.575 10 10.3782 0 0 9567.21 12436 19348 18587.8 
0.575 10 9.62181 0 0 9567.21 12436 19348 -18587.8 
0.58 9.85883 10 0.216919 -3.68897e-13 17940.9 24688.9 -6.10857 -9.38745e-11 
0.58 10 10.3782 0 0 9575.04 12494.7 19347.9 18734.1 
0.58 10 9.62181 0 0 9575.04 12494.7 19347.9 -18734.1 
0.585 9.85991 10 0.216496 -3.76126e-13 17973.9 24805.7 -5.75741 -1.07415e-10 
0.585 10 10.3782 0 0 9583.69 12553.1 19347.7 18874.9 
0.585 10 9.62181 0 0 9583.69 12553.1 19347.7 -18874.9 
0.59 9.86099 10 0.216097 -3.8347e-13 18008.3 24922.1 -5.41087 -1.20938e-10 
0.59 10 10.3782 0 0 9593.14 12611.3 19347.6 19020 
0.59 10 9.62181 0 0 9593.14 12611.3 19347.6 -19020 
0.595 9.86207 10 0.215722 -3.91025e-13 18044.2 25038 -5.06875 -1.12605e-10 
0.595 10 10.3782 0 0 9603.41 12669.2 19347.4 19159.6 
0.595 10 9.62181 0 0 9603.41 12669.2 19347.4 -19159.6 
0.6 9.86315 10 0.215372 -3.98678e-13 18081.6 25153.4 -4.73084 -1.11533e-10 
0.6 10 10.3782 0 0 9614.49 12726.9 19347.3 19303.7 
0.6 10 9.62181 0 0 9614.49 12726.9 19347.3 -19303.7 
0.605 9.86422 10 0.215047 -4.06551e-13 18120.4 25268.4 -4.39695 -1.17707e-10 
0.605 10 10.3782 0 0 9626.38 12784.4 19347.1 19442.2 
0.605 10 9.62181 0 0 9626.38 12784.4 19347.1 -19442.2 
0.61 9.8653 10 0.214744 -4.14612e-13 18160.6 25382.9 -4.0669 -1.09302e-10 
0.61 10 10.3782 0 0 9639.08 12841.7 19347 19585.1 
0.61 10 9.62181 0 0 9639.08 12841.7 19347 -19585.1 
0.615 9.86637 10 0.214465 -4.22795e-13 18202.3 25497 -3.74051 -1.11795e-10 
0.615 10 10.3782 0 0 9652.58 12898.7 19346.9 19722.6 
0.615 10 9.62181 0 0 9652.58 12898.7 19346.9 -19722.6 
0.62 9.86744 10 0.21421 -4.31219e-13 18245.5 25610.7 -3.4176 -1.17892e-10 
0.62 10 10.3782 0 0 9666.9 12955.6 19346.7 19864.5 
0.62 10 9.62181 0 0 9666.9 12955.6 19346.7 -19864.5 
0.625 9.86851 10 0.213977 -4.39819e-13 18290.2 25723.8 -3.098 -1.13049e-10 
0.625 10 10.3782 0 0 9682.02 13012.2 19346.6 20000.9 
0.625 10 9.62181 0 0 9682.02 13012.2 19346.6 -20000.9 
0.63 9.86958 10 0.213767 -4.48554e-13 18336.3 25836.6 -2.78154 -1.15464e-10 
0.63 10 10.3782 0 0 9697.95 13068.5 19346.4 20141.8 
0.63 10 9.62181 0 0 9697.95 13068.5 19346.4 -20141.8 
0.635 9.87065 10 0.21358 -4.57549e-13 18383.9 25948.9 -2.46808 -1.32395e-10 
0.635 10 10.3782 0 0 9714.68 13124.7 19346.3 20277.2 
0.635 10 9.62181 0 0 9714.68 13124.7 19346.3 -20277.2 
0.64 9.87172 10 0.213415 -4.66767e-13 18432.9 26060.8 -2.15744 -1.27467e-10 
0.64 10 10.3782 0 0 9732.23 13180.6 19346.1 20417.1 
0.64 10 9.62181 0 0 9732.23 13180.6 19346.1 -20417.1 
0.645 9.87279 10 0.213271 -4.76196e-13 18483.5 26172.2 -1.84949 -1.33423e-10 
0.645 10 10.3782 0 0 9750.59 13236.3 19346 20551.5 
0.645 10 9.62181 0 0 9750.59 13236.3 19346 -20551.5 
0.65 9.87385 10 0.21315 -4.85857e-13 18535.6 26283.2 -1.54406 -1.46622e-10 
0.65 10 10.3782 0 0 9769.75 13291.8 19345.9 20690.5 
0.65 10 9.62181 0 0 9769.75 13291.8 19345.9 -20690.5 
0.655 9.87492 10 0.213051 -4.95711e-13 18589.1 26393.8 -1.24103 -1.45243e-10 
0.655 10 10.3782 0 0 9789.73 13347.1 19345.7 20824 
0.655 10 9.62181 0 0 9789.73 13347.1 19345.7 -20824 
0.66 9.87598 10 0.212973 -5.05839e-13 18644.2 26504 -0.940245 -1.32911e-10 
0.66 10 10.3782 0 0 9810.53 13402.2 19345.6 20962.1 
0.66 10 9.62181 0 0 9810.53 13402.2 19345.6 -20962.1 
0.665 9.87705 10 0.212916 -5.16202e-13 18700.8 26613.7 -0.641571 -1.38736e-10 
0.665 10 10.3782 0 0 9832.14 13457.1 19345.4 21094.7 
0.665 10 9.62181 0 0 9832.14 13457.1 19345.4 -21094.7 
0.67 9.87811 10 0.212881 -5.26797e-13 18758.9 26722.9 -0.344876 -1.44529e-10 
0.67 10 10.3782 0 0 9854.56 13511.7 19345.3 21231.8 
0.67 10 9.62181 0 0 9854.56 13511.7 19345.3 -21231.8 
0.675 9.87918 10 0.212867 -5.37725e-13 18818.6 26831.8 -0.05003 -1.61189e-10 
0.675 10 10.3782 0 0 9877.81 13566.1 19345.1 21363.6 
0.675 10 9.62181 0 0 9877.81 13566.1 19345.1 -21363.6 
0.68 9.88024 10 0.212874 -5.48886e-13 18879.8 26940.2 0.243094 -1.48712e-10 
0.68 10 10.3782 0 0 9901.87 13620.3 19345 21499.9 
0.68 10 9.62181 0 0 9901.87 13620.3 19345 -21499.9 
0.685 9.88131 10 0.212902 -5.6037e-13 18942.5 27048.2 0.534621 -1.47104e-10 
0.685 10 10.3782 0 0 9926.76 13674.3 19344.8 21630.7 
0.685 10 9.62181 0 0 9926.76 13674.3 19344.8 -21630.7 
0.69 9.88237 10 0.21295 -5.72106e-13 19006.8 27155.8 0.824672 -1.52737e-10 
0.69 10 10.3782 0 0 9952.48 13728.1 19344.7 21766.2 
0.69 10 9.62181 0 0 9952.48 13728.1 19344.7 -21766.2 
0.695 9.88343 10 0.21302 -5.84155e-13 19072.7 27262.9 1.11337 -1.69241e-10 
0.695 10 10.3782 0 0 9979.03 13781.7 19344.5 21896.2 
0.695 10 9.62181 0 0 9979.03 13781.7 19344.5 -21896.2 
0.7 9.8845 10 0.213109 -5.96548e-13 19140.1 27369.6 1.40082 -1.63867e-10 
0.7 10 10.3782 0 0 10006.4 13835 19344.4 22030.9 
0.7 10 9.62181 0 0 10006.4 13835 19344.4 -22030.9 
0.705 9.88557 10 0.21322 -6.09248e-13 19209.2 27475.8 1.68715 -1.73003e-10 
0.705 10 10.3782 0 0 10034.6 13888.2 19344.2 22160.1 
0.705 10 9.62181 0 0 10034.6 13888.2 19344.2 -22160.1 
0.71 9.88663 10 0.21335 -6.22368e-13 19279.8 27581.7 1.97246 -1.78443e-10 
0.71 10 10.3782 0 0 10063.7 13941.1 19344.1 22293.9 
0.71 10 9.62181 0 0 10063.7 13941.1 19344.1 -22293.9 
0.715 9.8877 10 0.213501 -6.35746e-13 19352 27687.1 2.25687 -1.87484e-10 
0.715 10 10.3782 0 0 10093.6 13993.8 19343.9 22422.4 
0.715 10 9.62181 0 0 10093.6 13993.8 19343.9 -22422.4 
0.72 9.88877 10 0.213673 -6.49549e-13 19425.9 27792 2.54049 -1.78275e-10 
0.72 10 10.3782 0 0 10124.3 14046.2 19343.8 22555.5 
0.72 10 9.62181 0 0 10124.3 14046.2 19343.8 -22555.5 
0.725 9.88984 10 0.213864 -6.63696e-13 19501.3 27896.5 2.82341 -2.09037e-10 
0.725 10 10.3782 0 0 10155.9 14098.5 19343.6 22683.1 
0.725 10 9.62181 0 0 10155.9 14098.5 19343.6 -22683.1 
0.73 9.89091 10 0.214076 -6.78235e-13 19578.5 28000.6 3.10575 -2.10639e-10 
0.73 10 10.3782 0 0 10188.4 14150.5 19343.5 22815.4 
0.73 10 9.62181 0 0 10188.4 14150.5 19343.5 -22815.4 
0.735 9.89198 10 0.214308 -6.93267e-13 19657.2 28104.2 3.38761 -2.08535e-10 
0.735 10 10.3782 0 0 10221.7 14202.3 19343.3 22942.3 
0.735 10 9.62181 0 0 10221.7 14202.3 19343.3 -22942.3 
0.74 9.89305 10 0.21456 -7.08667e-13 19737.7 28207.3 3.66908 -2.24569e-10 
0.74 10 10.3782 0 0 10255.9 14253.9 19343.1 23073.9 
0.74 10 9.62181 0 0 10255.9 14253.9 19343.1 -23073.9 
0.745 9.89412 10 0.214832 -7.24577e-13 19819.8 28310 3.95027 -2.15066e-10 
0.745 10 10.3782 0 0 10290.9 14305.3 19343 23200 
0.745 10 9.62181 0 0 10290.9 14305.3 19343 -23200 
0.75 9.8952 10 0.215124 -7.40926e-13 19903.6 28412.3 4.23129 -2.41881e-10 
0.75 10 10.3782 0 0 10326.8 14356.4 19342.8 23330.9 
0.75 10 9.62181 0 0 10326.8 14356.4 19342.8 -23330.9 
0.755 9.89627 10 0.215437 -7.57786e-13 19989.1 28514.1 4.51221 -2.43158e-10 
0.755 10 10.3782 0 0 10363.6 14407.3 19342.7 23456.3 
0.755 10 9.62181 0 0 10363.6 14407.3 19342.7 -23456.3 
0.76 9.89735 10 0.215769 -7.75159e-13 20076.3 28615.4 4.79315 -2.37088e-10 
0.76 10 10.3782 0 0 10401.3 14457.9 19342.5 23586.4 
0.76 10 9.62181 0 0 10401.3 14457.9 19342.5 -23586.4 
0.765 9.89843 10 0.216121 -7.93036e-13 20165.2 28716.2 5.07418 -2.30947e-10 
0.765 10 10.3782 0 0 10439.9 14508.3 19342.3 23711.1 
0.765 10 9.62181 0 0 10439.9 14508.3 19342.3 -23711.1 
0.77 9.89951 10 0.216494 -8.11476e-13 20255.9 28816.6 5.35542 -2.50194e-10 
0.77 10 10.3782 0 0 10479.4 14558.5 19342.2 23840.4 
0.77 10 9.62181 0 0 10479.4 14558.5 19342.2 -23840.4 
0.775 9.9006 10 0.216886 -8.30504e-13 20348.3 28916.5 5.63695 -2.87548e-10 
0.775 10 10.3782 0 0 10519.7 14608.5 19342 23964.4 
0.775 10 9.62181 0 0 10519.7 14608.5 19342 -23964.4 
0.78 9.90168 10 0.217299 -8.50153e-13 20442.5 29015.9 5.91886 -2.92073e-10 
0.78 10 10.3782 0 0 10561 14658.2 19341.8 24093.1 
0.78 10 9.62181 0 0 10561 14658.2 19341.8 -24093.1 
0.785 9.90277 10 0.217732 -8.70418e-13 20538.5 29114.8 6.20124 -2.85598e-10 
0.785 10 10.3782 0 0 10603.2 14707.6 19341.7 24216.3 
0.785 10 9.62181 0 0 10603.2 14707.6 19341.7 -24216.3 
0.79 9.90386 10 0.218185 -8.9132e-13 20636.3 29213.2 6.48418 -2.93586e-10 
0.79 10 10.3782 0 0 10646.3 14756.8 19341.5 24344.3 
0.79 10 9.62181 0 0 10646.3 14756.8 19341.5 -24344.3 
0.795 9.90495 10 0.218658 -9.12919e-13 20735.8 29311.1 6.76778 -3.08752e-10 
0.795 10 10.3782 0 0 10690.3 14805.8 19341.3 24466.9 
0.795 10 9.62181 0 0 10690.3 14805.8 19341.3 -24466.9 
0.8 9.90605 10 0.219152 -9.35304e-13 20837.3 29408.5 7.05211 -3.52912e-10 
0.8 10 10.3782 0 0 10735.3 14854.5 19341.1 24594.1 
0.8 10 9.62181 0 0 10735.3 14854.5 19341.1 -24594.1 
0.805 9.90714 10 0.219666 -9.5844e-13 20940.5 29505.3 7.33728 -3.16931e-10 
0.805 10 10.3782 0 0 10781.2 14902.9 19341 24715.9 
0.805 10 9.62181 0 0 10781.2 14902.9 19341 -24715.9 
0.81 9.90824 10 0.2202 -9.82374e-13 21045.6 29601.6 7.62335 -3.42684e-10 
0.81 10 10.3782 0 0 10828.1 14951 19340.8 24842.5 
0.81 10 9.62181 0 0 10828.1 14951 19340.8 -24842.5 
0.815 9.90935 10 0.220755 -1.00702e-12 21152.6 29697.4 7.91043 -3.46509e-10 
0.815 10 10.3782 0 0 10875.9 14998.9 19340.6 24963.6 
0.815 10 9.62181 0 0 10875.9 14998.9 19340.6 -24963.6 
0.82 9.91045 10 0.22133 -1.03257e-12 21261.4 29792.7 8.1986 -3.4657e-10 
0.82 10 10.3782 0 0 10924.7 15046.6 19340.4 25089.4 
0.82 10 9.62181 0 0 10924.7 15046.6 19340.4 -25089.4 
0.825 9.91156 10 0.221926 -1.05903e-12 21372.2 29887.3 8.48794 -3.57419e-10 
0.825 10 10.3782 0 0 10974.4 15093.9 19340.2 25209.8 
0.825 10 9.62181 0 0 10974.4 15093.9 19340.2 -25209.8 
0.83 9.91267 10 0.222543 -1.08643e-12 21484.9 29981.4 8.77854 -4.04515e-10 
0.83 10 10.3782 0 0 11025.1 15141 19340 25334.9 
0.83 10 9.62181 0 0 11025.1 15141 19340 -25334.9 
0.835 9.91378 10 0.22318 -1.11474e-12 21599.5 30075 9.07048 -3.96913e-10 
0.835 10 10.3782 0 0 11076.8 15187.7 19339.8 25454.7 
0.835 10 9.62181 0 0 11076.8 15187.7 19339.8 -25454.7 
0.84 9.9149 10 0.223839 -1.14423e-12 21716 30167.9 9.36385 -4.18251e-10 
0.84 10 10.3782 0 0 11129.5 15234.2 19339.6 25579 
0.84 10 9.62181 0 0 11129.5 15234.2 19339.6 -25579 
0.845 9.91602 10 0.224518 -1.17484e-12 21834.6 30260.3 9.65874 -4.28517e-10 
0.845 10 10.3782 0 0 11183.2 15280.4 19339.5 25698 
0.845 10 9.62181 0 0 11183.2 15280.4 19339.5 -25698 
0.85 9.91715 10 0.225218 -1.20655e-12 21955.1 30352 9.95522 -4.34992e-10 
0.85 10 10.3782 0 0 11237.9 15326.2 19339.3 25821.6 
0.85 10 9.62181 0 0 11237.9 15326.2 19339.3 -25821.6 
0.855 9.91827 10 0.22594 -1.2394e-12 22077.6 30443.1 10.2534 -4.48583e-10 
0.855 10 10.3782 0 0 11293.6 15371.8 19339.1 25939.9 
0.855 10 9.62181 0 0 11293.6 15371.8 19339.1 -25939.9 
0.86 9.91941 10 0.226683 -1.27357e-12 22202.1 30533.6 10.5533 -4.87455e-10 
0.86 10 10.3782 0 0 11350.3 15417 19338.9 26062.8 
0.86 10 9.62181 0 0 11350.3 15417 19338.9 -26062.8 
0.865 9.92054 10 0.227448 -1.30903e-12 22328.7 30623.4 10.8551 -5.11595e-10 
0.865 10 10.3782 0 0 11408.1 15462 19338.6 26180.3 
0.865 10 9.62181 0 0 11408.1 15462 19338.6 -26180.3 
0.87 9.92168 10 0.228234 -1.34595e-12 22457.3 30712.6 11.1588 -5.1734e-10 
0.87 10 10.3782 0 0 11466.9 15506.5 19338.4 26302.4 
0.87 10 9.62181 0 0 11466.9 15506.5 19338.4 -26302.4 
0.875 9.92282 10 0.229042 -1.38423e-12 22588 30801.1 11.4645 -5.51998e-10 
0.875 10 10.3782 0 0 11526.7 15550.8 19338.2 26419.2 
0.875 10 9.62181 0 0 11526.7 15550.8 19338.2 -26419.2 
0.88 9.92397 10 0.229872 -1.42409e-12 22720.8 30888.9 11.7723 -5.7916e-10 
0.88 10 10.3782 0 0 11587.7 15594.7 19338 26540.5 
0.88 10 9.62181 0 0 11587.7 15594.7 19338 -26540.5 
0.885 9.92512 10 0.230724 -1.46555e-12 22855.6 30976 12.0823 -5.95185e-10 
0.885 10 10.3782 0 0 11649.6 15638.3 19337.8 26656.5 
0.885 10 9.62181 0 0 11649.6 15638.3 19337.8 -26656.5 
0.89 9.92628 10 0.231598 -1.50876e-12 22992.6 31062.4 12.3946 -6.14601e-10 
0.89 10 10.3782 0 0 11712.7 15681.5 19337.6 26777 
0.89 10 9.62181 0 0 11712.7 15681.5 19337.6 -26777 
0.895 9.92744 10 0.232495 -1.55377e-12 23131.8 31148.1 12.7092 -6.33766e-10 
0.895 10 10.3782 0 0 11776.8 15724.3 19337.4 26892.1 
0.895 10 9.62181 0 0 11776.8 15724.3 19337.4 -26892.1 
0.9 9.9286 10 0.233414 -1.60061e-12 23273.1 31233 13.0263 -6.85416e-10 
0.9 10 10.3782 0 0 11842.1 15766.7 19337.1 27011.9 
0.9 10 9.62181 0 0 11842.1 15766.7 19337.1 -27011.9 
0.905 9.92977 10 0.234355 -1.64952e-12 23416.5 31317.1 13.3459 -7.04035e-10 
0.905 10 10.3782 0 0 11908.4 15808.8 19336.9 27126.2 
0.905 10 9.62181 0 0 11908.4 15808.8 19336.9 -27126.2 
0.91 9.93095 10 0.23532 -1.70047e-12 23562.2 31400.5 13.668 -7.36921e-10 
0.91 10 10.3782 0 0 11975.9 15850.5 19336.7 27245.1 
0.91 10 9.62181 0 0 11975.9 15850.5 19336.7 -27245.1 
0.915 9.93213 10 0.236308 -1.75366e-12 23710.1 31483 13.9929 -7.76767e-10 
0.915 10 10.3782 0 0 12044.4 15891.7 19336.5 27358.5 
0.915 10 9.62181 0 0 12044.4 15891.7 19336.5 -27358.5 
0.92 9.93331 10 0.237319 -1.80916e-12 23860.1 31564.8 14.3205 -8.09016e-10 
0.92 10 10.3782 0 0 12114.1 15932.6 19336.2 27476.5 
0.92 10 9.62181 0 0 12114.1 15932.6 19336.2 -27476.5 
0.925 9.9345 10 0.238354 -1.86718e-12 24012.5 31645.6 14.651 -8.4091e-10 
0.925 10 10.3782 0 0 12185 15973.1 19336 27589.1 
0.925 10 9.62181 0 0 12185 15973.1 19336 -27589.1 
0.93 9.93569 10 0.239412 -1.92794e-12 24167.1 31725.7 14.9845 -8.65146e-10 
0.93 10 10.3782 0 0 12257 16013.1 19335.7 27706.2 
0.93 10 9.62181 0 0 12257 16013.1 19335.7 -27706.2 
0.935 9.93689 10 0.240495 -1.99134e-12 24324 31804.8 15.3209 -9.07202e-10 
0.935 10 10.3782 0 0 12330.1 16052.6 19335.5 27817.8 
0.935 10 9.62181 0 0 12330.1 16052.6 19335.5 -27817.8 
0.94 9.9381 10 0.241601 -2.05767e-12 24483.1 31883 15.6605 -9.41572e-10 
0.94 10 10.3782 0 0 12404.5 16091.7 19335.3 27934 
0.94 10 9.62181 0 0 12404.5 16091.7 19335.3 -27934 
0.945 9.93931 10 0.242732 -2.1271e-12 24644.6 31960.3 16.0033 -9.82784e-10 
0.945 10 10.3782 0 0 12480 16130.4 19335 28044.6 
0.945 10 9.62181 0 0 12480 16130.4 19335 -28044.6 
0.95 9.94053 10 0.243887 -2.1998e-12 24808.4 32036.7 16.3493 -1.05992e-09 
0.95 10 10.3782 0 0 12556.7 16168.6 19334.8 28159.8 
0.95 10 9.62181 0 0 12556.7 16168.6 19334.8 -28159.8 
0.955 9.94175 10 0.245068 -2.27587e-12 24974.6 32112 16.6988 -1.10748e-09 
0.955 10 10.3782 0 0 12634.6 16206.2 19334.5 28269.4 
0.955 10 9.62181 0 0 12634.6 16206.2 19334.5 -28269.4 
0.96 9.94298 10 0.246273 -2.35564e-12 25143.1 32186.4 17.0516 -1.15452e-09 
0.96 10 10.3782 0 0 12713.7 16243.4 19334.2 28383.6 
0.96 10 9.62181 0 0 12713.7 16243.4 19334.2 -28383.6 
0.965 9.94421 10 0.247504 -2.43926e-12 25314 32259.7 17.4081 -1.20466e-09 
0.965 10 10.3782 0 0 12794 16280.1 19334 28492.2 
0.965 10 9.62181 0 0 12794 16280.1 19334 -28492.2 
0.97 9.94545 10 0.24876 -2.52698e-12 25487.3 32332 17.7682 -1.24695e-09 
0.97 10 10.3782 0 0 12875.5 16316.3 19333.7 28605.2 
0.97 10 9.62181 0 0 12875.5 16316.3 19333.7 -28605.2 
0.975 9.9467 10 0.250042 -2.61899e-12 25663 32403.3 18.132 -1.31774e-09 
0.975 10 10.3782 0 0 12958.3 16351.9 19333.4 28712.7 
0.975 10 9.62181 0 0 12958.3 16351.9 19333.4 -28712.7 
0.98 9.94795 10 0.25135 -2.71557e-12 25841.1 32473.4 18.4996 -1.38062e-09 
0.98 10 10.3782 0 0 13042.3 16386.9 19333.2 28824.7 
0.98 10 9.62181 0 0 13042.3 16386.9 19333.2 -28824.7 
0.985 9.94921 10 0.252685 -2.81705e-12 26021.7 32542.3 18.8711 -1.45008e-09 
0.985 10 10.3782 0 0 13127.6 16421.4 19332.9 28931 
0.985 10 9.62181 0 0 13127.6 16421.4 19332.9 -28931 
0.99 9.95048 10 0.254046 -2.92355e-12 26204.7 32610.2 19.2466 -1.51157e-09 
0.99 10 10.3782 0 0 13214.2 16455.3 19332.6 29041.8 
0.99 10 9.62181 0 0 13214.2 16455.3 19332.6 -29041.8 
0.995 9.95175 10 0.255435 -3.03551e-12 26390.2 32676.8 19.6262 -1.6014e-09 
0.995 10 10.3782 0 0 13302 16488.6 19332.3 29146.9 
0.995 10 9.62181 0 0 13302 16488.6 19332.3 -29146.9 
1 9.95303 10 0.25685 -3.15317e-12 26578.1 32742.2 20.01 -1.68315e-09 
1 10 10.3782 0 0 13391.1 16521.3 19332 29256.4 
1 10 9.62181 0 0 13391.1 16521.3 19332 -29256.4 
1.005 9.95432 10 0.258293 -3.27683e-12 26768.5 32806.3 20.398 -1.78226e-09 
1.005 10 10.3782 0 0 13481.5 16553.4 19331.7 29360.3 
1.005 10 9.62181 0 0 13481.5 16553.4 19331.7 -29360.3 
1.01 9.95562 10 0.259764 -3.4069e-12 26961.5 32869.2 20.7904 -1.85136e-09 
1.01 10 10.3782 0 0 13573.3 16584.8 19331.4 29468.5 
1.01 10 9.62181 0 0 13573.3 16584.8 19331.4 -29468.5 
1.015 9.95692 10 0.261263 -3.54376e-12 27156.9 32930.7 21.1873 -1.98136e-09 
1.015 10 10.3782 0 0 13666.3 16615.6 19331.1 29571 
1.015 10 9.62181 0 0 13666.3 16615.6 19331.1 -29571 
1.02 9.95823 10 0.262791 -3.68771e-12 27354.9 32990.9 21.5887 -2.07398e-09 
1.02 10 10.3782 0 0 13760.6 16645.7 19330.8 29677.8 
1.02 10 9.62181 0 0 13760.6 16645.7 19330.8 -29677.8 
1.025 9.95955 10 0.264348 -3.83916e-12 27555.4 33049.7 21.9947 -2.14737e-09 
1.025 10 10.3782 0 0 13856.3 16675.1 19330.5 29778.9 
1.025 10 9.62181 0 0 13856.3 16675.1 19330.5 -29778.9 
1.03 9.96087 10 0.265933 -3.9985e-12 27758.4 33107 22.4055 -2.29968e-09 
1.03 10 10.3782 0 0 13953.3 16703.7 19330.2 29884.2 
1.03 10 9.62181 0 0 13953.3 16703.7 19330.2 -29884.2 
1.035 9.96221 10 0.267549 -4.16619e-12 27964 33162.9 22.8211 -2.40718e-09 
1.035 10 10.3782 0 0 14051.7 16731.7 19329.9 29983.8 
1.035 10 9.62181 0 0 14051.7 16731.7 19329.9 -29983.8 
1.04 9.96355 10 0.269194 -4.34268e-12 28172.2 33217.3 23.2416 -2.52799e-09 
1.04 10 10.3782 0 0 14151.4 16758.9 19329.5 30087.7 
1.04 10 9.62181 0 0 14151.4 16758.9 19329.5 -30087.7 
1.045 9.9649 10 0.270869 -4.52838e-12 28382.9 33270.1 23.6671 -2.66206e-09 
1.045 10 10.3782 0 0 14252.4 16785.3 19329.2 30185.7 
1.045 10 9.62181 0 0 14252.4 16785.3 19329.2 -30185.7 
1.05 9.96626 10 0.272575 -4.72385e-12 28596.1 33321.4 24.0978 -2.80204e-09 
1.05 10 10.3782 0 0 14354.9 16810.9 19328.9 30287.9 
1.05 10 9.62181 0 0 14354.9 16810.9 19328.9 -30287.9 
1.055 9.96762 10 0.274312 -4.92938e-12 28812 33371 24.5337 -2.95881e-09 
1.055 10 10.3782 0 0 14458.7 16835.7 19328.5 30384.3 
1.055 10 9.62181 0 0 14458.7 16835.7 19328.5 -30384.3 
1.06 9.969 10 0.27608 -5.14542e-12 29030.4 33419 24.9749 -3.12502e-09 
1.06 10 10.3782 0 0 14563.9 16859.7 19328.2 30484.8 
1.06 10 9.62181 0 0 14563.9 16859.7 19328.2 -30484.8 
1.065 9.97038 10 0.27788 -5.37254e-12 29251.3 33465.2 25.4215 -3.26421e-09 
1.065 10 10.3782 0 0 14670.4 16882.8 19327.8 30579.4 
1.065 10 9.62181 0 0 14670.4 16882.8 19327.8 -30579.4 
1.07 9.97178 10 0.279711 -5.611e-12 29474.9 33509.7 25.8736 -3.42727e-09 
1.07 10 10.3782 0 0 14778.4 16905.1 19327.5 30678.1 
1.07 10 9.62181 0 0 14778.4 16905.1 19327.5 -30678.1 
1.075 9.97318 10 0.281576 -5.8615e-12 29701 33552.4 26.3314 -3.59957e-09 
1.075 10 10.3782 0 0 14887.8 16926.4 19327.1 30770.8 
1.075 10 9.62181 0 0 14887.8 16926.4 19327.1 -30770.8 
1.08 9.97459 10 0.283473 -6.12426e-12 29929.6 33593.2 26.7949 -3.75196e-09 
1.08 10 10.3782 0 0 14998.5 16946.8 19326.8 30867.6 
1.08 10 9.62181 0 0 14998.5 16946.8 19326.8 -30867.6 
1.085 9.97602 10 0.285404 -6.39971e-12 30160.8 33632.2 27.2642 -3.94987e-09 
1.085 10 10.3782 0 0 15110.7 16966.3 19326.4 30958.4 
1.085 10 9.62181 0 0 15110.7 16966.3 19326.4 -30958.4 
1.09 9.97745 10 0.287368 -6.68818e-12 30394.6 33669.1 27.7394 -4.14232e-09 
1.09 10 10.3782 0 0 15224.3 16984.8 19326 31053.1 
1.09 10 9.62181 0 0 15224.3 16984.8 19326 -31053.1 
1.095 9.97889 10 0.289367 -6.98993e-12 30630.9 33704.1 28.2207 -4.31835e-09 
1.095 10 10.3782 0 0 15339.3 17002.3 19325.6 31141.9 
1.095 10 9.62181 0 0 15339.3 17002.3 19325.6 -31141.9 
1.1 9.98034 10 0.2914 -7.30512e-12 30869.8 33737.1 28.7081 -4.51069e-09 
1.1 10 10.3782 0 0 15455.7 17018.8 19325.2 31234.5 
1.1 10 9.62181 0 0 15455.7 17018.8 19325.2 -31234.5 
1.105 9.9818 10 0.293468 -7.63367e-12 31111.2 33767.9 29.2017 -4.69753e-09 
1.105 10 10.3782 0 0 15573.6 17034.2 19324.9 31321 
1.105 10 9.62181 0 0 15573.6 17034.2 19324.9 -31321 
1.11 9.98328 10 0.295572 -7.97589e-12 31355 33796.6 29.7017 -4.88245e-09 
1.11 10 10.3782 0 0 15692.8 17048.5 19324.5 31411.4 
1.11 10 9.62181 0 0 15692.8 17048.5 19324.5 -31411.4 
1.115 9.98476 10 0.297711 -8.33149e-12 31601.4 33823 30.2082 -5.09097e-09 
1.115 10 10.3782 0 0 15813.5 17061.8 19324.1 31495.6 
1.115 10 9.62181 0 0 15813.5 17061.8 19324.1 -31495.6 
1.12 9.98625 10 0.299887 -8.7002e-12 31850.2 33847.2 30.7213 -5.22852e-09 
1.12 10 10.3782 0 0 15935.6 17073.9 19323.6 31583.6 
1.12 10 9.62181 0 0 15935.6 17073.9 19323.6 -31583.6 
1.125 9.98776 10 0.3021 -9.08145e-12 32101.5 33869.1 31.241 -5.42981e-09 
1.125 10 10.3782 0 0 16059.1 17084.8 19323.2 31665.4 
1.125 10 9.62181 0 0 16059.1 17084.8 19323.2 -31665.4 
1.13 9.98928 10 0.304351 -9.47468e-12 32355.2 33888.6 31.7676 -5.57485e-09 
1.13 10 10.3782 0 0 16184.1 17094.5 19322.8 31750.8 
1.13 10 9.62181 0 0 16184.1 17094.5 19322.8 -31750.8 
1.135 9.9908 10 0.306639 -9.87891e-12 32611.3 33905.6 32.3011 -5.74745e-09 
1.135 10 10.3782 0 0 16310.5 17103 19322.4 31830 
1.135 10 9.62181 0 0 16310.5 17103 19322.4 -31830 
1.14 9.99234 10 0.308965 -1.02929e-11 32869.7 33920.2 32.8416 -5.84229e-09 
1.14 10 10.3782 0 0 16438.2 17110.3 19322 31912.8 
1.14 10 9.62181 0 0 16438.2 17110.3 19322 -31912.8 
1.145 9.99389 10 0.31133 -1.07153e-11 33130.5 33932.1 33.3893 -5.95778e-09 
1.145 10 10.3782 0 0 16567.4 17116.3 19321.5 31989.3 
1.145 10 9.62181 0 0 16567.4 17116.3 19321.5 -31989.3 
1.15 9.99546 10 0.313735 -1.11443e-11 33393.6 33941.5 33.9443 -6.03596e-09 
1.15 10 10.3782 0 0 16698 17121 19321.1 32069.3 
1.15 10 9.62181 0 0 16698 17121 19321.1 -32069.3 
1.155 9.99703 10 0.31618 -1.15779e-11 33659 33948.1 34.5067 -6.10258e-09 
1.155 10 10.3782 0 0 16830 17124.3 19320.6 32142.9 
1.155 10 9.62181 0 0 16830 17124.3 19320.6 -32142.9 
1.16 9.99862 10 0.318665 -1.20135e-11 33926.6 33952 35.0766 -6.11073e-09 
1.16 10 10.3782 0 0 16963.4 17126.2 19320.2 32219.9 
1.16 10 9.62181 0 0 16963.4 17126.2 19320.2 -32219.9 
1.165 10.0002 10 0.321191 -1.24482e-11 34196.3 33953 35.6542 -6.07533e-09 
1.165 10 10.3782 0 0 17098.2 17126.7 19319.7 32290.5 
1.165 10 9.62181 0 0 17098.2 17126.7 19319.7 -32290.5 
1.17 10.0018 10 0.323759 -1.28787e-11 34468.2 33951.2 36.2395 -5.98231e-09 
1.17 10 10.3782 0 0 17234.3 17125.8 19319.2 32364.4 
1.17 10 9.62181 0 0 17234.3 17125.8 19319.2 -32364.4 
1.175 10.0035 10 0.326368 -1.33015e-11 34742.2 33946.4 36.8328 -5.854e-09 
1.175 10 10.3782 0 0 17371.8 17123.4 19318.7 32431.7 
1.175 10 9.62181 0 0 17371.8 17123.4 19318.7 -32431.7 
1.18 10.0051 10 0.329021 -1.37126e-11 35018.2 33938.5 37.4342 -5.66548e-09 
1.18 10 10.3782 0 0 17510.7 17119.5 19318.3 32502.4 
1.18 10 9.62181 0 0 17510.7 17119.5 19318.3 -32502.4 
1.185 10.0067 10 0.331716 -1.41072e-11 35296.2 33927.5 38.0438 -5.38831e-09 
1.185 10 10.3782 0 0 17650.9 17114 19317.8 32566.3 
1.185 10 9.62181 0 0 17650.9 17114 19317.8 -32566.3 
1.19 10.0084 10 0.334456 -1.44808e-11 35576 33913.4 38.6618 -5.03769e-09 
1.19 10 10.3782 0 0 17792.4 17106.9 19317.3 32633.5 
1.19 10 9.62181 0 0 17792.4 17106.9 19317.3 -32633.5 
1.195 10.0101 10 0.337239 -1.48283e-11 35857.7 33896 39.2882 -4.66162e-09 
1.195 10 10.3782 0 0 17935.2 17098.2 19316.7 32693.8 
1.195 10 9.62181 0 0 17935.2 17098.2 19316.7 -32693.8 
1.2 10.0118 10 0.340068 -1.51441e-11 36141.2 33875.3 39.9234 -4.16265e-09 
1.2 10 10.3782 0 0 18079.4 17087.9 19316.2 32757.4 
1.2 10 9.62181 0 0 18079.4 17087.9 19316.2 -32757.4 
1.205 10.0135 10 0.342943 -1.5423e-11 36426.3 33851.1 40.5673 -3.63248e-09 
1.205 10 10.3782 0 0 18224.7 17075.8 19315.7 32814 
1.205 10 9.62181 0 0 18224.7 17075.8 19315.7 -32814 
1.21 10.0152 10 0.345864 -1.56593e-11 36713.1 33823.5 41.2203 -2.98093e-09 
1.21 10 10.3782 0 0 18371.4 17062 19315.2 32873.7 
1.21 10 9.62181 0 0 18371.4 17062 19315.2 -32873.7 
1.215 10.0169 10 0.348832 -1.58475e-11 37001.3 33792.3 41.8824 -2.29247e-09 
1.215 10 10.3782 0 0 18519.2 17046.4 19314.6 32926.4 
1.215 10 9.62181 0 0 18519.2 17046.4 19314.6 -32926.4 
1.22 10.0187 10 0.351847 -1.59822e-11 37291.1 33757.5 42.5538 -1.51326e-09 
1.22 10 10.3782 0 0 18668.3 17029 19314.1 32982 
1.22 10 9.62181 0 0 18668.3 17029 19314.1 -32982 
1.225 10.0205 10 0.354911 -1.60586e-11 37582.1 33719 43.2348 -6.40352e-10 
1.225 10 10.3782 0 0 18818.6 17009.7 19313.5 33030.6 
1.225 10 9.62181 0 0 18818.6 17009.7 19313.5 -33030.6 
1.23 10.0222 10 0.358024 -1.60722e-11 37874.4 33676.6 43.9255 2.60143e-10 
1.23 10 10.3782 0 0 18970 16988.6 19313 33082 
1.23 10 9.62181 0 0 18970 16988.6 19313 -33082 
1.235 10.024 10 0.361187 -1.60192e-11 38167.9 33630.4 44.6262 1.22407e-09 
1.235 10 10.3782 0 0 19122.5 16965.5 19312.4 33126.2 
1.235 10 9.62181 0 0 19122.5 16965.5 19312.4 -33126.2 
1.24 10.0259 10 0.364399 -1.58968e-11 38462.3 33580.3 45.337 2.21466e-09 
1.24 10 10.3782 0 0 19276.1 16940.4 19311.8 33173.2 
1.24 10 9.62181 0 0 19276.1 16940.4 19311.8 -33173.2 
1.245 10.0277 10 0.367663 -1.5703e-11 38757.7 33526.1 46.0581 3.22073e-09 
1.245 10 10.3782 0 0 19430.7 16913.3 19311.2 33212.8 
1.245 10 9.62181 0 0 19430.7 16913.3 19311.2 -33212.8 
1.25 10.0295 10 0.370979 -1.54373e-11 39053.9 33467.7 46.7899 4.23491e-09 
1.25 10 10.3782 0 0 19586.4 16884.1 19310.6 33255.1 
1.25 10 9.62181 0 0 19586.4 16884.1 19310.6 -33255.1 
1.255 10.0314 10 0.374348 -1.51001e-11 39350.7 33405.2 47.5324 5.20271e-09 
1.255 10 10.3782 0 0 19743.1 16852.8 19310 33290 
1.255 10 9.62181 0 0 19743.1 16852.8 19310 -33290 
1.26 10.0333 10 0.37777 -1.46935e-11 39648.1 33338.4 48.2861 6.16807e-09 
1.26 10 10.3782 0 0 19900.7 16819.4 19309.4 33327.4 
1.26 10 9.62181 0 0 19900.7 16819.4 19309.4 -33327.4 
1.265 10.0352 10 0.381246 -1.4221e-11 39945.9 33267.1 49.0512 7.06598e-09 
1.265 10 10.3782 0 0 20059.2 16783.8 19308.8 33357.3 
1.265 10 9.62181 0 0 20059.2 16783.8 19308.8 -33357.3 
1.27 10.0371 10 0.384778 -1.36873e-11 40243.9 33191.5 49.8279 7.86804e-09 
1.27 10 10.3782 0 0 20218.5 16746 19308.2 33389.6 
1.27 10 9.62181 0 0 20218.5 16746 19308.2 -33389.6 
1.275 10.039 10 0.388365 -1.30988e-11 40542.1 33111.3 50.6166 8.58601e-09 
1.275 10 10.3782 0 0 20378.7 16705.9 19307.5 33414.3 
1.275 10 9.62181 0 0 20378.7 16705.9 19307.5 -33414.3 
1.28 10.041 10 0.392009 -1.2463e-11 40840.2 33026.5 51.4176 9.21732e-09 
1.28 10 10.3782 0 0 20539.6 16663.5 19306.9 33441.3 
1.28 10 9.62181 0 0 20539.6 16663.5 19306.9 -33441.3 
1.285 10.0429 10 0.395711 -1.17882e-11 41138.1 32936.9 52.2313 9.69038e-09 
1.285 10 10.3782 0 0 20701.2 16618.7 19306.2 33460.6 
1.285 10 9.62181 0 0 20701.2 16618.7 19306.2 -33460.6 
1.29 10.0449 10 0.399471 -1.10841e-11 41435.6 32842.6 53.058 9.99198e-09 
1.29 10 10.3782 0 0 20863.5 16571.5 19305.5 33482 
1.29 10 9.62181 0 0 20863.5 16571.5 19305.5 -33482 
1.295 10.0469 10 0.403291 -1.03605e-11 41732.5 32743.4 53.8981 1.02108e-08 
1.295 10 10.3782 0 0 21026.4 16521.9 19304.8 33495.6 
1.295 10 9.62181 0 0 21026.4 16521.9 19304.8 -33495.6 
1.3 10.049 10 0.407171 -9.62753e-12 42028.8 32639.3 54.752 1.02719e-08 
1.3 10 10.3782 0 0 21189.8 16469.9 19304.1 33511.2 
1.3 10 9.62181 0 0 21189.8 16469.9 19304.1 -33511.2 
1.305 10.051 10 0.411113 -8.89547e-12 42324.1 32530.1 55.6202 1.01913e-08 
1.305 10 10.3782 0 0 21353.7 16415.3 19303.4 33518.9 
1.305 10 9.62181 0 0 21353.7 16415.3 19303.4 -33518.9 
1.31 10.0531 10 0.415117 -8.17399e-12 42618.3 32415.8 56.5032 9.9993e-09 
1.31 10 10.3782 0 0 21518 16358.1 19302.7 33528.5 
1.31 10 9.62181 0 0 21518 16358.1 19302.7 -33528.5 
1.315 10.0552 10 0.419185 -7.47205e-12 42911.2 32296.3 57.4014 9.65364e-09 
1.315 10 10.3782 0 0 21682.7 16298.4 19302 33530.1 
1.315 10 9.62181 0 0 21682.7 16298.4 19302 -33530.1 
1.32 10.0573 10 0.423317 -6.79769e-12 43202.6 32171.5 58.3155 9.22089e-09 
1.32 10 10.3782 0 0 21847.6 16236 19301.2 33533.4 
1.32 10 9.62181 0 0 21847.6 16236 19301.2 -33533.4 
1.325 10.0594 10 0.427516 -6.15771e-12 43492.3 32041.3 59.246 8.70929e-09 
1.325 10 10.3782 0 0 22012.7 16170.9 19300.4 33528.6 
1.325 10 9.62181 0 0 22012.7 16170.9 19300.4 -33528.6 
1.33 10.0615 10 0.431782 -5.55754e-12 43780 31905.8 60.1936 8.09775e-09 
1.33 10 10.3782 0 0 22178 16103.1 19299.7 33525.5 
1.33 10 9.62181 0 0 22178 16103.1 19299.7 -33525.5 
1.335 10.0637 10 0.436116 -5.00097e-12 44065.6 31764.7 61.1589 7.49232e-09 
1.335 10 10.3782 0 0 22343.3 16032.6 19298.9 33514.1 
1.335 10 9.62181 0 0 22343.3 16032.6 19298.9 -33514.1 
1.34 10.0659 10 0.440519 -4.49051e-12 44348.8 31618.1 62.1427 6.80239e-09 
1.34 10 10.3782 0 0 22508.6 15959.3 19298.1 33504.4 
1.34 10 9.62181 0 0 22508.6 15959.3 19298.1 -33504.4 
1.345 10.0681 10 0.444994 -4.02714e-12 44629.3 31465.8 63.1458 6.15544e-09 
1.345 10 10.3782 0 0 22673.8 15883.1 19297.3 33486.2 
1.345 10 9.62181 0 0 22673.8 15883.1 19297.3 -33486.2 
1.35 10.0704 10 0.44954 -3.61064e-12 44907 31307.8 64.1691 5.49685e-09 
1.35 10 10.3782 0 0 22838.7 15804.1 19296.4 33469.5 
1.35 10 9.62181 0 0 22838.7 15804.1 19296.4 -33469.5 
1.355 10.0726 10 0.454161 -3.23948e-12 45181.5 31144 65.2134 4.89191e-09 
1.355 10 10.3782 0 0 23003.4 15722.2 19295.6 33444.3 
1.355 10 9.62181 0 0 23003.4 15722.2 19295.6 -33444.3 
1.36 10.0749 10 0.458857 -2.91135e-12 45452.7 30974.4 66.2797 4.30391e-09 
1.36 10 10.3782 0 0 23167.7 15637.4 19294.7 33420.5 
1.36 10 9.62181 0 0 23167.7 15637.4 19294.7 -33420.5 
1.365 10.0772 10 0.46363 -2.62318e-12 45720.2 30798.8 67.3693 3.74696e-09 
1.365 10 10.3782 0 0 23331.6 15549.6 19293.9 33388 
1.365 10 9.62181 0 0 23331.6 15549.6 19293.9 -33388 
1.37 10.0795 10 0.468482 -2.37143e-12 45983.9 30617.3 68.4831 3.2788e-09 
1.37 10 10.3782 0 0 23494.9 15458.9 19293 33356.9 
1.37 10 9.62181 0 0 23494.9 15458.9 19293 -33356.9 
1.375 10.0819 10 0.473414 -2.15234e-12 46243.3 30429.8 69.6224 2.84067e-09 
1.375 10 10.3782 0 0 23657.5 15365.1 19292 33317.1 
1.375 10 9.62181 0 0 23657.5 15365.1 19292 -33317.1 
1.38 10.0843 10 0.478429 -1.96195e-12 46498.4 30236.2 70.7887 2.49387e-09 
1.38 10 10.3782 0 0 23819.4 15268.3 19291.1 33278.4 
1.38 10 9.62181 0 0 23819.4 15268.3 19291.1 -33278.4 
1.385 10.0867 10 0.483527 -1.79664e-12 46748.7 30036.5 71.9834 2.13966e-09 
1.385 10 10.3782 0 0 23980.4 15168.5 19290.2 33231 
1.385 10 9.62181 0 0 23980.4 15168.5 19290.2 -33231 
1.39 10.0891 10 0.488713 -1.65285e-12 46994 29830.7 73.2081 1.88306e-09 
1.39 10 10.3782 0 0 24140.4 15065.6 19289.2 33184.7 
1.39 10 9.62181 0 0 24140.4 15065.6 19289.2 -33184.7 
1.395 10.0916 10 0.493986 -1.52736e-12 47234.1 29618.6 74.4645 1.6363e-09 
1.395 10 10.3782 0 0 24299.3 14959.5 19288.2 33129.5 
1.395 10 9.62181 0 0 24299.3 14959.5 19288.2 -33129.5 
1.4 10.094 10 0.499351 -1.41731e-12 47468.5 29400.3 75.7544 1.43899e-09 
1.4 10 10.3782 0 0 24457.1 14850.4 19287.2 33075.3 
1.4 10 9.62181 0 0 24457.1 14850.4 19287.2 -33075.3 
1.405 10.0966 10 0.504809 -1.32027e-12 47697.1 29175.7 77.08 1.26897e-09 
1.405 10 10.3782 0 0 24613.6 14738.1 19286.1 33012.2 
1.405 10 9.62181 0 0 24613.6 14738.1 19286.1 -33012.2 
1.41 10.0991 10 0.510363 -1.23413e-12 47919.6 28944.9 78.4433 1.14413e-09 
1.41 10 10.3782 0 0 24768.6 14622.7 19285.1 32950.1 
1.41 10 9.62181 0 0 24768.6 14622.7 19285.1 -32950.1 
1.415 10.1017 10 0.516016 -1.15707e-12 48135.6 28707.7 79.8468 1.01693e-09 
1.415 10 10.3782 0 0 24922.2 14504.1 19284 32879 
1.415 10 9.62181 0 0 24922.2 14504.1 19284 -32879 
1.42 10.1043 10 0.521771 -1.08764e-12 48344.8 28464.2 81.2931 9.16255e-10 
1.42 10 10.3782 0 0 25074 14382.3 19282.8 32808.8 
1.42 10 9.62181 0 0 25074 14382.3 19282.8 -32808.8 
1.425 10.1069 10 0.527631 -1.02473e-12 48547 28214.3 82.785 8.27411e-10 
1.425 10 10.3782 0 0 25224.2 14257.4 19281.7 32729.5 
1.425 10 9.62181 0 0 25224.2 14257.4 19281.7 -32729.5 
1.43 10.1095 10 0.533599 -9.67351e-13 48741.8 27958.1 84.3254 7.57531e-10 
1.43 10 10.3782 0 0 25372.4 14129.3 19280.5 32651.1 
1.43 10 9.62181 0 0 25372.4 14129.3 19280.5 -32651.1 
1.435 10.1122 10 0.539679 -9.14695e-13 48929 27695.6 85.9178 7.21055e-10 
1.435 10 10.3782 0 0 25518.7 13998 19279.3 32563.6 
1.435 10 9.62181 0 0 25518.7 13998 19279.3 -32563.6 
1.44 10.1149 10 0.545874 -8.66239e-13 49108.2 27426.7 87.5658 6.63339e-10 
1.44 10 10.3782 0 0 25662.8 13863.6 19278 32477 
1.44 10 9.62181 0 0 25662.8 13863.6 19278 -32477 
1.445 10.1177 10 0.552189 -8.21346e-13 49279.2 27151.4 89.2732 6.24312e-10 
1.445 10 10.3782 0 0 25804.8 13725.9 19276.7 32381.3 
1.445 10 9.62181 0 0 25804.8 13725.9 19276.7 -32381.3 
1.45 10.1205 10 0.558629 -7.79701e-13 49441.6 26869.9 91.0443 5.60273e-10 
1.45 10 10.3782 0 0 25944.3 13585.2 19275.4 32286.4 
1.45 10 9.62181 0 0 25944.3 13585.2 19275.4 -32286.4 
1.455 10.1233 10 0.565197 -7.40875e-13 49595.2 26582 92.8838 5.33009e-10 
1.455 10 10.3782 0 0 26081.4 13441.2 19274 32182.4 
1.455 10 9.62181 0 0 26081.4 13441.2 19274 -32182.4 
1.46 10.1261 10 0.5719 -7.04673e-13 49739.6 26287.9 94.7968 4.84285e-10 
1.46 10 10.3782 0 0 26215.9 13294.2 19272.6 32079.2 
1.46 10 9.62181 0 0 26215.9 13294.2 19272.6 -32079.2 
1.465 10.129 10 0.578742 -6.70808e-13 49874.6 25987.6 96.7887 4.64992e-10 
1.465 10 10.3782 0 0 26347.6 13144 19271.1 31966.9 
1.465 10 9.62181 0 0 26347.6 13144 19271.1 -31966.9 
1.47 10.1319 10 0.585729 -6.39078e-13 49999.9 25681.1 98.8658 4.27807e-10 
1.47 10 10.3782 0 0 26476.5 12990.8 19269.6 31855.5 
1.47 10 9.62181 0 0 26476.5 12990.8 19269.6 -31855.5 
1.475 10.1348 10 0.592867 -6.09276e-13 50115.1 25368.5 101.034 4.09083e-10 
1.475 10 10.3782 0 0 26602.5 12834.5 19268 31735 
1.475 10 9.62181 0 0 26602.5 12834.5 19268 -31735 
1.48 10.1378 10 0.600165 -5.8131e-13 50220.1 25049.8 103.302 3.68787e-10 
1.48 10 10.3782 0 0 26725.4 12675.1 19266.3 31615.4 
1.48 10 9.62181 0 0 26725.4 12675.1 19266.3 -31615.4 
1.485 10.1408 10 0.607627 -5.54996e-13 50314.6 24725.1 105.677 3.43275e-10 
1.485 10 10.3782 0 0 26845.1 12512.8 19264.6 31486.8 
1.485 10 9.62181 0 0 26845.1 12512.8 19264.6 -31486.8 
1.49 10.1439 10 0.615264 -5.30186e-13 50398.2 24394.4 108.167 3.21612e-10 
1.49 10 10.3782 0 0 26961.5 12347.4 19262.8 31359.2 
1.49 10 9.62181 0 0 26961.5 12347.4 19262.8 -31359.2 
1.495 10.147 10 0.623083 -5.0679e-13 50470.8 24057.9 110.782 3.07422e-10 
1.495 10 10.3782 0 0 27074.4 12179.2 19261 31222.6 
1.495 10 9.62181 0 0 27074.4 12179.2 19261 -31222.6 
1.5 10.1501 10 0.631093 -4.84707e-13 50532 23715.6 113.533 2.97055e-10 
1.5 10 10.3782 0 0 27183.9 12008.1 19259.1 31087.1 
1.5 10 9.62181 0 0 27183.9 12008.1 19259.1 -31087.1 
1.505 10.1533 10 0.639305 -4.6386e-13 50581.7 23367.7 116.431 2.75946e-10 
1.505 10 10.3782 0 0 27289.7 11834.1 19257 30942.8 
1.505 10 9.62181 0 0 27289.7 11834.1 19257 -30942.8 
1.51 10.1565 10 0.64773 -4.44185e-13 50619.6 23014.2 119.489 2.65915e-10 
1.51 10 10.3782 0 0 27391.7 11657.3 19254.9 30799.6 
1.51 10 9.62181 0 0 27391.7 11657.3 19254.9 -30799.6 
1.515 10.1598 10 0.656379 -4.25508e-13 50645.5 22655.2 122.721 2.56025e-10 
1.515 10 10.3782 0 0 27489.9 11477.8 19252.7 30647.6 
1.515 10 9.62181 0 0 27489.9 11477.8 19252.7 -30647.6 
1.52 10.1631 10 0.665266 -4.0788e-13 50659.1 22290.8 126.142 2.49919e-10 
1.52 10 10.3782 0 0 27584.2 11295.6 19250.4 30497 
1.52 10 9.62181 0 0 27584.2 11295.6 19250.4 -30497 
1.525 10.1664 10 0.674404 -3.91223e-13 50660.3 21921.2 129.771 2.25758e-10 
1.525 10 10.3782 0 0 27674.5 11110.8 19247.9 30337.8 
1.525 10 9.62181 0 0 27674.5 11110.8 19247.9 -30337.8 
1.53 10.1698 10 0.68381 -3.754e-13 50648.8 21546.5 133.625 2.08991e-10 
1.53 10 10.3782 0 0 27760.6 10923.5 19245.3 30180.1 
1.53 10 9.62181 0 0 27760.6 10923.5 19245.3 -30180.1 
1.535 10.1733 10 0.6935 -3.6042e-13 50624.5 21166.8 137.727 2.03256e-10 
1.535 10 10.3782 0 0 27842.4 10733.6 19242.6 30013.9 
1.535 10 9.62181 0 0 27842.4 10733.6 19242.6 -30013.9 
1.54 10.1768 10 0.703492 -3.46214e-13 50587.2 20782.3 142.101 2.08543e-10 
1.54 10 10.3782 0 0 27920 10541.4 19239.7 29849.4 
1.54 10 9.62181 0 0 27920 10541.4 19239.7 -29849.4 
1.545 10.1803 10 0.713807 -3.32769e-13 50536.8 20393 146.772 1.81195e-10 
1.545 10 10.3782 0 0 27993.2 10346.7 19236.6 29676.6 
1.545 10 9.62181 0 0 27993.2 10346.7 19236.6 -29676.6 
1.55 10.1839 10 0.724467 -3.20057e-13 50473 19999.3 151.77 1.57587e-10 
1.55 10 10.3782 0 0 28062 10149.9 19233.4 29505.7 
1.55 10 9.62181 0 0 28062 10149.9 19233.4 -29505.7 
1.555 10.1876 10 0.735497 -3.07925e-13 50395.8 19601.1 157.129 1.63164e-10 
1.555 10 10.3782 0 0 28126.2 9950.77 19229.9 29326.8 
1.555 10 9.62181 0 0 28126.2 9950.77 19229.9 -29326.8 
1.56 10.1913 10 0.746924 -2.96437e-13 50304.9 19198.7 162.888 1.56099e-10 
1.56 10 10.3782 0 0 28185.9 9749.57 19226.3 29150 
1.56 10 9.62181 0 0 28185.9 9749.57 19226.3 -29150 
1.565 10.195 10 0.758777 -2.85607e-13 50200.3 18792.2 169.087 1.52764e-10 
1.565 10 10.3782 0 0 28240.9 9546.33 19222.3 28965.4 
1.565 10 9.62181 0 0 28240.9 9546.33 19222.3 -28965.4 
1.57 10.1988 10 0.77109 -2.75267e-13 50081.9 18381.8 175.775 1.40402e-10 
1.57 10 10.3782 0 0 28291.3 9341.14 19218.1 28783.2 
1.57 10 9.62181 0 0 28291.3 9341.14 19218.1 -28783.2 
1.575 10.2027 10 0.783901 -2.65559e-13 49949.5 17967.7 183.008 1.2631e-10 
1.575 10 10.3782 0 0 28336.8 9134.09 19213.6 28593.4 
1.575 10 9.62181 0 0 28336.8 9134.09 19213.6 -28593.4 
1.58 10.2067 10 0.797249 -2.56335e-13 49803 17550.1 190.847 1.25019e-10 
1.58 10 10.3782 0 0 28377.6 8925.26 19208.8 28406.3 
1.58 10 9.62181 0 0 28377.6 8925.26 19208.8 -28406.3 
1.585 10.2107 10 0.811181 -2.47616e-13 49642.3 17129 199.365 1.23798e-10 
1.585 10 10.3782 0 0 28413.6 8714.75 19203.5 28212 
1.585 10 9.62181 0 0 28413.6 8714.75 19203.5 -28212 
1.59 10.2148 10 0.825748 -2.39372e-13 49467.4 16704.8 208.642 1.2992e-10 
1.59 10 10.3782 0 0 28444.7 8502.63 19197.9 28020.7 
1.59 10 9.62181 0 0 28444.7 8502.63 19197.9 -28020.7 
1.595 10.219 10 0.841007 -2.31599e-13 49278.1 16277.5 218.775 1.05185e-10 
1.595 10 10.3782 0 0 28470.8 8289 19191.7 27822.5 
1.595 10 9.62181 0 0 28470.8 8289 19191.7 -27822.5 
1.6 10.2232 10 0.857024 -2.24271e-13 49074.3 15847.5 229.874 1.11435e-10 
1.6 10 10.3782 0 0 28492.1 8073.96 19185.1 27627.5 
1.6 10 9.62181 0 0 28492.1 8073.96 19185.1 -27627.5 
1.605 10.2275 10 0.873872 -2.17373e-13 48855.9 15414.7 242.066 8.50027e-11 
1.605 10 10.3782 0 0 28508.3 7857.58 19177.8 27426 
1.605 10 9.62181 0 0 28508.3 7857.58 19177.8 -27426 
1.61 10.232 10 0.891635 -2.10906e-13 48622.7 14979.5 255.502 8.40973e-11 
1.61 10 10.3782 0 0 28519.6 7639.96 19169.8 27228.1 
1.61 10 9.62181 0 0 28519.6 7639.96 19169.8 -27228.1 
1.615 10.2365 10 0.910406 -2.0482e-13 48374.7 14541.9 270.358 7.05123e-11 
1.615 10 10.3782 0 0 28525.8 7421.18 19161.1 27023.9 
1.615 10 9.62181 0 0 28525.8 7421.18 19161.1 -27023.9 
1.62 10.2411 10 0.930296 -1.99209e-13 48111.6 14102.2 286.845 6.97268e-11 
1.62 10 10.3782 0 0 28526.9 7201.33 19151.5 26823.7 
1.62 10 9.62181 0 0 28526.9 7201.33 19151.5 -26823.7 
1.625 10.2458 10 0.951429 -1.94009e-13 47833.3 13660.5 305.212 6.17227e-11 
1.625 10 10.3782 0 0 28522.8 6980.49 19140.8 26617.7 
1.625 10 9.62181 0 0 28522.8 6980.49 19140.8 -26617.7 
1.63 10.2506 10 0.97395 -1.89192e-13 47539.4 13217 325.759 7.01433e-11 
1.63 10 10.3782 0 0 28513.5 6758.73 19128.9 26415.8 
1.63 10 9.62181 0 0 28513.5 6758.73 19128.9 -26415.8 
1.635 10.2555 10 0.998026 -1.84804e-13 47229.6 12771.8 348.849 6.2253e-11 
1.635 10 10.3782 0 0 28498.9 6536.14 19115.7 26208.5 
1.635 10 9.62181 0 0 28498.9 6536.14 19115.7 -26208.5 
1.64 10.2606 10 1.02386 -1.80817e-13 46903.6 12325.1 374.923 4.16857e-11 
1.64 10 10.3782 0 0 28478.8 6312.78 19100.9 26005.6 
1.64 10 9.62181 0 0 28478.8 6312.78 19100.9 -26005.6 
1.645 10.2657 10 1.05167 -1.77287e-13 46560.7 11876.9 404.526 4.84676e-11 
1.645 10 10.3782 0 0 28453 6088.7 19084.1 25797.4 
1.645 10 9.62181 0 0 28453 6088.7 19084.1 -25797.4 
1.65 10.2711 10 1.08175 -1.74197e-13 46200.4 11427.5 438.331 4.25779e-11 
1.65 10 10.3782 0 0 28421.3 5863.97 19065.1 25594 
1.65 10 9.62181 0 0 28421.3 5863.97 19065.1 -25594 
1.655 10.2766 10 1.11441 -1.71583e-13 45821.7 10976.8 477.183 4.94879e-11 
1.655 10 10.3782 0 0 28383.4 5638.62 19043.4 25385.2 
1.655 10 9.62181 0 0 28383.4 5638.62 19043.4 -25385.2 
1.66 10.2822 10 1.15006 -1.69472e-13 45423.5 10524.9 522.155 2.00883e-11 
1.66 10 10.3782 0 0 28338.7 5412.68 19018.4 25181.2 
1.66 10 9.62181 0 0 28338.7 5412.68 19018.4 -25181.2 
1.665 10.2881 10 1.18918 -1.67908e-13 45004.3 10071.9 574.622 1.25932e-11 
1.665 10 10.3782 0 0 28286.6 5186.16 18989.4 24971.6 
1.665 10 9.62181 0 0 28286.6 5186.16 18989.4 -24971.6 
1.67 10.2941 10 1.23237 -1.66986e-13 44562.2 9617.68 636.375 -6.63542e-12 
1.67 10 10.3782 0 0 28226.2 4959.07 18955.5 24766.1 
1.67 10 9.62181 0 0 28226.2 4959.07 18955.5 -24766.1 
1.675 10.3004 10 1.28037 -1.66738e-13 44094.6 9162.29 709.778 1.152e-11 
1.675 10 10.3782 0 0 28156.2 4731.38 18915.5 24554.2 
1.675 10 9.62181 0 0 28156.2 4731.38 18915.5 -24554.2 
1.68 10.3069 10 1.33412 -1.6726e-13 43597.9 8705.57 798.009 -1.5692e-11 
1.68 10 10.3782 0 0 28074.8 4503.02 18867.6 24345 
1.68 10 9.62181 0 0 28074.8 4503.02 18867.6 -24345 
1.685 10.3138 10 1.39482 -1.68735e-13 43067.3 8247.35 905.418 -3.91326e-11 
1.685 10 10.3782 0 0 27979.5 4273.91 18809.7 24126.9 
1.685 10 9.62181 0 0 27979.5 4273.91 18809.7 -24126.9 
1.69 10.3209 10 1.46406 -1.71369e-13 42496.1 7787.34 1038.09 -4.51304e-11 
1.69 10 10.3782 0 0 27866.3 4043.9 18738.5 23907.8 
1.69 10 9.62181 0 0 27866.3 4043.9 18738.5 -23907.8 
1.695 10.3284 10 1.54393 -1.75377e-13 41874.7 7325.14 1204.75 -7.27639e-11 
1.695 10 10.3782 0 0 27729.8 3812.8 18649.6 23674 
1.695 10 9.62181 0 0 27729.8 3812.8 18649.6 -23674 
1.7 10.3364 10 1.63728 -1.81168e-13 41188.8 6860.21 1418.24 -8.28671e-11 
1.7 10 10.3782 0 0 27561.3 3580.33 18536.3 23429.8 
1.7 10 9.62181 0 0 27561.3 3580.33 18536.3 -23429.8 
1.705 10.3448 10 1.74811 -1.89321e-13 40417.4 6391.77 1698.13 -1.33567e-10 
1.705 10 10.3782 0 0 27347.5 3346.12 18388.6 23156.3 
1.705 10 9.62181 0 0 27347.5 3346.12 18388.6 -23156.3 
1.71 10.3539 10 1.88217 -2.00602e-13 39527.1 5918.78 2075.34 -1.99746e-10 
1.71 10 10.3782 0 0 27066.4 3109.62 18190.6 22848 
1.71 10 9.62181 0 0 27066.4 3109.62 18190.6 -22848 
1.715 10.3637 10 2.04809 -2.16378e-13 38463.3 5439.76 2600.92 -2.71207e-10 
1.715 10 10.3782 0 0 26681.3 2870.11 17916.2 22468.6 
1.715 10 9.62181 0 0 26681.3 2870.11 17916.2 -22468.6 
1.72 10.3744 10 2.25933 -2.38918e-13 37132 4952.65 3363.87 -3.73099e-10 
1.72 10 10.3782 0 0 26126.3 2626.56 17519.9 21980 
1.72 10 9.62181 0 0 26126.3 2626.56 17519.9 -21980 
1.725 10.3864 10 2.53811 -2.71979e-13 35360.2 4454.49 4529.57 -5.64014e-10 
1.725 10 10.3782 0 0 25276.1 2377.48 16917.6 21278.6 
1.725 10 9.62181 0 0 25276.1 2377.48 16917.6 -21278.6 
1.73 10.4 10 2.92364 -3.23289e-13 32802.5 3940.91 6431.13 -9.14266e-10 
1.73 10 10.3782 0 0 23872.8 2120.69 15939.8 20179 
1.73 10 9.62181 0 0 23872.8 2120.69 15939.8 -20179 
1.735 10.4159 10 3.49126 -4.08658e-13 28695.2 3405.26 9811.01 -1.60627e-09 
1.735 10 10.3782 0 0 21327 1852.86 14210.2 18215.9 
1.735 10 9.62181 0 0 21327 1852.86 14210.2 -18215.9 
1.74 10.4355 10 4.40294 -5.68346e-13 21108 2837.04 16559 -3.18714e-09 
1.74 10 10.3782 0 0 16095.6 1568.75 10772.4 14185.6 
1.74 10 9.62181 0 0 16095.6 1568.75 10772.4 -14185.6 
1.745 10.4612 10 6.06438 -9.27844e-13 4195.04 2219.3 32432.6 -7.92649e-09 
1.745 10 10.3782 0 0 3307.82 1259.88 2719.37 4163.78 
1.745 10 9.62181 0 0 3307.82 1259.88 2719.37 -4163.78 
1.75 10.4979 10 8.61288 -1.01818e-12 0 1548.45 35358.7 4.14776e-11 
1.75 10 10.3782 0 0 0 924.454 1077.9 1165.96 
1.75 10 9.62181 0 0 0 924.454 1077.9 -1165.96 
1.755 10.5472 10 11.0942 -1.01339e-12 0 940.005 34144.7 8.95797e-11 
1.755 10 10.3782 0 0 0 620.234 1511.21 784.411 
1.755 10 9.62181 0 0 0 620.234 1511.21 -784.411 
1.76 10.6087 10 13.4958 -1.00585e-12 0 494.116 33142 1.18225e-10 
1.76 10 10.3782 0 0 0 397.289 1844.44 528.957 
1.76 10 9.62181 0 0 0 397.289 1844.44 -528.957 
1.765 10.682 10 15.8349 -9.96859e-13 0 224.075 32392.8 1.31561e-10 
1.765 10 10.3782 0 0 0 262.269 2055.31 383.092 
1.765 10 9.62181 0 0 0 262.269 2055.31 -383.092 
1.77 10.7669 10 18.1283 -9.87278e-13 0 87.462 31850.2 1.35776e-10 
1.77 10 10.3782 0 0 0 193.962 2166.07 319.636 
1.77 10 9.62181 0 0 0 193.962 2166.07 -319.636 
1.775 10.8632 10 20.388 -9.77548e-13 0 29.3565 31436.7 1.36244e-10 
1.775 10 10.3782 0 0 0 164.909 2214.66 291.78 
1.775 10 9.62181 0 0 0 164.909 2214.66 -291.78 
1.78 10.9708 10 22.6208 -9.67844e-13 0 8.4753 31088.3 1.35372e-10 
1.78 10 10.3782 0 0 0 154.469 2232.56 286.079 
1.78 10 9.62181 0 0 0 154.469 2232.56 -286.079 
1.785 11.0894 10 24.8298 -9.58217e-13 0 2.10708 30767.9 1.3413e-10 
1.785 10 10.3782 0 0 0 151.285 2238.12 281.328 
1.785 10 9.62181 0 0 0 151.285 2238.12 -281.328 
