0 9.4 10 0 0 0 153.21 4066.15 0 
0 10 10.5445 0 0 0 78.9521 386.925 101.468 
0 10 9.45545 0 0 0 78.9521 386.925 -101.468 
0 9.40072 10 0.288963 0 0 154.239 4024.42 0 
0 10 10.5445 0 0 0 79.4668 387.585 102.185 
0 10 9.45545 0 0 0 79.4668 387.585 -102.185 
0.005 9.40288 10 0.574863 0 0 157.351 3980.41 0 
0.005 10 10.5445 0 0 0 81.0227 389.574 103.376 
0.005 10 9.45545 0 0 0 81.0227 389.574 -103.376 
0.01 9.40647 10 0.857538 0 0 162.637 3934.09 0 
0.01 10 10.5445 0 0 0 83.6657 392.947 108.05 
0.01 10 9.45545 0 0 0 83.6657 392.947 -108.05 
0.015 9.41145 10 1.13682 0 0 170.267 3885.31 0 
0.015 10 10.5445 0 0 0 87.4809 397.787 112.43 
0.015 10 9.45545 0 0 0 87.4809 397.787 -112.43 
0.02 9.41783 10 1.41252 0 0 180.496 3833.81 0 
0.02 10 10.5445 0 0 0 92.5956 404.236 120.632 
0.02 10 9.45545 0 0 0 92.5956 404.236 -120.632 
0.025 9.42557 10 1.68443 0 0 193.675 3779.28 0 
0.025 10 10.5445 0 0 0 99.1851 412.469 129.027 
0.025 10 9.45545 0 0 0 99.1851 412.469 -129.027 
0.03 9.43467 10 1.95233 0 0 210.265 3721.26 0 
0.03 10 10.5445 0 0 0 107.48 422.726 141.903 
0.03 10 9.45545 0 0 0 107.48 422.726 -141.903 
0.035 9.44509 10 2.21595 0 0 230.852 3659.22 0 
0.035 10 10.5445 0 0 0 117.773 435.289 155.837 
0.035 10 9.45545 0 0 0 117.773 435.289 -155.837 
0.04 9.45682 10 2.47497 0 0 256.179 3592.52 0 
0.04 10 10.5445 0 0 0 130.437 450.511 175.365 
0.04 10 9.45545 0 0 0 130.437 450.511 -175.365 
0.045 9.46983 10 2.72903 0 0 287.161 3520.38 0 
0.045 10 10.5445 0 0 0 145.928 468.795 197.363 
0.045 10 9.45545 0 0 0 145.928 468.795 -197.363 
0.05 9.4841 10 2.97773 0 0 324.926 3441.92 0 
0.05 10 10.5445 0 0 0 164.811 490.615 226.735 
0.05 10 9.45545 0 0 0 164.811 490.615 -226.735 
0.055 9.4996 10 3.22056 0 0 370.838 3356.18 0 
0.055 10 10.5445 0 0 0 187.767 516.485 260.797 
0.055 10 9.45545 0 0 0 187.767 516.485 -260.797 
0.06 9.51629 10 3.45698 0 0 426.532 3262.12 0 
0.06 10 10.5445 0 0 0 215.613 546.968 304.973 
0.06 10 9.45545 0 0 0 215.613 546.968 -304.973 
0.065 9.53416 10 3.68636 0 0 493.936 3158.71 0 
0.065 10 10.5445 0 0 0 249.315 582.615 357.191 
0.065 10 9.45545 0 0 0 249.315 582.615 -357.191 
0.07 9.55315 10 3.90798 0 0 575.281 3045.03 0 
0.07 10 10.5445 0 0 0 289.988 623.941 423.56 
0.07 10 9.45545 0 0 0 289.988 623.941 -423.56 
0.075 9.57322 10 4.1211 0 0 673.089 2920.45 0 
0.075 10 10.5445 0 0 0 338.892 671.313 502.746 
0.075 10 9.45545 0 0 0 338.892 671.313 -502.746 
0.08 9.59434 10 4.32493 0 0 790.113 2784.81 0 
0.08 10 10.5445 0 0 0 397.404 724.865 601.602 
0.08 10 9.45545 0 0 0 397.404 724.865 -601.602 
0.085 9.61645 10 4.51868 0 0 929.231 2638.79 0 
0.085 10 10.5445 0 0 0 466.963 784.307 719.451 
0.085 10 9.45545 0 0 0 466.963 784.307 -719.451 
0.09 9.63951 10 4.70169 0 0 1093.25 2484.26 0 
0.09 10 10.5445 0 0 0 548.972 848.763 863.586 
0.09 10 9.45545 0 0 0 548.972 848.763 -863.586 
0.095 9.66345 10 4.87346 0 0 1284.63 2324.71 0 
0.095 10 10.5445 0 0 0 644.66 916.515 1033.36 
0.095 10 9.45545 0 0 0 644.66 916.515 -1033.36 
0.1 9.68823 10 5.0338 0 0 1505.07 2165.69 0 
0.1 10 10.5445 0 0 0 754.883 984.801 1235.44 
0.1 10 9.45545 0 0 0 754.883 984.801 -1235.44 
0.105 9.71377 10 5.18304 0 0 1755.07 2015.18 0 
0.105 10 10.5445 0 0 0 879.884 1049.6 1467.62 
0.105 10 9.45545 0 0 0 879.884 1049.6 -1467.62 
0.11 9.74004 10 5.32214 0 0 2033.33 1883.72 0 
0.11 10 10.5445 0 0 0 1019.01 1105.6 1733.83 
0.11 10 9.45545 0 0 0 1019.01 1105.6 -1733.83 
0.115 9.7665 10 5.05244 0 15369.8 2330.72 -13531.5 0 
0.115 10 10.5445 0 0 8361.55 1167.71 8832.02 -1273.48 
0.115 10 9.45545 0 0 8361.55 1167.71 8832.02 1273.48 
0.12 9.78856 10 3.66568 0 24222 2586.77 -22230.8 0 
0.12 10 10.5445 0 0 12991.9 1295.73 13278.7 -2427.53 
0.12 10 9.45545 0 0 12991.9 1295.73 13278.7 2427.53 
0.125 9.80309 10 2.20583 0 19609.5 2757.07 -17416.8 0 
0.125 10 10.5445 0 0 10426.1 1380.88 10973.9 -1100.42 
0.125 10 9.45545 0 0 10426.1 1380.88 10973.9 1100.42 
0.13 9.81145 10 1.2285 0 12497.3 2854.98 -10157.5 0 
0.13 10 10.5445 0 0 6612.61 1429.84 7412.72 382.252 
0.13 10 9.45545 0 0 6612.61 1429.84 7412.72 -382.252 
0.135 9.81612 10 0.697333 0 7584.77 2909.37 -5160.95 0 
0.135 10 10.5445 0 0 4002.76 1457.03 4951.64 1320.08 
0.135 10 9.45545 0 0 4002.76 1457.03 4951.64 -1320.08 
0.14 9.81887 10 0.436185 0 4923.76 2941.37 -2456.72 0 
0.14 10 10.5445 0 0 2594.49 1473.03 3617.81 1815.72 
0.14 10 9.45545 0 0 2594.49 1473.03 3617.81 -1815.72 
0.145 9.82071 10 0.313663 0 3626.16 2962.65 -1137.47 0 
0.145 10 10.5445 0 0 1908.83 1483.67 2966.77 2058.52 
0.145 10 9.45545 0 0 1908.83 1483.67 2966.77 -2058.52 
0.15 9.82212 10 0.257096 0 3025.72 2978.96 -525.749 0 
0.15 10 10.5445 0 0 1591.53 1491.83 2664.88 2178.98 
0.15 10 9.45545 0 0 1591.53 1491.83 2664.88 -2178.98 
0.155 9.82333 10 0.230708 0 2756.29 2992.95 -249.798 0 
0.155 10 10.5445 0 0 1448.86 1498.82 2528.75 2239.41 
0.155 10 9.45545 0 0 1448.86 1498.82 2528.75 -2239.41 
0.16 9.82445 10 0.217831 0 2638.16 3005.85 -127.245 0 
0.16 10 10.5445 0 0 1385.93 1505.27 2468.37 2275.46 
0.16 10 9.45545 0 0 1385.93 1505.27 2468.37 -2275.46 
0.165 9.82552 10 0.210934 0 2587.62 3018.18 -73.1779 0 
0.165 10 10.5445 0 0 1358.61 1511.44 2441.82 2297.78 
0.165 10 9.45545 0 0 1358.61 1511.44 2441.82 -2297.78 
0.17 9.82656 10 0.206677 0 2566.82 3030.18 -49.1963 0 
0.17 10 10.5445 0 0 1346.93 1517.44 2430.13 2316.84 
0.17 10 9.45545 0 0 1346.93 1517.44 2430.13 -2316.84 
0.175 9.82759 10 0.203602 0 2558.94 3041.96 -38.2722 0 
0.175 10 10.5445 0 0 1342.07 1523.33 2424.88 2331.59 
0.175 10 9.45545 0 0 1342.07 1523.33 2424.88 -2331.59 
0.18 9.8286 10 0.201079 0 2556.67 3053.56 -32.9687 0 
0.18 10 10.5445 0 0 1340.16 1529.13 2422.41 2347.19 
0.18 10 9.45545 0 0 1340.16 1529.13 2422.41 -2347.19 
0.185 9.8296 10 0.198836 0 2556.83 3065.01 -30.0795 0 
0.185 10 10.5445 0 0 1339.54 1534.85 2421.12 2360.27 
0.185 10 9.45545 0 0 1339.54 1534.85 2421.12 -2360.27 
0.19 9.83059 10 0.196757 0 2558.08 3076.31 -28.2379 0 
0.19 10 10.5445 0 0 1339.51 1540.5 2420.35 2374.98 
0.19 10 9.45545 0 0 1339.51 1540.5 2420.35 -2374.98 
0.195 9.83157 10 0.194791 0 2559.84 3087.49 -26.8665 0 
0.195 10 10.5445 0 0 1339.75 1546.09 2419.8 2387.49 
0.195 10 9.45545 0 0 1339.75 1546.09 2419.8 -2387.49 
0.2 9.83253 10 0.192914 0 2561.88 3098.53 -25.7225 0 
0.2 10 10.5445 0 0 1340.14 1551.61 2419.36 2401.78 
0.2 10 9.45545 0 0 1340.14 1551.61 2419.36 -2401.78 
0.205 9.83349 10 0.191113 0 2564.09 3109.45 -24.7034 0 
0.205 10 10.5445 0 0 1340.64 1557.07 2418.97 2413.94 
0.205 10 9.45545 0 0 1340.64 1557.07 2418.97 -2413.94 
0.21 9.83445 10 0.189383 0 2566.43 3120.25 -23.765 0 
0.21 10 10.5445 0 0 1341.21 1562.47 2418.63 2427.91 
0.21 10 9.45545 0 0 1341.21 1562.47 2418.63 -2427.91 
0.215 9.83539 10 0.187717 0 2568.89 3130.94 -22.8874 0 
0.215 10 10.5445 0 0 1341.85 1567.82 2418.3 2439.78 
0.215 10 9.45545 0 0 1341.85 1567.82 2418.3 -2439.78 
0.22 9.83632 10 0.186112 0 2571.44 3141.51 -22.0603 0 
0.22 10 10.5445 0 0 1342.54 1573.1 2418 2453.46 
0.22 10 9.45545 0 0 1342.54 1573.1 2418 -2453.46 
0.225 9.83725 10 0.184564 0 2574.08 3151.98 -21.2779 0 
0.225 10 10.5445 0 0 1343.29 1578.34 2417.72 2465.05 
0.225 10 9.45545 0 0 1343.29 1578.34 2417.72 -2465.05 
0.23 9.83817 10 0.183071 0 2576.81 3162.34 -20.5359 0 
0.23 10 10.5445 0 0 1344.1 1583.52 2417.45 2478.47 
0.23 10 9.45545 0 0 1344.1 1583.52 2417.45 -2478.47 
0.235 9.83908 10 0.18163 0 2579.63 3172.59 -19.8311 0 
0.235 10 10.5445 0 0 1344.95 1588.64 2417.2 2489.81 
0.235 10 9.45545 0 0 1344.95 1588.64 2417.2 -2489.81 
0.24 9.83999 10 0.180237 0 2582.52 3182.75 -19.1609 0 
0.24 10 10.5445 0 0 1345.85 1593.72 2416.96 2502.98 
0.24 10 9.45545 0 0 1345.85 1593.72 2416.96 -2502.98 
0.245 9.84088 10 0.178892 0 2585.49 3192.81 -18.5228 0 
0.245 10 10.5445 0 0 1346.81 1598.75 2416.74 2514.08 
0.245 10 9.45545 0 0 1346.81 1598.75 2416.74 -2514.08 
0.25 9.84177 10 0.177591 0 2588.54 3202.78 -17.9146 0 
0.25 10 10.5445 0 0 1347.8 1603.74 2416.53 2527.02 
0.25 10 9.45545 0 0 1347.8 1603.74 2416.53 -2527.02 
0.255 9.84266 10 0.176332 0 2591.67 3212.65 -17.3343 0 
0.255 10 10.5445 0 0 1348.84 1608.67 2416.32 2537.89 
0.255 10 9.45545 0 0 1348.84 1608.67 2416.32 -2537.89 
0.26 9.84354 10 0.175114 0 2594.86 3222.43 -16.7801 0 
0.26 10 10.5445 0 0 1349.92 1613.56 2416.13 2550.61 
0.26 10 9.45545 0 0 1349.92 1613.56 2416.13 -2550.61 
0.265 9.84441 10 0.173934 0 2598.12 3232.13 -16.2504 0 
0.265 10 10.5445 0 0 1351.05 1618.41 2415.95 2561.27 
0.265 10 9.45545 0 0 1351.05 1618.41 2415.95 -2561.27 
0.27 9.84528 10 0.172792 0 2601.45 3241.74 -15.7436 0 
0.27 10 10.5445 0 0 1352.21 1623.22 2415.78 2573.78 
0.27 10 9.45545 0 0 1352.21 1623.22 2415.78 -2573.78 
0.275 9.84614 10 0.171685 0 2604.84 3251.27 -15.2583 0 
0.275 10 10.5445 0 0 1353.41 1627.98 2415.61 2584.24 
0.275 10 9.45545 0 0 1353.41 1627.98 2415.61 -2584.24 
0.28 9.84699 10 0.170611 0 2608.3 3260.71 -14.7932 0 
0.28 10 10.5445 0 0 1354.65 1632.7 2415.45 2596.56 
0.28 10 9.45545 0 0 1354.65 1632.7 2415.45 -2596.56 
0.285 9.84784 10 0.169571 0 2611.82 3270.08 -14.3472 0 
0.285 10 10.5445 0 0 1355.93 1637.39 2415.3 2606.83 
0.285 10 9.45545 0 0 1355.93 1637.39 2415.3 -2606.83 
0.29 9.84869 10 0.168561 0 2615.4 3279.36 -13.9191 0 
0.29 10 10.5445 0 0 1357.24 1642.03 2415.16 2618.97 
0.29 10 9.45545 0 0 1357.24 1642.03 2415.16 -2618.97 
0.295 9.84953 10 0.167582 0 2619.04 3288.58 -13.5078 0 
0.295 10 10.5445 0 0 1358.59 1646.64 2415.02 2629.05 
0.295 10 9.45545 0 0 1358.59 1646.64 2415.02 -2629.05 
0.3 9.85037 10 0.166631 0 2622.74 3297.71 -13.1126 0 
0.3 10 10.5445 0 0 1359.98 1651.2 2414.89 2641.01 
0.3 10 9.45545 0 0 1359.98 1651.2 2414.89 -2641.01 
0.305 9.8512 10 0.165708 0 2626.49 3306.78 -12.7323 0 
0.305 10 10.5445 0 0 1361.39 1655.74 2414.76 2650.93 
0.305 10 9.45545 0 0 1361.39 1655.74 2414.76 -2650.93 
0.31 9.85202 10 0.164812 0 2630.3 3315.77 -12.3664 0 
0.31 10 10.5445 0 0 1362.84 1660.23 2414.65 2662.72 
0.31 10 9.45545 0 0 1362.84 1660.23 2414.65 -2662.72 
0.315 9.85284 10 0.163941 0 2634.16 3324.69 -12.0138 0 
0.315 10 10.5445 0 0 1364.33 1664.69 2414.53 2672.47 
0.315 10 9.45545 0 0 1364.33 1664.69 2414.53 -2672.47 
0.32 9.85366 10 0.163096 0 2638.08 3333.54 -11.6741 0 
0.32 10 10.5445 0 0 1365.84 1669.12 2414.42 2684.09 
0.32 10 9.45545 0 0 1365.84 1669.12 2414.42 -2684.09 
0.325 9.85448 10 0.162273 0 2642.05 3342.33 -11.3464 0 
0.325 10 10.5445 0 0 1367.38 1673.51 2414.31 2693.69 
0.325 10 9.45545 0 0 1367.38 1673.51 2414.31 -2693.69 
0.33 9.85528 10 0.161474 0 2646.08 3351.05 -11.0303 0 
0.33 10 10.5445 0 0 1368.96 1677.87 2414.21 2705.16 
0.33 10 9.45545 0 0 1368.96 1677.87 2414.21 -2705.16 
0.335 9.85609 10 0.160697 0 2650.15 3359.7 -10.725 0 
0.335 10 10.5445 0 0 1370.57 1682.2 2414.11 2714.61 
0.335 10 9.45545 0 0 1370.57 1682.2 2414.11 -2714.61 
0.34 9.85689 10 0.159942 0 2654.28 3368.29 -10.43 0 
0.34 10 10.5445 0 0 1372.2 1686.49 2414.02 2725.93 
0.34 10 9.45545 0 0 1372.2 1686.49 2414.02 -2725.93 
0.345 9.85769 10 0.159207 0 2658.45 3376.82 -10.145 0 
0.345 10 10.5445 0 0 1373.87 1690.76 2413.93 2735.23 
0.345 10 9.45545 0 0 1373.87 1690.76 2413.93 -2735.23 
0.35 9.85848 10 0.158492 0 2662.67 3385.28 -9.86923 0 
0.35 10 10.5445 0 0 1375.56 1694.99 2413.84 2746.42 
0.35 10 9.45545 0 0 1375.56 1694.99 2413.84 -2746.42 
0.355 9.85927 10 0.157797 0 2666.95 3393.69 -9.60242 0 
0.355 10 10.5445 0 0 1377.28 1699.19 2413.75 2755.58 
0.355 10 9.45545 0 0 1377.28 1699.19 2413.75 -2755.58 
0.36 9.86006 10 0.157121 0 2671.27 3402.03 -9.34411 0 
0.36 10 10.5445 0 0 1379.03 1703.36 2413.67 2766.63 
0.36 10 9.45545 0 0 1379.03 1703.36 2413.67 -2766.63 
0.365 9.86085 10 0.156462 0 2675.63 3410.32 -9.0939 0 
0.365 10 10.5445 0 0 1380.81 1707.51 2413.59 2775.66 
0.365 10 9.45545 0 0 1380.81 1707.51 2413.59 -2775.66 
0.37 9.86163 10 0.155821 0 2680.05 3418.54 -8.85141 0 
0.37 10 10.5445 0 0 1382.61 1711.62 2413.52 2786.58 
0.37 10 9.45545 0 0 1382.61 1711.62 2413.52 -2786.58 
0.375 9.8624 10 0.155197 0 2684.51 3426.72 -8.6163 0 
0.375 10 10.5445 0 0 1384.44 1715.71 2413.44 2795.48 
0.375 10 9.45545 0 0 1384.44 1715.71 2413.44 -2795.48 
0.38 9.86318 10 0.15459 0 2689.01 3434.83 -8.38824 0 
0.38 10 10.5445 0 0 1386.3 1719.76 2413.37 2806.27 
0.38 10 9.45545 0 0 1386.3 1719.76 2413.37 -2806.27 
0.385 9.86395 10 0.153999 0 2693.56 3442.89 -8.1669 0 
0.385 10 10.5445 0 0 1388.18 1723.79 2413.3 2815.05 
0.385 10 9.45545 0 0 1388.18 1723.79 2413.3 -2815.05 
0.39 9.86472 10 0.153423 0 2698.16 3450.9 -7.95201 0 
0.39 10 10.5445 0 0 1390.09 1727.8 2413.24 2825.72 
0.39 10 9.45545 0 0 1390.09 1727.8 2413.24 -2825.72 
0.395 9.86548 10 0.152863 0 2702.8 3458.85 -7.74326 0 
0.395 10 10.5445 0 0 1392.02 1731.77 2413.17 2834.38 
0.395 10 9.45545 0 0 1392.02 1731.77 2413.17 -2834.38 
0.4 9.86625 10 0.152317 0 2707.49 3466.75 -7.54042 0 
0.4 10 10.5445 0 0 1393.98 1735.72 2413.11 2844.93 
0.4 10 9.45545 0 0 1393.98 1735.72 2413.11 -2844.93 
0.405 9.86701 10 0.151785 0 2712.21 3474.59 -7.34322 0 
0.405 10 10.5445 0 0 1395.96 1739.64 2413.04 2853.48 
0.405 10 9.45545 0 0 1395.96 1739.64 2413.04 -2853.48 
0.41 9.86777 10 0.151268 0 2716.99 3482.39 -7.15142 0 
0.41 10 10.5445 0 0 1397.97 1743.54 2412.99 2863.92 
0.41 10 9.45545 0 0 1397.97 1743.54 2412.99 -2863.92 
0.415 9.86852 10 0.150764 0 2721.8 3490.13 -6.96481 0 
0.415 10 10.5445 0 0 1400.01 1747.41 2412.93 2872.35 
0.415 10 9.45545 0 0 1400.01 1747.41 2412.93 -2872.35 
0.42 9.86927 10 0.150273 0 2726.66 3497.82 -6.78318 0 
0.42 10 10.5445 0 0 1402.06 1751.26 2412.87 2882.68 
0.42 10 9.45545 0 0 1402.06 1751.26 2412.87 -2882.68 
0.425 9.87002 10 0.149795 0 2731.56 3505.47 -6.60631 0 
0.425 10 10.5445 0 0 1404.14 1755.08 2412.82 2891 
0.425 10 9.45545 0 0 1404.14 1755.08 2412.82 -2891 
0.43 9.87077 10 0.149329 0 2736.5 3513.06 -6.43402 0 
0.43 10 10.5445 0 0 1406.25 1758.88 2412.76 2901.23 
0.43 10 9.45545 0 0 1406.25 1758.88 2412.76 -2901.23 
0.435 9.87152 10 0.148875 0 2741.48 3520.61 -6.26613 0 
0.435 10 10.5445 0 0 1408.38 1762.65 2412.71 2909.45 
0.435 10 9.45545 0 0 1408.38 1762.65 2412.71 -2909.45 
0.44 9.87226 10 0.148434 0 2746.51 3528.11 -6.10246 0 
0.44 10 10.5445 0 0 1410.53 1766.4 2412.66 2919.57 
0.44 10 9.45545 0 0 1410.53 1766.4 2412.66 -2919.57 
0.445 9.873 10 0.148003 0 2751.57 3535.56 -5.94285 0 
0.445 10 10.5445 0 0 1412.71 1770.13 2412.61 2927.69 
0.445 10 9.45545 0 0 1412.71 1770.13 2412.61 -2927.69 
0.45 9.87374 10 0.147585 0 2756.68 3542.96 -5.78715 0 
0.45 10 10.5445 0 0 1414.9 1773.83 2412.56 2937.71 
0.45 10 9.45545 0 0 1414.9 1773.83 2412.56 -2937.71 
0.455 9.87448 10 0.147177 0 2761.83 3550.32 -5.6352 0 
0.455 10 10.5445 0 0 1417.13 1777.51 2412.51 2945.73 
0.455 10 9.45545 0 0 1417.13 1777.51 2412.51 -2945.73 
0.46 9.87521 10 0.146779 0 2767.02 3557.64 -5.48686 0 
0.46 10 10.5445 0 0 1419.37 1781.16 2412.47 2955.65 
0.46 10 9.45545 0 0 1419.37 1781.16 2412.47 -2955.65 
0.465 9.87594 10 0.146393 0 2772.25 3564.9 -5.34199 0 
0.465 10 10.5445 0 0 1421.64 1784.8 2412.42 2963.58 
0.465 10 9.45545 0 0 1421.64 1784.8 2412.42 -2963.58 
0.47 9.87668 10 0.146016 0 2777.52 3572.13 -5.20048 0 
0.47 10 10.5445 0 0 1423.93 1788.41 2412.38 2973.41 
0.47 10 9.45545 0 0 1423.93 1788.41 2412.38 -2973.41 
0.475 9.8774 10 0.14565 0 2782.82 3579.3 -5.06219 0 
0.475 10 10.5445 0 0 1426.24 1792 2412.33 2981.24 
0.475 10 9.45545 0 0 1426.24 1792 2412.33 -2981.24 
0.48 9.87813 10 0.145293 0 2788.17 3586.44 -4.927 0 
0.48 10 10.5445 0 0 1428.57 1795.57 2412.29 2990.98 
0.48 10 9.45545 0 0 1428.57 1795.57 2412.29 -2990.98 
0.485 9.87886 10 0.144946 0 2793.56 3593.53 -4.79481 0 
0.485 10 10.5445 0 0 1430.93 1799.11 2412.25 2998.71 
0.485 10 9.45545 0 0 1430.93 1799.11 2412.25 -2998.71 
0.49 9.87958 10 0.144608 0 2798.99 3600.58 -4.66551 0 
0.49 10 10.5445 0 0 1433.3 1802.64 2412.21 3008.36 
0.49 10 9.45545 0 0 1433.3 1802.64 2412.21 -3008.36 
0.495 9.8803 10 0.144279 0 2804.46 3607.58 -4.53899 0 
0.495 10 10.5445 0 0 1435.7 1806.14 2412.17 3016.01 
0.495 10 9.45545 0 0 1435.7 1806.14 2412.17 -3016.01 
0.5 9.88102 10 0.143959 0 2809.96 3614.54 -4.41515 0 
0.5 10 10.5445 0 0 1438.13 1809.62 2412.13 3025.58 
0.5 10 9.45545 0 0 1438.13 1809.62 2412.13 -3025.58 
0.505 9.88174 10 0.143648 0 2815.51 3621.47 -4.29391 0 
0.505 10 10.5445 0 0 1440.57 1813.08 2412.09 3033.14 
0.505 10 9.45545 0 0 1440.57 1813.08 2412.09 -3033.14 
0.51 9.88246 10 0.143346 0 2821.1 3628.34 -4.17517 0 
0.51 10 10.5445 0 0 1443.03 1816.52 2412.05 3042.61 
0.51 10 9.45545 0 0 1443.03 1816.52 2412.05 -3042.61 
0.515 9.88318 10 0.143052 0 2826.72 3635.18 -4.05884 0 
0.515 10 10.5445 0 0 1445.52 1819.94 2412.01 3050.09 
0.515 10 9.45545 0 0 1445.52 1819.94 2412.01 -3050.09 
0.52 9.88389 10 0.142766 0 2832.38 3641.98 -3.94485 0 
0.52 10 10.5445 0 0 1448.02 1823.34 2411.98 3059.49 
0.52 10 9.45545 0 0 1448.02 1823.34 2411.98 -3059.49 
0.525 9.8846 10 0.142488 0 2838.08 3648.74 -3.8331 0 
0.525 10 10.5445 0 0 1450.55 1826.72 2411.94 3066.88 
0.525 10 9.45545 0 0 1450.55 1826.72 2411.94 -3066.88 
0.53 9.88532 10 0.142218 0 2843.82 3655.45 -3.72354 0 
0.53 10 10.5445 0 0 1453.1 1830.07 2411.91 3076.19 
0.53 10 9.45545 0 0 1453.1 1830.07 2411.91 -3076.19 
0.535 9.88603 10 0.141956 0 2849.6 3662.13 -3.61607 0 
0.535 10 10.5445 0 0 1455.67 1833.41 2411.87 3083.51 
0.535 10 9.45545 0 0 1455.67 1833.41 2411.87 -3083.51 
0.54 9.88674 10 0.141702 0 2855.41 3668.76 -3.51064 0 
0.54 10 10.5445 0 0 1458.26 1836.73 2411.84 3092.74 
0.54 10 9.45545 0 0 1458.26 1836.73 2411.84 -3092.74 
0.545 9.88744 10 0.141455 0 2861.27 3675.36 -3.40718 0 
0.545 10 10.5445 0 0 1460.88 1840.03 2411.8 3099.98 
0.545 10 9.45545 0 0 1460.88 1840.03 2411.8 -3099.98 
0.55 9.88815 10 0.141215 0 2867.16 3681.92 -3.30561 0 
0.55 10 10.5445 0 0 1463.51 1843.31 2411.77 3109.13 
0.55 10 9.45545 0 0 1463.51 1843.31 2411.77 -3109.13 
0.555 9.88886 10 0.140982 0 2873.09 3688.44 -3.20589 0 
0.555 10 10.5445 0 0 1466.16 1846.57 2411.73 3116.29 
0.555 10 9.45545 0 0 1466.16 1846.57 2411.73 -3116.29 
0.56 9.88956 10 0.140757 0 2879.06 3694.92 -3.10794 0 
0.56 10 10.5445 0 0 1468.84 1849.81 2411.7 3125.37 
0.56 10 9.45545 0 0 1468.84 1849.81 2411.7 -3125.37 
0.565 9.89026 10 0.140538 0 2885.06 3701.36 -3.01172 0 
0.565 10 10.5445 0 0 1471.53 1853.03 2411.67 3132.45 
0.565 10 9.45545 0 0 1471.53 1853.03 2411.67 -3132.45 
0.57 9.89097 10 0.140327 0 2891.11 3707.76 -2.91716 0 
0.57 10 10.5445 0 0 1474.25 1856.23 2411.64 3141.46 
0.57 10 9.45545 0 0 1474.25 1856.23 2411.64 -3141.46 
0.575 9.89167 10 0.140122 0 2897.19 3714.13 -2.82421 0 
0.575 10 10.5445 0 0 1476.98 1859.41 2411.6 3148.46 
0.575 10 9.45545 0 0 1476.98 1859.41 2411.6 -3148.46 
0.58 9.89237 10 0.139923 0 2903.31 3720.46 -2.73282 0 
0.58 10 10.5445 0 0 1479.74 1862.58 2411.57 3157.39 
0.58 10 9.45545 0 0 1479.74 1862.58 2411.57 -3157.39 
0.585 9.89307 10 0.139731 0 2909.46 3726.75 -2.64295 0 
0.585 10 10.5445 0 0 1482.51 1865.72 2411.54 3164.33 
0.585 10 9.45545 0 0 1482.51 1865.72 2411.54 -3164.33 
0.59 9.89376 10 0.139546 0 2915.66 3733 -2.55454 0 
0.59 10 10.5445 0 0 1485.31 1868.85 2411.51 3173.19 
0.59 10 9.45545 0 0 1485.31 1868.85 2411.51 -3173.19 
0.595 9.89446 10 0.139366 0 2921.89 3739.22 -2.46754 0 
0.595 10 10.5445 0 0 1488.13 1871.96 2411.48 3180.05 
0.595 10 9.45545 0 0 1488.13 1871.96 2411.48 -3180.05 
0.6 9.89516 10 0.139193 0 2928.16 3745.39 -2.38192 0 
0.6 10 10.5445 0 0 1490.97 1875.04 2411.45 3188.84 
0.6 10 9.45545 0 0 1490.97 1875.04 2411.45 -3188.84 
0.605 9.89585 10 0.139026 0 2934.46 3751.54 -2.29763 0 
0.605 10 10.5445 0 0 1493.82 1878.12 2411.42 3195.63 
0.605 10 9.45545 0 0 1493.82 1878.12 2411.42 -3195.63 
0.61 9.89655 10 0.138865 0 2940.81 3757.64 -2.21463 0 
0.61 10 10.5445 0 0 1496.7 1881.17 2411.39 3204.34 
0.61 10 9.45545 0 0 1496.7 1881.17 2411.39 -3204.34 
0.615 9.89724 10 0.13871 0 2947.19 3763.71 -2.13288 0 
0.615 10 10.5445 0 0 1499.6 1884.2 2411.36 3211.07 
0.615 10 9.45545 0 0 1499.6 1884.2 2411.36 -3211.07 
0.62 9.89794 10 0.13856 0 2953.6 3769.74 -2.05234 0 
0.62 10 10.5445 0 0 1502.52 1887.22 2411.33 3219.72 
0.62 10 9.45545 0 0 1502.52 1887.22 2411.33 -3219.72 
0.625 9.89863 10 0.138416 0 2960.06 3775.74 -1.97297 0 
0.625 10 10.5445 0 0 1505.46 1890.22 2411.3 3226.37 
0.625 10 9.45545 0 0 1505.46 1890.22 2411.3 -3226.37 
0.63 9.89932 10 0.138278 0 2966.55 3781.7 -1.89473 0 
0.63 10 10.5445 0 0 1508.41 1893.2 2411.27 3234.95 
0.63 10 9.45545 0 0 1508.41 1893.2 2411.27 -3234.95 
0.635 9.90001 10 0.138146 0 2973.08 3787.62 -1.8176 0 
0.635 10 10.5445 0 0 1511.39 1896.16 2411.24 3241.54 
0.635 10 9.45545 0 0 1511.39 1896.16 2411.24 -3241.54 
0.64 9.9007 10 0.138018 0 2979.65 3793.51 -1.74154 0 
0.64 10 10.5445 0 0 1514.39 1899.1 2411.21 3250.05 
0.64 10 9.45545 0 0 1514.39 1899.1 2411.21 -3250.05 
0.645 9.90139 10 0.137897 0 2986.25 3799.36 -1.66651 0 
0.645 10 10.5445 0 0 1517.41 1902.03 2411.18 3256.57 
0.645 10 9.45545 0 0 1517.41 1902.03 2411.18 -3256.57 
0.65 9.90208 10 0.13778 0 2992.89 3805.18 -1.59249 0 
0.65 10 10.5445 0 0 1520.45 1904.94 2411.15 3265.02 
0.65 10 9.45545 0 0 1520.45 1904.94 2411.15 -3265.02 
0.655 9.90277 10 0.137669 0 2999.57 3810.96 -1.51944 0 
0.655 10 10.5445 0 0 1523.5 1907.83 2411.12 3271.48 
0.655 10 9.45545 0 0 1523.5 1907.83 2411.12 -3271.48 
0.66 9.90346 10 0.137563 0 3006.28 3816.71 -1.44733 0 
0.66 10 10.5445 0 0 1526.58 1910.7 2411.09 3279.86 
0.66 10 9.45545 0 0 1526.58 1910.7 2411.09 -3279.86 
0.665 9.90414 10 0.137462 0 3013.03 3822.42 -1.37614 0 
0.665 10 10.5445 0 0 1529.68 1913.56 2411.06 3286.25 
0.665 10 9.45545 0 0 1529.68 1913.56 2411.06 -3286.25 
0.67 9.90483 10 0.137367 0 3019.82 3828.09 -1.30584 0 
0.67 10 10.5445 0 0 1532.8 1916.39 2411.04 3294.57 
0.67 10 9.45545 0 0 1532.8 1916.39 2411.04 -3294.57 
0.675 9.90552 10 0.137276 0 3026.65 3833.73 -1.23639 0 
0.675 10 10.5445 0 0 1535.93 1919.21 2411.01 3300.9 
0.675 10 9.45545 0 0 1535.93 1919.21 2411.01 -3300.9 
0.68 9.9062 10 0.13719 0 3033.51 3839.34 -1.16778 0 
0.68 10 10.5445 0 0 1539.09 1922.02 2410.98 3309.15 
0.68 10 9.45545 0 0 1539.09 1922.02 2410.98 -3309.15 
0.685 9.90689 10 0.137109 0 3040.41 3844.91 -1.09998 0 
0.685 10 10.5445 0 0 1542.27 1924.8 2410.95 3315.42 
0.685 10 9.45545 0 0 1542.27 1924.8 2410.95 -3315.42 
0.69 9.90757 10 0.137033 0 3047.34 3850.45 -1.03296 0 
0.69 10 10.5445 0 0 1545.46 1927.57 2410.92 3323.61 
0.69 10 9.45545 0 0 1545.46 1927.57 2410.92 -3323.61 
0.695 9.90826 10 0.136961 0 3054.32 3855.95 -0.966706 0 
0.695 10 10.5445 0 0 1548.68 1930.32 2410.89 3329.81 
0.695 10 9.45545 0 0 1548.68 1930.32 2410.89 -3329.81 
0.7 9.90894 10 0.136895 0 3061.33 3861.41 -0.901185 0 
0.7 10 10.5445 0 0 1551.91 1933.05 2410.87 3337.94 
0.7 10 9.45545 0 0 1551.91 1933.05 2410.87 -3337.94 
0.705 9.90963 10 0.136833 0 3068.37 3866.84 -0.836378 0 
0.705 10 10.5445 0 0 1555.17 1935.77 2410.84 3344.08 
0.705 10 9.45545 0 0 1555.17 1935.77 2410.84 -3344.08 
0.71 9.91031 10 0.136775 0 3075.46 3872.24 -0.772264 0 
0.71 10 10.5445 0 0 1558.45 1938.47 2410.81 3352.15 
0.71 10 9.45545 0 0 1558.45 1938.47 2410.81 -3352.15 
0.715 9.911 10 0.136722 0 3082.58 3877.6 -0.70882 0 
0.715 10 10.5445 0 0 1561.74 1941.15 2410.78 3358.23 
0.715 10 9.45545 0 0 1561.74 1941.15 2410.78 -3358.23 
0.72 9.91168 10 0.136674 0 3089.74 3882.93 -0.646026 0 
0.72 10 10.5445 0 0 1565.05 1943.81 2410.76 3366.24 
0.72 10 9.45545 0 0 1565.05 1943.81 2410.76 -3366.24 
0.725 9.91236 10 0.13663 0 3096.93 3888.22 -0.583862 0 
0.725 10 10.5445 0 0 1568.39 1946.46 2410.73 3372.26 
0.725 10 9.45545 0 0 1568.39 1946.46 2410.73 -3372.26 
0.73 9.91305 10 0.136591 0 3104.16 3893.48 -0.522308 0 
0.73 10 10.5445 0 0 1571.74 1949.09 2410.7 3380.2 
0.73 10 9.45545 0 0 1571.74 1949.09 2410.7 -3380.2 
0.735 9.91373 10 0.136555 0 3111.43 3898.71 -0.461345 0 
0.735 10 10.5445 0 0 1575.12 1951.7 2410.67 3386.16 
0.735 10 9.45545 0 0 1575.12 1951.7 2410.67 -3386.16 
0.74 9.91441 10 0.136525 0 3118.73 3903.89 -0.400954 0 
0.74 10 10.5445 0 0 1578.51 1954.29 2410.64 3394.05 
0.74 10 9.45545 0 0 1578.51 1954.29 2410.64 -3394.05 
0.745 9.91509 10 0.136498 0 3126.07 3909.05 -0.341118 0 
0.745 10 10.5445 0 0 1581.92 1956.87 2410.61 3399.95 
0.745 10 9.45545 0 0 1581.92 1956.87 2410.61 -3399.95 
0.75 9.91578 10 0.136476 0 3133.45 3914.17 -0.281818 0 
0.75 10 10.5445 0 0 1585.36 1959.43 2410.59 3407.78 
0.75 10 9.45545 0 0 1585.36 1959.43 2410.59 -3407.78 
0.755 9.91646 10 0.136458 0 3140.87 3919.26 -0.223037 0 
0.755 10 10.5445 0 0 1588.81 1961.98 2410.56 3413.62 
0.755 10 9.45545 0 0 1588.81 1961.98 2410.56 -3413.62 
0.76 9.91714 10 0.136444 0 3148.32 3924.31 -0.164758 0 
0.76 10 10.5445 0 0 1592.28 1964.5 2410.53 3421.39 
0.76 10 9.45545 0 0 1592.28 1964.5 2410.53 -3421.39 
0.765 9.91782 10 0.136434 0 3155.81 3929.32 -0.106965 0 
0.765 10 10.5445 0 0 1595.77 1967.01 2410.5 3427.17 
0.765 10 9.45545 0 0 1595.77 1967.01 2410.5 -3427.17 
0.77 9.91851 10 0.136429 0 3163.34 3934.31 -0.049642 0 
0.77 10 10.5445 0 0 1599.28 1969.5 2410.47 3434.88 
0.77 10 9.45545 0 0 1599.28 1969.5 2410.47 -3434.88 
0.775 9.91919 10 0.136427 0 3170.9 3939.25 0.00722689 0 
0.775 10 10.5445 0 0 1602.81 1971.97 2410.44 3440.6 
0.775 10 9.45545 0 0 1602.81 1971.97 2410.44 -3440.6 
0.78 9.91987 10 0.13643 0 3178.5 3944.17 0.063657 0 
0.78 10 10.5445 0 0 1606.36 1974.43 2410.42 3448.26 
0.78 10 9.45545 0 0 1606.36 1974.43 2410.42 -3448.26 
0.785 9.92055 10 0.136436 0 3186.14 3949.05 0.119663 0 
0.785 10 10.5445 0 0 1609.93 1976.87 2410.39 3453.92 
0.785 10 9.45545 0 0 1609.93 1976.87 2410.39 -3453.92 
0.79 9.92123 10 0.136447 0 3193.81 3953.89 0.17526 0 
0.79 10 10.5445 0 0 1613.52 1979.29 2410.36 3461.52 
0.79 10 9.45545 0 0 1613.52 1979.29 2410.36 -3461.52 
0.795 9.92192 10 0.136461 0 3201.52 3958.7 0.230462 0 
0.795 10 10.5445 0 0 1617.13 1981.7 2410.33 3467.13 
0.795 10 9.45545 0 0 1617.13 1981.7 2410.33 -3467.13 
0.8 9.9226 10 0.13648 0 3209.27 3963.48 0.285283 0 
0.8 10 10.5445 0 0 1620.76 1984.09 2410.3 3474.66 
0.8 10 9.45545 0 0 1620.76 1984.09 2410.3 -3474.66 
0.805 9.92328 10 0.136502 0 3217.05 3968.22 0.339737 0 
0.805 10 10.5445 0 0 1624.41 1986.46 2410.27 3480.21 
0.805 10 9.45545 0 0 1624.41 1986.46 2410.27 -3480.21 
0.81 9.92396 10 0.136528 0 3224.87 3972.92 0.393837 0 
0.81 10 10.5445 0 0 1628.08 1988.81 2410.25 3487.69 
0.81 10 9.45545 0 0 1628.08 1988.81 2410.25 -3487.69 
0.815 9.92465 10 0.136558 0 3232.73 3977.59 0.447596 0 
0.815 10 10.5445 0 0 1631.77 1991.14 2410.22 3493.19 
0.815 10 9.45545 0 0 1631.77 1991.14 2410.22 -3493.19 
0.82 9.92533 10 0.136592 0 3240.63 3982.23 0.501027 0 
0.82 10 10.5445 0 0 1635.48 1993.46 2410.19 3500.61 
0.82 10 9.45545 0 0 1635.48 1993.46 2410.19 -3500.61 
0.825 9.92601 10 0.13663 0 3248.56 3986.83 0.554143 0 
0.825 10 10.5445 0 0 1639.2 1995.76 2410.16 3506.05 
0.825 10 9.45545 0 0 1639.2 1995.76 2410.16 -3506.05 
0.83 9.9267 10 0.136671 0 3256.53 3991.4 0.606956 0 
0.83 10 10.5445 0 0 1642.95 1998.04 2410.13 3513.41 
0.83 10 9.45545 0 0 1642.95 1998.04 2410.13 -3513.41 
0.835 9.92738 10 0.136717 0 3264.54 3995.93 0.659478 0 
0.835 10 10.5445 0 0 1646.72 2000.31 2410.1 3518.79 
0.835 10 9.45545 0 0 1646.72 2000.31 2410.1 -3518.79 
0.84 9.92806 10 0.136766 0 3272.58 4000.42 0.711721 0 
0.84 10 10.5445 0 0 1650.51 2002.56 2410.07 3526.1 
0.84 10 9.45545 0 0 1650.51 2002.56 2410.07 -3526.1 
0.845 9.92875 10 0.136818 0 3280.66 4004.88 0.763697 0 
0.845 10 10.5445 0 0 1654.31 2004.79 2410.04 3531.42 
0.845 10 9.45545 0 0 1654.31 2004.79 2410.04 -3531.42 
0.85 9.92943 10 0.136875 0 3288.78 4009.31 0.815418 0 
0.85 10 10.5445 0 0 1658.14 2007 2410.01 3538.68 
0.85 10 9.45545 0 0 1658.14 2007 2410.01 -3538.68 
0.855 9.93012 10 0.136935 0 3296.93 4013.7 0.866893 0 
0.855 10 10.5445 0 0 1661.99 2009.2 2409.98 3543.94 
0.855 10 9.45545 0 0 1661.99 2009.2 2409.98 -3543.94 
0.86 9.9308 10 0.136999 0 3305.13 4018.05 0.918136 0 
0.86 10 10.5445 0 0 1665.85 2011.37 2409.95 3551.14 
0.86 10 9.45545 0 0 1665.85 2011.37 2409.95 -3551.14 
0.865 9.93149 10 0.137066 0 3313.35 4022.37 0.969155 0 
0.865 10 10.5445 0 0 1669.74 2013.53 2409.92 3556.35 
0.865 10 9.45545 0 0 1669.74 2013.53 2409.92 -3556.35 
0.87 9.93217 10 0.137137 0 3321.62 4026.66 1.01996 0 
0.87 10 10.5445 0 0 1673.64 2015.68 2409.89 3563.49 
0.87 10 9.45545 0 0 1673.64 2015.68 2409.89 -3563.49 
0.875 9.93286 10 0.137212 0 3329.92 4030.9 1.07057 0 
0.875 10 10.5445 0 0 1677.57 2017.8 2409.86 3568.64 
0.875 10 9.45545 0 0 1677.57 2017.8 2409.86 -3568.64 
0.88 9.93354 10 0.13729 0 3338.26 4035.12 1.12099 0 
0.88 10 10.5445 0 0 1681.52 2019.91 2409.83 3575.73 
0.88 10 9.45545 0 0 1681.52 2019.91 2409.83 -3575.73 
0.885 9.93423 10 0.137372 0 3346.64 4039.29 1.17122 0 
0.885 10 10.5445 0 0 1685.48 2021.99 2409.8 3580.82 
0.885 10 9.45545 0 0 1685.48 2021.99 2409.8 -3580.82 
0.89 9.93492 10 0.137457 0 3355.05 4043.43 1.22129 0 
0.89 10 10.5445 0 0 1689.47 2024.06 2409.77 3587.85 
0.89 10 9.45545 0 0 1689.47 2024.06 2409.77 -3587.85 
0.895 9.9356 10 0.137546 0 3363.51 4047.54 1.27119 0 
0.895 10 10.5445 0 0 1693.47 2026.12 2409.73 3592.89 
0.895 10 9.45545 0 0 1693.47 2026.12 2409.73 -3592.89 
0.9 9.93629 10 0.137639 0 3371.99 4051.61 1.32095 0 
0.9 10 10.5445 0 0 1697.5 2028.15 2409.7 3599.86 
0.9 10 9.45545 0 0 1697.5 2028.15 2409.7 -3599.86 
0.905 9.93698 10 0.137735 0 3380.52 4055.64 1.37056 0 
0.905 10 10.5445 0 0 1701.54 2030.17 2409.67 3604.85 
0.905 10 9.45545 0 0 1701.54 2030.17 2409.67 -3604.85 
0.91 9.93767 10 0.137835 0 3389.08 4059.63 1.42004 0 
0.91 10 10.5445 0 0 1705.61 2032.16 2409.64 3611.76 
0.91 10 9.45545 0 0 1705.61 2032.16 2409.64 -3611.76 
0.915 9.93836 10 0.137938 0 3397.68 4063.59 1.4694 0 
0.915 10 10.5445 0 0 1709.69 2034.14 2409.61 3616.69 
0.915 10 9.45545 0 0 1709.69 2034.14 2409.61 -3616.69 
0.92 9.93905 10 0.138044 0 3406.32 4067.51 1.51865 0 
0.92 10 10.5445 0 0 1713.79 2036.1 2409.58 3623.54 
0.92 10 9.45545 0 0 1713.79 2036.1 2409.58 -3623.54 
0.925 9.93974 10 0.138155 0 3414.99 4071.4 1.56779 0 
0.925 10 10.5445 0 0 1717.92 2038.05 2409.54 3628.42 
0.925 10 9.45545 0 0 1717.92 2038.05 2409.54 -3628.42 
0.93 9.94043 10 0.138268 0 3423.7 4075.25 1.61684 0 
0.93 10 10.5445 0 0 1722.06 2039.97 2409.51 3635.22 
0.93 10 9.45545 0 0 1722.06 2039.97 2409.51 -3635.22 
0.935 9.94112 10 0.138386 0 3432.45 4079.06 1.66581 0 
0.935 10 10.5445 0 0 1726.23 2041.88 2409.48 3640.03 
0.935 10 9.45545 0 0 1726.23 2041.88 2409.48 -3640.03 
0.94 9.94181 10 0.138506 0 3441.24 4082.83 1.7147 0 
0.94 10 10.5445 0 0 1730.41 2043.76 2409.45 3646.78 
0.94 10 9.45545 0 0 1730.41 2043.76 2409.45 -3646.78 
0.945 9.94251 10 0.138631 0 3450.06 4086.57 1.76352 0 
0.945 10 10.5445 0 0 1734.62 2045.63 2409.41 3651.53 
0.945 10 9.45545 0 0 1734.62 2045.63 2409.41 -3651.53 
0.95 9.9432 10 0.138758 0 3458.92 4090.27 1.81228 0 
0.95 10 10.5445 0 0 1738.84 2047.48 2409.38 3658.22 
0.95 10 9.45545 0 0 1738.84 2047.48 2409.38 -3658.22 
0.955 9.9439 10 0.13889 0 3467.82 4093.93 1.861 0 
0.955 10 10.5445 0 0 1743.09 2049.31 2409.35 3662.92 
0.955 10 9.45545 0 0 1743.09 2049.31 2409.35 -3662.92 
0.96 9.94459 10 0.139024 0 3476.75 4097.55 1.90967 0 
0.96 10 10.5445 0 0 1747.35 2051.12 2409.31 3669.55 
0.96 10 9.45545 0 0 1747.35 2051.12 2409.31 -3669.55 
0.965 9.94529 10 0.139162 0 3485.72 4101.14 1.95831 0 
0.965 10 10.5445 0 0 1751.64 2052.92 2409.28 3674.2 
0.965 10 9.45545 0 0 1751.64 2052.92 2409.28 -3674.2 
0.97 9.94598 10 0.139304 0 3494.73 4104.68 2.00693 0 
0.97 10 10.5445 0 0 1755.94 2054.69 2409.25 3680.77 
0.97 10 9.45545 0 0 1755.94 2054.69 2409.25 -3680.77 
0.975 9.94668 10 0.139449 0 3503.78 4108.19 2.05553 0 
0.975 10 10.5445 0 0 1760.27 2056.44 2409.21 3685.35 
0.975 10 9.45545 0 0 1760.27 2056.44 2409.21 -3685.35 
0.98 9.94738 10 0.139598 0 3512.86 4111.66 2.10413 0 
0.98 10 10.5445 0 0 1764.61 2058.18 2409.18 3691.87 
0.98 10 9.45545 0 0 1764.61 2058.18 2409.18 -3691.87 
0.985 9.94807 10 0.13975 0 3521.98 4115.09 2.15273 0 
0.985 10 10.5445 0 0 1768.98 2059.89 2409.14 3696.4 
0.985 10 9.45545 0 0 1768.98 2059.89 2409.14 -3696.4 
0.99 9.94877 10 0.139905 0 3531.14 4118.49 2.20134 0 
0.99 10 10.5445 0 0 1773.36 2061.59 2409.11 3702.86 
0.99 10 9.45545 0 0 1773.36 2061.59 2409.11 -3702.86 
0.995 9.94947 10 0.140064 0 3540.33 4121.84 2.24996 0 
0.995 10 10.5445 0 0 1777.77 2063.27 2409.07 3707.33 
0.995 10 9.45545 0 0 1777.77 2063.27 2409.07 -3707.33 
1 9.95017 10 0.140227 0 3549.56 4125.15 2.29862 0 
1 10 10.5445 0 0 1782.2 2064.92 2409.03 3713.73 
1 10 9.45545 0 0 1782.2 2064.92 2409.03 -3713.73 
1.005 9.95088 10 0.140393 0 3558.83 4128.43 2.34731 0 
1.005 10 10.5445 0 0 1786.64 2066.56 2409 3718.14 
1.005 10 9.45545 0 0 1786.64 2066.56 2409 -3718.14 
1.01 9.95158 10 0.140562 0 3568.14 4131.66 2.39604 0 
1.01 10 10.5445 0 0 1791.11 2068.18 2408.96 3724.48 
1.01 10 9.45545 0 0 1791.11 2068.18 2408.96 -3724.48 
1.015 9.95228 10 0.140735 0 3577.48 4134.86 2.44483 0 
1.015 10 10.5445 0 0 1795.59 2069.78 2408.92 3728.83 
1.015 10 9.45545 0 0 1795.59 2069.78 2408.92 -3728.83 
1.02 9.95299 10 0.140911 0 3586.86 4138.01 2.49367 0 
1.02 10 10.5445 0 0 1800.1 2071.35 2408.89 3735.12 
1.02 10 9.45545 0 0 1800.1 2071.35 2408.89 -3735.12 
1.025 9.95369 10 0.141091 0 3596.28 4141.13 2.54259 0 
1.025 10 10.5445 0 0 1804.63 2072.91 2408.85 3739.41 
1.025 10 9.45545 0 0 1804.63 2072.91 2408.85 -3739.41 
1.03 9.9544 10 0.141274 0 3605.73 4144.2 2.59158 0 
1.03 10 10.5445 0 0 1809.18 2074.45 2408.82 3745.64 
1.03 10 9.45545 0 0 1809.18 2074.45 2408.82 -3745.64 
1.035 9.9551 10 0.141461 0 3615.22 4147.23 2.64065 0 
1.035 10 10.5445 0 0 1813.74 2075.96 2408.78 3749.87 
1.035 10 9.45545 0 0 1813.74 2075.96 2408.78 -3749.87 
1.04 9.95581 10 0.141652 0 3624.75 4150.23 2.68982 0 
1.04 10 10.5445 0 0 1818.33 2077.46 2408.74 3756.04 
1.04 10 9.45545 0 0 1818.33 2077.46 2408.74 -3756.04 
1.045 9.95652 10 0.141846 0 3634.31 4153.18 2.7391 0 
1.045 10 10.5445 0 0 1822.94 2078.94 2408.7 3760.21 
1.045 10 9.45545 0 0 1822.94 2078.94 2408.7 -3760.21 
1.05 9.95723 10 0.142043 0 3643.91 4156.09 2.78848 0 
1.05 10 10.5445 0 0 1827.57 2080.39 2408.66 3766.32 
1.05 10 9.45545 0 0 1827.57 2080.39 2408.66 -3766.32 
1.055 9.95794 10 0.142244 0 3653.55 4158.96 2.83798 0 
1.055 10 10.5445 0 0 1832.22 2081.82 2408.62 3770.43 
1.055 10 9.45545 0 0 1832.22 2081.82 2408.62 -3770.43 
1.06 9.95865 10 0.142448 0 3663.23 4161.78 2.88761 0 
1.06 10 10.5445 0 0 1836.89 2083.24 2408.58 3776.48 
1.06 10 9.45545 0 0 1836.89 2083.24 2408.58 -3776.48 
1.065 9.95936 10 0.142656 0 3672.94 4164.57 2.93737 0 
1.065 10 10.5445 0 0 1841.58 2084.63 2408.54 3780.53 
1.065 10 9.45545 0 0 1841.58 2084.63 2408.54 -3780.53 
1.07 9.96008 10 0.142868 0 3682.69 4167.31 2.98728 0 
1.07 10 10.5445 0 0 1846.29 2086 2408.51 3786.52 
1.07 10 9.45545 0 0 1846.29 2086 2408.51 -3786.52 
1.075 9.96079 10 0.143083 0 3692.47 4170.01 3.03733 0 
1.075 10 10.5445 0 0 1851.02 2087.35 2408.46 3790.51 
1.075 10 9.45545 0 0 1851.02 2087.35 2408.46 -3790.51 
1.08 9.96151 10 0.143302 0 3702.3 4172.66 3.08755 0 
1.08 10 10.5445 0 0 1855.77 2088.68 2408.43 3796.44 
1.08 10 9.45545 0 0 1855.77 2088.68 2408.43 -3796.44 
1.085 9.96223 10 0.143524 0 3712.16 4175.28 3.13794 0 
1.085 10 10.5445 0 0 1860.54 2089.99 2408.38 3800.37 
1.085 10 9.45545 0 0 1860.54 2089.99 2408.38 -3800.37 
1.09 9.96294 10 0.14375 0 3722.05 4177.85 3.18851 0 
1.09 10 10.5445 0 0 1865.33 2091.27 2408.34 3806.23 
1.09 10 9.45545 0 0 1865.33 2091.27 2408.34 -3806.23 
1.095 9.96366 10 0.14398 0 3731.98 4180.37 3.23926 0 
1.095 10 10.5445 0 0 1870.14 2092.53 2408.3 3810.1 
1.095 10 9.45545 0 0 1870.14 2092.53 2408.3 -3810.1 
1.1 9.96438 10 0.144213 0 3741.95 4182.86 3.29021 0 
1.1 10 10.5445 0 0 1874.97 2093.78 2408.26 3815.9 
1.1 10 9.45545 0 0 1874.97 2093.78 2408.26 -3815.9 
1.105 9.96511 10 0.14445 0 3751.96 4185.29 3.34136 0 
1.105 10 10.5445 0 0 1879.83 2094.99 2408.22 3819.71 
1.105 10 9.45545 0 0 1879.83 2094.99 2408.22 -3819.71 
1.11 9.96583 10 0.14469 0 3762 4187.69 3.39273 0 
1.11 10 10.5445 0 0 1884.7 2096.19 2408.18 3825.45 
1.11 10 9.45545 0 0 1884.7 2096.19 2408.18 -3825.45 
1.115 9.96655 10 0.144934 0 3772.08 4190.04 3.44432 0 
1.115 10 10.5445 0 0 1889.59 2097.37 2408.13 3829.19 
1.115 10 9.45545 0 0 1889.59 2097.37 2408.13 -3829.19 
1.12 9.96728 10 0.145182 0 3782.19 4192.34 3.49613 0 
1.12 10 10.5445 0 0 1894.51 2098.52 2408.09 3834.87 
1.12 10 9.45545 0 0 1894.51 2098.52 2408.09 -3834.87 
1.125 9.96801 10 0.145434 0 3792.34 4194.6 3.54819 0 
1.125 10 10.5445 0 0 1899.44 2099.65 2408.04 3838.55 
1.125 10 9.45545 0 0 1899.44 2099.65 2408.04 -3838.55 
1.13 9.96873 10 0.145689 0 3802.53 4196.81 3.6005 0 
1.13 10 10.5445 0 0 1904.4 2100.75 2408 3844.16 
1.13 10 9.45545 0 0 1904.4 2100.75 2408 -3844.16 
1.135 9.96946 10 0.145948 0 3812.75 4198.98 3.65307 0 
1.135 10 10.5445 0 0 1909.37 2101.84 2407.96 3847.78 
1.135 10 9.45545 0 0 1909.37 2101.84 2407.96 -3847.78 
1.14 9.97019 10 0.146211 0 3823.01 4201.1 3.7059 0 
1.14 10 10.5445 0 0 1914.37 2102.9 2407.91 3853.32 
1.14 10 9.45545 0 0 1914.37 2102.9 2407.91 -3853.32 
1.145 9.97092 10 0.146478 0 3833.31 4203.18 3.75901 0 
1.145 10 10.5445 0 0 1919.38 2103.94 2407.87 3856.88 
1.145 10 9.45545 0 0 1919.38 2103.94 2407.87 -3856.88 
1.15 9.97166 10 0.146748 0 3843.64 4205.21 3.81241 0 
1.15 10 10.5445 0 0 1924.42 2104.95 2407.82 3862.35 
1.15 10 9.45545 0 0 1924.42 2104.95 2407.82 -3862.35 
1.155 9.97239 10 0.147022 0 3854.01 4207.19 3.86611 0 
1.155 10 10.5445 0 0 1929.48 2105.94 2407.77 3865.84 
1.155 10 9.45545 0 0 1929.48 2105.94 2407.77 -3865.84 
1.16 9.97313 10 0.1473 0 3864.41 4209.12 3.92011 0 
1.16 10 10.5445 0 0 1934.56 2106.91 2407.73 3871.26 
1.16 10 9.45545 0 0 1934.56 2106.91 2407.73 -3871.26 
1.165 9.97386 10 0.147582 0 3874.85 4211.01 3.97443 0 
1.165 10 10.5445 0 0 1939.65 2107.85 2407.68 3874.68 
1.165 10 9.45545 0 0 1939.65 2107.85 2407.68 -3874.68 
1.17 9.9746 10 0.147868 0 3885.32 4212.85 4.02908 0 
1.17 10 10.5445 0 0 1944.77 2108.77 2407.63 3880.02 
1.17 10 9.45545 0 0 1944.77 2108.77 2407.63 -3880.02 
1.175 9.97534 10 0.148158 0 3895.83 4214.64 4.08406 0 
1.175 10 10.5445 0 0 1949.91 2109.67 2407.59 3883.38 
1.175 10 9.45545 0 0 1949.91 2109.67 2407.59 -3883.38 
1.18 9.97608 10 0.148452 0 3906.38 4216.38 4.13939 0 
1.18 10 10.5445 0 0 1955.07 2110.54 2407.54 3888.66 
1.18 10 9.45545 0 0 1955.07 2110.54 2407.54 -3888.66 
1.185 9.97683 10 0.148749 0 3916.96 4218.07 4.19508 0 
1.185 10 10.5445 0 0 1960.25 2111.38 2407.49 3891.95 
1.185 10 9.45545 0 0 1960.25 2111.38 2407.49 -3891.95 
1.19 9.97757 10 0.149051 0 3927.58 4219.71 4.25114 0 
1.19 10 10.5445 0 0 1965.45 2112.2 2407.44 3897.16 
1.19 10 9.45545 0 0 1965.45 2112.2 2407.44 -3897.16 
1.195 9.97832 10 0.149357 0 3938.23 4221.3 4.30757 0 
1.195 10 10.5445 0 0 1970.67 2113 2407.39 3900.38 
1.195 10 9.45545 0 0 1970.67 2113 2407.39 -3900.38 
1.2 9.97907 10 0.149666 0 3948.91 4222.85 4.3644 0 
1.2 10 10.5445 0 0 1975.92 2113.77 2407.34 3905.52 
1.2 10 9.45545 0 0 1975.92 2113.77 2407.34 -3905.52 
1.205 9.97981 10 0.14998 0 3959.64 4224.34 4.42163 0 
1.205 10 10.5445 0 0 1981.18 2114.52 2407.29 3908.67 
1.205 10 9.45545 0 0 1981.18 2114.52 2407.29 -3908.67 
1.21 9.98057 10 0.150298 0 3970.39 4225.78 4.47927 0 
1.21 10 10.5445 0 0 1986.46 2115.24 2407.24 3913.74 
1.21 10 9.45545 0 0 1986.46 2115.24 2407.24 -3913.74 
1.215 9.98132 10 0.15062 0 3981.18 4227.17 4.53734 0 
1.215 10 10.5445 0 0 1991.76 2115.93 2407.19 3916.83 
1.215 10 9.45545 0 0 1991.76 2115.93 2407.19 -3916.83 
1.22 9.98207 10 0.150946 0 3992.01 4228.51 4.59585 0 
1.22 10 10.5445 0 0 1997.09 2116.6 2407.14 3921.83 
1.22 10 9.45545 0 0 1997.09 2116.6 2407.14 -3921.83 
1.225 9.98283 10 0.151277 0 4002.87 4229.79 4.6548 0 
1.225 10 10.5445 0 0 2002.43 2117.24 2407.08 3924.84 
1.225 10 9.45545 0 0 2002.43 2117.24 2407.08 -3924.84 
1.23 9.98358 10 0.151611 0 4013.76 4231.03 4.71421 0 
1.23 10 10.5445 0 0 2007.79 2117.86 2407.03 3929.77 
1.23 10 9.45545 0 0 2007.79 2117.86 2407.03 -3929.77 
1.235 9.98434 10 0.15195 0 4024.69 4232.21 4.7741 0 
1.235 10 10.5445 0 0 2013.18 2118.45 2406.97 3932.71 
1.235 10 9.45545 0 0 2013.18 2118.45 2406.97 -3932.71 
1.24 9.9851 10 0.152293 0 4035.66 4233.34 4.83448 0 
1.24 10 10.5445 0 0 2018.58 2119.02 2406.92 3937.56 
1.24 10 9.45545 0 0 2018.58 2119.02 2406.92 -3937.56 
1.245 9.98587 10 0.152641 0 4046.65 4234.41 4.89535 0 
1.245 10 10.5445 0 0 2024.01 2119.55 2406.87 3940.43 
1.245 10 9.45545 0 0 2024.01 2119.55 2406.87 -3940.43 
1.25 9.98663 10 0.152993 0 4057.68 4235.44 4.95673 0 
1.25 10 10.5445 0 0 2029.45 2120.06 2406.81 3945.21 
1.25 10 9.45545 0 0 2029.45 2120.06 2406.81 -3945.21 
1.255 9.9874 10 0.153349 0 4068.75 4236.4 5.01864 0 
1.255 10 10.5445 0 0 2034.92 2120.55 2406.75 3948.01 
1.255 10 9.45545 0 0 2034.92 2120.55 2406.75 -3948.01 
1.26 9.98816 10 0.15371 0 4079.85 4237.31 5.08109 0 
1.26 10 10.5445 0 0 2040.41 2121 2406.7 3952.72 
1.26 10 9.45545 0 0 2040.41 2121 2406.7 -3952.72 
1.265 9.98893 10 0.154075 0 4090.98 4238.17 5.1441 0 
1.265 10 10.5445 0 0 2045.91 2121.43 2406.64 3955.44 
1.265 10 9.45545 0 0 2045.91 2121.43 2406.64 -3955.44 
1.27 9.9897 10 0.154444 0 4102.14 4238.97 5.20767 0 
1.27 10 10.5445 0 0 2051.44 2121.83 2406.59 3960.07 
1.27 10 9.45545 0 0 2051.44 2121.83 2406.59 -3960.07 
1.275 9.99048 10 0.154819 0 4113.34 4239.72 5.27182 0 
1.275 10 10.5445 0 0 2056.99 2122.21 2406.53 3962.71 
1.275 10 9.45545 0 0 2056.99 2122.21 2406.53 -3962.71 
1.28 9.99125 10 0.155198 0 4124.57 4240.41 5.33657 0 
1.28 10 10.5445 0 0 2062.55 2122.55 2406.47 3967.27 
1.28 10 9.45545 0 0 2062.55 2122.55 2406.47 -3967.27 
1.285 9.99203 10 0.155581 0 4135.84 4241.04 5.40193 0 
1.285 10 10.5445 0 0 2068.14 2122.87 2406.41 3969.84 
1.285 10 9.45545 0 0 2068.14 2122.87 2406.41 -3969.84 
1.29 9.99281 10 0.155969 0 4147.13 4241.61 5.46792 0 
1.29 10 10.5445 0 0 2073.75 2123.15 2406.35 3974.32 
1.29 10 9.45545 0 0 2073.75 2123.15 2406.35 -3974.32 
1.295 9.99359 10 0.156362 0 4158.46 4242.13 5.53455 0 
1.295 10 10.5445 0 0 2079.37 2123.41 2406.29 3976.81 
1.295 10 9.45545 0 0 2079.37 2123.41 2406.29 -3976.81 
1.3 9.99437 10 0.15676 0 4169.82 4242.59 5.60185 0 
1.3 10 10.5445 0 0 2085.02 2123.64 2406.23 3981.21 
1.3 10 9.45545 0 0 2085.02 2123.64 2406.23 -3981.21 
1.305 9.99516 10 0.157162 0 4181.22 4242.99 5.66982 0 
1.305 10 10.5445 0 0 2090.69 2123.84 2406.16 3983.62 
1.305 10 9.45545 0 0 2090.69 2123.84 2406.16 -3983.62 
1.31 9.99594 10 0.15757 0 4192.64 4243.33 5.73848 0 
1.31 10 10.5445 0 0 2096.38 2124.01 2406.1 3987.94 
1.31 10 9.45545 0 0 2096.38 2124.01 2406.1 -3987.94 
1.315 9.99673 10 0.157982 0 4204.1 4243.61 5.80785 0 
1.315 10 10.5445 0 0 2102.09 2124.15 2406.04 3990.27 
1.315 10 9.45545 0 0 2102.09 2124.15 2406.04 -3990.27 
1.32 9.99752 10 0.1584 0 4215.58 4243.83 5.87795 0 
1.32 10 10.5445 0 0 2107.81 2124.26 2405.97 3994.52 
1.32 10 9.45545 0 0 2107.81 2124.26 2405.97 -3994.52 
1.325 9.99832 10 0.158822 0 4227.1 4243.99 5.9488 0 
1.325 10 10.5445 0 0 2113.56 2124.34 2405.91 3996.77 
1.325 10 9.45545 0 0 2113.56 2124.34 2405.91 -3996.77 
1.33 9.99911 10 0.159249 0 4238.65 4244.09 6.02042 0 
1.33 10 10.5445 0 0 2119.33 2124.39 2405.84 4000.93 
1.33 10 9.45545 0 0 2119.33 2124.39 2405.84 -4000.93 
1.335 9.99991 10 0.159682 0 4250.23 4244.13 6.09281 0 
1.335 10 10.5445 0 0 2125.12 2124.41 2405.77 4003.09 
1.335 10 9.45545 0 0 2125.12 2124.41 2405.77 -4003.09 
1.34 10.0007 10 0.16012 0 4261.84 4244.11 6.16602 0 
1.34 10 10.5445 0 0 2130.92 2124.4 2405.71 4007.17 
1.34 10 9.45545 0 0 2130.92 2124.4 2405.71 -4007.17 
1.345 10.0015 10 0.160563 0 4273.49 4244.02 6.24004 0 
1.345 10 10.5445 0 0 2136.75 2124.36 2405.64 4009.25 
1.345 10 9.45545 0 0 2136.75 2124.36 2405.64 -4009.25 
1.35 10.0023 10 0.161011 0 4285.16 4243.87 6.31492 0 
1.35 10 10.5445 0 0 2142.6 2124.28 2405.57 4013.25 
1.35 10 9.45545 0 0 2142.6 2124.28 2405.57 -4013.25 
1.355 10.0031 10 0.161465 0 4296.86 4243.66 6.39065 0 
1.355 10 10.5445 0 0 2148.46 2124.18 2405.5 4015.25 
1.355 10 9.45545 0 0 2148.46 2124.18 2405.5 -4015.25 
1.36 10.0039 10 0.161924 0 4308.59 4243.38 6.46728 0 
1.36 10 10.5445 0 0 2154.35 2124.04 2405.43 4019.16 
1.36 10 9.45545 0 0 2154.35 2124.04 2405.43 -4019.16 
1.365 10.0047 10 0.162389 0 4320.35 4243.04 6.54481 0 
1.365 10 10.5445 0 0 2160.26 2123.87 2405.36 4021.07 
1.365 10 9.45545 0 0 2160.26 2123.87 2405.36 -4021.07 
1.37 10.0056 10 0.162859 0 4332.14 4242.63 6.62328 0 
1.37 10 10.5445 0 0 2166.18 2123.66 2405.29 4024.89 
1.37 10 9.45545 0 0 2166.18 2123.66 2405.29 -4024.89 
1.375 10.0064 10 0.163335 0 4343.96 4242.16 6.7027 0 
1.375 10 10.5445 0 0 2172.13 2123.43 2405.21 4026.71 
1.375 10 9.45545 0 0 2172.13 2123.43 2405.21 -4026.71 
1.38 10.0072 10 0.163817 0 4355.8 4241.62 6.78311 0 
1.38 10 10.5445 0 0 2178.09 2123.16 2405.14 4030.45 
1.38 10 9.45545 0 0 2178.09 2123.16 2405.14 -4030.45 
1.385 10.008 10 0.164304 0 4367.68 4241.01 6.86451 0 
1.385 10 10.5445 0 0 2184.07 2122.85 2405.06 4032.18 
1.385 10 9.45545 0 0 2184.07 2122.85 2405.06 -4032.18 
1.39 10.0088 10 0.164798 0 4379.58 4240.34 6.94695 0 
1.39 10 10.5445 0 0 2190.08 2122.52 2404.99 4035.83 
1.39 10 9.45545 0 0 2190.08 2122.52 2404.99 -4035.83 
1.395 10.0097 10 0.165297 0 4391.51 4239.59 7.03045 0 
1.395 10 10.5445 0 0 2196.1 2122.14 2404.91 4037.47 
1.395 10 9.45545 0 0 2196.1 2122.14 2404.91 -4037.47 
1.4 10.0105 10 0.165802 0 4403.46 4238.78 7.11502 0 
1.4 10 10.5445 0 0 2202.14 2121.74 2404.84 4041.03 
1.4 10 9.45545 0 0 2202.14 2121.74 2404.84 -4041.03 
1.405 10.0113 10 0.166313 0 4415.45 4237.9 7.20071 0 
1.405 10 10.5445 0 0 2208.2 2121.3 2404.76 4042.58 
1.405 10 9.45545 0 0 2208.2 2121.3 2404.76 -4042.58 
1.41 10.0121 10 0.166831 0 4427.46 4236.95 7.28754 0 
1.41 10 10.5445 0 0 2214.28 2120.82 2404.68 4046.04 
1.41 10 9.45545 0 0 2214.28 2120.82 2404.68 -4046.04 
1.415 10.013 10 0.167354 0 4439.49 4235.93 7.37553 0 
1.415 10 10.5445 0 0 2220.38 2120.31 2404.6 4047.5 
1.415 10 9.45545 0 0 2220.38 2120.31 2404.6 -4047.5 
1.42 10.0138 10 0.167884 0 4451.56 4234.84 7.46473 0 
1.42 10 10.5445 0 0 2226.49 2119.77 2404.52 4050.87 
1.42 10 9.45545 0 0 2226.49 2119.77 2404.52 -4050.87 
1.425 10.0147 10 0.168421 0 4463.64 4233.68 7.55515 0 
1.425 10 10.5445 0 0 2232.63 2119.19 2404.43 4052.23 
1.425 10 9.45545 0 0 2232.63 2119.19 2404.43 -4052.23 
1.43 10.0155 10 0.168964 0 4475.76 4232.44 7.64683 0 
1.43 10 10.5445 0 0 2238.78 2118.57 2404.35 4055.5 
1.43 10 9.45545 0 0 2238.78 2118.57 2404.35 -4055.5 
1.435 10.0163 10 0.169513 0 4487.89 4231.13 7.73981 0 
1.435 10 10.5445 0 0 2244.96 2117.91 2404.26 4056.77 
1.435 10 9.45545 0 0 2244.96 2117.91 2404.26 -4056.77 
1.44 10.0172 10 0.170069 0 4500.06 4229.75 7.83412 0 
1.44 10 10.5445 0 0 2251.15 2117.22 2404.18 4059.95 
1.44 10 9.45545 0 0 2251.15 2117.22 2404.18 -4059.95 
1.445 10.0181 10 0.170632 0 4512.24 4228.29 7.92978 0 
1.445 10 10.5445 0 0 2257.36 2116.49 2404.09 4061.12 
1.445 10 9.45545 0 0 2257.36 2116.49 2404.09 -4061.12 
1.45 10.0189 10 0.171202 0 4524.45 4226.76 8.02685 0 
1.45 10 10.5445 0 0 2263.59 2115.73 2404 4064.19 
1.45 10 9.45545 0 0 2263.59 2115.73 2404 -4064.19 
1.455 10.0198 10 0.171779 0 4536.68 4225.16 8.12535 0 
1.455 10 10.5445 0 0 2269.84 2114.93 2403.91 4065.26 
1.455 10 9.45545 0 0 2269.84 2114.93 2403.91 -4065.26 
1.46 10.0206 10 0.172363 0 4548.94 4223.47 8.22532 0 
1.46 10 10.5445 0 0 2276.1 2114.08 2403.82 4068.24 
1.46 10 9.45545 0 0 2276.1 2114.08 2403.82 -4068.24 
1.465 10.0215 10 0.172954 0 4561.22 4221.71 8.32681 0 
1.465 10 10.5445 0 0 2282.38 2113.2 2403.73 4069.21 
1.465 10 9.45545 0 0 2282.38 2113.2 2403.73 -4069.21 
1.47 10.0224 10 0.173553 0 4573.52 4219.87 8.42985 0 
1.47 10 10.5445 0 0 2288.68 2112.28 2403.64 4072.08 
1.47 10 9.45545 0 0 2288.68 2112.28 2403.64 -4072.08 
1.475 10.0232 10 0.174158 0 4585.84 4217.96 8.53448 0 
1.475 10 10.5445 0 0 2295 2111.33 2403.54 4072.95 
1.475 10 9.45545 0 0 2295 2111.33 2403.54 -4072.95 
1.48 10.0241 10 0.174772 0 4598.18 4215.96 8.64076 0 
1.48 10 10.5445 0 0 2301.34 2110.33 2403.45 4075.72 
1.48 10 9.45545 0 0 2301.34 2110.33 2403.45 -4075.72 
1.485 10.025 10 0.175393 0 4610.54 4213.89 8.74871 0 
1.485 10 10.5445 0 0 2307.69 2109.29 2403.35 4076.48 
1.485 10 9.45545 0 0 2307.69 2109.29 2403.35 -4076.48 
1.49 10.0258 10 0.176022 0 4622.93 4211.73 8.8584 0 
1.49 10 10.5445 0 0 2314.07 2108.21 2403.25 4079.14 
1.49 10 9.45545 0 0 2314.07 2108.21 2403.25 -4079.14 
1.495 10.0267 10 0.176658 0 4635.33 4209.49 8.96986 0 
1.495 10 10.5445 0 0 2320.45 2107.09 2403.15 4079.79 
1.495 10 9.45545 0 0 2320.45 2107.09 2403.15 -4079.79 
1.5 10.0276 10 0.177303 0 4647.75 4207.17 9.08315 0 
1.5 10 10.5445 0 0 2326.86 2105.93 2403.05 4082.35 
1.5 10 9.45545 0 0 2326.86 2105.93 2403.05 -4082.35 
1.505 10.0285 10 0.177956 0 4660.19 4204.77 9.19832 0 
1.505 10 10.5445 0 0 2333.28 2104.73 2402.94 4082.89 
1.505 10 9.45545 0 0 2333.28 2104.73 2402.94 -4082.89 
1.51 10.0294 10 0.178617 0 4672.65 4202.28 9.31541 0 
1.51 10 10.5445 0 0 2339.72 2103.49 2402.84 4085.34 
1.51 10 9.45545 0 0 2339.72 2103.49 2402.84 -4085.34 
1.515 10.0303 10 0.179287 0 4685.12 4199.71 9.43449 0 
1.515 10 10.5445 0 0 2346.18 2102.2 2402.73 4085.77 
1.515 10 9.45545 0 0 2346.18 2102.2 2402.73 -4085.77 
1.52 10.0312 10 0.179965 0 4697.61 4197.06 9.55562 0 
1.52 10 10.5445 0 0 2352.66 2100.88 2402.62 4088.1 
1.52 10 9.45545 0 0 2352.66 2100.88 2402.62 -4088.1 
1.525 10.0321 10 0.180652 0 4710.12 4194.31 9.67884 0 
1.525 10 10.5445 0 0 2359.15 2099.5 2402.51 4088.42 
1.525 10 9.45545 0 0 2359.15 2099.5 2402.51 -4088.42 
1.53 10.033 10 0.181348 0 4722.65 4191.48 9.80422 0 
1.53 10 10.5445 0 0 2365.65 2098.09 2402.4 4090.64 
1.53 10 9.45545 0 0 2365.65 2098.09 2402.4 -4090.64 
1.535 10.0339 10 0.182053 0 4735.18 4188.57 9.93182 0 
1.535 10 10.5445 0 0 2372.18 2096.63 2402.29 4090.85 
1.535 10 9.45545 0 0 2372.18 2096.63 2402.29 -4090.85 
1.54 10.0348 10 0.182767 0 4747.74 4185.56 10.0617 0 
1.54 10 10.5445 0 0 2378.72 2095.13 2402.18 4092.95 
1.54 10 9.45545 0 0 2378.72 2095.13 2402.18 -4092.95 
1.545 10.0357 10 0.18349 0 4760.31 4182.47 10.194 0 
1.545 10 10.5445 0 0 2385.27 2093.58 2402.06 4093.04 
1.545 10 9.45545 0 0 2385.27 2093.58 2402.06 -4093.04 
1.55 10.0366 10 0.184223 0 4772.89 4179.28 10.3286 0 
1.55 10 10.5445 0 0 2391.84 2091.99 2401.94 4095.02 
1.55 10 9.45545 0 0 2391.84 2091.99 2401.94 -4095.02 
1.555 10.0376 10 0.184966 0 4785.48 4176 10.4658 0 
1.555 10 10.5445 0 0 2398.43 2090.35 2401.82 4094.99 
1.555 10 9.45545 0 0 2398.43 2090.35 2401.82 -4094.99 
1.56 10.0385 10 0.185718 0 4798.09 4172.63 10.6055 0 
1.56 10 10.5445 0 0 2405.03 2088.66 2401.7 4096.86 
1.56 10 9.45545 0 0 2405.03 2088.66 2401.7 -4096.86 
1.565 10.0394 10 0.186481 0 4810.7 4169.17 10.7479 0 
1.565 10 10.5445 0 0 2411.65 2086.93 2401.57 4096.7 
1.565 10 9.45545 0 0 2411.65 2086.93 2401.57 -4096.7 
1.57 10.0404 10 0.187254 0 4823.33 4165.61 10.893 0 
1.57 10 10.5445 0 0 2418.28 2085.15 2401.45 4098.44 
1.57 10 9.45545 0 0 2418.28 2085.15 2401.45 -4098.44 
1.575 10.0413 10 0.188037 0 4835.97 4161.96 11.041 0 
1.575 10 10.5445 0 0 2424.93 2083.33 2401.32 4098.16 
1.575 10 9.45545 0 0 2424.93 2083.33 2401.32 -4098.16 
1.58 10.0422 10 0.188831 0 4848.61 4158.22 11.1918 0 
1.58 10 10.5445 0 0 2431.59 2081.46 2401.19 4099.78 
1.58 10 9.45545 0 0 2431.59 2081.46 2401.19 -4099.78 
1.585 10.0432 10 0.189636 0 4861.27 4154.37 11.3456 0 
1.585 10 10.5445 0 0 2438.27 2079.53 2401.05 4099.37 
1.585 10 9.45545 0 0 2438.27 2079.53 2401.05 -4099.37 
1.59 10.0441 10 0.190452 0 4873.93 4150.43 11.5025 0 
1.59 10 10.5445 0 0 2444.96 2077.56 2400.92 4100.86 
1.59 10 9.45545 0 0 2444.96 2077.56 2400.92 -4100.86 
1.595 10.0451 10 0.191279 0 4886.6 4146.39 11.6626 0 
1.595 10 10.5445 0 0 2451.66 2075.54 2400.78 4100.33 
1.595 10 9.45545 0 0 2451.66 2075.54 2400.78 -4100.33 
1.6 10.0461 10 0.192118 0 4899.28 4142.25 11.826 0 
1.6 10 10.5445 0 0 2458.38 2073.47 2400.64 4101.68 
1.6 10 9.45545 0 0 2458.38 2073.47 2400.64 -4101.68 
1.605 10.047 10 0.192969 0 4911.96 4138.01 11.9927 0 
1.605 10 10.5445 0 0 2465.12 2071.35 2400.49 4101.01 
1.605 10 9.45545 0 0 2465.12 2071.35 2400.49 -4101.01 
1.61 10.048 10 0.193831 0 4924.64 4133.66 12.163 0 
1.61 10 10.5445 0 0 2471.86 2069.18 2400.35 4102.24 
1.61 10 9.45545 0 0 2471.86 2069.18 2400.35 -4102.24 
1.615 10.049 10 0.194706 0 4937.33 4129.21 12.3369 0 
1.615 10 10.5445 0 0 2478.62 2066.95 2400.2 4101.44 
1.615 10 9.45545 0 0 2478.62 2066.95 2400.2 -4101.44 
1.62 10.0499 10 0.195594 0 4950.02 4124.66 12.5145 0 
1.62 10 10.5445 0 0 2485.39 2064.68 2400.05 4102.52 
1.62 10 9.45545 0 0 2485.39 2064.68 2400.05 -4102.52 
1.625 10.0509 10 0.196494 0 4962.71 4120.01 12.6959 0 
1.625 10 10.5445 0 0 2492.18 2062.35 2399.9 4101.58 
1.625 10 9.45545 0 0 2492.18 2062.35 2399.9 -4101.58 
1.63 10.0519 10 0.197408 0 4975.41 4115.24 12.8814 0 
1.63 10 10.5445 0 0 2498.97 2059.97 2399.74 4102.53 
1.63 10 9.45545 0 0 2498.97 2059.97 2399.74 -4102.53 
1.635 10.0529 10 0.198335 0 4988.1 4110.37 13.071 0 
1.635 10 10.5445 0 0 2505.78 2057.53 2399.58 4101.45 
1.635 10 9.45545 0 0 2505.78 2057.53 2399.58 -4101.45 
1.64 10.0539 10 0.199275 0 5000.79 4105.39 13.2648 0 
1.64 10 10.5445 0 0 2512.61 2055.04 2399.42 4102.26 
1.64 10 9.45545 0 0 2512.61 2055.04 2399.42 -4102.26 
1.645 10.0549 10 0.20023 0 5013.48 4100.3 13.4631 0 
1.645 10 10.5445 0 0 2519.44 2052.5 2399.25 4101.03 
1.645 10 9.45545 0 0 2519.44 2052.5 2399.25 -4101.03 
1.65 10.0559 10 0.201198 0 5026.17 4095.1 13.6659 0 
1.65 10 10.5445 0 0 2526.28 2049.9 2399.08 4101.69 
1.65 10 9.45545 0 0 2526.28 2049.9 2399.08 -4101.69 
1.655 10.0569 10 0.202182 0 5038.85 4089.79 13.8734 0 
1.655 10 10.5445 0 0 2533.14 2047.24 2398.91 4100.32 
1.655 10 9.45545 0 0 2533.14 2047.24 2398.91 -4100.32 
1.66 10.0579 10 0.20318 0 5051.53 4084.36 14.0859 0 
1.66 10 10.5445 0 0 2540 2044.53 2398.73 4100.83 
1.66 10 9.45545 0 0 2540 2044.53 2398.73 -4100.83 
1.665 10.0589 10 0.204194 0 5064.2 4078.82 14.3034 0 
1.665 10 10.5445 0 0 2546.88 2041.76 2398.55 4099.31 
1.665 10 9.45545 0 0 2546.88 2041.76 2398.55 -4099.31 
1.67 10.0599 10 0.205224 0 5076.86 4073.16 14.5261 0 
1.67 10 10.5445 0 0 2553.77 2038.93 2398.37 4099.67 
1.67 10 9.45545 0 0 2553.77 2038.93 2398.37 -4099.67 
1.675 10.061 10 0.20627 0 5089.52 4067.39 14.7543 0 
1.675 10 10.5445 0 0 2560.66 2036.04 2398.18 4098 
1.675 10 9.45545 0 0 2560.66 2036.04 2398.18 -4098 
1.68 10.062 10 0.207332 0 5102.16 4061.49 14.9882 0 
1.68 10 10.5445 0 0 2567.57 2033.09 2397.99 4098.2 
1.68 10 9.45545 0 0 2567.57 2033.09 2397.99 -4098.2 
1.685 10.063 10 0.208411 0 5114.8 4055.48 15.2279 0 
1.685 10 10.5445 0 0 2574.48 2030.09 2397.8 4096.37 
1.685 10 9.45545 0 0 2574.48 2030.09 2397.8 -4096.37 
1.69 10.0641 10 0.209507 0 5127.42 4049.34 15.4737 0 
1.69 10 10.5445 0 0 2581.4 2027.02 2397.6 4096.41 
1.69 10 9.45545 0 0 2581.4 2027.02 2397.6 -4096.41 
1.695 10.0651 10 0.210622 0 5140.02 4043.08 15.7257 0 
1.695 10 10.5445 0 0 2588.34 2023.89 2397.39 4094.42 
1.695 10 9.45545 0 0 2588.34 2023.89 2397.39 -4094.42 
1.7 10.0662 10 0.211754 0 5152.62 4036.7 15.9844 0 
1.7 10 10.5445 0 0 2595.27 2020.7 2397.19 4094.3 
1.7 10 9.45545 0 0 2595.27 2020.7 2397.19 -4094.3 
1.705 10.0673 10 0.212905 0 5165.19 4030.19 16.2498 0 
1.705 10 10.5445 0 0 2602.22 2017.44 2396.97 4092.15 
1.705 10 9.45545 0 0 2602.22 2017.44 2396.97 -4092.15 
1.71 10.0683 10 0.214076 0 5177.75 4023.55 16.5223 0 
1.71 10 10.5445 0 0 2609.17 2014.12 2396.75 4091.86 
1.71 10 9.45545 0 0 2609.17 2014.12 2396.75 -4091.86 
1.715 10.0694 10 0.215266 0 5190.29 4016.78 16.8022 0 
1.715 10 10.5445 0 0 2616.13 2010.74 2396.53 4089.53 
1.715 10 9.45545 0 0 2616.13 2010.74 2396.53 -4089.53 
1.72 10.0705 10 0.216476 0 5202.81 4009.88 17.0897 0 
1.72 10 10.5445 0 0 2623.1 2007.29 2396.3 4089.08 
1.72 10 9.45545 0 0 2623.1 2007.29 2396.3 -4089.08 
1.725 10.0716 10 0.217707 0 5215.3 4002.85 17.3852 0 
1.725 10 10.5445 0 0 2630.07 2003.77 2396.07 4086.58 
1.725 10 9.45545 0 0 2630.07 2003.77 2396.07 -4086.58 
1.73 10.0727 10 0.21896 0 5227.77 3995.69 17.6889 0 
1.73 10 10.5445 0 0 2637.05 2000.19 2395.83 4085.95 
1.73 10 9.45545 0 0 2637.05 2000.19 2395.83 -4085.95 
1.735 10.0738 10 0.220235 0 5240.22 3988.39 18.0013 0 
1.735 10 10.5445 0 0 2644.03 1996.54 2395.58 4083.27 
1.735 10 9.45545 0 0 2644.03 1996.54 2395.58 -4083.27 
1.74 10.0749 10 0.221532 0 5252.64 3980.95 18.3226 0 
1.74 10 10.5445 0 0 2651.02 1992.82 2395.33 4082.46 
1.74 10 9.45545 0 0 2651.02 1992.82 2395.33 -4082.46 
1.745 10.076 10 0.222852 0 5265.03 3973.38 18.6534 0 
1.745 10 10.5445 0 0 2658.01 1989.04 2395.07 4079.6 
1.745 10 9.45545 0 0 2658.01 1989.04 2395.07 -4079.6 
1.75 10.0771 10 0.224197 0 5277.39 3965.66 18.9939 0 
1.75 10 10.5445 0 0 2665 1985.18 2394.81 4078.61 
1.75 10 9.45545 0 0 2665 1985.18 2394.81 -4078.61 
1.755 10.0782 10 0.225566 0 5289.72 3957.8 19.3446 0 
1.755 10 10.5445 0 0 2672 1981.25 2394.54 4075.56 
1.755 10 9.45545 0 0 2672 1981.25 2394.54 -4075.56 
1.76 10.0793 10 0.226961 0 5302.01 3949.79 19.706 0 
1.76 10 10.5445 0 0 2679 1977.24 2394.26 4074.38 
1.76 10 9.45545 0 0 2679 1977.24 2394.26 -4074.38 
1.765 10.0805 10 0.228381 0 5314.27 3941.64 20.0784 0 
1.765 10 10.5445 0 0 2686 1973.17 2393.97 4071.14 
1.765 10 9.45545 0 0 2686 1973.17 2393.97 -4071.14 
1.77 10.0816 10 0.229829 0 5326.49 3933.34 20.4625 0 
1.77 10 10.5445 0 0 2693 1969.02 2393.68 4069.76 
1.77 10 9.45545 0 0 2693 1969.02 2393.68 -4069.76 
1.775 10.0828 10 0.231305 0 5338.66 3924.89 20.8588 0 
1.775 10 10.5445 0 0 2700 1964.79 2393.38 4066.33 
1.775 10 9.45545 0 0 2700 1964.79 2393.38 -4066.33 
1.78 10.0839 10 0.232809 0 5350.8 3916.28 21.2678 0 
1.78 10 10.5445 0 0 2707 1960.49 2393.07 4064.75 
1.78 10 9.45545 0 0 2707 1960.49 2393.07 -4064.75 
1.785 10.0851 10 0.234343 0 5362.89 3907.53 21.6901 0 
1.785 10 10.5445 0 0 2714 1956.11 2392.75 4061.11 
1.785 10 9.45545 0 0 2714 1956.11 2392.75 -4061.11 
1.79 10.0863 10 0.235908 0 5374.93 3898.61 22.1263 0 
1.79 10 10.5445 0 0 2720.99 1951.65 2392.42 4059.33 
1.79 10 9.45545 0 0 2720.99 1951.65 2392.42 -4059.33 
1.795 10.0875 10 0.237505 0 5386.93 3889.53 22.5772 0 
1.795 10 10.5445 0 0 2727.99 1947.11 2392.08 4055.48 
1.795 10 9.45545 0 0 2727.99 1947.11 2392.08 -4055.48 
1.8 10.0887 10 0.239134 0 5398.87 3880.3 23.0433 0 
1.8 10 10.5445 0 0 2734.98 1942.5 2391.74 4053.48 
1.8 10 9.45545 0 0 2734.98 1942.5 2391.74 -4053.48 
1.805 10.0899 10 0.240797 0 5410.76 3870.89 23.5256 0 
1.805 10 10.5445 0 0 2741.96 1937.79 2391.38 4049.42 
1.805 10 9.45545 0 0 2741.96 1937.79 2391.38 -4049.42 
1.81 10.0911 10 0.242495 0 5422.59 3861.33 24.0248 0 
1.81 10 10.5445 0 0 2748.94 1933.01 2391.01 4047.21 
1.81 10 9.45545 0 0 2748.94 1933.01 2391.01 -4047.21 
1.815 10.0923 10 0.244229 0 5434.36 3851.59 24.5417 0 
1.815 10 10.5445 0 0 2755.92 1928.14 2390.63 4042.92 
1.815 10 9.45545 0 0 2755.92 1928.14 2390.63 -4042.92 
1.82 10.0935 10 0.246001 0 5446.06 3841.68 25.0773 0 
1.82 10 10.5445 0 0 2762.89 1923.19 2390.24 4040.48 
1.82 10 9.45545 0 0 2762.89 1923.19 2390.24 -4040.48 
1.825 10.0947 10 0.247812 0 5457.7 3831.59 25.6325 0 
1.825 10 10.5445 0 0 2769.85 1918.14 2389.84 4035.97 
1.825 10 9.45545 0 0 2769.85 1918.14 2389.84 -4035.97 
1.83 10.096 10 0.249664 0 5469.28 3821.33 26.2084 0 
1.83 10 10.5445 0 0 2776.8 1913.01 2389.42 4033.29 
1.83 10 9.45545 0 0 2776.8 1913.01 2389.42 -4033.29 
1.835 10.0972 10 0.251557 0 5480.78 3810.89 26.8061 0 
1.835 10 10.5445 0 0 2783.74 1907.79 2388.99 4028.54 
1.835 10 9.45545 0 0 2783.74 1907.79 2388.99 -4028.54 
1.84 10.0985 10 0.253494 0 5492.2 3800.27 27.4268 0 
1.84 10 10.5445 0 0 2790.67 1902.48 2388.54 4025.63 
1.84 10 9.45545 0 0 2790.67 1902.48 2388.54 -4025.63 
1.845 10.0998 10 0.255476 0 5503.54 3789.46 28.0717 0 
1.845 10 10.5445 0 0 2797.58 1897.07 2388.08 4020.63 
1.845 10 9.45545 0 0 2797.58 1897.07 2388.08 -4020.63 
1.85 10.1011 10 0.257505 0 5514.81 3778.46 28.7423 0 
1.85 10 10.5445 0 0 2804.48 1891.57 2387.6 4017.47 
1.85 10 9.45545 0 0 2804.48 1891.57 2387.6 -4017.47 
1.855 10.1024 10 0.259582 0 5525.98 3767.26 29.4401 0 
1.855 10 10.5445 0 0 2811.37 1885.98 2387.11 4012.22 
1.855 10 9.45545 0 0 2811.37 1885.98 2387.11 -4012.22 
1.86 10.1037 10 0.261711 0 5537.07 3755.87 30.1664 0 
1.86 10 10.5445 0 0 2818.24 1880.28 2386.6 4008.8 
1.86 10 9.45545 0 0 2818.24 1880.28 2386.6 -4008.8 
1.865 10.105 10 0.263893 0 5548.05 3744.29 30.9232 0 
1.865 10 10.5445 0 0 2825.09 1874.49 2386.06 4003.28 
1.865 10 9.45545 0 0 2825.09 1874.49 2386.06 -4003.28 
1.87 10.1063 10 0.266129 0 5558.94 3732.5 31.7122 0 
1.87 10 10.5445 0 0 2831.93 1868.59 2385.52 3999.59 
1.87 10 9.45545 0 0 2831.93 1868.59 2385.52 -3999.59 
1.875 10.1076 10 0.268424 0 5569.73 3720.5 32.5353 0 
1.875 10 10.5445 0 0 2838.74 1862.6 2384.94 3993.8 
1.875 10 9.45545 0 0 2838.74 1862.6 2384.94 -3993.8 
1.88 10.109 10 0.270778 0 5580.4 3708.29 33.3947 0 
1.88 10 10.5445 0 0 2845.53 1856.49 2384.35 3989.83 
1.88 10 9.45545 0 0 2845.53 1856.49 2384.35 -3989.83 
1.885 10.1103 10 0.273195 0 5590.96 3695.87 34.2928 0 
1.885 10 10.5445 0 0 2852.29 1850.28 2383.73 3983.76 
1.885 10 9.45545 0 0 2852.29 1850.28 2383.73 -3983.76 
1.89 10.1117 10 0.275678 0 5601.4 3683.22 35.2319 0 
1.89 10 10.5445 0 0 2859.02 1843.96 2383.09 3979.5 
1.89 10 9.45545 0 0 2859.02 1843.96 2383.09 -3979.5 
1.895 10.1131 10 0.278229 0 5611.71 3670.36 36.2148 0 
1.895 10 10.5445 0 0 2865.73 1837.53 2382.42 3973.13 
1.895 10 9.45545 0 0 2865.73 1837.53 2382.42 -3973.13 
1.9 10.1145 10 0.280853 0 5621.9 3657.27 37.2444 0 
1.9 10 10.5445 0 0 2872.4 1830.98 2381.72 3968.56 
1.9 10 9.45545 0 0 2872.4 1830.98 2381.72 -3968.56 
1.905 10.1159 10 0.283551 0 5631.94 3643.94 38.3239 0 
1.905 10 10.5445 0 0 2879.05 1824.32 2380.99 3961.88 
1.905 10 9.45545 0 0 2879.05 1824.32 2380.99 -3961.88 
1.91 10.1173 10 0.286329 0 5641.83 3630.38 39.4567 0 
1.91 10 10.5445 0 0 2885.65 1817.54 2380.23 3957 
1.91 10 9.45545 0 0 2885.65 1817.54 2380.23 -3957 
1.915 10.1188 10 0.289189 0 5651.58 3616.57 40.6467 0 
1.915 10 10.5445 0 0 2892.21 1810.63 2379.43 3949.99 
1.915 10 9.45545 0 0 2892.21 1810.63 2379.43 -3949.99 
1.92 10.1202 10 0.292137 0 5661.16 3602.52 41.8979 0 
1.92 10 10.5445 0 0 2898.74 1803.61 2378.6 3944.78 
1.92 10 9.45545 0 0 2898.74 1803.61 2378.6 -3944.78 
1.925 10.1217 10 0.295176 0 5670.57 3588.21 43.2148 0 
1.925 10 10.5445 0 0 2905.21 1796.45 2377.73 3937.43 
1.925 10 9.45545 0 0 2905.21 1796.45 2377.73 -3937.43 
1.93 10.1232 10 0.298312 0 5679.8 3573.64 44.6024 0 
1.93 10 10.5445 0 0 2911.64 1789.17 2376.82 3931.86 
1.93 10 9.45545 0 0 2911.64 1789.17 2376.82 -3931.86 
1.935 10.1247 10 0.30155 0 5688.84 3558.81 46.0661 0 
1.935 10 10.5445 0 0 2918.01 1781.75 2375.86 3924.16 
1.935 10 9.45545 0 0 2918.01 1781.75 2375.86 -3924.16 
1.94 10.1262 10 0.304895 0 5697.68 3543.7 47.6119 0 
1.94 10 10.5445 0 0 2924.33 1774.2 2374.85 3918.22 
1.94 10 9.45545 0 0 2924.33 1774.2 2374.85 -3918.22 
1.945 10.1277 10 0.308354 0 5706.31 3528.32 49.2464 0 
1.945 10 10.5445 0 0 2930.58 1766.51 2373.79 3910.13 
1.945 10 9.45545 0 0 2930.58 1766.51 2373.79 -3910.13 
1.95 10.1293 10 0.311932 0 5714.72 3512.65 50.9767 0 
1.95 10 10.5445 0 0 2936.77 1758.67 2372.68 3903.8 
1.95 10 9.45545 0 0 2936.77 1758.67 2372.68 -3903.8 
1.955 10.1308 10 0.315639 0 5722.89 3496.68 52.8109 0 
1.955 10 10.5445 0 0 2942.88 1750.69 2371.5 3895.31 
1.955 10 9.45545 0 0 2942.88 1750.69 2371.5 -3895.31 
1.96 10.1324 10 0.31948 0 5730.81 3480.41 54.7581 0 
1.96 10 10.5445 0 0 2948.92 1742.55 2370.26 3888.56 
1.96 10 9.45545 0 0 2948.92 1742.55 2370.26 -3888.56 
1.965 10.134 10 0.323464 0 5738.46 3463.83 56.8279 0 
1.965 10 10.5445 0 0 2954.87 1734.26 2368.94 3879.64 
1.965 10 9.45545 0 0 2954.87 1734.26 2368.94 -3879.64 
1.97 10.1357 10 0.327601 0 5745.83 3446.94 59.0316 0 
1.97 10 10.5445 0 0 2960.73 1725.81 2367.55 3872.45 
1.97 10 9.45545 0 0 2960.73 1725.81 2367.55 -3872.45 
1.975 10.1373 10 0.331901 0 5752.89 3429.71 61.3814 0 
1.975 10 10.5445 0 0 2966.48 1717.2 2366.07 3863.06 
1.975 10 9.45545 0 0 2966.48 1717.2 2366.07 -3863.06 
1.98 10.139 10 0.336374 0 5759.63 3412.14 63.8911 0 
1.98 10 10.5445 0 0 2972.13 1708.42 2364.51 3855.39 
1.98 10 9.45545 0 0 2972.13 1708.42 2364.51 -3855.39 
1.985 10.1407 10 0.341032 0 5766.03 3394.23 66.5764 0 
1.985 10 10.5445 0 0 2977.66 1699.46 2362.84 3845.51 
1.985 10 9.45545 0 0 2977.66 1699.46 2362.84 -3845.51 
1.99 10.1424 10 0.345889 0 5772.05 3375.95 69.4546 0 
1.99 10 10.5445 0 0 2983.06 1690.32 2361.06 3837.33 
1.99 10 9.45545 0 0 2983.06 1690.32 2361.06 -3837.33 
1.995 10.1441 10 0.350959 0 5777.66 3357.3 72.5457 0 
1.995 10 10.5445 0 0 2988.31 1680.99 2359.16 3826.91 
1.995 10 9.45545 0 0 2988.31 1680.99 2359.16 -3826.91 
2 10.1459 10 0.356258 0 5782.85 3338.26 75.872 0 
2 10 10.5445 0 0 2993.41 1671.48 2357.13 3818.16 
2 10 9.45545 0 0 2993.41 1671.48 2357.13 -3818.16 
2.005 10.1477 10 0.361804 0 5787.57 3318.82 79.4591 0 
2.005 10 10.5445 0 0 2998.34 1661.76 2354.94 3807.15 
2.005 10 9.45545 0 0 2998.34 1661.76 2354.94 -3807.15 
2.01 10.1495 10 0.367617 0 5791.78 3298.96 83.3361 0 
2.01 10 10.5445 0 0 3003.07 1651.83 2352.6 3797.78 
2.01 10 9.45545 0 0 3003.07 1651.83 2352.6 -3797.78 
2.015 10.1514 10 0.373717 0 5795.44 3278.67 87.5366 0 
2.015 10 10.5445 0 0 3007.59 1641.68 2350.07 3786.13 
2.015 10 9.45545 0 0 3007.59 1641.68 2350.07 -3786.13 
2.02 10.1533 10 0.38013 0 5798.49 3257.93 92.0989 0 
2.02 10 10.5445 0 0 3011.88 1631.31 2347.34 3776.08 
2.02 10 9.45545 0 0 3011.88 1631.31 2347.34 -3776.08 
2.025 10.1552 10 0.386884 0 5800.89 3236.73 97.0677 0 
2.025 10 10.5445 0 0 3015.91 1620.71 2344.38 3763.7 
2.025 10 9.45545 0 0 3015.91 1620.71 2344.38 -3763.7 
2.03 10.1571 10 0.394008 0 5802.55 3215.03 102.495 0 
2.03 10 10.5445 0 0 3019.64 1609.86 2341.17 3752.88 
2.03 10 9.45545 0 0 3019.64 1609.86 2341.17 -3752.88 
2.035 10.1591 10 0.401538 0 5803.42 3192.82 108.44 0 
2.035 10 10.5445 0 0 3023.05 1598.76 2337.67 3739.69 
2.035 10 9.45545 0 0 3023.05 1598.76 2337.67 -3739.69 
2.04 10.1611 10 0.409513 0 5803.39 3170.07 114.974 0 
2.04 10 10.5445 0 0 3026.08 1587.38 2333.85 3728 
2.04 10 9.45545 0 0 3026.08 1587.38 2333.85 -3728 
2.045 10.1632 10 0.417979 0 5802.37 3146.76 122.181 0 
2.045 10 10.5445 0 0 3028.69 1575.73 2329.65 3713.87 
2.045 10 9.45545 0 0 3028.69 1575.73 2329.65 -3713.87 
2.05 10.1653 10 0.426986 0 5800.24 3122.86 130.159 0 
2.05 10 10.5445 0 0 3030.83 1563.78 2325.03 3701.17 
2.05 10 9.45545 0 0 3030.83 1563.78 2325.03 -3701.17 
2.055 10.1675 10 0.436594 0 5796.85 3098.33 139.027 0 
2.055 10 10.5445 0 0 3032.42 1551.51 2319.92 3685.95 
2.055 10 9.45545 0 0 3032.42 1551.51 2319.92 -3685.95 
2.06 10.1697 10 0.446872 0 5792.04 3073.14 148.927 0 
2.06 10 10.5445 0 0 3033.37 1538.92 2314.26 3672.07 
2.06 10 9.45545 0 0 3033.37 1538.92 2314.26 -3672.07 
2.065 10.172 10 0.457898 0 5785.6 3047.25 160.029 0 
2.065 10 10.5445 0 0 3033.6 1525.97 2307.93 3655.56 
2.065 10 9.45545 0 0 3033.6 1525.97 2307.93 -3655.56 
2.07 10.1743 10 0.469767 0 5777.29 3020.61 172.544 0 
2.07 10 10.5445 0 0 3032.97 1512.65 2300.85 3640.24 
2.07 10 9.45545 0 0 3032.97 1512.65 2300.85 -3640.24 
2.075 10.1767 10 0.482587 0 5766.82 2993.17 186.729 0 
2.075 10 10.5445 0 0 3031.34 1498.93 2292.85 3622.13 
2.075 10 9.45545 0 0 3031.34 1498.93 2292.85 -3622.13 
2.08 10.1791 10 0.496489 0 5753.82 2964.87 202.903 0 
2.08 10 10.5445 0 0 3028.52 1484.78 2283.8 3605.04 
2.08 10 9.45545 0 0 3028.52 1484.78 2283.8 -3605.04 
2.085 10.1816 10 0.51163 0 5737.85 2935.65 221.466 0 
2.085 10 10.5445 0 0 3024.28 1470.17 2273.45 3584.93 
2.085 10 9.45545 0 0 3024.28 1470.17 2273.45 -3584.93 
2.09 10.1842 10 0.528196 0 5718.33 2905.44 242.926 0 
2.09 10 10.5445 0 0 3018.34 1455.07 2261.56 3565.54 
2.09 10 9.45545 0 0 3018.34 1455.07 2261.56 -3565.54 
2.095 10.1869 10 0.546418 0 5694.54 2874.15 267.932 0 
2.095 10 10.5445 0 0 3010.31 1439.42 2247.78 3542.78 
2.095 10 9.45545 0 0 3010.31 1439.42 2247.78 -3542.78 
2.1 10.1897 10 0.566577 0 5665.56 2841.68 297.328 0 
2.1 10 10.5445 0 0 2999.72 1423.19 2231.68 3520.31 
2.1 10 9.45545 0 0 2999.72 1423.19 2231.68 -3520.31 
2.105 10.1926 10 0.589024 0 5630.18 2807.91 332.221 0 
2.105 10 10.5445 0 0 2985.94 1406.3 2212.66 3493.9 
2.105 10 9.45545 0 0 2985.94 1406.3 2212.66 -3493.9 
2.11 10.1956 10 0.614203 0 5586.79 2772.7 374.098 0 
2.11 10 10.5445 0 0 2968.1 1388.7 2189.96 3467.05 
2.11 10 9.45545 0 0 2968.1 1388.7 2189.96 -3467.05 
2.115 10.1987 10 0.64268 0 5533.22 2735.89 424.974 0 
2.115 10 10.5445 0 0 2945.07 1370.29 2162.53 3435.28 
2.115 10 9.45545 0 0 2945.07 1370.29 2162.53 -3435.28 
2.12 10.202 10 0.675193 0 5466.47 2697.28 487.652 0 
2.12 10 10.5445 0 0 2915.25 1350.99 2128.91 3401.74 
2.12 10 9.45545 0 0 2915.25 1350.99 2128.91 -3401.74 
2.125 10.2055 10 0.712719 0 5382.34 2656.62 566.1 0 
2.125 10 10.5445 0 0 2876.39 1330.66 2087.06 3361.46 
2.125 10 9.45545 0 0 2876.39 1330.66 2087.06 -3361.46 
2.13 10.2092 10 0.756575 0 5274.71 2613.61 666.09 0 
2.13 10 10.5445 0 0 2825.2 1309.15 2034 3316.81 
2.13 10 9.45545 0 0 2825.2 1309.15 2034 -3316.81 
2.135 10.2131 10 0.808589 0 5134.54 2567.85 796.253 0 
2.135 10 10.5445 0 0 2756.78 1286.27 1965.27 3261.62 
2.135 10 9.45545 0 0 2756.78 1286.27 1965.27 -3261.62 
2.14 10.2173 10 0.871356 0 4947.88 2518.85 969.925 0 
2.14 10 10.5445 0 0 2663.56 1261.77 1874.05 3196.31 
2.14 10 9.45545 0 0 2663.56 1261.77 1874.05 -3196.31 
2.145 10.2218 10 0.948685 0 4692.47 2465.93 1208.52 0 
2.145 10 10.5445 0 0 2533.39 1235.31 1749.34 3111.39 
2.145 10 9.45545 0 0 2533.39 1235.31 1749.34 -3111.39 
2.15 10.2268 10 1.04638 0 4331.11 2408.19 1547.98 0 
2.15 10 10.5445 0 0 2345.83 1206.44 1572.77 3001.4 
2.15 10 9.45545 0 0 2345.83 1206.44 1572.77 -3001.4 
2.155 10.2323 10 1.1737 0 3798.1 2344.33 2052.05 0 
2.155 10 10.5445 0 0 2064.64 1174.51 1311.82 2845.77 
2.155 10 9.45545 0 0 2064.64 1174.51 1311.82 -2845.77 
2.16 10.2386 10 1.34623 0 2969.62 2272.46 2841.39 0 
2.16 10 10.5445 0 0 1621.07 1138.58 905.083 2616.59 
2.16 10 9.45545 0 0 1621.07 1138.58 905.083 -2616.59 
2.165 10.2459 10 1.59209 0 1592.02 2189.65 4164.03 0 
2.165 10 10.5445 0 0 873.403 1097.17 226.56 2243.65 
2.165 10 9.45545 0 0 873.403 1097.17 226.56 -2243.65 
2.17 10.2547 10 1.95743 0 0 2091.1 5676.07 0 
2.17 10 10.5445 0 0 0 1047.9 -555.024 1789.6 
2.17 10 9.45545 0 0 0 1047.9 -555.024 -1789.6 
2.175 10.2655 10 2.35949 0 0 1972.95 5579.58 0 
2.175 10 10.5445 0 0 0 988.824 -534.929 1674.82 
2.175 10 9.45545 0 0 0 988.824 -534.929 -1674.82 
2.18 10.2783 10 2.7542 0 0 1836.99 5470.23 0 
2.18 10 10.5445 0 0 0 920.842 -507.883 1546.08 
2.18 10 9.45545 0 0 0 920.842 -507.883 -1546.08 
2.185 10.293 10 3.14061 0 0 1686.3 5346.62 0 
2.185 10 10.5445 0 0 0 845.495 -473.129 1402.97 
2.185 10 9.45545 0 0 0 845.495 -473.129 -1402.97 
2.19 10.3097 10 3.51766 0 0 1524.65 5208.3 0 
2.19 10 10.5445 0 0 0 764.673 -430.362 1253.51 
2.19 10 9.45545 0 0 0 764.673 -430.362 -1253.51 
2.195 10.3282 10 3.88432 0 0 1356.41 5056.04 0 
2.195 10 10.5445 0 0 0 680.553 -379.897 1098.35 
2.195 10 9.45545 0 0 0 680.553 -379.897 -1098.35 
2.2 10.3485 10 4.23966 0 0 1186.3 4891.89 0 
2.2 10 10.5445 0 0 0 595.495 -322.695 946.131 
2.2 10 9.45545 0 0 0 595.495 -322.695 -946.131 
2.205 10.3706 10 4.58295 0 0 1019.08 4719.15 0 
2.205 10 10.5445 0 0 0 511.889 -260.36 797.488 
2.205 10 9.45545 0 0 0 511.889 -260.36 -797.488 
2.21 10.3943 10 4.91372 0 0 859.261 4542.07 0 
2.21 10 10.5445 0 0 0 431.978 -194.971 660.348 
2.21 10 9.45545 0 0 0 431.978 -194.971 -660.348 
2.215 10.4197 10 5.23183 0 0 710.697 4365.36 0 
2.215 10 10.5445 0 0 0 357.696 -128.889 533.978 
2.215 10 9.45545 0 0 0 357.696 -128.889 -533.978 
2.22 10.4466 10 5.53747 0 0 576.358 4193.75 0 
2.22 10 10.5445 0 0 0 290.526 -64.4758 424.433 
2.22 10 9.45545 0 0 0 290.526 -64.4758 -424.433 
2.225 10.475 10 5.83116 0 0 458.158 4031.4 0 
2.225 10 10.5445 0 0 0 231.426 -3.86075 328.837 
2.225 10 9.45545 0 0 0 231.426 -3.86075 -328.837 
2.23 10.5049 10 6.11368 0 0 356.926 3881.56 0 
2.23 10 10.5445 0 0 0 180.811 51.2796 251.1 
2.23 10 9.45545 0 0 0 180.811 51.2796 -251.1 
2.235 10.5362 10 6.38602 0 0 272.493 3746.36 0 
2.235 10 10.5445 0 0 0 138.594 99.8141 186.448 
2.235 10 9.45545 0 0 0 138.594 99.8141 -186.448 
2.24 10.5688 10 6.64925 0 0 203.874 3626.72 0 
2.24 10 10.5445 0 0 0 104.284 141.21 137.307 
2.24 10 9.45545 0 0 0 104.284 141.21 -137.307 
2.245 10.6026 10 6.90449 0 0 149.502 3522.5 0 
2.245 10 10.5445 0 0 0 77.0983 175.454 97.9127 
2.245 10 9.45545 0 0 0 77.0983 175.454 -97.9127 
2.25 10.6378 10 7.15281 0 0 107.469 3432.7 0 
2.25 10 10.5445 0 0 0 56.0821 202.97 70.1934 
2.25 10 9.45545 0 0 0 56.0821 202.97 -70.1934 
2.255 10.6742 10 7.39518 0 0 75.7483 3355.78 0 
2.255 10 10.5445 0 0 0 40.2215 224.462 48.3058 
2.255 10 9.45545 0 0 0 40.2215 224.462 -48.3058 
2.26 10.7117 10 7.63247 0 0 52.3622 3289.88 0 
2.26 10 10.5445 0 0 0 28.5285 240.806 34.4123 
2.26 10 9.45545 0 0 0 28.5285 240.806 -34.4123 
2.265 10.7505 10 7.86538 0 0 35.5092 3233.05 0 
2.265 10 10.5445 0 0 0 20.102 252.911 23.101 
2.265 10 9.45545 0 0 0 20.102 252.911 -23.101 
2.27 10.7904 10 8.0945 0 0 23.6302 3183.48 0 
2.27 10 10.5445 0 0 0 14.1625 261.66 17.0601 
2.27 10 9.45545 0 0 0 14.1625 261.66 -17.0601 
2.275 10.8314 10 8.3203 0 0 15.4358 3139.53 0 
2.275 10 10.5445 0 0 0 10.0653 267.828 11.4173 
2.275 10 9.45545 0 0 0 10.0653 267.828 -11.4173 
2.28 10.8736 10 8.54311 0 0 9.9006 3099.83 0 
2.28 10 10.5445 0 0 0 7.29766 272.081 9.36077 
2.28 10 9.45545 0 0 0 7.29766 272.081 -9.36077 
2.285 10.9168 10 8.7632 0 0 6.23736 3063.29 0 
2.285 10 10.5445 0 0 0 5.46605 274.944 6.44843 
2.285 10 9.45545 0 0 0 5.46605 274.944 -6.44843 
2.29 10.9612 10 8.98078 0 0 3.86087 3029.05 0 
2.29 10 10.5445 0 0 0 4.2778 276.834 6.21831 
2.29 10 9.45545 0 0 0 4.2778 276.834 -6.21831 
2.295 11.0066 10 9.19596 0 0 2.34884 2996.49 0 
2.295 10 10.5445 0 0 0 3.52178 278.051 4.49977 
2.295 10 9.45545 0 0 0 3.52178 278.051 -4.49977 
