0 9.4 10 0 0 0 94.9683 2013.42 0 
0 10 10.6 0 0 0 47.4842 203.29 63.29 
0 10 9.4 0 0 0 47.4842 203.29 -63.29 
0 9.40036 10 0.143092 0 0 95.2696 1993.04 0 
0 10 10.6 0 0 0 47.6348 203.472 63.5097 
0 10 9.4 0 0 0 47.6348 203.472 -63.5097 
0.005 9.40143 10 0.284708 0 0 96.1743 1972.13 0 
0.005 10 10.6 0 0 0 48.0871 204.016 63.57 
0.005 10 9.4 0 0 0 48.0871 204.016 -63.57 
0.01 9.4032 10 0.424812 0 0 97.6916 1950.69 0 
0.01 10 10.6 0 0 0 48.8458 204.93 65.2789 
0.01 10 9.4 0 0 0 48.8458 204.93 -65.2789 
0.015 9.40567 10 0.563365 0 0 99.8407 1928.71 0 
0.015 10 10.6 0 0 0 49.9204 206.219 66.2524 
0.015 10 9.4 0 0 0 49.9204 206.219 -66.2524 
0.02 9.40883 10 0.700328 0 0 102.651 1906.17 0 
0.02 10 10.6 0 0 0 51.3255 207.901 68.9154 
0.02 10 9.4 0 0 0 51.3255 207.901 -68.9154 
0.025 9.41267 10 0.835661 0 0 106.163 1883.04 0 
0.025 10 10.6 0 0 0 53.0814 209.99 70.9015 
0.025 10 9.4 0 0 0 53.0814 209.99 -70.9015 
0.03 9.41719 10 0.969319 0 0 110.428 1859.28 0 
0.03 10 10.6 0 0 0 55.2138 212.515 74.654 
0.03 10 9.4 0 0 0 55.2138 212.515 -74.654 
0.035 9.42236 10 1.10126 0 0 115.509 1834.84 0 
0.035 10 10.6 0 0 0 57.7544 215.502 77.8266 
0.035 10 9.4 0 0 0 57.7544 215.502 -77.8266 
0.04 9.4282 10 1.23142 0 0 121.483 1809.64 0 
0.04 10 10.6 0 0 0 60.7417 218.989 82.8846 
0.04 10 9.4 0 0 0 60.7417 218.989 -82.8846 
0.045 9.43468 10 1.35976 0 0 128.442 1783.62 0 
0.045 10 10.6 0 0 0 64.2212 223.013 87.5063 
0.045 10 9.4 0 0 0 64.2212 223.013 -87.5063 
0.05 9.44179 10 1.4862 0 0 136.493 1756.7 0 
0.05 10 10.6 0 0 0 68.2464 227.624 94.1842 
0.05 10 9.4 0 0 0 68.2464 227.624 -94.1842 
0.055 9.44953 10 1.61069 0 0 145.759 1728.78 0 
0.055 10 10.6 0 0 0 72.8793 232.869 100.627 
0.055 10 9.4 0 0 0 72.8793 232.869 -100.627 
0.06 9.4579 10 1.73315 0 0 156.383 1699.76 0 
0.06 10 10.6 0 0 0 78.1915 238.809 109.361 
0.06 10 9.4 0 0 0 78.1915 238.809 -109.361 
0.065 9.46686 10 1.85348 0 0 168.53 1669.52 0 
0.065 10 10.6 0 0 0 84.2648 245.502 118.134 
0.065 10 9.4 0 0 0 84.2648 245.502 -118.134 
0.07 9.47643 10 1.97162 0 0 182.384 1637.95 0 
0.07 10 10.6 0 0 0 91.1921 253.018 129.515 
0.07 10 9.4 0 0 0 91.1921 253.018 -129.515 
0.075 9.48658 10 2.08744 0 0 198.157 1604.93 0 
0.075 10 10.6 0 0 0 99.0786 261.422 141.298 
0.075 10 9.4 0 0 0 99.0786 261.422 -141.298 
0.08 9.4973 10 2.20085 0 0 216.084 1570.31 0 
0.08 10 10.6 0 0 0 108.042 270.791 156.105 
0.08 10 9.4 0 0 0 108.042 270.791 -156.105 
0.085 9.50858 10 2.31173 0 0 236.427 1533.99 0 
0.085 10 10.6 0 0 0 118.213 281.189 171.786 
0.085 10 9.4 0 0 0 118.213 281.189 -171.786 
0.09 9.52041 10 2.41995 0 0 259.474 1495.84 0 
0.09 10 10.6 0 0 0 129.737 292.689 191.024 
0.09 10 9.4 0 0 0 129.737 292.689 -191.024 
0.095 9.53277 10 2.52538 0 0 285.543 1455.77 0 
0.095 10 10.6 0 0 0 142.771 305.344 211.733 
0.095 10 9.4 0 0 0 142.771 305.344 -211.733 
0.1 9.54566 10 2.62787 0 0 314.972 1413.7 0 
0.1 10 10.6 0 0 0 157.486 319.207 236.659 
0.1 10 9.4 0 0 0 157.486 319.207 -236.659 
0.105 9.55905 10 2.72729 0 0 348.126 1369.59 0 
0.105 10 10.6 0 0 0 174.063 334.298 263.782 
0.105 10 9.4 0 0 0 174.063 334.298 -263.782 
0.11 9.57293 10 2.82348 0 0 385.382 1323.48 0 
0.11 10 10.6 0 0 0 192.691 350.625 295.909 
0.11 10 9.4 0 0 0 192.691 350.625 -295.909 
0.115 9.58728 10 2.91631 0 0 427.13 1275.44 0 
0.115 10 10.6 0 0 0 213.565 368.144 331.069 
0.115 10 9.4 0 0 0 213.565 368.144 -331.069 
0.12 9.60208 10 3.00564 0 0 473.753 1225.66 0 
0.12 10 10.6 0 0 0 236.877 386.78 372.107 
0.12 10 9.4 0 0 0 236.877 386.78 -372.107 
0.125 9.61733 10 3.09137 0 0 525.624 1174.45 0 
0.125 10 10.6 0 0 0 262.812 406.384 417.071 
0.125 10 9.4 0 0 0 262.812 406.384 -417.071 
0.13 9.63299 10 3.1734 0 0 583.077 1122.23 0 
0.13 10 10.6 0 0 0 291.539 426.751 468.791 
0.13 10 9.4 0 0 0 291.539 426.751 -468.791 
0.135 9.64906 10 3.25168 0 0 646.395 1069.61 0 
0.135 10 10.6 0 0 0 323.198 447.581 525.265 
0.135 10 9.4 0 0 0 323.198 447.581 -525.265 
0.14 9.6655 10 3.32621 0 0 715.779 1017.36 0 
0.14 10 10.6 0 0 0 357.889 468.491 589.225 
0.14 10 9.4 0 0 0 357.889 468.491 -589.225 
0.145 9.68231 10 3.39705 0 0 791.32 966.449 0 
0.145 10 10.6 0 0 0 395.66 488.986 658.511 
0.145 10 9.4 0 0 0 395.66 488.986 -658.511 
0.15 9.69947 10 3.46433 0 0 872.972 918.059 0 
0.15 10 10.6 0 0 0 436.486 508.472 735.634 
0.15 10 9.4 0 0 0 436.486 508.472 -735.634 
0.155 9.71695 10 3.52829 0 0 960.518 873.569 0 
0.155 10 10.6 0 0 0 480.259 526.238 818.135 
0.155 10 9.4 0 0 0 480.259 526.238 -818.135 
0.16 9.73474 10 3.58926 0 0 1053.54 834.54 0 
0.16 10 10.6 0 0 0 526.769 541.486 908.147 
0.16 10 9.4 0 0 0 526.769 541.486 -908.147 
0.165 9.75284 10 3.64768 0 0 1151.38 802.691 0 
0.165 10 10.6 0 0 0 575.692 553.319 1002.76 
0.165 10 9.4 0 0 0 575.692 553.319 -1002.76 
0.17 9.77122 10 3.70414 0 0 1253.15 779.84 0 
0.17 10 10.6 0 0 0 626.577 560.794 1103.57 
0.17 10 9.4 0 0 0 626.577 560.794 -1103.57 
0.175 9.78988 10 3.75935 0 0 1357.67 767.839 0 
0.175 10 10.6 0 0 0 678.837 562.929 1207.06 
0.175 10 9.4 0 0 0 678.837 562.929 -1207.06 
0.18 9.80881 10 3.81414 0 0 1463.5 768.487 0 
0.18 10 10.6 0 0 0 731.748 558.771 1314.2 
0.18 10 9.4 0 0 0 731.748 558.771 -1314.2 
0.185 9.82802 10 3.86947 0 0 1568.9 783.429 0 
0.185 10 10.6 0 0 0 784.448 547.425 1420.81 
0.185 10 9.4 0 0 0 784.448 547.425 -1420.81 
0.19 9.84751 10 3.92643 0 0 1671.89 814.039 0 
0.19 10 10.6 0 0 0 835.943 528.135 1527.16 
0.19 10 9.4 0 0 0 835.943 528.135 -1527.16 
0.195 9.86729 10 3.98616 0 0 1770.24 861.301 0 
0.195 10 10.6 0 0 0 885.121 500.322 1628.44 
0.195 10 9.4 0 0 0 885.121 500.322 -1628.44 
0.2 9.88738 10 4.04988 0 0 1861.55 925.682 0 
0.2 10 10.6 0 0 0 930.773 463.672 1724.35 
0.2 10 9.4 0 0 0 930.773 463.672 -1724.35 
0.205 9.9078 10 4.1188 0 0 1943.22 1007.02 0 
0.205 10 10.6 0 0 0 971.611 418.18 1809.59 
0.205 10 9.4 0 0 0 971.611 418.18 -1809.59 
0.21 9.92857 10 4.19412 0 0 2012.62 1104.39 0 
0.21 10 10.6 0 0 0 1006.31 364.222 1883.55 
0.21 10 9.4 0 0 0 1006.31 364.222 -1883.55 
0.215 9.94975 10 4.27692 0 0 2067.07 1216.06 0 
0.215 10 10.6 0 0 0 1033.54 302.592 1940.77 
0.215 10 9.4 0 0 0 1033.54 302.592 -1940.77 
0.22 9.97136 10 4.36812 0 0 2104.02 1339.37 0 
0.22 10 10.6 0 0 0 1052.01 234.554 1980.74 
0.22 10 9.4 0 0 0 1052.01 234.554 -1980.74 
0.225 9.99345 10 4.46845 0 0 2121.12 1470.76 0 
0.225 10 10.6 0 0 0 1060.56 161.837 1998.39 
0.225 10 9.4 0 0 0 1060.56 161.837 -1998.39 
0.23 10.0161 10 4.57832 0 0 2116.37 1605.78 0 
0.23 10 10.6 0 0 0 1058.19 86.6354 1993.92 
0.23 10 9.4 0 0 0 1058.19 86.6354 -1993.92 
0.235 10.0392 10 4.69781 0 0 2088.33 1739.25 0 
0.235 10 10.6 0 0 0 1044.16 11.5379 1963.41 
0.235 10 9.4 0 0 0 1044.16 11.5379 -1963.41 
0.24 10.0631 10 4.82661 0 0 2036.21 1865.42 0 
0.24 10 10.6 0 0 0 1018.11 -60.5653 1908.58 
0.24 10 9.4 0 0 0 1018.11 -60.5653 -1908.58 
0.245 10.0875 10 4.96398 0 0 1960.13 1978.39 0 
0.245 10 10.6 0 0 0 980.066 -126.665 1827.43 
0.245 10 9.4 0 0 0 980.066 -126.665 -1827.43 
0.25 10.1127 10 5.10878 0 0 1861.2 2072.46 0 
0.25 10 10.6 0 0 0 930.601 -183.834 1723.99 
0.25 10 9.4 0 0 0 930.601 -183.834 -1723.99 
0.255 10.1386 10 5.25948 0 0 1741.63 2142.7 0 
0.255 10 10.6 0 0 0 870.817 -229.505 1598.72 
0.255 10 9.4 0 0 0 870.817 -229.505 -1598.72 
0.26 10.1653 10 5.41423 0 0 1604.72 2185.46 0 
0.26 10 10.6 0 0 0 802.361 -261.717 1458.09 
0.26 10 9.4 0 0 0 802.361 -261.717 -1458.09 
0.265 10.1928 10 5.57099 0 0 1454.72 2198.84 0 
0.265 10 10.6 0 0 0 727.361 -279.378 1304.73 
0.265 10 9.4 0 0 0 727.361 -279.378 -1304.73 
0.27 10.221 10 5.72765 0 0 1296.59 2182.94 0 
0.27 10 10.6 0 0 0 648.296 -282.392 1146.69 
0.27 10 9.4 0 0 0 648.296 -282.392 -1146.69 
0.275 10.25 10 5.88219 0 0 1135.64 2139.95 0 
0.275 10 10.6 0 0 0 567.818 -271.717 987.356 
0.275 10 9.4 0 0 0 567.818 -271.717 -987.356 
0.28 10.2798 10 6.0328 0 0 977.08 2073.89 0 
0.28 10 10.6 0 0 0 488.54 -249.231 834.572 
0.28 10 9.4 0 0 0 488.54 -249.231 -834.572 
0.285 10.3104 10 6.17804 0 0 825.658 1990.14 0 
0.285 10 10.6 0 0 0 412.829 -217.522 690.572 
0.285 10 9.4 0 0 0 412.829 -217.522 -690.572 
0.29 10.3416 10 6.31683 0 0 685.259 1894.74 0 
0.29 10 10.6 0 0 0 342.629 -179.54 561.253 
0.29 10 9.4 0 0 0 342.629 -179.54 -561.253 
0.295 10.3735 10 6.44858 0 0 558.693 1793.77 0 
0.295 10 10.6 0 0 0 279.347 -138.28 446.415 
0.295 10 9.4 0 0 0 279.347 -138.28 -446.415 
0.3 10.4061 10 6.57308 0 0 447.614 1692.69 0 
0.3 10 10.6 0 0 0 223.807 -96.4523 349.373 
0.3 10 9.4 0 0 0 223.807 -96.4523 -349.373 
0.305 10.4392 10 6.6905 0 0 352.572 1595.91 0 
0.305 10 10.6 0 0 0 176.286 -56.2839 267.524 
0.305 10 9.4 0 0 0 176.286 -56.2839 -267.524 
0.31 10.473 10 6.80125 0 0 273.178 1506.62 0 
0.31 10 10.6 0 0 0 136.589 -19.3876 202.197 
0.31 10 9.4 0 0 0 136.589 -19.3876 -202.197 
0.315 10.5072 10 6.90595 0 0 208.339 1426.72 0 
0.315 10 10.6 0 0 0 104.169 13.2311 149.35 
0.315 10 9.4 0 0 0 104.169 13.2311 -149.35 
0.32 10.542 10 7.00531 0 0 156.496 1357.01 0 
0.32 10 10.6 0 0 0 78.2481 41.1283 109.448 
0.32 10 9.4 0 0 0 78.2481 41.1283 -109.448 
0.325 10.5773 10 7.10005 0 0 115.861 1297.42 0 
0.325 10 10.6 0 0 0 57.9306 64.289 78.0889 
0.325 10 9.4 0 0 0 57.9306 64.289 -78.0889 
0.33 10.613 10 7.19088 0 0 84.5981 1247.25 0 
0.33 10 10.6 0 0 0 42.2991 83.0195 55.7709 
0.33 10 9.4 0 0 0 42.2991 83.0195 -55.7709 
0.335 10.6492 10 7.27843 0 0 60.9609 1205.42 0 
0.335 10 10.6 0 0 0 30.4804 97.8054 38.3964 
0.335 10 9.4 0 0 0 30.4804 97.8054 -38.3964 
0.34 10.6858 10 7.36325 0 0 43.3788 1170.7 0 
0.34 10 10.6 0 0 0 21.6894 109.23 26.9203 
0.34 10 9.4 0 0 0 21.6894 109.23 -26.9203 
0.345 10.7228 10 7.44581 0 0 30.4995 1141.83 0 
0.345 10 10.6 0 0 0 15.2498 117.881 17.7598 
0.345 10 9.4 0 0 0 15.2498 117.881 -17.7598 
0.35 10.7602 10 7.52648 0 0 21.2 1117.67 0 
0.35 10 10.6 0 0 0 10.6 124.316 12.3783 
0.35 10 9.4 0 0 0 10.6 124.316 -12.3783 
0.355 10.7981 10 7.60557 0 0 14.5757 1097.19 0 
0.355 10 10.6 0 0 0 7.28787 129.018 7.65508 
0.355 10 9.4 0 0 0 7.28787 129.018 -7.65508 
0.36 10.8363 10 7.68329 0 0 9.91708 1079.54 0 
0.36 10 10.6 0 0 0 4.95854 132.406 5.44849 
0.36 10 9.4 0 0 0 4.95854 132.406 -5.44849 
0.365 10.8749 10 7.75984 0 0 6.68022 1064.02 0 
0.365 10 10.6 0 0 0 3.34011 134.806 2.9608 
0.365 10 9.4 0 0 0 3.34011 134.806 -2.9608 
0.37 10.9139 10 7.83533 0 0 4.45688 1050.09 0 
0.37 10 10.6 0 0 0 2.22844 136.489 2.30532 
0.37 10 9.4 0 0 0 2.22844 136.489 -2.30532 
0.375 10.9533 10 7.90988 0 0 2.94627 1037.33 0 
0.375 10 10.6 0 0 0 1.47314 137.649 0.879163 
0.375 10 9.4 0 0 0 1.47314 137.649 -0.879163 
0.38 10.993 10 7.98354 0 0 1.93051 1022.31 0 
0.38 10 10.6 0 0 0 0.965256 140 0 
0.38 10 9.4 0 0 0 0.965256 140 0 
0.385 11.0331 10 8.0562 0 0 0 1012.14 0 
0.385 10 10.6 0 0 0 0 139.999 -0.599994 
0.385 10 9.4 0 0 0 0 139.999 0.599994 
