0.05 0
0.1 0
0.15 0
0.2 0
0.25 0
0.3 0
0.35 0
0.4 0
0.45 0
0.5 0
0.55 0
0.6 0
0.65 0
0.7 0
0.75 0
0.8 1
0.85 1
0.9 1
0.95 0
1 0
1.05 0
1.1 0
1.15 1
1.2 0
1.25 1
1.3 0
1.35 0
1.4 0
1.45 0
1.5 0
1.55 2
1.6 0
1.65 0
1.7 0
1.75 0
1.8 2
1.85 0
1.9 0
1.95 0
2 1
2.05 1
2.1 0
2.15 0
2.2 0
2.25 1
2.3 0
2.35 0
2.4 0
2.45 0
2.5 0
2.55 0
2.6 0
2.65 0
2.7 0
2.75 0
2.8 0
2.85 0
2.9 0
2.95 0
3 0
3.05 0
3.1 0
3.15 0
3.2 0
3.25 0
3.3 0
3.35 1
3.4 0
3.45 0
3.5 0
3.55 0
3.6 1
3.65 0
3.7 1
3.75 0
3.8 0
3.85 0
3.9 0
3.95 2
4 0
4.05 0
4.1 1
4.15 1
4.2 0
4.25 0
4.3 0
4.35 1
4.4 0
4.45 1
4.5 0
4.55 1
4.6 0
4.65 0
4.7 0
4.75 0
4.8 0
4.85 0
4.9 0
4.95 0
5 0
5.05 0
5.1 0
5.15 0
5.2 0
5.25 0
5.3 0
5.35 0
5.4 0
5.45 0
5.5 0
5.55 0
5.6 0
5.65 0
5.7 1
5.75 0
5.8 0
5.85 0
5.9 0
5.95 1
6 0
6.05 0
6.1 1
6.15 0
6.2 1
6.25 0
6.3 0
6.35 0
6.4 0
6.45 0
6.5 0
6.55 0
6.6 0
6.65 0
6.7 0
6.75 0
6.8 1
6.85 0
6.9 0
6.95 0
7 0
7.05 1
7.1 0
7.15 1
7.2 0
7.25 0
7.3 0
7.35 0
7.4 1
7.45 0
7.5 0
7.55 0
7.6 0
7.65 0
7.7 2
7.75 1
7.8 1
7.85 0
7.9 0
7.95 0
8 2
8.05 0
8.1 0
8.15 0
8.2 0
8.25 0
8.3 0
8.35 1
8.4 0
8.45 0
8.5 0
8.55 0
8.6 0
8.65 0
8.7 0
8.75 0
8.8 0
8.85 0
8.9 0
8.95 0
9 0
9.05 0
9.1 0
9.15 0
9.2 0
9.25 0
9.3 0
9.35 0
9.4 0
9.45 0
9.5 0
9.55 0
9.6 0
9.65 0
9.7 0
9.75 0
9.8 0
9.85 0
9.9 0
9.95 0
10 0
10.05 0
10.1 0
10.15 1
10.2 0
10.25 0
10.3 1
10.35 0
10.4 1
10.45 0
10.5 0
10.55 0
10.6 0
10.65 0
10.7 0
10.75 0
10.8 0
10.85 0
10.9 0
10.95 0
11 0
11.05 0
11.1 0
11.15 0
11.2 0
11.25 0
11.3 0
11.35 0
11.4 0
11.45 0
11.5 0
11.55 0
11.6 0
11.65 0
11.7 0
11.75 0
11.8 0
11.85 0
11.9 0
11.95 0
12 0
12.05 0
12.1 0
12.15 0
12.2 0
12.25 0
12.3 0
12.35 0
12.4 0
12.45 0
12.5 1
12.55 0
12.6 0
12.65 0
12.7 0
12.75 0
12.8 2
12.85 1
12.9 0
12.95 1
13 0
13.05 0
13.1 1
13.15 0
13.2 0
13.25 0
13.3 0
13.35 0
13.4 0
13.45 0
13.5 0
13.55 0
13.6 0
13.65 0
13.7 0
13.75 0
13.8 0
13.85 0
13.9 1
13.95 2
14 0
14.05 0
14.1 0
14.15 0
14.2 1
14.25 0
14.3 0
14.35 1
14.4 0
14.45 1
14.5 0
14.55 1
14.6 0
14.65 0
14.7 0
14.75 2
14.8 0
14.85 0
14.9 1
14.95 0
15 0
15.05 0
15.1 0
15.15 0
15.2 0
15.25 0
15.3 0
15.35 0
15.4 0
15.45 0
15.5 0
15.55 1
15.6 1
15.65 0
15.7 0
15.75 1
15.8 0
15.85 0
15.9 0
15.95 0
16 0
16.05 0
16.1 1
16.15 0
16.2 0
16.25 0
16.3 0
16.35 0
16.4 1
16.45 0
16.5 0
16.55 0
16.6 0
16.65 0
16.7 0
16.75 0
16.8 0
16.85 0
16.9 0
16.95 0
17 0
17.05 0
17.1 0
17.15 0
17.2 0
17.25 0
17.3 0
17.35 0
17.4 0
17.45 0
17.5 0
17.55 0
17.6 0
17.65 0
17.7 0
17.75 0
17.8 0
17.85 0
17.9 0
17.95 0
18 1
18.05 0
18.1 0
18.15 0
18.2 1
18.25 0
18.3 0
18.35 0
18.4 0
18.45 0
18.5 0
18.55 0
18.6 0
18.65 0
18.7 1
18.75 1
18.8 0
18.85 0
18.9 0
18.95 1
19 0
19.05 0
19.1 1
19.15 0
19.2 0
19.25 2
19.3 0
19.35 0
19.4 0
19.45 0
19.5 0
19.55 0
19.6 0
19.65 1
19.7 1
19.75 0
19.8 0
19.85 1
19.9 0
19.95 1
20 1
20.05 1
20.1 0
20.15 0
20.2 0
20.25 0
20.3 1
20.35 0
20.4 0
20.45 1
20.5 0
20.55 0
20.6 0
20.65 1
20.7 0
20.75 0
20.8 0
20.85 1
20.9 0
20.95 0
21 0
21.05 0
21.1 1
21.15 0
21.2 1
21.25 0
21.3 0
21.35 0
21.4 0
21.45 0
21.5 0
21.55 0
21.6 0
21.65 0
21.7 0
21.75 0
21.8 1
21.85 0
21.9 0
21.95 1
22 0
22.05 0
22.1 0
22.15 1
22.2 2
22.25 0
22.3 0
22.35 0
22.4 1
22.45 0
22.5 1
22.55 0
22.6 0
22.65 0
22.7 1
22.75 0
22.8 0
22.85 1
22.9 1
22.95 0
23 2
23.05 0
23.1 0
23.15 0
23.2 0
23.25 2
23.3 0
23.35 1
23.4 0
23.45 0
23.5 0
23.55 0
23.6 0
23.65 0
23.7 0
23.75 0
23.8 0
23.85 0
23.9 0
23.95 0
24 0
24.05 0
24.1 0
24.15 0
24.2 0
24.25 1
24.3 0
24.35 0
24.4 0
24.45 1
24.5 0
24.55 2
24.6 0
24.65 0
24.7 0
24.75 1
24.8 0
24.85 1
24.9 0
24.95 1
25 1
25.05 0
25.1 1
25.15 0
25.2 0
25.25 0
25.3 0
25.35 1
25.4 0
25.45 0
25.5 0
25.55 0
25.6 0
25.65 0
25.7 0
25.75 0
25.8 0
25.85 0
25.9 0
25.95 0
26 0
26.05 0
26.1 0
26.15 0
26.2 0
26.25 0
26.3 1
26.35 0
26.4 1
26.45 1
26.5 2
26.55 0
26.6 0
26.65 0
26.7 2
26.75 0
26.8 0
26.85 1
26.9 0
26.95 1
27 0
27.05 0
27.1 1
27.15 2
27.2 0
27.25 0
27.3 0
27.35 1
27.4 0
27.45 0
27.5 0
27.55 0
27.6 2
27.65 0
27.7 0
27.75 0
27.8 0
27.85 0
27.9 0
27.95 0
28 0
28.05 0
28.1 0
28.15 0
28.2 1
28.25 0
28.3 0
28.35 1
28.4 0
28.45 0
28.5 0
28.55 0
28.6 1
28.65 1
28.7 0
28.75 0
28.8 0
28.85 0
28.9 0
28.95 0
29 0
29.05 0
29.1 0
29.15 0
29.2 0
29.25 0
29.3 0
29.35 0
29.4 1
29.45 0
29.5 0
29.55 0
29.6 0
29.65 1
29.7 1
29.75 0
29.8 0
29.85 0
29.9 0
29.95 0
30 0
30.05 0
30.1 0
30.15 0
30.2 0
30.25 0
30.3 0
30.35 0
30.4 1
30.45 0
30.5 1
30.55 0
30.6 2
30.65 0
30.7 1
30.75 0
30.8 0
30.85 1
30.9 0
30.95 1
31 0
31.05 0
31.1 0
31.15 0
31.2 2
31.25 0
31.3 0
31.35 1
31.4 0
31.45 0
31.5 1
31.55 0
31.6 0
31.65 1
31.7 1
31.75 1
31.8 0
31.85 0
31.9 0
31.95 0
32 1
32.05 1
32.1 0
32.15 0
32.2 0
32.25 0
32.3 0
32.35 1
32.4 0
32.45 0
32.5 0
32.55 0
32.6 1
32.65 0
32.7 0
32.75 1
32.8 0
32.85 0
32.9 0
32.95 0
33 0
33.05 0
33.1 0
33.15 0
33.2 1
33.25 0
33.3 0
33.35 1
33.4 0
33.45 1
33.5 1
33.55 0
33.6 0
33.65 1
33.7 1
33.75 1
33.8 0
33.85 0
33.9 0
33.95 1
34 1
34.05 1
34.1 0
34.15 0
34.2 0
34.25 1
34.3 0
34.35 1
34.4 0
