0.05 0
0.1 0
0.15 0
0.2 1
0.25 1
0.3 0
0.35 0
0.4 1
0.45 0
0.5 1
0.55 1
0.6 3
0.65 0
0.7 1
0.75 1
0.8 2
0.85 1
0.9 0
0.95 0
1 0
1.05 0
1.1 0
1.15 0
1.2 0
1.25 3
1.3 1
1.35 1
1.4 0
1.45 0
1.5 2
1.55 1
1.6 0
1.65 0
1.7 0
1.75 1
1.8 1
1.85 0
1.9 2
1.95 1
2 0
2.05 0
2.1 1
2.15 0
2.2 3
2.25 0
2.3 0
2.35 0
2.4 0
2.45 0
2.5 0
2.55 1
2.6 1
2.65 1
2.7 0
2.75 2
2.8 0
2.85 0
2.9 0
2.95 1
3 0
3.05 0
3.1 1
3.15 1
3.2 0
3.25 2
3.3 0
3.35 0
3.4 0
3.45 1
3.5 1
3.55 1
3.6 0
3.65 0
3.7 0
3.75 0
3.8 2
3.85 1
3.9 2
3.95 0
4 0
4.05 0
4.1 1
4.15 0
4.2 1
4.25 1
4.3 0
4.35 1
4.4 0
4.45 0
4.5 0
4.55 1
4.6 3
4.65 0
4.7 0
4.75 3
4.8 0
4.85 0
4.9 2
4.95 0
5 0
5.05 0
5.1 2
5.15 0
5.2 1
5.25 3
5.3 0
5.35 0
5.4 1
5.45 0
5.5 0
5.55 1
5.6 0
5.65 3
5.7 0
5.75 0
5.8 0
5.85 0
5.9 0
5.95 0
6 0
6.05 1
6.1 1
6.15 0
6.2 1
6.25 1
6.3 0
6.35 1
6.4 0
6.45 0
6.5 0
6.55 0
6.6 0
6.65 0
6.7 4
6.75 1
6.8 0
6.85 1
6.9 0
6.95 0
7 0
7.05 0
7.1 2
7.15 2
7.2 0
7.25 0
7.3 0
7.35 0
7.4 0
7.45 0
7.5 0
7.55 1
7.6 1
7.65 0
7.7 1
7.75 1
7.8 1
7.85 0
7.9 0
7.95 1
8 0
8.05 0
8.1 0
8.15 1
8.2 1
8.25 1
8.3 1
8.35 0
8.4 0
8.45 2
8.5 0
8.55 0
8.6 0
8.65 0
8.7 1
8.75 0
8.8 1
8.85 3
8.9 0
8.95 0
9 0
9.05 0
9.1 0
9.15 3
9.2 0
9.25 1
9.3 0
9.35 1
9.4 0
9.45 0
9.5 0
9.55 1
9.6 0
9.65 1
9.7 1
9.75 1
9.8 1
9.85 0
9.9 0
9.95 0
10 2
10.05 0
10.1 0
10.15 1
10.2 0
10.25 1
10.3 0
10.35 0
10.4 2
10.45 1
10.5 0
10.55 0
10.6 0
10.65 0
10.7 0
10.75 0
10.8 1
10.85 2
10.9 0
10.95 0
11 1
11.05 0
11.1 0
11.15 0
11.2 0
11.25 0
11.3 0
11.35 1
11.4 0
11.45 0
11.5 1
11.55 1
11.6 0
11.65 1
11.7 0
11.75 0
11.8 0
11.85 0
11.9 1
11.95 1
12 1
12.05 0
12.1 3
12.15 0
12.2 0
12.25 1
12.3 0
12.35 1
12.4 2
12.45 0
12.5 0
12.55 1
12.6 0
12.65 0
12.7 1
12.75 0
12.8 0
12.85 0
12.9 1
12.95 0
13 1
13.05 0
13.1 0
13.15 0
13.2 2
13.25 0
13.3 0
13.35 0
13.4 0
13.45 1
13.5 0
13.55 1
13.6 2
13.65 0
13.7 0
13.75 0
13.8 0
13.85 0
13.9 0
13.95 0
14 0
14.05 1
14.1 2
14.15 0
14.2 0
14.25 1
14.3 0
14.35 0
14.4 0
14.45 0
14.5 2
14.55 0
14.6 0
14.65 1
14.7 0
14.75 0
14.8 2
14.85 1
14.9 0
14.95 0
15 0
15.05 0
15.1 1
15.15 0
15.2 2
15.25 0
15.3 0
15.35 1
15.4 1
15.45 0
15.5 0
15.55 1
15.6 0
15.65 1
15.7 0
15.75 0
15.8 0
15.85 3
15.9 0
15.95 1
16 0
16.05 1
16.1 0
16.15 1
16.2 0
16.25 0
16.3 0
16.35 2
16.4 0
16.45 0
16.5 0
16.55 0
16.6 0
16.65 2
16.7 0
16.75 0
16.8 1
16.85 0
16.9 0
16.95 1
17 1
17.05 0
17.1 2
17.15 0
17.2 2
17.25 0
17.3 0
17.35 1
17.4 0
17.45 1
17.5 0
17.55 1
17.6 1
17.65 1
17.7 0
17.75 2
17.8 0
17.85 0
17.9 1
17.95 0
18 1
18.05 0
18.1 0
18.15 0
18.2 0
18.25 1
18.3 1
18.35 1
18.4 1
18.45 0
18.5 0
18.55 1
18.6 0
18.65 0
18.7 0
18.75 1
18.8 0
18.85 0
18.9 0
18.95 1
19 0
19.05 1
19.1 0
19.15 0
19.2 2
19.25 0
19.3 0
19.35 0
19.4 1
19.45 1
19.5 1
19.55 0
19.6 1
19.65 0
19.7 0
19.75 0
19.8 2
19.85 0
19.9 1
19.95 1
20 0
20.05 0
20.1 0
20.15 0
20.2 0
20.25 0
20.3 1
20.35 1
20.4 0
20.45 2
20.5 1
20.55 0
20.6 0
20.65 0
20.7 0
20.75 1
20.8 0
20.85 0
20.9 1
20.95 0
21 0
21.05 1
21.1 0
21.15 0
21.2 2
21.25 1
21.3 0
21.35 0
21.4 0
21.45 0
21.5 0
21.55 0
21.6 2
21.65 1
21.7 0
21.75 2
21.8 0
21.85 0
21.9 0
21.95 0
22 1
22.05 1
22.1 1
22.15 1
22.2 0
22.25 1
22.3 1
22.35 0
22.4 0
22.45 1
22.5 0
22.55 1
22.6 2
22.65 0
22.7 0
22.75 1
22.8 1
22.85 0
22.9 1
22.95 0
23 0
23.05 0
23.1 0
23.15 1
23.2 0
23.25 0
23.3 1
23.35 1
23.4 0
23.45 0
23.5 0
23.55 1
23.6 0
23.65 1
23.7 0
23.75 0
23.8 0
23.85 0
23.9 0
23.95 4
24 0
24.05 0
24.1 0
24.15 2
24.2 0
24.25 0
24.3 0
24.35 2
24.4 0
24.45 1
24.5 1
24.55 0
24.6 0
24.65 1
24.7 0
24.75 0
24.8 1
24.85 0
24.9 0
24.95 0
25 0
25.05 0
25.1 0
25.15 2
25.2 0
25.25 0
25.3 1
25.35 1
25.4 1
25.45 1
25.5 0
25.55 0
25.6 1
25.65 0
25.7 0
25.75 0
25.8 0
25.85 0
25.9 2
25.95 2
26 0
26.05 0
26.1 1
26.15 0
26.2 0
26.25 0
26.3 0
26.35 0
26.4 1
26.45 2
26.5 0
26.55 0
26.6 0
26.65 1
26.7 0
26.75 1
26.8 0
26.85 0
26.9 0
26.95 0
27 0
27.05 0
27.1 0
27.15 1
27.2 0
27.25 1
27.3 0
27.35 0
27.4 1
27.45 0
27.5 0
27.55 0
27.6 1
27.65 2
27.7 0
27.75 1
27.8 0
27.85 1
27.9 1
27.95 0
28 2
28.05 1
28.1 0
28.15 0
28.2 1
28.25 0
28.3 0
28.35 0
28.4 1
28.45 0
28.5 0
28.55 3
28.6 0
28.65 0
28.7 1
28.75 0
28.8 0
28.85 0
28.9 0
28.95 0
29 1
29.05 0
29.1 2
29.15 1
29.2 0
29.25 0
29.3 1
29.35 0
29.4 1
29.45 0
29.5 0
29.55 1
29.6 0
29.65 2
29.7 0
29.75 2
29.8 0
29.85 0
29.9 0
29.95 1
30 0
30.05 0
30.1 0
30.15 2
30.2 0
30.25 1
30.3 0
30.35 0
30.4 0
30.45 0
30.5 0
30.55 0
30.6 1
30.65 1
30.7 0
30.75 0
30.8 1
30.85 0
30.9 0
30.95 1
31 1
31.05 1
31.1 1
31.15 0
31.2 1
31.25 0
31.3 0
31.35 0
31.4 0
31.45 1
31.5 3
31.55 0
31.6 1
31.65 0
31.7 0
31.75 0
31.8 0
31.85 0
31.9 0
31.95 0
32 0
32.05 1
32.1 0
32.15 1
32.2 0
32.25 2
32.3 1
32.35 0
32.4 0
32.45 0
32.5 1
32.55 0
32.6 1
32.65 1
32.7 0
32.75 2
32.8 1
32.85 0
32.9 0
32.95 2
33 0
33.05 0
33.1 0
33.15 0
33.2 0
33.25 0
33.3 0
33.35 0
33.4 0
33.45 0
33.5 1
33.55 0
33.6 0
33.65 1
33.7 2
33.75 1
33.8 1
33.85 0
33.9 0
33.95 0
34 0
34.05 0
34.1 0
34.15 1
34.2 0
34.25 0
34.3 0
34.35 0
34.4 1
34.45 0
34.5 0
34.55 1
34.6 0
34.65 0
34.7 0
34.75 1
34.8 0
34.85 1
34.9 2
34.95 0
35 0
35.05 1
35.1 0
35.15 1
35.2 0
35.25 0
35.3 0
35.35 0
35.4 0
35.45 0
35.5 2
35.55 1
35.6 0
35.65 2
35.7 0
35.75 0
35.8 0
35.85 0
35.9 1
35.95 1
36 0
36.05 0
36.1 0
36.15 1
36.2 1
36.25 0
36.3 2
36.35 0
36.4 0
36.45 0
36.5 0
36.55 0
36.6 1
36.65 1
36.7 0
36.75 0
36.8 2
36.85 0
36.9 0
36.95 0
37 1
37.05 0
37.1 0
37.15 0
37.2 1
37.25 0
37.3 0
37.35 1
37.4 0
37.45 1
37.5 0
37.55 1
37.6 0
37.65 0
37.7 1
37.75 0
37.8 0
37.85 0
37.9 0
37.95 0
38 0
38.05 1
38.1 0
38.15 0
38.2 0
38.25 0
38.3 3
38.35 1
38.4 0
38.45 0
38.5 0
38.55 1
38.6 0
38.65 0
38.7 3
38.75 0
38.8 0
38.85 1
38.9 1
38.95 0
39 0
39.05 0
39.1 0
39.15 0
39.2 1
39.25 1
39.3 0
39.35 1
39.4 0
39.45 0
39.5 0
39.55 1
39.6 0
39.65 0
39.7 0
39.75 0
39.8 1
39.85 1
39.9 1
39.95 0
40 0
40.05 0
40.1 0
40.15 0
40.2 1
40.25 1
40.3 0
40.35 0
40.4 0
40.45 0
40.5 0
40.55 0
40.6 0
40.65 0
40.7 0
40.75 2
40.8 2
40.85 0
40.9 1
40.95 0
41 0
41.05 1
41.1 0
41.15 0
41.2 0
41.25 1
41.3 1
41.35 0
41.4 0
41.45 3
41.5 0
41.55 0
41.6 0
41.65 0
41.7 1
41.75 0
41.8 0
41.85 0
41.9 2
41.95 1
42 0
42.05 0
42.1 1
42.15 0
42.2 0
42.25 0
42.3 0
42.35 1
42.4 1
42.45 0
42.5 0
42.55 0
42.6 1
42.65 0
42.7 0
42.75 1
42.8 0
42.85 2
42.9 1
42.95 0
43 0
43.05 0
43.1 0
43.15 0
43.2 0
43.25 0
43.3 0
43.35 3
43.4 0
43.45 0
43.5 0
43.55 1
43.6 0
43.65 0
43.7 0
43.75 0
43.8 0
43.85 0
43.9 0
43.95 0
44 0
44.05 3
44.1 1
44.15 1
44.2 0
44.25 0
44.3 0
44.35 1
44.4 2
44.45 0
44.5 1
44.55 0
44.6 0
44.65 0
44.7 1
44.75 1
44.8 1
44.85 0
44.9 1
44.95 0
45 0
45.05 0
45.1 0
45.15 0
45.2 1
45.25 0
45.3 1
45.35 1
45.4 0
45.45 0
45.5 1
45.55 0
45.6 1
45.65 0
45.7 0
45.75 1
45.8 0
45.85 0
45.9 0
45.95 1
46 3
46.05 0
46.1 0
46.15 1
46.2 0
46.25 0
46.3 0
46.35 1
46.4 0
46.45 0
46.5 1
46.55 1
46.6 1
46.65 0
46.7 1
46.75 0
46.8 1
46.85 0
46.9 0
46.95 1
47 0
47.05 0
47.1 1
47.15 0
47.2 0
47.25 1
47.3 2
47.35 0
47.4 1
47.45 0
47.5 0
47.55 0
47.6 0
47.65 0
47.7 0
47.75 1
47.8 0
47.85 1
47.9 2
47.95 0
48 1
48.05 0
48.1 0
48.15 0
48.2 0
48.25 1
48.3 1
48.35 0
48.4 0
48.45 1
48.5 0
48.55 0
48.6 0
48.65 0
48.7 2
48.75 2
48.8 0
48.85 0
48.9 1
48.95 0
49 0
49.05 0
49.1 0
49.15 0
49.2 1
49.25 1
49.3 0
49.35 0
49.4 1
49.45 1
49.5 0
49.55 0
49.6 0
49.65 2
49.7 0
49.75 0
49.8 1
49.85 1
49.9 0
49.95 1
50 0
50.05 0
50.1 0
50.15 0
50.2 1
50.25 1
50.3 1
50.35 1
50.4 1
50.45 0
50.5 0
50.55 0
50.6 0
50.65 0
50.7 2
50.75 1
50.8 1
50.85 0
50.9 0
50.95 0
51 0
51.05 0
51.1 0
51.15 1
51.2 0
51.25 0
51.3 0
51.35 2
51.4 0
51.45 2
51.5 0
51.55 0
51.6 2
51.65 0
51.7 0
51.75 0
51.8 3
51.85 0
51.9 0
51.95 1
52 0
52.05 0
52.1 0
52.15 0
52.2 0
52.25 1
52.3 1
52.35 1
52.4 0
52.45 1
52.5 1
52.55 2
52.6 0
52.65 0
52.7 0
52.75 0
52.8 0
52.85 1
52.9 0
52.95 0
53 0
53.05 0
53.1 2
53.15 0
53.2 0
53.25 0
53.3 0
53.35 1
53.4 0
53.45 0
53.5 1
53.55 1
53.6 1
53.65 0
53.7 0
53.75 0
53.8 1
53.85 1
53.9 0
53.95 1
54 0
54.05 1
54.1 0
54.15 0
54.2 0
54.25 1
54.3 0
54.35 2
54.4 0
54.45 1
54.5 0
54.55 0
54.6 0
54.65 0
54.7 1
54.75 0
54.8 0
54.85 0
54.9 0
54.95 1
55 1
55.05 0
55.1 0
55.15 1
55.2 0
55.25 0
55.3 1
55.35 1
55.4 0
55.45 0
55.5 0
55.55 0
55.6 0
55.65 1
55.7 2
55.75 1
55.8 1
55.85 0
55.9 0
55.95 1
56 0
56.05 0
56.1 0
56.15 1
56.2 1
56.25 1
56.3 0
56.35 0
56.4 0
56.45 1
56.5 0
56.55 0
56.6 0
56.65 0
56.7 0
56.75 0
56.8 1
56.85 0
56.9 1
56.95 0
57 0
57.05 0
57.1 1
57.15 0
57.2 0
57.25 1
57.3 1
57.35 1
57.4 2
57.45 0
57.5 1
57.55 0
57.6 0
57.65 0
57.7 0
57.75 0
57.8 2
57.85 0
57.9 0
57.95 1
58 0
58.05 0
58.1 0
58.15 0
58.2 0
58.25 0
58.3 1
58.35 0
58.4 0
58.45 0
58.5 1
58.55 1
58.6 0
58.65 0
58.7 0
58.75 0
58.8 0
58.85 0
58.9 1
58.95 0
59 0
59.05 0
59.1 0
59.15 0
59.2 0
59.25 1
59.3 1
59.35 2
59.4 0
59.45 0
59.5 1
59.55 0
59.6 0
59.65 1
59.7 0
59.75 0
59.8 0
59.85 1
59.9 1
59.95 0
60 0
60.05 1
60.1 0
60.15 0
60.2 0
60.25 1
60.3 0
60.35 0
60.4 1
60.45 0
60.5 0
60.55 0
60.6 0
60.65 1
60.7 0
60.75 0
60.8 1
60.85 1
60.9 1
60.95 0
61 0
61.05 0
61.1 0
61.15 0
61.2 0
61.25 0
61.3 0
61.35 1
61.4 2
61.45 0
61.5 0
61.55 1
61.6 0
61.65 1
61.7 0
61.75 0
61.8 0
61.85 0
61.9 2
61.95 1
62 0
62.05 0
62.1 0
62.15 0
62.2 0
62.25 0
62.3 1
62.35 2
62.4 0
62.45 0
62.5 1
62.55 0
62.6 1
62.65 0
62.7 2
62.75 0
62.8 0
62.85 0
62.9 0
62.95 0
63 0
63.05 0
63.1 0
63.15 1
63.2 0
63.25 0
63.3 0
63.35 1
63.4 0
63.45 1
63.5 0
63.55 1
63.6 1
63.65 0
63.7 1
63.75 1
63.8 0
63.85 1
63.9 0
63.95 0
64 0
64.05 0
64.1 0
64.15 0
64.2 1
64.25 0
64.3 1
64.35 0
64.4 1
64.45 1
64.5 0
64.55 0
64.6 0
64.65 0
64.7 0
64.75 0
64.8 0
64.85 1
64.9 0
64.95 1
65 0
65.05 0
65.1 0
65.15 2
65.2 2
65.25 0
65.3 0
