0.05 0
0.1 0
0.15 0
0.2 0
0.25 0
0.3 0
0.35 1
0.4 1
0.45 0
0.5 0
0.55 0
0.6 0
0.65 0
0.7 1
0.75 0
0.8 0
0.85 1
0.9 0
0.95 1
1 0
1.05 1
1.1 2
1.15 0
1.2 0
1.25 0
1.3 0
1.35 0
1.4 0
1.45 0
1.5 0
1.55 0
1.6 0
1.65 0
1.7 0
1.75 1
1.8 0
1.85 0
1.9 1
1.95 0
2 1
2.05 1
2.1 0
2.15 1
2.2 1
2.25 1
2.3 0
2.35 0
2.4 0
2.45 0
2.5 0
2.55 1
2.6 0
2.65 0
2.7 0
2.75 0
2.8 1
2.85 0
2.9 0
2.95 0
3 0
3.05 0
3.1 0
3.15 0
3.2 0
3.25 0
3.3 0
3.35 0
3.4 0
3.45 1
3.5 2
3.55 1
3.6 0
3.65 0
3.7 1
3.75 0
3.8 0
3.85 1
3.9 0
3.95 1
4 0
4.05 0
4.1 0
4.15 1
4.2 0
4.25 0
4.3 0
4.35 0
4.4 0
4.45 0
4.5 0
4.55 0
4.6 0
4.65 0
4.7 0
4.75 0
4.8 1
4.85 0
4.9 1
4.95 0
5 1
5.05 0
5.1 0
5.15 0
5.2 0
5.25 0
5.3 1
5.35 1
5.4 0
5.45 2
5.5 1
5.55 0
5.6 0
5.65 0
5.7 1
5.75 0
5.8 0
5.85 1
5.9 0
5.95 0
6 1
6.05 0
6.1 0
6.15 0
6.2 0
6.25 0
6.3 0
6.35 1
6.4 0
6.45 0
6.5 0
6.55 0
6.6 0
6.65 0
6.7 0
6.75 2
6.8 1
6.85 2
6.9 0
6.95 0
7 1
7.05 1
7.1 0
7.15 0
7.2 0
7.25 0
7.3 0
7.35 0
7.4 0
7.45 1
7.5 0
7.55 0
7.6 0
7.65 2
7.7 1
7.75 1
7.8 0
7.85 0
7.9 0
7.95 1
8 0
8.05 0
8.1 0
8.15 0
8.2 0
8.25 0
8.3 0
8.35 1
8.4 0
8.45 0
8.5 1
8.55 0
8.6 1
8.65 0
8.7 0
8.75 0
8.8 0
8.85 0
8.9 0
8.95 0
9 0
9.05 1
9.1 0
9.15 0
9.2 1
9.25 0
9.3 0
9.35 2
9.4 1
9.45 1
9.5 0
9.55 1
9.6 0
9.65 0
9.7 0
9.75 0
9.8 0
9.85 0
9.9 0
9.95 0
10 0
10.05 2
10.1 1
10.15 1
10.2 0
10.25 0
10.3 1
10.35 0
10.4 0
10.45 0
10.5 0
10.55 0
10.6 0
10.65 0
10.7 0
10.75 0
10.8 0
10.85 2
10.9 2
10.95 0
11 1
11.05 0
11.1 0
11.15 1
11.2 0
11.25 0
11.3 0
11.35 0
11.4 1
11.45 0
11.5 0
11.55 1
11.6 1
11.65 0
11.7 2
11.75 0
11.8 0
11.85 0
11.9 1
11.95 0
12 0
12.05 0
12.1 0
12.15 0
12.2 0
12.25 0
12.3 0
12.35 0
12.4 0
12.45 0
12.5 0
12.55 0
12.6 0
12.65 1
12.7 0
12.75 0
12.8 0
12.85 0
12.9 0
12.95 1
13 0
13.05 0
13.1 0
13.15 0
13.2 0
13.25 0
13.3 0
13.35 1
13.4 0
13.45 1
13.5 1
13.55 0
13.6 0
13.65 0
13.7 1
13.75 0
13.8 0
13.85 0
13.9 0
13.95 0
14 0
14.05 0
14.1 1
14.15 0
14.2 0
14.25 0
14.3 1
14.35 0
14.4 0
14.45 0
14.5 0
14.55 1
14.6 0
14.65 0
14.7 0
14.75 0
14.8 1
14.85 1
14.9 1
14.95 0
15 0
15.05 0
15.1 0
15.15 2
15.2 0
15.25 0
15.3 0
15.35 0
15.4 0
15.45 0
15.5 0
15.55 0
15.6 0
15.65 0
15.7 0
15.75 0
15.8 0
15.85 0
15.9 0
15.95 0
16 2
16.05 1
16.1 0
16.15 0
16.2 0
16.25 0
16.3 0
16.35 2
16.4 0
16.45 1
16.5 1
16.55 1
16.6 0
16.65 0
16.7 0
16.75 0
16.8 0
16.85 0
16.9 0
16.95 0
17 0
17.05 0
17.1 0
17.15 1
17.2 0
17.25 1
17.3 0
17.35 1
17.4 0
17.45 0
17.5 1
17.55 0
17.6 1
17.65 0
17.7 0
17.75 0
17.8 0
17.85 0
17.9 0
17.95 0
18 1
18.05 1
18.1 0
18.15 0
18.2 0
18.25 2
18.3 1
18.35 1
18.4 0
18.45 0
18.5 1
18.55 0
18.6 0
18.65 0
18.7 0
18.75 0
18.8 0
18.85 1
18.9 0
18.95 0
19 0
19.05 0
19.1 0
19.15 1
19.2 0
19.25 0
19.3 0
19.35 0
19.4 0
19.45 0
19.5 0
19.55 0
19.6 0
19.65 0
19.7 0
19.75 1
19.8 2
19.85 0
19.9 1
19.95 0
20 0
20.05 0
20.1 0
20.15 0
20.2 1
20.25 0
20.3 0
20.35 0
20.4 1
20.45 0
20.5 0
20.55 0
20.6 0
20.65 0
20.7 0
20.75 1
20.8 0
20.85 0
20.9 0
20.95 0
21 0
21.05 0
21.1 1
21.15 0
21.2 0
21.25 1
21.3 0
21.35 0
21.4 1
21.45 0
21.5 0
21.55 0
21.6 2
21.65 0
21.7 0
21.75 0
21.8 0
21.85 0
21.9 0
21.95 0
22 0
22.05 0
22.1 0
22.15 1
22.2 1
22.25 0
22.3 1
22.35 0
22.4 0
22.45 2
22.5 0
22.55 0
22.6 0
22.65 2
22.7 0
22.75 0
22.8 0
22.85 0
22.9 0
22.95 0
23 0
23.05 0
23.1 0
23.15 0
23.2 0
23.25 0
23.3 0
23.35 0
23.4 0
23.45 1
23.5 0
23.55 0
23.6 0
23.65 0
23.7 0
23.75 0
23.8 0
23.85 0
23.9 1
23.95 0
24 0
24.05 1
24.1 0
24.15 1
24.2 0
24.25 0
24.3 0
24.35 0
24.4 0
24.45 1
24.5 0
24.55 0
24.6 0
24.65 0
24.7 3
24.75 0
24.8 0
24.85 0
24.9 0
24.95 0
25 0
25.05 0
25.1 1
25.15 1
25.2 0
25.25 0
25.3 0
25.35 0
25.4 0
25.45 1
25.5 0
25.55 0
25.6 0
25.65 1
25.7 0
25.75 0
25.8 0
25.85 0
25.9 0
25.95 0
26 1
26.05 1
26.1 0
26.15 0
26.2 0
26.25 0
26.3 0
26.35 0
26.4 0
26.45 0
26.5 0
26.55 0
26.6 2
26.65 0
26.7 1
26.75 0
26.8 0
26.85 1
26.9 0
26.95 0
27 0
27.05 0
27.1 2
27.15 0
27.2 0
27.25 0
27.3 1
27.35 0
27.4 0
27.45 0
27.5 0
27.55 0
27.6 0
27.65 0
27.7 0
27.75 0
27.8 1
27.85 0
27.9 0
27.95 0
28 1
28.05 0
28.1 0
28.15 0
28.2 0
28.25 0
28.3 1
28.35 0
28.4 0
28.45 0
28.5 0
28.55 0
28.6 0
28.65 1
28.7 1
28.75 0
28.8 2
28.85 0
28.9 1
28.95 0
29 0
29.05 1
29.1 0
29.15 0
29.2 0
29.25 0
29.3 0
29.35 0
29.4 0
29.45 0
29.5 0
29.55 0
29.6 0
29.65 0
29.7 0
29.75 0
29.8 0
29.85 0
29.9 0
29.95 0
30 2
30.05 0
30.1 1
30.15 0
30.2 0
30.25 0
30.3 0
30.35 0
30.4 1
30.45 0
30.5 0
30.55 1
30.6 0
30.65 1
30.7 2
30.75 0
30.8 1
30.85 0
30.9 0
30.95 1
31 0
31.05 0
31.1 0
31.15 0
31.2 0
31.25 1
31.3 0
31.35 0
31.4 0
31.45 0
31.5 0
31.55 0
31.6 0
31.65 0
31.7 0
31.75 0
31.8 1
31.85 0
31.9 0
31.95 2
32 0
32.05 0
32.1 1
32.15 0
32.2 0
32.25 1
32.3 0
32.35 0
32.4 1
32.45 0
32.5 0
32.55 0
32.6 0
32.65 0
32.7 0
32.75 0
32.8 0
32.85 0
32.9 0
32.95 0
33 1
33.05 0
33.1 0
33.15 0
33.2 0
33.25 0
33.3 1
33.35 0
33.4 0
33.45 0
33.5 0
33.55 1
33.6 0
33.65 2
33.7 0
33.75 1
33.8 0
33.85 0
33.9 0
33.95 1
34 0
34.05 0
34.1 0
34.15 2
34.2 1
34.25 0
34.3 0
34.35 1
34.4 1
34.45 0
34.5 1
34.55 0
34.6 0
34.65 0
34.7 2
34.75 0
34.8 0
34.85 0
34.9 0
34.95 0
35 0
35.05 1
35.1 0
35.15 0
35.2 0
35.25 0
35.3 1
35.35 0
35.4 0
35.45 0
35.5 1
35.55 0
35.6 0
35.65 1
35.7 0
35.75 0
35.8 1
35.85 0
35.9 0
35.95 0
36 0
36.05 0
36.1 0
36.15 1
36.2 0
36.25 0
36.3 0
36.35 0
36.4 1
36.45 0
36.5 1
36.55 1
36.6 0
36.65 0
36.7 0
36.75 0
36.8 0
36.85 0
36.9 0
36.95 0
37 0
37.05 0
37.1 0
37.15 0
37.2 0
37.25 0
37.3 0
37.35 0
37.4 0
37.45 0
37.5 0
37.55 0
37.6 0
37.65 0
37.7 0
37.75 0
37.8 0
37.85 0
37.9 1
37.95 0
38 0
38.05 1
38.1 0
38.15 1
38.2 0
38.25 0
38.3 0
38.35 0
38.4 0
38.45 0
38.5 1
38.55 0
38.6 0
38.65 0
38.7 1
38.75 0
38.8 0
38.85 0
38.9 1
38.95 0
39 0
39.05 0
39.1 0
39.15 0
39.2 0
39.25 0
39.3 0
39.35 0
39.4 1
39.45 0
39.5 0
39.55 0
39.6 0
39.65 0
39.7 1
39.75 0
39.8 2
39.85 1
39.9 0
39.95 0
40 0
40.05 1
40.1 0
40.15 0
40.2 0
40.25 2
40.3 1
40.35 0
40.4 0
40.45 0
40.5 1
40.55 0
40.6 0
40.65 0
40.7 0
40.75 0
40.8 0
40.85 1
40.9 0
40.95 0
41 0
41.05 0
41.1 0
41.15 0
41.2 0
41.25 0
41.3 0
41.35 0
41.4 0
41.45 0
41.5 0
41.55 0
41.6 0
41.65 0
41.7 0
41.75 0
41.8 0
41.85 0
41.9 0
41.95 2
42 0
42.05 0
42.1 0
42.15 0
42.2 1
42.25 1
42.3 1
42.35 0
42.4 0
42.45 1
42.5 0
42.55 1
42.6 0
42.65 0
42.7 0
42.75 0
42.8 0
42.85 0
42.9 1
42.95 0
43 1
43.05 0
43.1 0
43.15 0
43.2 0
43.25 0
43.3 0
43.35 1
43.4 1
43.45 0
43.5 1
43.55 0
43.6 1
43.65 0
43.7 0
43.75 0
43.8 1
43.85 0
43.9 0
43.95 0
44 0
44.05 1
44.1 0
44.15 0
44.2 0
44.25 1
44.3 0
44.35 0
44.4 1
44.45 0
44.5 0
44.55 0
44.6 1
44.65 1
44.7 0
44.75 0
44.8 0
44.85 0
44.9 0
44.95 0
45 0
45.05 0
45.1 0
45.15 0
45.2 0
45.25 0
45.3 0
45.35 0
45.4 0
45.45 0
45.5 0
45.55 0
45.6 1
45.65 0
45.7 0
45.75 0
45.8 0
45.85 0
45.9 0
45.95 3
46 0
46.05 0
46.1 0
46.15 2
46.2 0
46.25 0
46.3 0
46.35 0
46.4 0
46.45 1
46.5 0
46.55 0
46.6 0
46.65 0
46.7 0
46.75 0
46.8 1
46.85 1
46.9 0
46.95 1
47 0
47.05 1
47.1 0
47.15 0
47.2 0
47.25 0
47.3 0
47.35 0
47.4 0
47.45 0
47.5 0
47.55 0
47.6 0
47.65 0
47.7 0
47.75 0
47.8 0
47.85 0
47.9 0
47.95 0
48 0
48.05 0
48.1 0
48.15 0
48.2 0
48.25 0
48.3 0
48.35 0
48.4 0
48.45 0
48.5 0
48.55 0
48.6 0
48.65 0
48.7 0
48.75 0
48.8 0
48.85 0
48.9 0
48.95 0
49 0
49.05 0
49.1 1
49.15 0
49.2 0
49.25 0
49.3 0
49.35 0
49.4 1
49.45 0
49.5 0
49.55 0
49.6 1
49.65 0
49.7 0
49.75 0
49.8 1
49.85 0
49.9 0
49.95 0
50 0
50.05 0
50.1 0
50.15 0
50.2 0
50.25 0
50.3 0
50.35 1
50.4 0
50.45 0
50.5 0
50.55 0
50.6 0
50.65 0
50.7 0
50.75 0
50.8 0
50.85 1
50.9 0
50.95 0
51 0
51.05 0
51.1 0
51.15 0
51.2 1
51.25 0
51.3 0
51.35 0
51.4 0
51.45 0
51.5 2
51.55 1
51.6 1
51.65 0
51.7 0
51.75 0
51.8 0
51.85 0
51.9 1
51.95 0
52 0
52.05 0
52.1 1
52.15 0
52.2 0
52.25 1
52.3 0
52.35 0
52.4 0
52.45 0
52.5 0
52.55 0
52.6 1
52.65 0
52.7 0
52.75 0
52.8 1
52.85 1
52.9 0
52.95 0
53 0
53.05 1
53.1 0
53.15 0
53.2 0
53.25 1
53.3 1
53.35 1
53.4 0
53.45 0
53.5 1
53.55 0
53.6 0
53.65 0
53.7 0
53.75 0
53.8 0
53.85 0
53.9 0
53.95 0
54 0
54.05 0
54.1 0
54.15 0
54.2 0
54.25 1
54.3 0
54.35 0
54.4 0
54.45 1
54.5 0
54.55 1
54.6 0
54.65 0
54.7 0
54.75 0
54.8 1
54.85 0
54.9 0
54.95 0
55 0
55.05 0
55.1 1
55.15 1
55.2 0
55.25 0
55.3 0
55.35 1
55.4 0
55.45 0
55.5 1
55.55 0
55.6 0
55.65 0
55.7 0
55.75 0
55.8 0
55.85 0
55.9 0
55.95 0
56 0
56.05 0
56.1 0
56.15 0
56.2 0
56.25 0
56.3 0
56.35 0
56.4 0
56.45 0
56.5 0
56.55 0
56.6 0
56.65 0
56.7 0
56.75 0
56.8 1
56.85 0
56.9 0
56.95 0
57 0
57.05 0
57.1 1
57.15 0
57.2 1
57.25 2
57.3 0
57.35 0
57.4 0
57.45 0
57.5 0
57.55 0
57.6 1
57.65 0
57.7 0
57.75 0
57.8 0
57.85 0
57.9 0
57.95 0
58 0
58.05 0
58.1 0
58.15 0
58.2 0
58.25 0
58.3 0
58.35 0
58.4 0
58.45 1
58.5 0
58.55 0
58.6 0
58.65 0
58.7 0
58.75 0
58.8 0
58.85 1
58.9 0
58.95 0
59 0
59.05 1
59.1 0
59.15 0
59.2 0
59.25 1
59.3 0
59.35 0
59.4 0
59.45 2
59.5 0
59.55 0
59.6 2
59.65 0
59.7 0
59.75 0
59.8 0
59.85 0
59.9 0
59.95 0
60 0
60.05 0
60.1 0
60.15 0
60.2 0
60.25 0
60.3 0
60.35 0
60.4 0
60.45 0
60.5 0
60.55 0
60.6 0
60.65 0
60.7 1
60.75 1
60.8 0
60.85 0
60.9 1
60.95 0
61 0
61.05 1
61.1 0
61.15 0
61.2 0
61.25 0
61.3 1
61.35 0
61.4 0
61.45 0
61.5 0
61.55 0
61.6 0
61.65 0
61.7 2
61.75 0
61.8 0
61.85 0
61.9 0
61.95 0
62 1
62.05 0
62.1 1
62.15 0
62.2 0
62.25 1
62.3 0
62.35 0
62.4 0
62.45 0
62.5 0
62.55 0
62.6 0
62.65 2
62.7 0
62.75 0
62.8 0
62.85 1
62.9 0
62.95 1
63 0
63.05 0
63.1 0
63.15 0
63.2 0
63.25 0
63.3 0
63.35 0
63.4 0
63.45 0
63.5 0
63.55 1
63.6 0
63.65 0
63.7 1
63.75 1
63.8 0
63.85 0
63.9 1
63.95 0
64 0
64.05 0
64.1 1
64.15 0
64.2 0
64.25 0
64.3 0
64.35 0
64.4 1
64.45 0
64.5 0
64.55 0
64.6 1
64.65 0
64.7 1
64.75 1
64.8 0
64.85 0
64.9 0
64.95 0
65 0
65.05 0
65.1 0
65.15 0
65.2 0
65.25 0
65.3 0
65.35 0
65.4 0
65.45 1
65.5 0
65.55 0
65.6 1
65.65 0
65.7 0
65.75 0
65.8 0
65.85 0
65.9 0
65.95 0
66 1
66.05 1
66.1 2
66.15 0
66.2 0
66.25 0
66.3 0
66.35 0
66.4 0
66.45 0
66.5 2
66.55 0
66.6 0
66.65 0
66.7 0
66.75 0
66.8 2
66.85 0
66.9 0
66.95 0
67 1
67.05 0
67.1 0
67.15 2
67.2 0
67.25 0
67.3 0
67.35 0
67.4 0
67.45 0
67.5 0
67.55 0
67.6 0
67.65 0
67.7 0
67.75 0
67.8 0
67.85 0
67.9 0
67.95 0
68 0
68.05 0
68.1 0
68.15 1
68.2 0
68.25 0
68.3 0
68.35 1
68.4 0
68.45 0
68.5 0
68.55 0
68.6 1
68.65 0
68.7 0
68.75 0
68.8 1
68.85 0
68.9 0
68.95 0
69 0
69.05 1
69.1 0
69.15 0
69.2 0
69.25 0
69.3 0
69.35 0
69.4 0
69.45 0
69.5 1
69.55 0
69.6 1
69.65 0
69.7 0
69.75 0
69.8 0
69.85 0
69.9 1
69.95 0
70 0
70.05 0
70.1 0
70.15 1
70.2 0
70.25 1
70.3 0
70.35 0
70.4 2
70.45 0
70.5 0
70.55 2
70.6 0
70.65 0
70.7 0
70.75 0
70.8 0
70.85 0
70.9 0
70.95 0
71 0
71.05 0
71.1 0
71.15 0
71.2 0
71.25 0
71.3 1
71.35 0
71.4 0
71.45 0
71.5 0
71.55 0
71.6 1
71.65 1
71.7 1
71.75 1
71.8 0
71.85 0
71.9 1
71.95 1
72 0
72.05 0
72.1 1
72.15 1
72.2 0
72.25 0
72.3 0
72.35 0
72.4 0
72.45 0
72.5 0
72.55 0
72.6 0
72.65 0
72.7 0
72.75 0
72.8 0
72.85 0
72.9 0
72.95 0
73 0
73.05 0
73.1 0
73.15 0
73.2 0
73.25 1
73.3 1
73.35 0
73.4 0
73.45 1
73.5 0
73.55 0
73.6 0
73.65 0
73.7 0
73.75 0
73.8 0
73.85 0
73.9 0
73.95 0
74 0
74.05 0
74.1 1
74.15 0
74.2 0
74.25 1
74.3 0
74.35 0
74.4 2
74.45 0
74.5 0
74.55 0
74.6 1
74.65 0
74.7 0
74.75 0
74.8 0
74.85 0
74.9 0
74.95 0
75 0
75.05 0
75.1 0
75.15 0
75.2 0
75.25 0
75.3 0
75.35 0
75.4 0
75.45 0
75.5 0
75.55 1
75.6 0
75.65 0
75.7 0
75.75 0
75.8 0
75.85 0
75.9 0
75.95 1
76 1
76.05 1
76.1 1
76.15 0
76.2 0
76.25 0
76.3 0
76.35 0
76.4 0
76.45 1
76.5 0
76.55 0
76.6 1
76.65 0
76.7 0
76.75 0
76.8 0
76.85 0
76.9 1
76.95 0
77 0
77.05 1
77.1 0
77.15 0
77.2 0
77.25 0
77.3 0
77.35 1
77.4 1
77.45 1
77.5 0
77.55 0
77.6 0
77.65 0
77.7 0
77.75 0
77.8 0
77.85 0
77.9 0
77.95 0
78 0
78.05 0
78.1 0
78.15 0
78.2 0
78.25 0
78.3 0
78.35 0
78.4 0
78.45 0
78.5 0
78.55 1
78.6 0
78.65 0
78.7 1
78.75 1
78.8 0
78.85 0
78.9 0
78.95 0
79 0
79.05 0
79.1 1
79.15 0
79.2 0
79.25 0
79.3 0
79.35 1
79.4 0
79.45 0
79.5 0
79.55 0
79.6 0
79.65 0
79.7 0
79.75 0
79.8 0
79.85 0
79.9 1
79.95 0
80 0
80.05 0
80.1 0
80.15 0
80.2 0
80.25 0
80.3 0
80.35 0
80.4 0
80.45 0
80.5 0
80.55 0
80.6 0
80.65 0
80.7 1
80.75 1
80.8 0
80.85 0
80.9 0
80.95 0
81 0
81.05 1
81.1 0
81.15 0
81.2 1
81.25 0
81.3 0
81.35 1
81.4 1
81.45 0
81.5 1
81.55 1
81.6 0
81.65 0
81.7 1
81.75 0
81.8 0
81.85 0
81.9 0
81.95 0
82 0
82.05 0
82.1 0
82.15 0
82.2 0
82.25 0
82.3 0
82.35 0
82.4 0
82.45 0
82.5 0
82.55 1
82.6 0
82.65 0
82.7 0
82.75 0
82.8 1
82.85 0
82.9 0
82.95 0
83 0
83.05 0
83.1 0
83.15 1
83.2 0
83.25 1
83.3 0
83.35 1
83.4 0
83.45 0
83.5 0
83.55 0
83.6 0
83.65 0
83.7 0
83.75 0
83.8 0
83.85 0
83.9 0
83.95 1
84 0
84.05 2
84.1 0
84.15 0
84.2 0
84.25 0
84.3 0
84.35 1
84.4 0
84.45 0
84.5 0
84.55 0
84.6 0
84.65 0
84.7 0
84.75 0
84.8 0
84.85 0
84.9 0
84.95 1
85 0
85.05 0
85.1 0
85.15 0
85.2 0
85.25 0
85.3 0
85.35 0
85.4 0
85.45 0
85.5 0
85.55 0
85.6 0
85.65 0
85.7 1
85.75 0
85.8 0
85.85 1
85.9 0
85.95 0
86 1
86.05 1
86.1 0
86.15 0
86.2 0
86.25 0
86.3 0
86.35 2
86.4 0
86.45 0
86.5 0
86.55 0
86.6 0
86.65 0
86.7 0
86.75 0
86.8 0
86.85 0
86.9 0
86.95 0
87 0
87.05 0
87.1 0
87.15 1
87.2 0
87.25 0
87.3 1
87.35 0
87.4 0
87.45 0
87.5 1
87.55 0
87.6 0
87.65 1
87.7 0
87.75 0
87.8 0
87.85 0
87.9 1
87.95 0
88 0
88.05 0
88.1 1
88.15 0
88.2 0
88.25 0
88.3 0
88.35 0
88.4 0
88.45 0
88.5 0
88.55 0
88.6 0
88.65 0
88.7 1
88.75 0
88.8 0
88.85 1
88.9 0
88.95 0
89 0
89.05 0
89.1 1
89.15 1
89.2 0
89.25 0
89.3 0
89.35 0
89.4 0
89.45 0
89.5 0
89.55 0
89.6 0
89.65 0
89.7 0
89.75 0
89.8 1
89.85 0
89.9 0
89.95 0
90 0
90.05 0
90.1 1
90.15 0
90.2 0
90.25 0
90.3 0
90.35 1
90.4 0
90.45 0
90.5 0
90.55 0
90.6 0
90.65 0
90.7 0
90.75 0
90.8 0
90.85 0
90.9 0
90.95 0
91 1
91.05 0
91.1 1
91.15 0
91.2 0
91.25 0
91.3 0
91.35 1
91.4 0
91.45 1
91.5 0
91.55 0
91.6 0
91.65 0
91.7 0
91.75 1
91.8 0
91.85 0
91.9 0
91.95 0
92 1
92.05 1
92.1 0
92.15 0
92.2 0
92.25 0
92.3 0
92.35 0
92.4 0
92.45 0
92.5 0
92.55 0
92.6 1
92.65 0
92.7 0
92.75 0
92.8 0
92.85 0
92.9 0
92.95 1
93 0
93.05 0
93.1 0
93.15 0
93.2 0
93.25 0
93.3 0
93.35 0
93.4 0
93.45 0
93.5 0
93.55 0
93.6 0
93.65 0
93.7 0
93.75 1
93.8 0
93.85 0
93.9 0
93.95 0
94 0
94.05 0
94.1 0
94.15 0
94.2 1
94.25 0
94.3 0
94.35 2
94.4 0
94.45 0
94.5 0
94.55 0
94.6 0
94.65 0
94.7 0
94.75 0
94.8 2
94.85 0
94.9 0
94.95 0
95 0
95.05 0
95.1 0
95.15 1
95.2 0
95.25 0
95.3 0
95.35 0
95.4 0
95.45 0
95.5 0
95.55 2
95.6 0
95.65 0
95.7 0
95.75 1
95.8 0
95.85 0
95.9 0
95.95 0
96 0
96.05 0
96.1 1
96.15 1
96.2 1
96.25 0
96.3 0
96.35 0
96.4 0
96.45 0
96.5 0
96.55 0
96.6 0
96.65 0
96.7 0
96.75 0
96.8 1
96.85 0
96.9 1
96.95 0
97 0
97.05 0
97.1 0
97.15 0
97.2 0
97.25 1
97.3 1
97.35 1
97.4 0
97.45 0
97.5 1
97.55 0
97.6 0
97.65 0
97.7 0
97.75 0
97.8 0
97.85 0
97.9 0
97.95 0
98 0
98.05 1
98.1 0
98.15 0
98.2 0
98.25 2
98.3 0
98.35 0
98.4 0
98.45 1
98.5 1
98.55 0
98.6 0
98.65 0
98.7 0
98.75 0
98.8 0
98.85 0
98.9 0
98.95 0
99 0
99.05 0
99.1 0
99.15 0
99.2 0
99.25 0
99.3 0
99.35 0
99.4 1
99.45 0
99.5 0
99.55 0
99.6 0
99.65 1
99.7 0
99.75 2
99.8 1
99.85 0
99.9 0
99.95 0
100 0
100.05 0
100.1 0
100.15 0
100.2 0
100.25 0
100.3 0
100.35 0
100.4 0
100.45 0
100.5 0
100.55 0
100.6 0
100.65 0
100.7 0
100.75 1
100.8 2
100.85 1
100.9 0
100.95 0
101 0
101.05 0
101.1 0
101.15 0
101.2 1
101.25 0
101.3 0
101.35 1
101.4 0
101.45 1
101.5 0
101.55 0
101.6 0
101.65 0
101.7 0
101.75 1
101.8 0
101.85 1
101.9 0
101.95 0
102 1
102.05 0
102.1 0
102.15 0
102.2 0
102.25 0
102.3 0
102.35 0
102.4 0
102.45 0
102.5 0
102.55 0
102.6 0
102.65 0
102.7 0
102.75 1
102.8 2
102.85 0
102.9 0
102.95 0
103 0
103.05 0
103.1 1
103.15 0
103.2 1
103.25 0
103.3 0
103.35 0
103.4 0
103.45 0
103.5 0
103.55 0
103.6 0
103.65 1
103.7 1
103.75 0
103.8 1
103.85 0
103.9 0
103.95 0
104 0
104.05 0
104.1 0
104.15 1
104.2 0
104.25 0
104.3 0
104.35 0
104.4 0
104.45 1
104.5 0
104.55 0
104.6 0
104.65 0
104.7 0
104.75 0
104.8 0
104.85 1
104.9 0
104.95 0
105 0
105.05 1
105.1 1
105.15 0
105.2 0
105.25 0
105.3 0
105.35 0
105.4 0
105.45 0
105.5 0
105.55 0
105.6 1
105.65 0
105.7 0
105.75 1
105.8 0
105.85 1
105.9 1
105.95 0
106 0
106.05 1
106.1 0
106.15 0
106.2 0
106.25 0
106.3 0
106.35 1
106.4 0
106.45 0
106.5 0
106.55 0
106.6 0
106.65 0
106.7 1
106.75 1
106.8 0
106.85 1
106.9 0
106.95 0
107 0
107.05 1
107.1 0
107.15 1
107.2 1
107.25 0
107.3 1
107.35 1
107.4 0
107.45 0
107.5 0
107.55 1
107.6 0
107.65 0
107.7 0
107.75 0
107.8 0
107.85 0
107.9 0
107.95 0
108 0
108.05 0
108.1 0
108.15 0
108.2 0
108.25 1
108.3 0
108.35 0
108.4 0
108.45 0
108.5 1
108.55 0
108.6 0
108.65 0
108.7 1
108.75 0
108.8 0
108.85 0
108.9 0
108.95 0
109 0
109.05 0
109.1 1
109.15 0
109.2 0
109.25 0
109.3 0
109.35 2
109.4 0
109.45 0
109.5 0
109.55 0
109.6 1
109.65 0
109.7 1
109.75 0
109.8 0
109.85 0
109.9 0
109.95 0
110 0
110.05 0
110.1 0
110.15 1
110.2 0
110.25 0
110.3 0
110.35 2
110.4 0
110.45 1
110.5 0
110.55 0
110.6 1
110.65 1
110.7 0
110.75 0
110.8 0
110.85 0
110.9 0
110.95 1
111 1
111.05 0
111.1 0
111.15 1
111.2 0
111.25 0
111.3 0
111.35 0
111.4 1
111.45 0
111.5 0
111.55 0
111.6 0
111.65 0
111.7 1
111.75 0
111.8 0
111.85 0
111.9 0
111.95 0
112 0
112.05 2
112.1 0
112.15 1
112.2 0
112.25 1
112.3 0
112.35 0
112.4 1
112.45 0
112.5 0
112.55 0
112.6 0
112.65 1
112.7 1
112.75 0
112.8 1
112.85 0
112.9 0
112.95 0
113 0
113.05 1
113.1 0
113.15 0
113.2 0
113.25 0
113.3 0
113.35 0
113.4 0
113.45 0
113.5 0
113.55 0
113.6 0
113.65 0
113.7 0
113.75 0
113.8 0
113.85 0
113.9 0
113.95 0
114 0
114.05 0
114.1 0
114.15 0
114.2 0
114.25 0
114.3 0
114.35 0
114.4 0
114.45 0
114.5 1
114.55 0
114.6 0
114.65 1
114.7 1
114.75 0
114.8 1
114.85 0
114.9 0
114.95 0
115 2
115.05 0
115.1 0
115.15 0
115.2 0
115.25 0
115.3 0
115.35 0
115.4 0
115.45 0
115.5 0
115.55 0
115.6 0
115.65 0
115.7 0
115.75 0
115.8 0
115.85 1
115.9 0
115.95 0
116 0
116.05 0
116.1 1
116.15 0
116.2 0
116.25 0
116.3 0
116.35 0
116.4 0
116.45 0
116.5 0
116.55 1
116.6 0
116.65 0
116.7 1
116.75 0
116.8 0
116.85 1
116.9 0
116.95 0
117 0
117.05 0
117.1 0
117.15 0
117.2 2
117.25 2
117.3 0
117.35 0
117.4 0
117.45 1
117.5 0
117.55 0
117.6 0
117.65 0
117.7 0
117.75 0
117.8 0
117.85 0
117.9 0
117.95 0
118 0
118.05 0
118.1 0
118.15 0
118.2 0
118.25 0
118.3 0
118.35 0
118.4 0
118.45 0
118.5 2
118.55 0
118.6 0
118.65 0
118.7 0
118.75 1
118.8 0
118.85 0
118.9 0
118.95 0
119 0
119.05 0
119.1 0
119.15 0
119.2 0
119.25 0
119.3 0
119.35 0
119.4 1
119.45 0
119.5 1
119.55 0
119.6 0
119.65 0
119.7 1
119.75 0
119.8 0
119.85 0
119.9 0
119.95 0
120 1
120.05 1
120.1 1
120.15 0
120.2 0
120.25 0
120.3 1
120.35 1
120.4 0
120.45 1
120.5 0
120.55 0
120.6 1
120.65 0
120.7 1
120.75 0
120.8 0
120.85 0
120.9 0
120.95 1
121 0
121.05 0
121.1 0
121.15 0
121.2 0
121.25 1
121.3 0
121.35 0
121.4 0
121.45 0
121.5 0
121.55 1
121.6 1
121.65 0
121.7 0
121.75 0
121.8 0
121.85 1
121.9 1
121.95 0
122 0
122.05 1
122.1 0
122.15 1
122.2 0
122.25 0
122.3 0
122.35 1
122.4 2
122.45 1
122.5 0
122.55 0
122.6 0
122.65 0
122.7 0
122.75 0
122.8 0
122.85 0
122.9 0
122.95 0
123 0
123.05 0
123.1 1
123.15 0
123.2 0
123.25 0
123.3 0
123.35 0
123.4 0
123.45 0
123.5 0
123.55 0
123.6 0
123.65 0
123.7 0
123.75 0
123.8 0
123.85 0
123.9 0
123.95 0
124 0
124.05 0
124.1 0
124.15 0
124.2 0
124.25 0
124.3 0
124.35 1
124.4 0
124.45 0
124.5 0
124.55 0
124.6 1
124.65 0
124.7 0
124.75 0
124.8 0
124.85 0
124.9 0
124.95 0
125 0
125.05 0
125.1 0
125.15 0
125.2 0
125.25 0
125.3 0
125.35 0
125.4 0
125.45 0
125.5 0
125.55 0
125.6 1
125.65 0
125.7 0
125.75 1
125.8 0
125.85 1
125.9 0
125.95 1
126 0
126.05 1
126.1 1
126.15 0
126.2 1
126.25 0
126.3 1
126.35 0
126.4 0
126.45 0
126.5 0
126.55 0
126.6 0
126.65 1
126.7 0
126.75 0
126.8 0
126.85 0
126.9 0
126.95 1
127 1
127.05 0
127.1 0
127.15 0
127.2 0
127.25 0
127.3 0
127.35 1
127.4 1
127.45 0
127.5 0
127.55 0
127.6 0
127.65 0
127.7 0
127.75 0
127.8 0
127.85 0
127.9 1
127.95 0
128 0
128.05 0
128.1 0
128.15 0
128.2 0
128.25 1
128.3 1
128.35 0
128.4 0
128.45 0
128.5 0
128.55 0
128.6 0
128.65 0
128.7 0
128.75 1
128.8 0
128.85 0
128.9 0
128.95 1
129 0
129.05 1
129.1 0
129.15 0
129.2 0
129.25 0
129.3 0
129.35 0
129.4 0
129.45 0
129.5 0
129.55 1
129.6 1
129.65 0
129.7 0
129.75 0
129.8 0
129.85 1
129.9 0
129.95 0
130 0
130.05 1
130.1 0
130.15 0
130.2 0
130.25 1
130.3 0
130.35 0
130.4 0
130.45 0
130.5 0
130.55 0
130.6 0
130.65 0
130.7 0
130.75 0
130.8 0
130.85 0
130.9 0
130.95 0
131 0
131.05 0
131.1 0
131.15 0
131.2 0
131.25 0
131.3 0
131.35 0
131.4 0
131.45 0
131.5 0
131.55 0
131.6 0
131.65 0
131.7 0
131.75 0
131.8 1
131.85 0
131.9 0
131.95 0
132 0
132.05 0
132.1 0
132.15 0
132.2 0
132.25 1
132.3 0
132.35 0
132.4 1
132.45 1
132.5 0
132.55 0
132.6 0
132.65 1
132.7 0
132.75 0
132.8 0
132.85 1
132.9 0
132.95 0
133 0
133.05 0
133.1 0
133.15 0
133.2 1
133.25 2
133.3 0
133.35 0
133.4 0
133.45 0
133.5 0
133.55 0
133.6 0
133.65 0
133.7 1
133.75 0
133.8 1
133.85 0
133.9 0
133.95 0
134 0
134.05 0
134.1 0
134.15 0
134.2 0
134.25 0
134.3 0
134.35 0
134.4 0
134.45 0
134.5 1
134.55 0
134.6 0
134.65 0
134.7 1
134.75 1
134.8 0
134.85 0
134.9 0
134.95 0
135 0
135.05 1
135.1 2
135.15 0
135.2 0
135.25 0
135.3 1
135.35 0
135.4 0
135.45 0
135.5 0
135.55 1
135.6 0
135.65 1
135.7 0
135.75 0
135.8 0
135.85 0
135.9 1
135.95 0
136 0
136.05 0
136.1 0
136.15 0
136.2 1
136.25 1
136.3 1
136.35 0
136.4 0
136.45 0
136.5 0
136.55 1
136.6 0
136.65 0
136.7 0
136.75 0
136.8 0
136.85 1
136.9 0
136.95 0
137 0
137.05 0
137.1 0
137.15 1
137.2 1
137.25 0
137.3 0
137.35 0
137.4 1
137.45 0
137.5 0
137.55 0
137.6 0
137.65 0
137.7 0
137.75 1
137.8 1
137.85 0
137.9 0
137.95 0
138 0
138.05 1
138.1 0
138.15 0
138.2 1
138.25 0
138.3 0
138.35 0
138.4 0
138.45 0
138.5 0
138.55 0
138.6 0
138.65 0
138.7 0
138.75 0
138.8 0
138.85 0
138.9 0
138.95 1
139 1
139.05 0
139.1 0
139.15 0
139.2 2
139.25 0
139.3 0
139.35 0
139.4 0
139.45 1
139.5 0
139.55 1
139.6 0
139.65 1
139.7 1
139.75 0
139.8 0
139.85 1
139.9 0
139.95 0
140 0
140.05 0
140.1 0
140.15 0
140.2 0
140.25 1
140.3 1
140.35 0
140.4 0
140.45 0
140.5 0
140.55 0
140.6 2
140.65 0
140.7 0
140.75 0
140.8 0
140.85 0
140.9 0
140.95 0
141 0
141.05 0
141.1 1
141.15 0
141.2 0
141.25 0
141.3 0
141.35 0
141.4 0
141.45 0
141.5 0
141.55 0
141.6 0
141.65 0
141.7 0
141.75 1
141.8 0
141.85 0
141.9 0
141.95 2
142 0
142.05 0
142.1 0
142.15 0
142.2 0
142.25 0
142.3 0
142.35 0
142.4 0
142.45 0
142.5 0
142.55 0
142.6 0
142.65 0
142.7 0
142.75 0
142.8 0
142.85 0
142.9 0
142.95 0
143 1
143.05 0
143.1 0
143.15 0
143.2 1
143.25 1
143.3 0
143.35 0
143.4 0
143.45 0
143.5 0
143.55 3
143.6 1
143.65 0
143.7 0
143.75 0
143.8 1
143.85 0
143.9 0
143.95 0
144 0
144.05 0
144.1 0
144.15 0
144.2 0
144.25 0
144.3 0
144.35 0
144.4 0
144.45 0
144.5 0
144.55 0
144.6 0
144.65 0
144.7 0
144.75 0
144.8 0
144.85 0
144.9 0
144.95 0
145 0
145.05 0
145.1 0
145.15 1
145.2 0
145.25 1
145.3 0
145.35 0
145.4 1
145.45 0
145.5 0
145.55 0
145.6 0
145.65 0
145.7 0
145.75 0
145.8 0
145.85 0
145.9 0
145.95 1
146 0
146.05 0
146.1 0
146.15 0
146.2 0
146.25 0
146.3 0
146.35 0
146.4 0
146.45 0
146.5 0
146.55 0
146.6 0
146.65 0
146.7 0
146.75 0
146.8 1
146.85 0
146.9 1
146.95 0
147 0
147.05 0
147.1 1
147.15 0
147.2 2
147.25 0
147.3 0
147.35 0
147.4 1
147.45 0
147.5 0
147.55 0
147.6 0
147.65 0
147.7 0
147.75 0
147.8 0
147.85 0
147.9 0
147.95 0
148 0
148.05 0
148.1 0
148.15 0
148.2 0
148.25 0
148.3 0
148.35 1
148.4 0
148.45 0
148.5 2
148.55 1
148.6 1
148.65 0
148.7 0
148.75 0
148.8 1
148.85 0
148.9 0
148.95 1
149 0
149.05 0
149.1 0
149.15 0
149.2 0
149.25 0
149.3 0
149.35 0
149.4 0
149.45 0
149.5 1
149.55 0
149.6 0
149.65 0
149.7 1
149.75 0
149.8 1
149.85 0
149.9 0
149.95 0
150 0
150.05 1
150.1 0
150.15 0
150.2 0
150.25 0
150.3 0
150.35 0
150.4 0
150.45 0
150.5 0
150.55 1
150.6 0
150.65 0
150.7 0
150.75 0
150.8 0
150.85 1
150.9 0
150.95 0
151 1
151.05 0
151.1 0
151.15 0
151.2 0
151.25 0
151.3 0
151.35 1
151.4 1
151.45 0
151.5 0
151.55 1
151.6 1
151.65 1
151.7 0
151.75 0
151.8 0
151.85 1
151.9 0
151.95 0
152 1
152.05 1
152.1 1
152.15 0
152.2 0
152.25 0
152.3 1
152.35 0
152.4 0
152.45 0
152.5 0
152.55 0
152.6 0
152.65 0
152.7 0
152.75 0
152.8 1
152.85 1
152.9 0
152.95 0
153 0
153.05 2
153.1 0
153.15 0
153.2 0
153.25 1
153.3 0
153.35 0
153.4 0
153.45 0
153.5 0
153.55 0
153.6 0
153.65 0
153.7 1
153.75 0
153.8 0
153.85 1
153.9 0
153.95 0
154 0
154.05 0
154.1 1
154.15 1
154.2 0
154.25 0
154.3 1
154.35 0
154.4 0
154.45 1
154.5 1
154.55 0
154.6 1
154.65 0
154.7 1
154.75 0
154.8 0
154.85 0
154.9 0
154.95 1
155 0
155.05 0
155.1 0
155.15 0
155.2 0
155.25 0
155.3 0
155.35 0
155.4 0
155.45 0
155.5 0
155.55 0
155.6 0
155.65 0
155.7 0
155.75 0
155.8 0
155.85 0
155.9 0
155.95 0
156 0
156.05 0
156.1 0
156.15 0
156.2 0
156.25 0
156.3 0
156.35 0
156.4 0
156.45 0
