0 10 10 0 0 0 4244.13 4280 0 
0 10 10.5445 0 0 0 2124.41 280 4004.42 
0 10 9.45545 0 0 0 2124.41 280 -4004.42 
0 10.0004 10 0.1365 0 3633.19 4244.12 635.436 0 
0 10 10.5445 0 0 1816.59 2124.41 2092.73 4005.89 
0 10 9.45545 0 0 1816.59 2124.41 2092.73 -4005.89 
0.005 10.0012 10 0.156937 0 4177.05 4244.06 98.69 0 
0.005 10 10.5445 0 0 2088.53 2124.38 2359.67 4007.95 
0.005 10 9.45545 0 0 2088.53 2124.38 2359.67 -4007.95 
0.01 10.002 10 0.160322 0 4266.92 4243.94 19.8752 0 
0.01 10 10.5445 0 0 2133.47 2124.32 2398.84 4012 
0.01 10 9.45545 0 0 2133.47 2124.32 2398.84 -4012 
0.015 10.0028 10 0.161205 0 4290.1 4243.75 8.35713 0 
0.015 10 10.5445 0 0 2145.08 2124.22 2404.54 4014.03 
0.015 10 9.45545 0 0 2145.08 2124.22 2404.54 -4014.03 
0.02 10.0036 10 0.161725 0 4303.51 4243.5 6.72953 0 
0.02 10 10.5445 0 0 2151.8 2124.1 2405.31 4017.97 
0.02 10 9.45545 0 0 2151.8 2124.1 2405.31 -4017.97 
0.025 10.0044 10 0.162197 0 4315.51 4243.18 6.55625 0 
0.025 10 10.5445 0 0 2157.82 2123.94 2405.37 4019.89 
0.025 10 9.45545 0 0 2157.82 2123.94 2405.37 -4019.89 
0.03 10.0052 10 0.162667 0 4327.32 4242.8 6.59752 0 
0.03 10 10.5445 0 0 2163.76 2123.75 2405.31 4023.74 
0.03 10 9.45545 0 0 2163.76 2123.75 2405.31 -4023.74 
0.035 10.006 10 0.16314 0 4339.13 4242.36 6.67114 0 
0.035 10 10.5445 0 0 2169.7 2123.53 2405.24 4025.58 
0.035 10 9.45545 0 0 2169.7 2123.53 2405.24 -4025.58 
0.04 10.0069 10 0.16362 0 4350.97 4241.85 6.75034 0 
0.04 10 10.5445 0 0 2175.66 2123.27 2405.17 4029.33 
0.04 10 9.45545 0 0 2175.66 2123.27 2405.17 -4029.33 
0.045 10.0077 10 0.164105 0 4362.83 4241.27 6.83122 0 
0.045 10 10.5445 0 0 2181.63 2122.98 2405.1 4031.08 
0.045 10 9.45545 0 0 2181.63 2122.98 2405.1 -4031.08 
0.05 10.0085 10 0.164596 0 4374.72 4240.62 6.91322 0 
0.05 10 10.5445 0 0 2187.63 2122.66 2405.02 4034.75 
0.05 10 9.45545 0 0 2187.63 2122.66 2405.02 -4034.75 
0.055 10.0093 10 0.165092 0 4386.64 4239.9 6.99627 0 
0.055 10 10.5445 0 0 2193.64 2122.3 2404.94 4036.41 
0.055 10 9.45545 0 0 2193.64 2122.3 2404.94 -4036.41 
0.06 10.0101 10 0.165595 0 4398.59 4239.12 7.08041 0 
0.06 10 10.5445 0 0 2199.67 2121.91 2404.87 4039.98 
0.06 10 9.45545 0 0 2199.67 2121.91 2404.87 -4039.98 
0.065 10.011 10 0.166104 0 4410.56 4238.27 7.16564 0 
0.065 10 10.5445 0 0 2205.73 2121.48 2404.79 4041.55 
0.065 10 9.45545 0 0 2205.73 2121.48 2404.79 -4041.55 
0.07 10.0118 10 0.166619 0 4422.56 4237.35 7.252 0 
0.07 10 10.5445 0 0 2211.8 2121.02 2404.71 4045.03 
0.07 10 9.45545 0 0 2211.8 2121.02 2404.71 -4045.03 
0.075 10.0126 10 0.16714 0 4434.58 4236.36 7.33951 0 
0.075 10 10.5445 0 0 2217.89 2120.53 2404.63 4046.51 
0.075 10 9.45545 0 0 2217.89 2120.53 2404.63 -4046.51 
0.08 10.0135 10 0.167667 0 4446.63 4235.29 7.42821 0 
0.08 10 10.5445 0 0 2224 2119.99 2404.55 4049.9 
0.08 10 9.45545 0 0 2224 2119.99 2404.55 -4049.9 
0.085 10.0143 10 0.168201 0 4458.71 4234.16 7.51813 0 
0.085 10 10.5445 0 0 2230.13 2119.43 2404.47 4051.28 
0.085 10 9.45545 0 0 2230.13 2119.43 2404.47 -4051.28 
0.09 10.0152 10 0.168741 0 4470.81 4232.95 7.6093 0 
0.09 10 10.5445 0 0 2236.27 2118.82 2404.38 4054.57 
0.09 10 9.45545 0 0 2236.27 2118.82 2404.38 -4054.57 
0.095 10.016 10 0.169288 0 4482.94 4231.68 7.70174 0 
0.095 10 10.5445 0 0 2242.44 2118.19 2404.3 4055.86 
0.095 10 9.45545 0 0 2242.44 2118.19 2404.3 -4055.86 
0.1 10.0169 10 0.169842 0 4495.09 4230.32 7.7955 0 
0.1 10 10.5445 0 0 2248.62 2117.51 2404.21 4059.06 
0.1 10 9.45545 0 0 2248.62 2117.51 2404.21 -4059.06 
0.105 10.0177 10 0.170402 0 4507.27 4228.9 7.89061 0 
0.105 10 10.5445 0 0 2254.83 2116.8 2404.12 4060.25 
0.105 10 9.45545 0 0 2254.83 2116.8 2404.12 -4060.25 
0.11 10.0186 10 0.170969 0 4519.47 4227.4 7.9871 0 
0.11 10 10.5445 0 0 2261.05 2116.05 2404.04 4063.34 
0.11 10 9.45545 0 0 2261.05 2116.05 2404.04 -4063.34 
0.115 10.0194 10 0.171543 0 4531.69 4225.82 8.08501 0 
0.115 10 10.5445 0 0 2267.29 2115.26 2403.95 4064.43 
0.115 10 9.45545 0 0 2267.29 2115.26 2403.95 -4064.43 
0.12 10.0203 10 0.172124 0 4543.94 4224.17 8.18438 0 
0.12 10 10.5445 0 0 2273.54 2114.43 2403.86 4067.43 
0.12 10 9.45545 0 0 2273.54 2114.43 2403.86 -4067.43 
0.125 10.0211 10 0.172712 0 4556.21 4222.44 8.28524 0 
0.125 10 10.5445 0 0 2279.82 2113.57 2403.77 4068.42 
0.125 10 9.45545 0 0 2279.82 2113.57 2403.77 -4068.42 
0.13 10.022 10 0.173308 0 4568.5 4220.63 8.38764 0 
0.13 10 10.5445 0 0 2286.11 2112.66 2403.67 4071.31 
0.13 10 9.45545 0 0 2286.11 2112.66 2403.67 -4071.31 
0.135 10.0229 10 0.17391 0 4580.81 4218.75 8.49162 0 
0.135 10 10.5445 0 0 2292.42 2111.72 2403.58 4072.2 
0.135 10 9.45545 0 0 2292.42 2111.72 2403.58 -4072.2 
0.14 10.0237 10 0.174521 0 4593.14 4216.79 8.59722 0 
0.14 10 10.5445 0 0 2298.75 2110.74 2403.48 4074.99 
0.14 10 9.45545 0 0 2298.75 2110.74 2403.48 -4074.99 
0.145 10.0246 10 0.175139 0 4605.5 4214.74 8.70449 0 
0.145 10 10.5445 0 0 2305.1 2109.72 2403.39 4075.77 
0.145 10 9.45545 0 0 2305.1 2109.72 2403.39 -4075.77 
0.15 10.0255 10 0.175764 0 4617.87 4212.62 8.81346 0 
0.15 10 10.5445 0 0 2311.46 2108.66 2403.29 4078.46 
0.15 10 9.45545 0 0 2311.46 2108.66 2403.29 -4078.46 
0.155 10.0264 10 0.176398 0 4630.27 4210.41 8.92419 0 
0.155 10 10.5445 0 0 2317.85 2107.55 2403.19 4079.13 
0.155 10 9.45545 0 0 2317.85 2107.55 2403.19 -4079.13 
0.16 10.0273 10 0.177039 0 4642.68 4208.13 9.03673 0 
0.16 10 10.5445 0 0 2324.25 2106.41 2403.09 4081.71 
0.16 10 9.45545 0 0 2324.25 2106.41 2403.09 -4081.71 
0.165 10.0281 10 0.177689 0 4655.11 4205.76 9.15113 0 
0.165 10 10.5445 0 0 2330.66 2105.23 2402.98 4082.28 
0.165 10 9.45545 0 0 2330.66 2105.23 2402.98 -4082.28 
0.17 10.029 10 0.178347 0 4667.56 4203.31 9.26743 0 
0.17 10 10.5445 0 0 2337.1 2104 2402.88 4084.75 
0.17 10 9.45545 0 0 2337.1 2104 2402.88 -4084.75 
0.175 10.0299 10 0.179013 0 4680.03 4200.77 9.3857 0 
0.175 10 10.5445 0 0 2343.55 2102.73 2402.77 4085.2 
0.175 10 9.45545 0 0 2343.55 2102.73 2402.77 -4085.2 
0.18 10.0308 10 0.179687 0 4692.52 4198.15 9.50598 0 
0.18 10 10.5445 0 0 2350.01 2101.42 2402.67 4087.56 
0.18 10 9.45545 0 0 2350.01 2101.42 2402.67 -4087.56 
0.185 10.0317 10 0.180371 0 4705.02 4195.44 9.62834 0 
0.185 10 10.5445 0 0 2356.5 2100.07 2402.56 4087.9 
0.185 10 9.45545 0 0 2356.5 2100.07 2402.56 -4087.9 
0.19 10.0326 10 0.181063 0 4717.54 4192.65 9.75283 0 
0.19 10 10.5445 0 0 2363 2098.67 2402.45 4090.14 
0.19 10 9.45545 0 0 2363 2098.67 2402.45 -4090.14 
0.195 10.0335 10 0.181764 0 4730.07 4189.77 9.87952 0 
0.195 10 10.5445 0 0 2369.51 2097.23 2402.34 4090.37 
0.195 10 9.45545 0 0 2369.51 2097.23 2402.34 -4090.37 
0.2 10.0344 10 0.182474 0 4742.62 4186.8 10.0085 0 
0.2 10 10.5445 0 0 2376.05 2095.75 2402.22 4092.5 
0.2 10 9.45545 0 0 2376.05 2095.75 2402.22 -4092.5 
0.205 10.0354 10 0.183194 0 4755.18 4183.74 10.1397 0 
0.205 10 10.5445 0 0 2382.6 2094.22 2402.1 4092.61 
0.205 10 9.45545 0 0 2382.6 2094.22 2402.1 -4092.61 
0.21 10.0363 10 0.183923 0 4767.76 4180.59 10.2734 0 
0.21 10 10.5445 0 0 2389.16 2092.64 2401.99 4094.62 
0.21 10 9.45545 0 0 2389.16 2092.64 2401.99 -4094.62 
0.215 10.0372 10 0.184662 0 4780.34 4177.35 10.4096 0 
0.215 10 10.5445 0 0 2395.74 2091.02 2401.87 4094.61 
0.215 10 9.45545 0 0 2395.74 2091.02 2401.87 -4094.61 
0.22 10.0381 10 0.18541 0 4792.95 4174.02 10.5482 0 
0.22 10 10.5445 0 0 2402.34 2089.36 2401.75 4096.5 
0.22 10 9.45545 0 0 2402.34 2089.36 2401.75 -4096.5 
0.225 10.039 10 0.186169 0 4805.56 4170.59 10.6895 0 
0.225 10 10.5445 0 0 2408.95 2087.64 2401.62 4096.37 
0.225 10 9.45545 0 0 2408.95 2087.64 2401.62 -4096.37 
0.23 10.04 10 0.186937 0 4818.18 4167.08 10.8335 0 
0.23 10 10.5445 0 0 2415.58 2085.89 2401.5 4098.14 
0.23 10 9.45545 0 0 2415.58 2085.89 2401.5 -4098.14 
0.235 10.0409 10 0.187716 0 4830.81 4163.46 10.9803 0 
0.235 10 10.5445 0 0 2422.22 2084.08 2401.37 4097.89 
0.235 10 9.45545 0 0 2422.22 2084.08 2401.37 -4097.89 
0.24 10.0419 10 0.188506 0 4843.46 4159.76 11.1299 0 
0.24 10 10.5445 0 0 2428.87 2082.23 2401.24 4099.53 
0.24 10 9.45545 0 0 2428.87 2082.23 2401.24 -4099.53 
0.245 10.0428 10 0.189306 0 4856.11 4155.95 11.2825 0 
0.245 10 10.5445 0 0 2435.54 2080.32 2401.11 4099.15 
0.245 10 9.45545 0 0 2435.54 2080.32 2401.11 -4099.15 
0.25 10.0438 10 0.190118 0 4868.77 4152.05 11.4381 0 
0.25 10 10.5445 0 0 2442.23 2078.37 2400.97 4100.66 
0.25 10 9.45545 0 0 2442.23 2078.37 2400.97 -4100.66 
0.255 10.0447 10 0.19094 0 4881.43 4148.05 11.5969 0 
0.255 10 10.5445 0 0 2448.93 2076.37 2400.83 4100.15 
0.255 10 9.45545 0 0 2448.93 2076.37 2400.83 -4100.15 
0.26 10.0457 10 0.191775 0 4894.11 4143.95 11.7589 0 
0.26 10 10.5445 0 0 2455.64 2074.32 2400.7 4101.54 
0.26 10 9.45545 0 0 2455.64 2074.32 2400.7 -4101.54 
0.265 10.0466 10 0.19262 0 4906.79 4139.75 11.9243 0 
0.265 10 10.5445 0 0 2462.37 2072.22 2400.55 4100.9 
0.265 10 9.45545 0 0 2462.37 2072.22 2400.55 -4100.9 
0.27 10.0476 10 0.193478 0 4919.47 4135.44 12.0931 0 
0.27 10 10.5445 0 0 2469.11 2070.07 2400.41 4102.15 
0.27 10 9.45545 0 0 2469.11 2070.07 2400.41 -4102.15 
0.275 10.0486 10 0.194348 0 4932.16 4131.04 12.2655 0 
0.275 10 10.5445 0 0 2475.86 2067.87 2400.26 4101.37 
0.275 10 9.45545 0 0 2475.86 2067.87 2400.26 -4101.37 
0.28 10.0495 10 0.19523 0 4944.85 4126.53 12.4416 0 
0.28 10 10.5445 0 0 2482.63 2065.61 2400.11 4102.49 
0.28 10 9.45545 0 0 2482.63 2065.61 2400.11 -4102.49 
0.285 10.0505 10 0.196126 0 4957.54 4121.92 12.6215 0 
0.285 10 10.5445 0 0 2489.41 2063.31 2399.96 4101.58 
0.285 10 9.45545 0 0 2489.41 2063.31 2399.96 -4101.58 
0.29 10.0515 10 0.197034 0 4970.23 4117.2 12.8053 0 
0.29 10 10.5445 0 0 2496.2 2060.95 2399.81 4102.55 
0.29 10 9.45545 0 0 2496.2 2060.95 2399.81 -4102.55 
0.295 10.0525 10 0.197955 0 4982.92 4112.37 12.9932 0 
0.295 10 10.5445 0 0 2503.01 2058.53 2399.64 4101.5 
0.295 10 9.45545 0 0 2503.01 2058.53 2399.64 -4101.5 
0.3 10.0535 10 0.19889 0 4995.62 4107.44 13.1852 0 
0.3 10 10.5445 0 0 2509.82 2056.07 2399.49 4102.33 
0.3 10 9.45545 0 0 2509.82 2056.07 2399.49 -4102.33 
0.305 10.0545 10 0.199839 0 5008.31 4102.39 13.3817 0 
0.305 10 10.5445 0 0 2516.65 2053.54 2399.32 4101.14 
0.305 10 9.45545 0 0 2516.65 2053.54 2399.32 -4101.14 
0.31 10.0555 10 0.200802 0 5021 4097.24 13.5826 0 
0.31 10 10.5445 0 0 2523.49 2050.97 2399.15 4101.83 
0.31 10 9.45545 0 0 2523.49 2050.97 2399.15 -4101.83 
0.315 10.0565 10 0.201779 0 5033.68 4091.97 13.7882 0 
0.315 10 10.5445 0 0 2530.34 2048.33 2398.98 4100.49 
0.315 10 9.45545 0 0 2530.34 2048.33 2398.98 -4100.49 
0.32 10.0575 10 0.202772 0 5046.36 4086.59 13.9986 0 
0.32 10 10.5445 0 0 2537.2 2045.64 2398.81 4101.03 
0.32 10 9.45545 0 0 2537.2 2045.64 2398.81 -4101.03 
0.325 10.0585 10 0.203779 0 5059.03 4081.09 14.2141 0 
0.325 10 10.5445 0 0 2544.07 2042.89 2398.63 4099.54 
0.325 10 9.45545 0 0 2544.07 2042.89 2398.63 -4099.54 
0.33 10.0595 10 0.204802 0 5071.7 4075.48 14.4347 0 
0.33 10 10.5445 0 0 2550.96 2040.09 2398.45 4099.93 
0.33 10 9.45545 0 0 2550.96 2040.09 2398.45 -4099.93 
0.335 10.0606 10 0.205841 0 5084.36 4069.76 14.6606 0 
0.335 10 10.5445 0 0 2557.85 2037.23 2398.26 4098.29 
0.335 10 9.45545 0 0 2557.85 2037.23 2398.26 -4098.29 
0.34 10.0616 10 0.206897 0 5097.01 4063.91 14.8921 0 
0.34 10 10.5445 0 0 2564.75 2034.3 2398.07 4098.52 
0.34 10 9.45545 0 0 2564.75 2034.3 2398.07 -4098.52 
0.345 10.0626 10 0.207969 0 5109.65 4057.94 15.1294 0 
0.345 10 10.5445 0 0 2571.66 2031.32 2397.88 4096.73 
0.345 10 9.45545 0 0 2571.66 2031.32 2397.88 -4096.73 
0.35 10.0637 10 0.209058 0 5122.27 4051.86 15.3727 0 
0.35 10 10.5445 0 0 2578.58 2028.28 2397.68 4096.8 
0.35 10 9.45545 0 0 2578.58 2028.28 2397.68 -4096.8 
0.355 10.0647 10 0.210165 0 5134.89 4045.65 15.6222 0 
0.355 10 10.5445 0 0 2585.51 2025.17 2397.48 4094.84 
0.355 10 9.45545 0 0 2585.51 2025.17 2397.48 -4094.84 
0.36 10.0658 10 0.21129 0 5147.48 4039.32 15.8781 0 
0.36 10 10.5445 0 0 2592.44 2022 2397.27 4094.76 
0.36 10 9.45545 0 0 2592.44 2022 2397.27 -4094.76 
0.365 10.0668 10 0.212434 0 5160.07 4032.86 16.1407 0 
0.365 10 10.5445 0 0 2599.39 2018.78 2397.06 4092.64 
0.365 10 9.45545 0 0 2599.39 2018.78 2397.06 -4092.64 
0.37 10.0679 10 0.213596 0 5172.63 4026.27 16.4103 0 
0.37 10 10.5445 0 0 2606.34 2015.48 2396.84 4092.39 
0.37 10 9.45545 0 0 2606.34 2015.48 2396.84 -4092.39 
0.375 10.069 10 0.214778 0 5185.18 4019.56 16.6872 0 
0.375 10 10.5445 0 0 2613.3 2012.13 2396.62 4090.09 
0.375 10 9.45545 0 0 2613.3 2012.13 2396.62 -4090.09 
0.38 10.07 10 0.21598 0 5197.71 4012.71 16.9715 0 
0.38 10 10.5445 0 0 2620.26 2008.7 2396.4 4089.67 
0.38 10 9.45545 0 0 2620.26 2008.7 2396.4 -4089.67 
0.385 10.0711 10 0.217203 0 5210.21 4005.74 17.2637 0 
0.385 10 10.5445 0 0 2627.23 2005.22 2396.16 4087.21 
0.385 10 9.45545 0 0 2627.23 2005.22 2396.16 -4087.21 
0.39 10.0722 10 0.218447 0 5222.69 3998.63 17.564 0 
0.39 10 10.5445 0 0 2634.21 2001.66 2395.93 4086.62 
0.39 10 9.45545 0 0 2634.21 2001.66 2395.93 -4086.62 
0.395 10.0733 10 0.219712 0 5235.15 3991.38 17.8728 0 
0.395 10 10.5445 0 0 2641.19 1998.04 2395.68 4083.98 
0.395 10 9.45545 0 0 2641.19 1998.04 2395.68 -4083.98 
0.4 10.0744 10 0.221 0 5247.58 3984 18.1905 0 
0.4 10 10.5445 0 0 2648.17 1994.35 2395.43 4083.2 
0.4 10 9.45545 0 0 2648.17 1994.35 2395.43 -4083.2 
0.405 10.0755 10 0.222311 0 5259.98 3976.48 18.5174 0 
0.405 10 10.5445 0 0 2655.16 1990.59 2395.18 4080.38 
0.405 10 9.45545 0 0 2655.16 1990.59 2395.18 -4080.38 
0.41 10.0766 10 0.223646 0 5272.36 3968.82 18.8538 0 
0.41 10 10.5445 0 0 2662.15 1986.76 2394.92 4079.43 
0.41 10 9.45545 0 0 2662.15 1986.76 2394.92 -4079.43 
0.415 10.0778 10 0.225005 0 5284.7 3961.02 19.2003 0 
0.415 10 10.5445 0 0 2669.15 1982.86 2394.65 4076.42 
0.415 10 9.45545 0 0 2669.15 1982.86 2394.65 -4076.42 
0.42 10.0789 10 0.226389 0 5297 3953.07 19.5573 0 
0.42 10 10.5445 0 0 2676.14 1978.88 2394.37 4075.27 
0.42 10 9.45545 0 0 2676.14 1978.88 2394.37 -4075.27 
0.425 10.08 10 0.227799 0 5309.27 3944.98 19.9252 0 
0.425 10 10.5445 0 0 2683.14 1974.84 2394.09 4072.08 
0.425 10 9.45545 0 0 2683.14 1974.84 2394.09 -4072.08 
0.43 10.0812 10 0.229235 0 5321.51 3936.74 20.3045 0 
0.43 10 10.5445 0 0 2690.14 1970.72 2393.8 4070.74 
0.43 10 9.45545 0 0 2690.14 1970.72 2393.8 -4070.74 
0.435 10.0823 10 0.2307 0 5333.7 3928.35 20.6957 0 
0.435 10 10.5445 0 0 2697.14 1966.52 2393.5 4067.34 
0.435 10 9.45545 0 0 2697.14 1966.52 2393.5 -4067.34 
0.44 10.0835 10 0.232192 0 5345.86 3919.81 21.0994 0 
0.44 10 10.5445 0 0 2704.14 1962.25 2393.2 4065.81 
0.44 10 9.45545 0 0 2704.14 1962.25 2393.2 -4065.81 
0.445 10.0846 10 0.233714 0 5357.97 3911.12 21.5162 0 
0.445 10 10.5445 0 0 2711.14 1957.91 2392.88 4062.21 
0.445 10 9.45545 0 0 2711.14 1957.91 2392.88 -4062.21 
0.45 10.0858 10 0.235266 0 5370.03 3902.26 21.9467 0 
0.45 10 10.5445 0 0 2718.14 1953.48 2392.56 4060.47 
0.45 10 9.45545 0 0 2718.14 1953.48 2392.56 -4060.47 
0.455 10.087 10 0.23685 0 5382.04 3893.25 22.3915 0 
0.455 10 10.5445 0 0 2725.14 1948.97 2392.22 4056.66 
0.455 10 9.45545 0 0 2725.14 1948.97 2392.22 -4056.66 
0.46 10.0882 10 0.238466 0 5394.01 3884.08 22.8514 0 
0.46 10 10.5445 0 0 2732.13 1944.39 2391.88 4054.71 
0.46 10 9.45545 0 0 2732.13 1944.39 2391.88 -4054.71 
0.465 10.0894 10 0.240115 0 5405.92 3874.75 23.327 0 
0.465 10 10.5445 0 0 2739.12 1939.72 2391.53 4050.69 
0.465 10 9.45545 0 0 2739.12 1939.72 2391.53 -4050.69 
0.47 10.0906 10 0.241798 0 5417.77 3865.25 23.8191 0 
0.47 10 10.5445 0 0 2746.1 1934.97 2391.16 4048.52 
0.47 10 9.45545 0 0 2746.1 1934.97 2391.16 -4048.52 
0.475 10.0918 10 0.243518 0 5429.56 3855.58 24.3287 0 
0.475 10 10.5445 0 0 2753.08 1930.14 2390.79 4044.28 
0.475 10 9.45545 0 0 2753.08 1930.14 2390.79 -4044.28 
0.48 10.093 10 0.245274 0 5441.3 3845.74 24.8566 0 
0.48 10 10.5445 0 0 2760.05 1925.22 2390.4 4041.89 
0.48 10 9.45545 0 0 2760.05 1925.22 2390.4 -4041.89 
0.485 10.0942 10 0.247069 0 5452.97 3835.73 25.4036 0 
0.485 10 10.5445 0 0 2767.01 1920.21 2390 4037.42 
0.485 10 9.45545 0 0 2767.01 1920.21 2390 -4037.42 
0.49 10.0955 10 0.248904 0 5464.57 3825.54 25.971 0 
0.49 10 10.5445 0 0 2773.96 1915.12 2389.59 4034.8 
0.49 10 9.45545 0 0 2773.96 1915.12 2389.59 -4034.8 
0.495 10.0967 10 0.25078 0 5476.1 3815.17 26.5597 0 
0.495 10 10.5445 0 0 2780.91 1909.93 2389.16 4030.1 
0.495 10 9.45545 0 0 2780.91 1909.93 2389.16 -4030.1 
0.5 10.098 10 0.252699 0 5487.55 3804.62 27.1708 0 
0.5 10 10.5445 0 0 2787.84 1904.66 2388.73 4027.23 
0.5 10 9.45545 0 0 2787.84 1904.66 2388.73 -4027.23 
0.505 10.0993 10 0.254662 0 5498.93 3793.89 27.8058 0 
0.505 10 10.5445 0 0 2794.76 1899.29 2388.27 4022.29 
0.505 10 9.45545 0 0 2794.76 1899.29 2388.27 -4022.29 
0.51 10.1005 10 0.256671 0 5510.22 3782.96 28.4657 0 
0.51 10 10.5445 0 0 2801.67 1893.83 2387.8 4019.17 
0.51 10 9.45545 0 0 2801.67 1893.83 2387.8 -4019.17 
0.515 10.1018 10 0.258729 0 5521.44 3771.85 29.1522 0 
0.515 10 10.5445 0 0 2808.56 1888.27 2387.31 4013.98 
0.515 10 9.45545 0 0 2808.56 1888.27 2387.31 -4013.98 
0.52 10.1031 10 0.260837 0 5532.56 3760.54 29.8667 0 
0.52 10 10.5445 0 0 2815.44 1882.62 2386.81 4010.61 
0.52 10 9.45545 0 0 2815.44 1882.62 2386.81 -4010.61 
0.525 10.1044 10 0.262996 0 5543.59 3749.04 30.6108 0 
0.525 10 10.5445 0 0 2822.3 1876.86 2386.28 4005.15 
0.525 10 9.45545 0 0 2822.3 1876.86 2386.28 -4005.15 
0.53 10.1058 10 0.26521 0 5554.52 3737.33 31.3865 0 
0.53 10 10.5445 0 0 2829.14 1871.01 2385.74 4001.51 
0.53 10 9.45545 0 0 2829.14 1871.01 2385.74 -4001.51 
0.535 10.1071 10 0.267481 0 5565.34 3725.41 32.1954 0 
0.535 10 10.5445 0 0 2835.96 1865.05 2385.18 3995.78 
0.535 10 9.45545 0 0 2835.96 1865.05 2385.18 -3995.78 
0.54 10.1084 10 0.269811 0 5576.06 3713.29 33.0398 0 
0.54 10 10.5445 0 0 2842.76 1858.99 2384.59 3991.87 
0.54 10 9.45545 0 0 2842.76 1858.99 2384.59 -3991.87 
0.545 10.1098 10 0.272202 0 5586.67 3700.96 33.9218 0 
0.545 10 10.5445 0 0 2849.53 1852.83 2383.98 3985.85 
0.545 10 9.45545 0 0 2849.53 1852.83 2383.98 -3985.85 
0.55 10.1111 10 0.274658 0 5597.16 3688.41 34.8439 0 
0.55 10 10.5445 0 0 2856.28 1846.55 2383.35 3981.65 
0.55 10 9.45545 0 0 2856.28 1846.55 2383.35 -3981.65 
0.555 10.1125 10 0.277181 0 5607.52 3675.63 35.8086 0 
0.555 10 10.5445 0 0 2863 1840.16 2382.69 3975.35 
0.555 10 9.45545 0 0 2863 1840.16 2382.69 -3975.35 
0.56 10.1139 10 0.279774 0 5617.76 3662.63 36.8188 0 
0.56 10 10.5445 0 0 2869.69 1833.66 2382.01 3970.84 
0.56 10 9.45545 0 0 2869.69 1833.66 2382.01 -3970.84 
0.565 10.1153 10 0.282442 0 5627.86 3649.4 37.8775 0 
0.565 10 10.5445 0 0 2876.34 1827.05 2381.29 3964.23 
0.565 10 9.45545 0 0 2876.34 1827.05 2381.29 -3964.23 
0.57 10.1167 10 0.285186 0 5637.82 3635.94 38.9882 0 
0.57 10 10.5445 0 0 2882.96 1820.32 2380.54 3959.41 
0.57 10 9.45545 0 0 2882.96 1820.32 2380.54 -3959.41 
0.575 10.1182 10 0.288013 0 5647.62 3622.23 40.1543 0 
0.575 10 10.5445 0 0 2889.54 1813.46 2379.76 3952.47 
0.575 10 9.45545 0 0 2889.54 1813.46 2379.76 -3952.47 
0.58 10.1196 10 0.290924 0 5657.27 3608.28 41.38 0 
0.58 10 10.5445 0 0 2896.08 1806.49 2378.95 3947.32 
0.58 10 9.45545 0 0 2896.08 1806.49 2378.95 -3947.32 
0.585 10.1211 10 0.293926 0 5666.75 3594.07 42.6696 0 
0.585 10 10.5445 0 0 2902.58 1799.38 2378.09 3940.05 
0.585 10 9.45545 0 0 2902.58 1799.38 2378.09 -3940.05 
0.59 10.1226 10 0.297022 0 5676.06 3579.61 44.0278 0 
0.59 10 10.5445 0 0 2909.03 1792.15 2377.19 3934.55 
0.59 10 9.45545 0 0 2909.03 1792.15 2377.19 -3934.55 
0.595 10.1241 10 0.300217 0 5685.18 3564.89 45.4598 0 
0.595 10 10.5445 0 0 2915.42 1784.79 2376.25 3926.92 
0.595 10 9.45545 0 0 2915.42 1784.79 2376.25 -3926.92 
0.6 10.1256 10 0.303518 0 5694.1 3549.89 46.9713 0 
0.6 10 10.5445 0 0 2921.76 1777.29 2375.27 3921.06 
0.6 10 9.45545 0 0 2921.76 1777.29 2375.27 -3921.06 
0.605 10.1271 10 0.306929 0 5702.82 3534.62 48.5688 0 
0.605 10 10.5445 0 0 2928.04 1769.66 2374.23 3913.05 
0.605 10 9.45545 0 0 2928.04 1769.66 2374.23 -3913.05 
0.61 10.1286 10 0.310458 0 5711.32 3519.07 50.2591 0 
0.61 10 10.5445 0 0 2934.25 1761.88 2373.14 3906.8 
0.61 10 9.45545 0 0 2934.25 1761.88 2373.14 -3906.8 
0.615 10.1302 10 0.314112 0 5719.59 3503.23 52.0499 0 
0.615 10 10.5445 0 0 2940.4 1753.96 2371.99 3898.4 
0.615 10 9.45545 0 0 2940.4 1753.96 2371.99 -3898.4 
0.62 10.1318 10 0.317897 0 5727.61 3487.08 53.9499 0 
0.62 10 10.5445 0 0 2946.47 1745.89 2370.77 3891.74 
0.62 10 9.45545 0 0 2946.47 1745.89 2370.77 -3891.74 
0.625 10.1334 10 0.321821 0 5735.38 3470.63 55.9684 0 
0.625 10 10.5445 0 0 2952.45 1737.66 2369.49 3882.9 
0.625 10 9.45545 0 0 2952.45 1737.66 2369.49 -3882.9 
0.63 10.135 10 0.325895 0 5742.86 3453.86 58.1161 0 
0.63 10 10.5445 0 0 2958.35 1729.28 2368.13 3875.81 
0.63 10 9.45545 0 0 2958.35 1729.28 2368.13 -3875.81 
0.635 10.1366 10 0.330127 0 5750.05 3436.77 60.4047 0 
0.635 10 10.5445 0 0 2964.15 1720.73 2366.69 3866.52 
0.635 10 9.45545 0 0 2964.15 1720.73 2366.69 -3866.52 
0.64 10.1383 10 0.334528 0 5756.93 3419.35 62.8475 0 
0.64 10 10.5445 0 0 2969.84 1712.02 2365.16 3858.95 
0.64 10 9.45545 0 0 2969.84 1712.02 2365.16 -3858.95 
0.645 10.14 10 0.339109 0 5763.46 3401.57 65.4592 0 
0.645 10 10.5445 0 0 2975.42 1703.13 2363.53 3849.17 
0.645 10 9.45545 0 0 2975.42 1703.13 2363.53 -3849.17 
0.65 10.1417 10 0.343884 0 5769.64 3383.44 68.2565 0 
0.65 10 10.5445 0 0 2980.87 1694.07 2361.8 3841.1 
0.65 10 9.45545 0 0 2980.87 1694.07 2361.8 -3841.1 
0.655 10.1434 10 0.348865 0 5775.42 3364.95 71.2583 0 
0.655 10 10.5445 0 0 2986.19 1684.82 2359.95 3830.79 
0.655 10 9.45545 0 0 2986.19 1684.82 2359.95 -3830.79 
0.66 10.1452 10 0.354069 0 5780.79 3346.07 74.4857 0 
0.66 10 10.5445 0 0 2991.35 1675.38 2357.97 3822.16 
0.66 10 9.45545 0 0 2991.35 1675.38 2357.97 -3822.16 
0.665 10.147 10 0.359512 0 5785.7 3326.79 77.9632 0 
0.665 10 10.5445 0 0 2996.35 1665.74 2355.85 3811.28 
0.665 10 9.45545 0 0 2996.35 1665.74 2355.85 -3811.28 
0.67 10.1488 10 0.365213 0 5790.13 3307.11 81.7182 0 
0.67 10 10.5445 0 0 3001.16 1655.9 2353.58 3802.04 
0.67 10 9.45545 0 0 3001.16 1655.9 2353.58 -3802.04 
0.675 10.1506 10 0.371193 0 5794.01 3287 85.7825 0 
0.675 10 10.5445 0 0 3005.78 1645.85 2351.12 3790.52 
0.675 10 9.45545 0 0 3005.78 1645.85 2351.12 -3790.52 
0.68 10.1525 10 0.377476 0 5797.32 3266.45 90.1922 0 
0.68 10 10.5445 0 0 3010.16 1635.57 2348.48 3780.62 
0.68 10 9.45545 0 0 3010.16 1635.57 2348.48 -3780.62 
0.685 10.1544 10 0.384087 0 5799.99 3245.43 94.9895 0 
0.685 10 10.5445 0 0 3014.3 1625.06 2345.62 3768.39 
0.685 10 9.45545 0 0 3014.3 1625.06 2345.62 -3768.39 
0.69 10.1563 10 0.391056 0 5801.97 3223.94 100.223 0 
0.69 10 10.5445 0 0 3018.16 1614.32 2342.52 3757.74 
0.69 10 9.45545 0 0 3018.16 1614.32 2342.52 -3757.74 
0.695 10.1583 10 0.398416 0 5803.17 3201.94 105.949 0 
0.695 10 10.5445 0 0 3021.7 1603.32 2339.14 3744.72 
0.695 10 9.45545 0 0 3021.7 1603.32 2339.14 -3744.72 
0.7 10.1603 10 0.406205 0 5803.52 3179.42 112.234 0 
0.7 10 10.5445 0 0 3024.89 1592.06 2335.45 3733.22 
0.7 10 9.45545 0 0 3024.89 1592.06 2335.45 -3733.22 
0.705 10.1624 10 0.414465 0 5802.91 3156.34 119.155 0 
0.705 10 10.5445 0 0 3027.68 1580.52 2331.41 3719.29 
0.705 10 9.45545 0 0 3027.68 1580.52 2331.41 -3719.29 
0.71 10.1645 10 0.423245 0 5801.25 3132.68 126.806 0 
0.71 10 10.5445 0 0 3030.02 1568.69 2326.97 3706.81 
0.71 10 9.45545 0 0 3030.02 1568.69 2326.97 -3706.81 
0.715 10.1666 10 0.4326 0 5798.39 3108.41 135.296 0 
0.715 10 10.5445 0 0 3031.84 1556.55 2322.07 3691.83 
0.715 10 9.45545 0 0 3031.84 1556.55 2322.07 -3691.83 
0.72 10.1688 10 0.442596 0 5794.18 3083.5 144.755 0 
0.72 10 10.5445 0 0 3033.06 1544.1 2316.64 3678.21 
0.72 10 9.45545 0 0 3033.06 1544.1 2316.64 -3678.21 
0.725 10.171 10 0.453306 0 5788.43 3057.89 155.344 0 
0.725 10 10.5445 0 0 3033.6 1531.29 2310.6 3661.98 
0.725 10 9.45545 0 0 3033.6 1531.29 2310.6 -3661.98 
0.73 10.1733 10 0.464819 0 5780.92 3031.56 167.255 0 
0.73 10 10.5445 0 0 3033.33 1518.13 2303.84 3646.98 
0.73 10 9.45545 0 0 3033.33 1518.13 2303.84 -3646.98 
0.735 10.1757 10 0.477237 0 5771.37 3004.45 180.724 0 
0.735 10 10.5445 0 0 3032.13 1504.57 2296.23 3629.23 
0.735 10 9.45545 0 0 3032.13 1504.57 2296.23 -3629.23 
0.74 10.1781 10 0.490681 0 5759.46 2976.52 196.044 0 
0.74 10 10.5445 0 0 3029.82 1490.61 2287.63 3612.53 
0.74 10 9.45545 0 0 3029.82 1490.61 2287.63 -3612.53 
0.745 10.1806 10 0.505296 0 5744.76 2947.68 213.579 0 
0.745 10 10.5445 0 0 3026.2 1476.19 2277.84 3592.87 
0.745 10 9.45545 0 0 3026.2 1476.19 2277.84 -3592.87 
0.75 10.1831 10 0.521256 0 5726.76 2917.89 233.788 0 
0.75 10 10.5445 0 0 3020.99 1461.29 2266.62 3574 
0.75 10 9.45545 0 0 3020.99 1461.29 2266.62 -3574 
0.755 10.1858 10 0.538772 0 5704.81 2887.05 257.259 0 
0.755 10 10.5445 0 0 3013.87 1445.87 2253.66 3551.85 
0.755 10 9.45545 0 0 3013.87 1445.87 2253.66 -3551.85 
0.76 10.1885 10 0.558102 0 5678.08 2855.07 284.748 0 
0.76 10 10.5445 0 0 3004.39 1429.88 2238.56 3530.09 
0.76 10 9.45545 0 0 3004.39 1429.88 2238.56 -3530.09 
0.765 10.1914 10 0.579569 0 5645.47 2821.84 317.245 0 
0.765 10 10.5445 0 0 2991.99 1413.27 2220.81 3504.54 
0.765 10 9.45545 0 0 2991.99 1413.27 2220.81 -3504.54 
0.77 10.1943 10 0.603573 0 5605.58 2787.24 356.065 0 
0.77 10 10.5445 0 0 2975.93 1395.97 2199.72 3478.72 
0.77 10 9.45545 0 0 2975.93 1395.97 2199.72 -3478.72 
0.775 10.1974 10 0.630627 0 5556.46 2751.1 402.985 0 
0.775 10 10.5445 0 0 2955.18 1377.9 2174.36 3448.23 
0.775 10 9.45545 0 0 2955.18 1377.9 2174.36 -3448.23 
0.78 10.2007 10 0.661393 0 5495.52 2713.25 460.448 0 
0.78 10 10.5445 0 0 2928.36 1358.97 2143.48 3416.32 
0.78 10 9.45545 0 0 2928.36 1358.97 2143.48 -3416.32 
0.785 10.204 10 0.696737 0 5419.08 2673.46 531.889 0 
0.785 10 10.5445 0 0 2893.51 1339.08 2105.28 3378.15 
0.785 10 9.45545 0 0 2893.51 1339.08 2105.28 -3378.15 
0.79 10.2076 10 0.737825 0 5321.93 2631.45 622.247 0 
0.79 10 10.5445 0 0 2847.83 1318.07 2057.23 3336.3 
0.79 10 9.45545 0 0 2847.83 1318.07 2057.23 -3336.3 
0.795 10.2114 10 0.786251 0 5196.38 2586.87 738.818 0 
0.795 10 10.5445 0 0 2787.17 1295.78 1995.56 3284.95 
0.795 10 9.45545 0 0 2787.17 1295.78 1995.56 -3284.95 
0.8 10.2155 10 0.844255 0 5030.79 2539.26 892.723 0 
0.8 10 10.5445 0 0 2705.21 1271.98 1914.55 3225.09 
0.8 10 9.45545 0 0 2705.21 1271.98 1914.55 -3225.09 
0.805 10.2199 10 0.915081 0 4806.85 2488.03 1101.53 0 
0.805 10 10.5445 0 0 2591.99 1246.36 1805.18 3148.24 
0.805 10 9.45545 0 0 2591.99 1246.36 1805.18 -3148.24 
0.81 10.2247 10 1.0036 0 4494.58 2432.39 1394.16 0 
0.81 10 10.5445 0 0 2431.07 1218.54 1652.68 3050.75 
0.81 10 9.45545 0 0 2431.07 1218.54 1652.68 -3050.75 
0.815 10.23 10 1.1174 0 4042.24 2371.21 1820.73 0 
0.815 10 10.5445 0 0 2193.97 1187.95 1431.43 2915.66 
0.815 10 9.45545 0 0 2193.97 1187.95 1431.43 -2915.66 
0.82 10.2359 10 1.26902 0 3355.07 2302.89 2473.41 0 
0.82 10 10.5445 0 0 1828.21 1153.79 1094.48 2722.65 
0.82 10 9.45545 0 0 1828.21 1153.79 1094.48 -2722.65 
0.825 10.2428 10 1.48033 0 2245.85 2224.99 3535.04 0 
0.825 10 10.5445 0 0 1229.46 1114.84 548.874 2419.26 
0.825 10 9.45545 0 0 1229.46 1114.84 548.874 -2419.26 
0.83 10.2509 10 1.79285 0 307.681 2133.59 5404.36 0 
0.83 10 10.5445 0 0 169.384 1069.14 -407.654 1901.63 
0.83 10 9.45545 0 0 169.384 1069.14 -407.654 -1901.63 
0.835 10.2609 10 2.19638 0 0 2023.43 5620.37 0 
0.835 10 10.5445 0 0 0 1014.06 -543.908 1723.32 
0.835 10 9.45545 0 0 0 1014.06 -543.908 -1723.32 
0.84 10.2728 10 2.59421 0 0 1894.4 5516.48 0 
0.84 10 10.5445 0 0 0 949.546 -519.807 1600.69 
0.84 10 9.45545 0 0 0 949.546 -519.807 -1600.69 
0.845 10.2868 10 2.98412 0 0 1749.29 5398.8 0 
0.845 10 10.5445 0 0 0 876.993 -488.263 1462.17 
0.845 10 9.45545 0 0 0 876.993 -488.263 -1462.17 
0.85 10.3027 10 3.36511 0 0 1591.62 5266.46 0 
0.85 10 10.5445 0 0 0 798.155 -448.762 1315.57 
0.85 10 9.45545 0 0 0 798.155 -448.762 -1315.57 
0.855 10.3204 10 3.73613 0 0 1425.51 5119.7 0 
0.855 10 10.5445 0 0 0 715.102 -401.358 1161.37 
0.855 10 9.45545 0 0 0 715.102 -401.358 -1161.37 
0.86 10.34 10 4.09619 0 0 1255.58 4960.07 0 
0.86 10 10.5445 0 0 0 630.136 -346.742 1008.18 
0.86 10 9.45545 0 0 0 630.136 -346.742 -1008.18 
0.865 10.3614 10 4.44447 0 0 1086.61 4790.36 0 
0.865 10 10.5445 0 0 0 545.655 -286.273 856.757 
0.865 10 9.45545 0 0 0 545.655 -286.273 -856.757 
0.87 10.3844 10 4.78038 0 0 923.27 4614.5 0 
0.87 10 10.5445 0 0 0 463.982 -221.853 715.287 
0.87 10 9.45545 0 0 0 463.982 -221.853 -715.287 
0.875 10.4092 10 5.10365 0 0 769.701 4437.06 0 
0.875 10 10.5445 0 0 0 387.198 -155.764 583.408 
0.875 10 9.45545 0 0 0 387.198 -155.764 -583.408 
0.88 10.4355 10 5.41432 0 0 629.269 4262.82 0 
0.88 10 10.5445 0 0 0 316.982 -90.3935 467.612 
0.88 10 9.45545 0 0 0 316.982 -90.3935 -467.612 
0.885 10.4633 10 5.7128 0 0 504.328 4096.24 0 
0.885 10 10.5445 0 0 0 254.511 -27.9992 365.475 
0.885 10 9.45545 0 0 0 254.511 -27.9992 -365.475 
0.89 10.4926 10 5.99977 0 0 396.145 3940.98 0 
0.89 10 10.5445 0 0 0 200.42 29.5438 281.314 
0.89 10 9.45545 0 0 0 200.42 29.5438 -281.314 
0.895 10.5233 10 6.27613 0 0 304.939 3799.64 0 
0.895 10 10.5445 0 0 0 154.817 80.8683 210.679 
0.895 10 9.45545 0 0 0 154.817 80.8683 -210.679 
0.9 10.5553 10 6.54294 0 0 230.034 3673.61 0 
0.9 10 10.5445 0 0 0 117.364 125.206 156.22 
0.9 10 9.45545 0 0 0 117.364 125.206 -156.22 
0.905 10.5887 10 6.80131 0 0 170.069 3563.18 0 
0.905 10 10.5445 0 0 0 87.3818 162.335 112.29 
0.905 10 9.45545 0 0 0 87.3818 162.335 -112.29 
0.91 10.6233 10 7.05232 0 0 123.248 3467.66 0 
0.91 10 10.5445 0 0 0 63.9712 192.523 80.848 
0.91 10 9.45545 0 0 0 63.9712 192.523 -80.848 
