2675 0 4999.85 0 
1439.14 1220.19 4999.84 0.142401 
778.454 1877.65 4999.76 0.219148 
425.995 2234.45 4999.51 0.260853 
238.271 2430.57 4999.04 0.283876 
138.58 2540.86 4998.32 0.296961 
85.9266 2605.3 4997.33 0.304779 
58.4052 2645.27 4996.07 0.309827 
44.3193 2672.19 4994.54 0.313438 
37.4258 2692.14 4992.73 0.316327 
34.3951 2708.38 4990.63 0.318876 
33.4525 2722.63 4988.25 0.32129 
33.6534 2735.82 4985.57 0.323681 
34.4964 2748.44 4982.59 0.326113 
35.7164 2760.75 4979.31 0.328618 
37.1749 2772.88 4975.71 0.331221 
38.8012 2784.9 4971.79 0.333933 
40.561 2796.85 4967.55 0.336767 
42.4399 2808.74 4962.97 0.33973 
44.4345 2820.58 4958.05 0.342832 
46.5479 2832.36 4952.77 0.346081 
48.787 2844.07 4947.13 0.349485 
51.1615 2855.71 4941.11 0.353054 
53.6832 2867.27 4934.71 0.356797 
56.3659 2878.73 4927.91 0.360727 
59.2255 2890.07 4920.7 0.364854 
62.28 2901.29 4913.07 0.369192 
65.5496 2912.36 4905 0.373756 
69.0576 2923.25 4896.47 0.378562 
72.8301 2933.94 4887.47 0.383628 
76.8973 2944.41 4877.98 0.388973 
81.2934 2954.61 4867.98 0.394621 
86.0581 2964.51 4857.45 0.400595 
91.2369 2974.06 4846.36 0.406925 
96.8828 2983.21 4834.69 0.41364 
103.057 2991.9 4822.42 0.420778 
109.833 3000.05 4809.5 0.428377 
117.294 3007.57 4795.91 0.436484 
125.542 3014.38 4781.61 0.445152 
134.696 3020.33 4766.56 0.45444 
144.899 3025.3 4750.72 0.464419 
156.325 3029.09 4734.03 0.475169 
169.185 3031.5 4716.43 0.486786 
183.735 3032.26 4697.88 0.499379 
200.294 3031.05 4678.28 0.513081 
219.26 3027.45 4657.57 0.52805 
241.133 3020.96 4635.64 0.544473 
266.549 3010.92 4612.39 0.562581 
296.328 2996.49 4587.7 0.582655 
331.541 2976.57 4561.41 0.605043 
373.607 2949.71 4533.36 0.630181 
424.432 2913.93 4503.33 0.658623 
486.629 2866.57 4471.07 0.691084 
563.846 2803.88 4436.28 0.728498 
661.298 2720.51 4398.58 0.772113 
786.62 2608.63 4357.47 0.82363 
951.332 2456.45 4312.34 0.885421 
1173.41 2245.59 4262.36 0.960892 
1482 1946.25 4206.41 1.05509 
1926.69 1507.85 4142.95 1.17582 
2596.67 839.496 4069.71 1.33564 
3430.37 0 3983.28 1.55463 
3421.56 0 3879.93 1.79934 
3411.77 0 3758.52 2.0434 
3399.15 0 3618.59 2.28667 
3381.77 0 3460.11 2.52888 
3357.73 0 3283.54 2.76962 
3325.25 0 3090.02 3.00835 
3282.88 0 2881.41 3.24442 
3229.58 0 2660.31 3.47708 
3164.9 0 2430.04 3.70552 
3089.04 0 2194.52 3.92894 
3002.93 0 1958.07 4.14656 
2908.14 0 1725.17 4.35772 
2806.83 0 1500.18 4.56186 
2701.53 0 1287.07 4.7586 
2594.94 0 1089.14 4.94776 
2489.71 0 908.887 5.12934 
2388.22 0 747.911 5.30352 
2292.43 0 606.879 5.47065 
2203.79 0 485.621 5.63118 
2123.19 0 383.259 5.78567 
2050.99 0 298.377 5.9347 
1987.11 0 229.197 6.07887 
1931.12 0 173.75 6.21876 
