0 10 10 0 0 0 2652.58 2675 1.27648e-09 
0 10 10.5821 0 0 0 1326.29 175 2500 
0 10 9.41785 0 0 0 1326.29 175 -2500 
0 10.0004 10 0.142401 9.07718e-14 1220.19 2652.58 1439.14 1.26514e-09 
0 10 10.5821 0 0 610.094 1326.29 782.967 2500.41 
0 10 9.41785 0 0 610.094 1326.29 782.967 -2500.41 
0.005 10.0013 10 0.219148 1.80818e-13 1877.65 2652.53 778.454 1.25572e-09 
0.005 10 10.5821 0 0 938.828 1326.27 1107.94 2501.36 
0.005 10 9.41785 0 0 938.828 1326.27 1107.94 -2501.36 
0.01 10.0025 10 0.260853 2.7034e-13 2234.45 2652.4 425.995 1.25092e-09 
0.01 10 10.5821 0 0 1117.23 1326.2 1281.24 2504.65 
0.01 10 9.41785 0 0 1117.23 1326.2 1281.24 -2504.65 
0.015 10.0039 10 0.283876 3.59466e-13 2430.57 2652.15 238.271 1.24572e-09 
0.015 10 10.5821 0 0 1215.31 1326.08 1373.49 2506.96 
0.015 10 9.41785 0 0 1215.31 1326.08 1373.49 -2506.96 
0.02 10.0053 10 0.296961 4.48258e-13 2540.86 2651.77 138.58 1.24056e-09 
0.02 10 10.5821 0 0 1270.48 1325.88 1422.42 2510.8 
0.02 10 9.41785 0 0 1270.48 1325.88 1422.42 -2510.8 
0.025 10.0069 10 0.304779 5.36735e-13 2605.3 2651.24 85.9266 1.23682e-09 
0.025 10 10.5821 0 0 1302.74 1325.62 1448.2 2513.2 
0.025 10 9.41785 0 0 1302.74 1325.62 1448.2 -2513.2 
0.03 10.0084 10 0.309827 6.24908e-13 2645.27 2650.58 58.4052 1.23175e-09 
0.03 10 10.5821 0 0 1322.77 1325.29 1461.61 2516.92 
0.03 10 9.41785 0 0 1322.77 1325.29 1461.61 -2516.92 
0.035 10.01 10 0.313438 7.1276e-13 2672.19 2649.76 44.3193 1.22809e-09 
0.035 10 10.5821 0 0 1336.29 1324.88 1468.4 2519.11 
0.035 10 9.41785 0 0 1336.29 1324.88 1468.4 -2519.11 
0.04 10.0115 10 0.316327 8.00288e-13 2692.14 2648.8 37.4258 1.22266e-09 
0.04 10 10.5821 0 0 1346.33 1324.4 1471.64 2522.6 
0.04 10 9.41785 0 0 1346.33 1324.4 1471.64 -2522.6 
0.045 10.0131 10 0.318876 8.87481e-13 2708.38 2647.69 34.3951 1.21909e-09 
0.045 10 10.5821 0 0 1354.53 1323.85 1472.98 2524.56 
0.045 10 9.41785 0 0 1354.53 1323.85 1472.98 -2524.56 
0.05 10.0147 10 0.32129 9.74322e-13 2722.63 2646.43 33.4525 1.21284e-09 
0.05 10 10.5821 0 0 1361.75 1323.21 1473.28 2527.81 
0.05 10 9.41785 0 0 1361.75 1323.21 1473.28 -2527.81 
0.055 10.0163 10 0.323681 1.0608e-12 2735.82 2645 33.6534 1.20847e-09 
0.055 10 10.5821 0 0 1368.45 1322.5 1473.01 2529.53 
0.055 10 9.41785 0 0 1368.45 1322.5 1473.01 -2529.53 
0.06 10.018 10 0.326113 1.14691e-12 2748.44 2643.42 34.4964 1.20278e-09 
0.06 10 10.5821 0 0 1374.87 1321.71 1472.42 2532.56 
0.06 10 9.41785 0 0 1374.87 1321.71 1472.42 -2532.56 
0.065 10.0196 10 0.328618 1.23263e-12 2760.75 2641.68 35.7164 1.19805e-09 
0.065 10 10.5821 0 0 1381.15 1320.84 1471.64 2534.06 
0.065 10 9.41785 0 0 1381.15 1320.84 1471.64 -2534.06 
0.07 10.0212 10 0.331221 1.31793e-12 2772.88 2639.77 37.1749 1.19202e-09 
0.07 10 10.5821 0 0 1387.36 1319.89 1470.73 2536.85 
0.07 10 9.41785 0 0 1387.36 1319.89 1470.73 -2536.85 
0.075 10.0229 10 0.333933 1.40281e-12 2784.9 2637.7 38.8012 1.1856e-09 
0.075 10 10.5821 0 0 1393.53 1318.85 1469.72 2538.12 
0.075 10 9.41785 0 0 1393.53 1318.85 1469.72 -2538.12 
0.08 10.0246 10 0.336767 1.48725e-12 2796.85 2635.44 40.561 1.18014e-09 
0.08 10 10.5821 0 0 1399.67 1317.72 1468.65 2540.67 
0.08 10 9.41785 0 0 1399.67 1317.72 1468.65 -2540.67 
0.085 10.0263 10 0.33973 1.57124e-12 2808.74 2633.01 42.4399 1.17338e-09 
0.085 10 10.5821 0 0 1405.8 1316.51 1467.5 2541.7 
0.085 10 9.41785 0 0 1405.8 1316.51 1467.5 -2541.7 
0.09 10.028 10 0.342832 1.65474e-12 2820.58 2630.4 44.4345 1.16715e-09 
0.09 10 10.5821 0 0 1411.92 1315.2 1466.28 2544.01 
0.09 10 9.41785 0 0 1411.92 1315.2 1466.28 -2544.01 
0.095 10.0297 10 0.346081 1.73774e-12 2832.36 2627.6 46.5479 1.15553e-09 
0.095 10 10.5821 0 0 1418.02 1313.8 1465 2544.78 
0.095 10 9.41785 0 0 1418.02 1313.8 1465 -2544.78 
0.1 10.0314 10 0.349485 1.82022e-12 2844.07 2624.61 48.787 1.14853e-09 
0.1 10 10.5821 0 0 1424.11 1312.3 1463.64 2546.83 
0.1 10 9.41785 0 0 1424.11 1312.3 1463.64 -2546.83 
0.105 10.0332 10 0.353054 1.90215e-12 2855.71 2621.42 51.1615 1.14115e-09 
0.105 10 10.5821 0 0 1430.18 1310.71 1462.2 2547.33 
0.105 10 9.41785 0 0 1430.18 1310.71 1462.2 -2547.33 
0.11 10.035 10 0.356797 1.98351e-12 2867.27 2618.02 53.6832 1.13249e-09 
0.11 10 10.5821 0 0 1436.22 1309.01 1460.68 2549.1 
0.11 10 9.41785 0 0 1436.22 1309.01 1460.68 -2549.1 
0.115 10.0368 10 0.360727 2.06427e-12 2878.73 2614.42 56.3659 1.13028e-09 
0.115 10 10.5821 0 0 1442.23 1307.21 1459.07 2549.31 
0.115 10 9.41785 0 0 1442.23 1307.21 1459.07 -2549.31 
0.12 10.0386 10 0.364854 2.14443e-12 2890.07 2610.59 59.2255 1.11633e-09 
0.12 10 10.5821 0 0 1448.21 1305.3 1457.35 2550.79 
0.12 10 9.41785 0 0 1448.21 1305.3 1457.35 -2550.79 
0.125 10.0404 10 0.369192 2.22395e-12 2901.29 2606.54 62.28 1.10883e-09 
0.125 10 10.5821 0 0 1454.14 1303.27 1455.52 2550.7 
0.125 10 9.41785 0 0 1454.14 1303.27 1455.52 -2550.7 
0.13 10.0423 10 0.373756 2.30282e-12 2912.36 2602.26 65.5496 1.10007e-09 
0.13 10 10.5821 0 0 1460.01 1301.13 1453.56 2551.85 
0.13 10 9.41785 0 0 1460.01 1301.13 1453.56 -2551.85 
0.135 10.0441 10 0.378562 2.38103e-12 2923.25 2597.73 69.0576 1.09048e-09 
0.135 10 10.5821 0 0 1465.82 1298.87 1451.47 2551.43 
0.135 10 9.41785 0 0 1465.82 1298.87 1451.47 -2551.43 
0.14 10.0461 10 0.383628 2.45855e-12 2933.94 2592.96 72.8301 1.08099e-09 
0.14 10 10.5821 0 0 1471.55 1296.48 1449.23 2552.24 
0.14 10 9.41785 0 0 1471.55 1296.48 1449.23 -2552.24 
0.145 10.048 10 0.388973 2.53537e-12 2944.41 2587.93 76.8973 1.06705e-09 
0.145 10 10.5821 0 0 1477.2 1293.96 1446.82 2551.46 
0.145 10 9.41785 0 0 1477.2 1293.96 1446.82 -2551.46 
0.15 10.0499 10 0.394621 2.61148e-12 2954.61 2582.62 81.2934 1.05685e-09 
0.15 10 10.5821 0 0 1482.73 1291.31 1444.23 2551.89 
0.15 10 9.41785 0 0 1482.73 1291.31 1444.23 -2551.89 
0.155 10.0519 10 0.400595 2.68687e-12 2964.51 2577.03 86.0581 1.05267e-09 
0.155 10 10.5821 0 0 1488.14 1288.52 1441.43 2550.71 
0.155 10 9.41785 0 0 1488.14 1288.52 1441.43 -2550.71 
0.16 10.0539 10 0.406925 2.76155e-12 2974.06 2571.15 91.2369 1.03857e-09 
0.16 10 10.5821 0 0 1493.4 1285.58 1438.4 2550.72 
0.16 10 9.41785 0 0 1493.4 1285.58 1438.4 -2550.72 
0.165 10.056 10 0.41364 2.83551e-12 2983.21 2564.96 96.8828 1.02867e-09 
0.165 10 10.5821 0 0 1498.49 1282.48 1435.1 2549.09 
0.165 10 9.41785 0 0 1498.49 1282.48 1435.1 -2549.09 
0.17 10.0581 10 0.420778 2.90875e-12 2991.9 2558.45 103.057 1.02387e-09 
0.17 10 10.5821 0 0 1503.38 1279.22 1431.52 2548.63 
0.17 10 9.41785 0 0 1503.38 1279.22 1431.52 -2548.63 
0.175 10.0602 10 0.428377 2.98131e-12 3000.05 2551.59 109.833 1.01008e-09 
0.175 10 10.5821 0 0 1508.02 1275.8 1427.6 2546.49 
0.175 10 9.41785 0 0 1508.02 1275.8 1427.6 -2546.49 
0.18 10.0624 10 0.436484 3.05319e-12 3007.57 2544.38 117.294 1.00183e-09 
0.18 10 10.5821 0 0 1512.39 1272.19 1423.3 2545.49 
0.18 10 9.41785 0 0 1512.39 1272.19 1423.3 -2545.49 
0.185 10.0646 10 0.445152 3.12445e-12 3014.38 2536.8 125.542 9.89584e-10 
0.185 10 10.5821 0 0 1516.43 1268.4 1418.57 2542.78 
0.185 10 9.41785 0 0 1516.43 1268.4 1418.57 -2542.78 
0.19 10.0668 10 0.45444 3.19513e-12 3020.33 2528.81 134.696 9.87875e-10 
0.19 10 10.5821 0 0 1520.08 1264.41 1413.34 2541.15 
0.19 10 9.41785 0 0 1520.08 1264.41 1413.34 -2541.15 
0.195 10.0691 10 0.464419 3.26529e-12 3025.3 2520.41 144.899 9.76233e-10 
0.195 10 10.5821 0 0 1523.27 1260.2 1407.54 2537.75 
0.195 10 9.41785 0 0 1523.27 1260.2 1407.54 -2537.75 
0.2 10.0715 10 0.475169 3.335e-12 3029.09 2511.55 156.325 9.77387e-10 
0.2 10 10.5821 0 0 1525.92 1255.78 1401.08 2535.38 
0.2 10 9.41785 0 0 1525.92 1255.78 1401.08 -2535.38 
0.205 10.0739 10 0.486786 3.40437e-12 3031.5 2502.22 169.185 9.74496e-10 
0.205 10 10.5821 0 0 1527.91 1251.11 1393.83 2531.16 
0.205 10 9.41785 0 0 1527.91 1251.11 1393.83 -2531.16 
0.21 10.0763 10 0.499379 3.47352e-12 3032.26 2492.37 183.735 9.67999e-10 
0.21 10 10.5821 0 0 1529.11 1246.19 1385.68 2527.88 
0.21 10 9.41785 0 0 1529.11 1246.19 1385.68 -2527.88 
0.215 10.0789 10 0.513081 3.54259e-12 3031.05 2481.98 200.294 9.69243e-10 
0.215 10 10.5821 0 0 1529.37 1240.99 1376.44 2522.64 
0.215 10 9.41785 0 0 1529.37 1240.99 1376.44 -2522.64 
0.22 10.0815 10 0.52805 3.61179e-12 3027.45 2470.99 219.26 9.73197e-10 
0.22 10 10.5821 0 0 1528.48 1235.49 1365.91 2518.21 
0.22 10 9.41785 0 0 1528.48 1235.49 1365.91 -2518.21 
0.225 10.0842 10 0.544473 3.68133e-12 3020.96 2459.36 241.133 9.7574e-10 
0.225 10 10.5821 0 0 1526.18 1229.68 1353.82 2511.68 
0.225 10 9.41785 0 0 1526.18 1229.68 1353.82 -2511.68 
0.23 10.0869 10 0.562581 3.75147e-12 3010.92 2447.02 266.549 9.87748e-10 
0.23 10 10.5821 0 0 1522.15 1223.51 1339.85 2505.75 
0.23 10 9.41785 0 0 1522.15 1223.51 1339.85 -2505.75 
0.235 10.0898 10 0.582655 3.82259e-12 2996.49 2433.92 296.328 1.00553e-09 
0.235 10 10.5821 0 0 1515.96 1216.96 1323.55 2497.46 
0.235 10 9.41785 0 0 1515.96 1216.96 1323.55 -2497.46 
0.24 10.0927 10 0.605043 3.89508e-12 2976.57 2419.97 331.541 1.02403e-09 
0.24 10 10.5821 0 0 1507.06 1209.99 1304.38 2489.47 
0.24 10 9.41785 0 0 1507.06 1209.99 1304.38 -2489.47 
0.245 10.0958 10 0.630181 3.96944e-12 2949.71 2405.09 373.607 1.05591e-09 
0.245 10 10.5821 0 0 1494.7 1202.55 1281.58 2478.72 
0.245 10 9.41785 0 0 1494.7 1202.55 1281.58 -2478.72 
0.25 10.0991 10 0.658623 4.04635e-12 2913.93 2389.16 424.432 1.09926e-09 
0.25 10 10.5821 0 0 1477.91 1194.58 1254.18 2467.72 
0.25 10 9.41785 0 0 1477.91 1194.58 1254.18 -2467.72 
0.255 10.1024 10 0.691084 4.12658e-12 2866.57 2372.05 486.629 1.14806e-09 
0.255 10 10.5821 0 0 1455.3 1186.02 1220.81 2453.25 
0.255 10 9.41785 0 0 1455.3 1186.02 1220.81 -2453.25 
0.26 10.106 10 0.728498 4.21116e-12 2803.88 2353.59 563.846 1.21898e-09 
0.26 10 10.5821 0 0 1424.98 1176.8 1179.58 2437.54 
0.26 10 9.41785 0 0 1424.98 1176.8 1179.58 -2437.54 
0.265 10.1097 10 0.772113 4.30138e-12 2720.51 2333.59 661.298 1.31185e-09 
0.265 10 10.5821 0 0 1384.2 1166.79 1127.81 2416.96 
0.265 10 9.41785 0 0 1384.2 1166.79 1127.81 -2416.96 
0.27 10.1137 10 0.82363 4.39893e-12 2608.63 2311.78 786.62 1.4328e-09 
0.27 10 10.5821 0 0 1328.96 1155.89 1061.54 2393.14 
0.27 10 9.41785 0 0 1328.96 1155.89 1061.54 -2393.14 
0.275 10.118 10 0.885421 4.50607e-12 2456.45 2287.83 951.332 1.57515e-09 
0.275 10 10.5821 0 0 1253.19 1143.92 974.858 2361.46 
0.275 10 9.41785 0 0 1253.19 1143.92 974.858 -2361.46 
0.28 10.1226 10 0.960892 4.62585e-12 2245.59 2261.32 1173.41 1.78257e-09 
0.28 10 10.5821 0 0 1147.42 1130.66 858.54 2321.92 
0.28 10 9.41785 0 0 1147.42 1130.66 858.54 -2321.92 
0.285 10.1276 10 1.05509 4.76252e-12 1946.25 2231.64 1482 2.05129e-09 
0.285 10 10.5821 0 0 996.235 1115.82 697.649 2267.08 
0.285 10 9.41785 0 0 996.235 1115.82 697.649 -2267.08 
0.29 10.1332 10 1.17582 4.92213e-12 1507.85 2197.97 1926.69 2.43572e-09 
0.29 10 10.5821 0 0 773.402 1098.98 466.855 2191.82 
0.29 10 9.41785 0 0 773.402 1098.98 466.855 -2191.82 
0.295 10.1394 10 1.33564 5.11378e-12 839.496 2159.11 2596.67 2.96778e-09 
0.295 10 10.5821 0 0 431.621 1079.56 120.68 2078.76 
0.295 10 9.41785 0 0 431.621 1079.56 120.68 -2078.76 
0.3 10.1466 10 1.55463 5.30761e-12 0 2113.26 3430.37 2.05767e-10 
0.3 10 10.5821 0 0 0 1056.63 -311.493 1931.37 
0.3 10 9.41785 0 0 0 1056.63 -311.493 -1931.37 
0.305 10.155 10 1.79934 5.32111e-12 0 2058.43 3421.56 1.72726e-10 
0.305 10 10.5821 0 0 0 1029.21 -324.22 1873.99 
0.305 10 9.41785 0 0 0 1029.21 -324.22 -1873.99 
0.31 10.1646 10 2.0434 5.33201e-12 0 1994.01 3411.77 1.32319e-10 
0.31 10 10.5821 0 0 0 997.007 -336.408 1808.39 
0.31 10 9.41785 0 0 0 997.007 -336.408 -1808.39 
0.315 10.1755 10 2.28667 5.33998e-12 0 1919.78 3399.15 9.11851e-11 
0.315 10 10.5821 0 0 0 959.89 -347.127 1731.67 
0.315 10 9.41785 0 0 0 959.89 -347.127 -1731.67 
0.32 10.1875 10 2.52888 5.34468e-12 0 1835.7 3381.77 4.32326e-11 
0.32 10 10.5821 0 0 0 917.849 -355.391 1646.8 
0.32 10 9.41785 0 0 0 917.849 -355.391 -1646.8 
0.325 10.2007 10 2.76962 5.34581e-12 0 1742.02 3357.73 -7.62961e-12 
0.325 10 10.5821 0 0 0 871.012 -360.221 1551.43 
0.325 10 9.41785 0 0 0 871.012 -360.221 -1551.43 
0.33 10.2152 10 3.00835 5.3431e-12 0 1639.36 3325.25 -6.38667e-11 
0.33 10 10.5821 0 0 0 819.679 -360.694 1449.22 
0.33 10 9.41785 0 0 0 819.679 -360.694 -1449.22 
0.335 10.2308 10 3.24442 5.33632e-12 0 1528.68 3282.88 -1.2431e-10 
0.335 10 10.5821 0 0 0 764.34 -356.036 1338.61 
0.335 10 9.41785 0 0 0 764.34 -356.036 -1338.61 
0.34 10.2476 10 3.47708 5.32535e-12 0 1411.38 3229.58 -1.83028e-10 
0.34 10 10.5821 0 0 0 705.689 -345.671 1224.06 
0.34 10 9.41785 0 0 0 705.689 -345.671 -1224.06 
0.345 10.2656 10 3.70552 5.31012e-12 0 1289.21 3164.9 -2.42514e-10 
0.345 10 10.5821 0 0 0 644.606 -329.323 1104.74 
0.345 10 9.41785 0 0 0 644.606 -329.323 -1104.74 
0.35 10.2847 10 3.92894 5.29065e-12 0 1164.26 3089.04 -3.00953e-10 
0.35 10 10.5821 0 0 0 582.13 -307.032 985.743 
0.35 10 9.41785 0 0 0 582.13 -307.032 -985.743 
0.355 10.3049 10 4.14656 5.26706e-12 0 1038.82 3002.93 -3.58133e-10 
0.355 10 10.5821 0 0 0 519.409 -279.21 866.622 
0.355 10 9.41785 0 0 0 519.409 -279.21 -866.622 
0.36 10.3261 10 4.35772 5.23957e-12 0 915.258 2908.14 -4.10788e-10 
0.36 10 10.5821 0 0 0 457.629 -246.597 752.564 
0.36 10 9.41785 0 0 0 457.629 -246.597 -752.564 
0.365 10.3484 10 4.56186 5.20848e-12 0 795.896 2806.83 -4.58958e-10 
0.365 10 10.5821 0 0 0 397.948 -210.233 642.931 
0.365 10 9.41785 0 0 0 397.948 -210.233 -642.931 
0.37 10.3717 10 4.7586 5.17413e-12 0 682.83 2701.53 -5.02011e-10 
0.37 10 10.5821 0 0 0 341.415 -171.353 542.401 
0.37 10 9.41785 0 0 0 341.415 -171.353 -542.401 
0.375 10.396 10 4.94776 5.13692e-12 0 577.821 2594.94 -5.39264e-10 
0.375 10 10.5821 0 0 0 288.911 -131.301 449.574 
0.375 10 9.41785 0 0 0 288.911 -131.301 -449.574 
0.38 10.4212 10 5.12934 5.09727e-12 0 482.194 2489.71 -5.70207e-10 
0.38 10 10.5821 0 0 0 241.097 -91.3954 368.191 
0.38 10 9.41785 0 0 0 241.097 -91.3954 -368.191 
0.385 10.4473 10 5.30352 5.05561e-12 0 396.791 2388.22 -5.95354e-10 
0.385 10 10.5821 0 0 0 198.395 -52.8456 295.838 
0.385 10 9.41785 0 0 0 198.395 -52.8456 -295.838 
0.39 10.4742 10 5.47065 5.01234e-12 0 321.969 2292.43 -6.14877e-10 
0.39 10 10.5821 0 0 0 160.984 -16.6507 235.268 
0.39 10 9.41785 0 0 0 160.984 -16.6507 -235.268 
0.395 10.502 10 5.63118 4.96785e-12 0 257.637 2203.79 -6.29794e-10 
0.395 10 10.5821 0 0 0 128.819 16.4304 183.187 
0.395 10 9.41785 0 0 0 128.819 16.4304 -183.187 
0.4 10.5305 10 5.78567 4.92246e-12 0 203.331 2123.19 -6.39982e-10 
0.4 10 10.5821 0 0 0 101.666 45.9193 141.641 
0.4 10 9.41785 0 0 0 101.666 45.9193 -141.641 
0.405 10.5598 10 5.9347 4.87648e-12 0 158.299 2050.99 -6.46789e-10 
0.405 10 10.5821 0 0 0 79.1493 71.585 106.832 
0.405 10 9.41785 0 0 0 79.1493 71.585 -106.832 
0.41 10.5899 10 6.07887 4.83014e-12 0 121.596 1987.11 -6.50263e-10 
0.41 10 10.5821 0 0 0 60.7981 93.4327 80.5005 
0.41 10 9.41785 0 0 0 60.7981 93.4327 -80.5005 
0.415 10.6206 10 6.21876 4.78365e-12 0 92.1797 1931.12 -6.51158e-10 
0.415 10 10.5821 0 0 0 46.0899 111.635 58.7314 
0.415 10 9.41785 0 0 0 46.0899 111.635 -58.7314 
