0 10 10 0 0 0 14854.5 14980 5.28235e-09 
0 10 10.4443 0 0 0 7455.99 980 14054.2 
0 10 9.55567 0 0 0 7455.99 980 -14054.2 
0 10.0008 10 0.199709 3.75778e-13 14922.7 14854.3 81.175 5.23343e-09 
0 10 10.4443 0 0 7461.38 7455.92 8415.43 14067.8 
0 10 9.55567 0 0 7461.38 7455.92 8415.43 -14067.8 
0.005 10.0018 10 0.201476 7.48079e-13 15054.3 14853.8 12.2944 5.18494e-09 
0.005 10 10.4443 0 0 7527.21 7455.64 8449.75 14082.3 
0.005 10 9.55567 0 0 7527.21 7455.64 8449.75 -14082.3 
0.01 10.0028 10 0.20234 1.11684e-12 15118 14852.8 12.097 5.13695e-09 
0.01 10 10.4443 0 0 7559.14 7455.15 8449.79 14100.5 
0.01 10 9.55567 0 0 7559.14 7455.15 8449.79 -14100.5 
0.015 10.0038 10 0.203208 1.48193e-12 15181.6 14851.4 12.217 5.08402e-09 
0.015 10 10.4443 0 0 7591.07 7454.44 8449.66 14114.4 
0.015 10 9.55567 0 0 7591.07 7454.44 8449.66 -14114.4 
0.02 10.0049 10 0.204086 1.84324e-12 15245.4 14849.5 12.3397 5.03344e-09 
0.02 10 10.4443 0 0 7623.18 7453.52 8449.54 14132.1 
0.02 10 9.55567 0 0 7623.18 7453.52 8449.54 -14132.1 
0.025 10.0059 10 0.204971 2.20047e-12 15309.5 14847.2 12.4635 4.97251e-09 
0.025 10 10.4443 0 0 7655.44 7452.37 8449.42 14145.5 
0.025 10 9.55567 0 0 7655.44 7452.37 8449.42 -14145.5 
0.03 10.0069 10 0.205866 2.55335e-12 15373.9 14844.5 12.5884 4.90855e-09 
0.03 10 10.4443 0 0 7687.87 7451 8449.3 14162.7 
0.03 10 9.55567 0 0 7687.87 7451 8449.3 -14162.7 
0.035 10.0079 10 0.20677 2.90154e-12 15438.5 14841.3 12.7146 4.84344e-09 
0.035 10 10.4443 0 0 7720.46 7449.4 8449.17 14175.5 
0.035 10 9.55567 0 0 7720.46 7449.4 8449.17 -14175.5 
0.04 10.009 10 0.207682 3.2446e-12 15503.3 14837.6 12.8419 4.76267e-09 
0.04 10 10.4443 0 0 7753.22 7447.57 8449.04 14192.1 
0.04 10 9.55567 0 0 7753.22 7447.57 8449.04 -14192.1 
0.045 10.01 10 0.208604 3.58209e-12 15568.3 14833.5 12.9704 4.68631e-09 
0.045 10 10.4443 0 0 7786.13 7445.5 8448.91 14204.4 
0.045 10 9.55567 0 0 7786.13 7445.5 8448.91 -14204.4 
0.05 10.0111 10 0.209535 3.91351e-12 15633.5 14828.9 13.1002 4.59626e-09 
0.05 10 10.4443 0 0 7819.2 7443.21 8448.78 14220.5 
0.05 10 9.55567 0 0 7819.2 7443.21 8448.78 -14220.5 
0.055 10.0121 10 0.210476 4.23829e-12 15699 14823.8 13.2313 4.50349e-09 
0.055 10 10.4443 0 0 7852.42 7440.67 8448.65 14232.2 
0.055 10 9.55567 0 0 7852.42 7440.67 8448.65 -14232.2 
0.06 10.0132 10 0.211426 4.55586e-12 15764.7 14818.3 13.3636 4.39355e-09 
0.06 10 10.4443 0 0 7885.81 7437.89 8448.52 14247.6 
0.06 10 9.55567 0 0 7885.81 7437.89 8448.52 -14247.6 
0.065 10.0142 10 0.212385 4.86554e-12 15830.6 14812.2 13.4972 4.28107e-09 
0.065 10 10.4443 0 0 7919.34 7434.87 8448.38 14258.7 
0.065 10 9.55567 0 0 7919.34 7434.87 8448.38 -14258.7 
0.07 10.0153 10 0.213354 5.16669e-12 15896.6 14805.7 13.6322 4.15887e-09 
0.07 10 10.4443 0 0 7953.03 7431.59 8448.25 14273.6 
0.07 10 9.55567 0 0 7953.03 7431.59 8448.25 -14273.6 
0.075 10.0164 10 0.214332 5.45857e-12 15962.9 14798.6 13.7685 4.01978e-09 
0.075 10 10.4443 0 0 7986.86 7428.07 8448.11 14284.1 
0.075 10 9.55567 0 0 7986.86 7428.07 8448.11 -14284.1 
0.08 10.0174 10 0.215321 5.74052e-12 16029.4 14791.1 13.9062 3.87844e-09 
0.08 10 10.4443 0 0 8020.85 7424.3 8447.97 14298.3 
0.08 10 9.55567 0 0 8020.85 7424.3 8447.97 -14298.3 
0.085 10.0185 10 0.216319 6.01179e-12 16096 14783 14.0454 3.71314e-09 
0.085 10 10.4443 0 0 8054.98 7420.27 8447.83 14308.2 
0.085 10 9.55567 0 0 8054.98 7420.27 8447.83 -14308.2 
0.09 10.0196 10 0.217327 6.27157e-12 16162.8 14774.4 14.1859 3.55307e-09 
0.09 10 10.4443 0 0 8089.26 7415.98 8447.69 14321.8 
0.09 10 9.55567 0 0 8089.26 7415.98 8447.69 -14321.8 
0.095 10.0207 10 0.218346 6.51913e-12 16229.8 14765.3 14.3279 3.38563e-09 
0.095 10 10.4443 0 0 8123.68 7411.42 8447.55 14331 
0.095 10 9.55567 0 0 8123.68 7411.42 8447.55 -14331 
0.1 10.0218 10 0.219374 6.75366e-12 16296.9 14755.7 14.4714 3.18544e-09 
0.1 10 10.4443 0 0 8158.24 7406.6 8447.41 14343.9 
0.1 10 9.55567 0 0 8158.24 7406.6 8447.41 -14343.9 
0.105 10.0229 10 0.220413 6.97445e-12 16364.2 14745.5 14.6164 2.9981e-09 
0.105 10 10.4443 0 0 8192.94 7401.51 8447.26 14352.5 
0.105 10 9.55567 0 0 8192.94 7401.51 8447.26 -14352.5 
0.11 10.024 10 0.221462 7.18075e-12 16431.6 14734.8 14.763 2.77822e-09 
0.11 10 10.4443 0 0 8227.78 7396.15 8447.12 14364.8 
0.11 10 9.55567 0 0 8227.78 7396.15 8447.12 -14364.8 
0.115 10.0251 10 0.222522 7.37182e-12 16499.2 14723.5 14.9112 2.55866e-09 
0.115 10 10.4443 0 0 8262.75 7390.52 8446.97 14372.7 
0.115 10 9.55567 0 0 8262.75 7390.52 8446.97 -14372.7 
0.12 10.0262 10 0.223592 7.54701e-12 16566.9 14711.7 15.0609 2.33768e-09 
0.12 10 10.4443 0 0 8297.86 7384.6 8446.82 14384.3 
0.12 10 9.55567 0 0 8297.86 7384.6 8446.82 -14384.3 
0.125 10.0273 10 0.224674 7.70572e-12 16634.7 14699.3 15.2123 2.10263e-09 
0.125 10 10.4443 0 0 8333.09 7378.41 8446.66 14391.5 
0.125 10 9.55567 0 0 8333.09 7378.41 8446.66 -14391.5 
0.13 10.0285 10 0.225766 7.84732e-12 16702.7 14686.3 15.3654 1.86453e-09 
0.13 10 10.4443 0 0 8368.45 7371.93 8446.51 14402.4 
0.13 10 9.55567 0 0 8368.45 7371.93 8446.51 -14402.4 
0.135 10.0296 10 0.226869 7.97132e-12 16770.7 14672.8 15.5202 1.6107e-09 
0.135 10 10.4443 0 0 8403.94 7365.16 8446.36 14408.9 
0.135 10 9.55567 0 0 8403.94 7365.16 8446.36 -14408.9 
0.14 10.0307 10 0.227983 8.07729e-12 16838.9 14658.7 15.6767 1.35939e-09 
0.14 10 10.4443 0 0 8439.55 7358.1 8446.2 14419.1 
0.14 10 9.55567 0 0 8439.55 7358.1 8446.2 -14419.1 
0.145 10.0319 10 0.229108 8.16477e-12 16907.1 14644 15.8351 1.09976e-09 
0.145 10 10.4443 0 0 8475.27 7350.75 8446.04 14424.8 
0.145 10 9.55567 0 0 8475.27 7350.75 8446.04 -14424.8 
0.15 10.033 10 0.230245 8.23359e-12 16975.4 14628.7 15.9952 8.35461e-10 
0.15 10 10.4443 0 0 8511.12 7343.1 8445.89 14434.3 
0.15 10 9.55567 0 0 8511.12 7343.1 8445.89 -14434.3 
0.155 10.0342 10 0.231393 8.28352e-12 17043.8 14612.8 16.1572 5.59257e-10 
0.155 10 10.4443 0 0 8547.08 7335.15 8445.72 14439.3 
0.155 10 9.55567 0 0 8547.08 7335.15 8445.72 -14439.3 
0.16 10.0353 10 0.232553 8.31447e-12 17112.3 14596.3 16.3211 3.0754e-10 
0.16 10 10.4443 0 0 8583.15 7326.89 8445.56 14448 
0.16 10 9.55567 0 0 8583.15 7326.89 8445.56 -14448 
0.165 10.0365 10 0.233725 8.32646e-12 17180.8 14579.1 16.487 4.75623e-11 
0.165 10 10.4443 0 0 8619.32 7318.33 8445.39 14452.2 
0.165 10 9.55567 0 0 8619.32 7318.33 8445.39 -14452.2 
0.17 10.0377 10 0.234909 8.3196e-12 17249.3 14561.4 16.6548 -2.27967e-10 
0.17 10 10.4443 0 0 8655.61 7309.45 8445.23 14460.2 
0.17 10 9.55567 0 0 8655.61 7309.45 8445.23 -14460.2 
0.175 10.0388 10 0.236104 8.29416e-12 17317.9 14543 16.8247 -4.84524e-10 
0.175 10 10.4443 0 0 8691.99 7300.27 8445.06 14463.6 
0.175 10 9.55567 0 0 8691.99 7300.27 8445.06 -14463.6 
0.18 10.04 10 0.237312 8.25048e-12 17386.5 14524 16.9967 -7.38525e-10 
0.18 10 10.4443 0 0 8728.47 7290.76 8444.89 14470.8 
0.18 10 9.55567 0 0 8728.47 7290.76 8444.89 -14470.8 
0.185 10.0412 10 0.238532 8.189e-12 17455.1 14504.4 17.1708 -9.79122e-10 
0.185 10 10.4443 0 0 8765.05 7280.93 8444.72 14473.5 
0.185 10 9.55567 0 0 8765.05 7280.93 8444.72 -14473.5 
0.19 10.0424 10 0.239765 8.11029e-12 17523.8 14484.1 17.3471 -1.2264e-09 
0.19 10 10.4443 0 0 8801.72 7270.78 8444.54 14479.8 
0.19 10 9.55567 0 0 8801.72 7270.78 8444.54 -14479.8 
0.195 10.0436 10 0.241011 8.01504e-12 17592.4 14463.1 17.5256 -1.44044e-09 
0.195 10 10.4443 0 0 8838.48 7260.31 8444.36 14481.6 
0.195 10 9.55567 0 0 8838.48 7260.31 8444.36 -14481.6 
0.2 10.0448 10 0.242269 7.90407e-12 17661 14441.5 17.7064 -1.65228e-09 
0.2 10 10.4443 0 0 8875.32 7249.5 8444.19 14487.1 
0.2 10 9.55567 0 0 8875.32 7249.5 8444.19 -14487.1 
0.205 10.046 10 0.24354 7.77818e-12 17729.5 14419.2 17.8895 -1.85294e-09 
0.205 10 10.4443 0 0 8912.24 7238.35 8444.01 14488.2 
0.205 10 9.55567 0 0 8912.24 7238.35 8444.01 -14488.2 
0.21 10.0473 10 0.244825 7.63843e-12 17798.1 14396.2 18.0751 -2.05165e-09 
0.21 10 10.4443 0 0 8949.24 7226.87 8443.82 14492.8 
0.21 10 9.55567 0 0 8949.24 7226.87 8443.82 -14492.8 
0.215 10.0485 10 0.246122 7.48585e-12 17866.5 14372.6 18.2631 -2.21947e-09 
0.215 10 10.4443 0 0 8986.31 7215.05 8443.64 14493 
0.215 10 9.55567 0 0 8986.31 7215.05 8443.64 -14493 
0.22 10.0497 10 0.247434 7.3215e-12 17934.9 14348.3 18.4536 -2.37472e-09 
0.22 10 10.4443 0 0 9023.45 7202.89 8443.45 14496.8 
0.22 10 9.55567 0 0 9023.45 7202.89 8443.45 -14496.8 
0.225 10.051 10 0.248759 7.14666e-12 18003.3 14323.2 18.6467 -2.52487e-09 
0.225 10 10.4443 0 0 9060.65 7190.37 8443.26 14496.1 
0.225 10 9.55567 0 0 9060.65 7190.37 8443.26 -14496.1 
0.23 10.0522 10 0.250098 6.96251e-12 18071.5 14297.5 18.8425 -2.63006e-09 
0.23 10 10.4443 0 0 9097.91 7177.51 8443.07 14499 
0.23 10 9.55567 0 0 9097.91 7177.51 8443.07 -14499 
0.235 10.0535 10 0.251451 6.77032e-12 18139.6 14271.1 19.041 -2.7414e-09 
0.235 10 10.4443 0 0 9135.23 7164.29 8442.88 14497.4 
0.235 10 9.55567 0 0 9135.23 7164.29 8442.88 -14497.4 
0.24 10.0547 10 0.252818 6.5714e-12 18207.6 14243.9 19.2423 -2.82632e-09 
0.24 10 10.4443 0 0 9172.6 7150.71 8442.68 14499.4 
0.24 10 9.55567 0 0 9172.6 7150.71 8442.68 -14499.4 
0.245 10.056 10 0.2542 6.36699e-12 18275.5 14216 19.4465 -2.89412e-09 
0.245 10 10.4443 0 0 9210.02 7136.78 8442.48 14496.9 
0.245 10 9.55567 0 0 9210.02 7136.78 8442.48 -14496.9 
0.25 10.0573 10 0.255596 6.15843e-12 18343.2 14187.4 19.6536 -2.95041e-09 
0.25 10 10.4443 0 0 9247.48 7122.47 8442.28 14498 
0.25 10 9.55567 0 0 9247.48 7122.47 8442.28 -14498 
0.255 10.0586 10 0.257007 5.947e-12 18410.8 14158.1 19.8638 -2.98447e-09 
0.255 10 10.4443 0 0 9284.98 7107.8 8442.08 14494.5 
0.255 10 9.55567 0 0 9284.98 7107.8 8442.08 -14494.5 
0.26 10.0598 10 0.258434 5.73389e-12 18478.2 14128 20.077 -2.97829e-09 
0.26 10 10.4443 0 0 9322.51 7092.76 8441.87 14494.7 
0.26 10 9.55567 0 0 9322.51 7092.76 8441.87 -14494.7 
0.265 10.0611 10 0.259876 5.52027e-12 18545.4 14097.2 20.2935 -2.99022e-09 
0.265 10 10.4443 0 0 9360.07 7077.34 8441.66 14490.3 
0.265 10 9.55567 0 0 9360.07 7077.34 8441.66 -14490.3 
0.27 10.0624 10 0.261333 5.30729e-12 18612.4 14065.6 20.5133 -2.98223e-09 
0.27 10 10.4443 0 0 9397.65 7061.55 8441.45 14489.5 
0.27 10 9.55567 0 0 9397.65 7061.55 8441.45 -14489.5 
0.275 10.0637 10 0.262806 5.09596e-12 18679.2 14033.2 20.7365 -2.93809e-09 
0.275 10 10.4443 0 0 9435.24 7045.37 8441.23 14484.1 
0.275 10 9.55567 0 0 9435.24 7045.37 8441.23 -14484.1 
0.28 10.0651 10 0.264295 4.8873e-12 18745.8 14000.1 20.9631 -2.90342e-09 
0.28 10 10.4443 0 0 9472.85 7028.81 8441.02 14482.3 
0.28 10 9.55567 0 0 9472.85 7028.81 8441.02 -14482.3 
0.285 10.0664 10 0.265801 4.68219e-12 18812.1 13966.2 21.1934 -2.83105e-09 
0.285 10 10.4443 0 0 9510.47 7011.87 8440.8 14476 
0.285 10 9.55567 0 0 9510.47 7011.87 8440.8 -14476 
0.29 10.0677 10 0.267323 4.48146e-12 18878.1 13931.5 21.4274 -2.77566e-09 
0.29 10 10.4443 0 0 9548.08 6994.53 8440.57 14473.1 
0.29 10 9.55567 0 0 9548.08 6994.53 8440.57 -14473.1 
0.295 10.0691 10 0.268862 4.28576e-12 18943.9 13896.1 21.6651 -2.71006e-09 
0.295 10 10.4443 0 0 9585.69 6976.79 8440.35 14465.8 
0.295 10 9.55567 0 0 9585.69 6976.79 8440.35 -14465.8 
0.3 10.0704 10 0.270418 4.09573e-12 19009.4 13859.8 21.9068 -2.62343e-09 
0.3 10 10.4443 0 0 9623.29 6958.66 8440.12 14462 
0.3 10 9.55567 0 0 9623.29 6958.66 8440.12 -14462 
0.305 10.0718 10 0.271992 3.9119e-12 19074.5 13822.7 22.1526 -2.53039e-09 
0.305 10 10.4443 0 0 9660.88 6940.13 8439.88 14453.6 
0.305 10 9.55567 0 0 9660.88 6940.13 8439.88 -14453.6 
0.31 10.0731 10 0.273583 3.73465e-12 19139.4 13784.9 22.4026 -2.43281e-09 
0.31 10 10.4443 0 0 9698.44 6921.19 8439.65 14448.7 
0.31 10 9.55567 0 0 9698.44 6921.19 8439.65 -14448.7 
0.315 10.0745 10 0.275192 3.56433e-12 19203.8 13746.2 22.6568 -2.33985e-09 
0.315 10 10.4443 0 0 9735.97 6901.85 8439.41 14439.3 
0.315 10 9.55567 0 0 9735.97 6901.85 8439.41 -14439.3 
0.32 10.0759 10 0.27682 3.40118e-12 19268 13706.7 22.9155 -2.22606e-09 
0.32 10 10.4443 0 0 9773.47 6882.09 8439.16 14433.4 
0.32 10 9.55567 0 0 9773.47 6882.09 8439.16 -14433.4 
0.325 10.0773 10 0.278466 3.2453e-12 19331.7 13666.3 23.1789 -2.13147e-09 
0.325 10 10.4443 0 0 9810.92 6861.92 8438.92 14422.9 
0.325 10 9.55567 0 0 9810.92 6861.92 8438.92 -14422.9 
0.33 10.0787 10 0.280131 3.09683e-12 19395 13625.2 23.4469 -2.02519e-09 
0.33 10 10.4443 0 0 9848.33 6841.34 8438.67 14415.9 
0.33 10 9.55567 0 0 9848.33 6841.34 8438.67 -14415.9 
0.335 10.0801 10 0.281816 2.95567e-12 19457.9 13583.2 23.7199 -1.92176e-09 
0.335 10 10.4443 0 0 9885.69 6820.33 8438.41 14404.3 
0.335 10 9.55567 0 0 9885.69 6820.33 8438.41 -14404.3 
0.34 10.0815 10 0.28352 2.82178e-12 19520.4 13540.3 23.998 -1.83025e-09 
0.34 10 10.4443 0 0 9922.98 6798.9 8438.15 14396.3 
0.34 10 9.55567 0 0 9922.98 6798.9 8438.15 -14396.3 
0.345 10.0829 10 0.285244 2.69505e-12 19582.4 13496.6 24.2813 -1.7252e-09 
0.345 10 10.4443 0 0 9960.21 6777.05 8437.89 14383.6 
0.345 10 9.55567 0 0 9960.21 6777.05 8437.89 -14383.6 
0.35 10.0843 10 0.286989 2.5753e-12 19644 13452 24.57 -1.62294e-09 
0.35 10 10.4443 0 0 9997.36 6754.77 8437.63 14374.4 
0.35 10 9.55567 0 0 9997.36 6754.77 8437.63 -14374.4 
0.355 10.0858 10 0.288754 2.46225e-12 19705 13406.6 24.8643 -1.53071e-09 
0.355 10 10.4443 0 0 10034.4 6732.05 8437.35 14360.6 
0.355 10 9.55567 0 0 10034.4 6732.05 8437.35 -14360.6 
0.36 10.0872 10 0.290541 2.35574e-12 19765.6 13360.3 25.1645 -1.4485e-09 
0.36 10 10.4443 0 0 10071.4 6708.9 8437.08 14350.3 
0.36 10 9.55567 0 0 10071.4 6708.9 8437.08 -14350.3 
0.365 10.0887 10 0.292349 2.25539e-12 19825.6 13313.1 25.4707 -1.36896e-09 
0.365 10 10.4443 0 0 10108.3 6685.32 8436.8 14335.3 
0.365 10 9.55567 0 0 10108.3 6685.32 8436.8 -14335.3 
0.37 10.0902 10 0.29418 2.16098e-12 19885 13265.1 25.7831 -1.27389e-09 
0.37 10 10.4443 0 0 10145.1 6661.29 8436.52 14323.8 
0.37 10 9.55567 0 0 10145.1 6661.29 8436.52 -14323.8 
0.375 10.0916 10 0.296033 2.07215e-12 19943.9 13216.1 26.1021 -1.20325e-09 
0.375 10 10.4443 0 0 10181.8 6636.82 8436.22 14307.8 
0.375 10 9.55567 0 0 10181.8 6636.82 8436.22 -14307.8 
0.38 10.0931 10 0.297909 1.98861e-12 20002.2 13166.3 26.4277 -1.14062e-09 
0.38 10 10.4443 0 0 10218.3 6611.9 8435.93 14295.1 
0.38 10 9.55567 0 0 10218.3 6611.9 8435.93 -14295.1 
0.385 10.0946 10 0.299808 1.91001e-12 20059.8 13115.6 26.7602 -1.06777e-09 
0.385 10 10.4443 0 0 10254.7 6586.54 8435.63 14277.8 
0.385 10 9.55567 0 0 10254.7 6586.54 8435.63 -14277.8 
0.39 10.0961 10 0.301732 1.83608e-12 20116.8 13063.9 27.1 -1.00285e-09 
0.39 10 10.4443 0 0 10291 6560.72 8435.33 14264 
0.39 10 9.55567 0 0 10291 6560.72 8435.33 -14264 
0.395 10.0976 10 0.30368 1.76647e-12 20173.2 13011.4 27.4473 -9.51265e-10 
0.395 10 10.4443 0 0 10327.2 6534.45 8435.02 14245.6 
0.395 10 9.55567 0 0 10327.2 6534.45 8435.02 -14245.6 
0.4 10.0991 10 0.305653 1.70089e-12 20228.9 12957.9 27.8024 -8.91151e-10 
0.4 10 10.4443 0 0 10363.2 6507.73 8434.7 14230.5 
0.4 10 9.55567 0 0 10363.2 6507.73 8434.7 -14230.5 
0.405 10.1007 10 0.307652 1.63907e-12 20283.9 12903.6 28.1656 -8.37021e-10 
0.405 10 10.4443 0 0 10399 6480.54 8434.38 14210.9 
0.405 10 9.55567 0 0 10399 6480.54 8434.38 -14210.9 
0.41 10.1022 10 0.309677 1.58073e-12 20338.1 12848.3 28.5372 -7.97929e-10 
0.41 10 10.4443 0 0 10434.7 6452.9 8434.05 14194.7 
0.41 10 9.55567 0 0 10434.7 6452.9 8434.05 -14194.7 
0.415 10.1038 10 0.311729 1.5256e-12 20391.7 12792.1 28.9175 -7.33823e-10 
0.415 10 10.4443 0 0 10470.2 6424.79 8433.72 14173.8 
0.415 10 9.55567 0 0 10470.2 6424.79 8433.72 -14173.8 
0.42 10.1053 10 0.313808 1.47349e-12 20444.4 12734.9 29.307 -7.13793e-10 
0.42 10 10.4443 0 0 10505.5 6396.21 8433.38 14156.3 
0.42 10 9.55567 0 0 10505.5 6396.21 8433.38 -14156.3 
0.425 10.1069 10 0.315916 1.42415e-12 20496.4 12676.8 29.7059 -6.72326e-10 
0.425 10 10.4443 0 0 10540.7 6367.17 8433.03 14134.2 
0.425 10 9.55567 0 0 10540.7 6367.17 8433.03 -14134.2 
0.43 10.1085 10 0.318052 1.37733e-12 20547.5 12617.8 30.1147 -6.34847e-10 
0.43 10 10.4443 0 0 10575.6 6337.66 8432.68 14115.5 
0.43 10 9.55567 0 0 10575.6 6337.66 8432.68 -14115.5 
0.435 10.1101 10 0.320218 1.3329e-12 20597.8 12557.8 30.5337 -6.0498e-10 
0.435 10 10.4443 0 0 10610.3 6307.67 8432.32 14092.1 
0.435 10 9.55567 0 0 10610.3 6307.67 8432.32 -14092.1 
0.44 10.1117 10 0.322414 1.29064e-12 20647.2 12496.9 30.9635 -5.77235e-10 
0.44 10 10.4443 0 0 10644.8 6277.21 8431.95 14072.1 
0.44 10 9.55567 0 0 10644.8 6277.21 8431.95 -14072.1 
0.445 10.1133 10 0.324642 1.25044e-12 20695.8 12435 31.4044 -5.53417e-10 
0.445 10 10.4443 0 0 10679.1 6246.27 8431.57 14047.5 
0.445 10 9.55567 0 0 10679.1 6246.27 8431.57 -14047.5 
0.45 10.1149 10 0.326901 1.21213e-12 20743.4 12372.2 31.857 -5.22588e-10 
0.45 10 10.4443 0 0 10713.2 6214.86 8431.19 14026.2 
0.45 10 9.55567 0 0 10713.2 6214.86 8431.19 -14026.2 
0.455 10.1166 10 0.329193 1.17561e-12 20790.1 12308.4 32.3217 -4.92008e-10 
0.455 10 10.4443 0 0 10747 6182.96 8430.79 14000.3 
0.455 10 9.55567 0 0 10747 6182.96 8430.79 -14000.3 
0.46 10.1182 10 0.331519 1.14071e-12 20835.9 12243.7 32.7992 -4.7257e-10 
0.46 10 10.4443 0 0 10780.5 6150.58 8430.39 13977.8 
0.46 10 9.55567 0 0 10780.5 6150.58 8430.39 -13977.8 
0.465 10.1199 10 0.333879 1.1073e-12 20880.7 12177.9 33.2898 -4.62436e-10 
0.465 10 10.4443 0 0 10813.8 6117.72 8429.98 13950.6 
0.465 10 9.55567 0 0 10813.8 6117.72 8429.98 -13950.6 
0.47 10.1216 10 0.336275 1.07537e-12 20924.4 12111.2 33.7944 -4.325e-10 
0.47 10 10.4443 0 0 10846.8 6084.37 8429.56 13926.8 
0.47 10 9.55567 0 0 10846.8 6084.37 8429.56 -13926.8 
0.475 10.1233 10 0.338707 1.0448e-12 20967.1 12043.6 34.3135 -4.26401e-10 
0.475 10 10.4443 0 0 10879.5 6050.54 8429.13 13898.2 
0.475 10 9.55567 0 0 10879.5 6050.54 8429.13 -13898.2 
0.48 10.125 10 0.341177 1.01547e-12 21008.8 11974.9 34.8477 -4.11381e-10 
0.48 10 10.4443 0 0 10912 6016.22 8428.69 13873.1 
0.48 10 9.55567 0 0 10912 6016.22 8428.69 -13873.1 
0.485 10.1267 10 0.343686 9.87327e-13 21049.4 11905.3 35.3978 -3.87431e-10 
0.485 10 10.4443 0 0 10944.1 5981.41 8428.24 13843.3 
0.485 10 9.55567 0 0 10944.1 5981.41 8428.24 -13843.3 
0.49 10.1284 10 0.346234 9.60312e-13 21088.9 11834.7 35.9645 -3.69097e-10 
0.49 10 10.4443 0 0 10975.9 5946.1 8427.78 13816.8 
0.49 10 9.55567 0 0 10975.9 5946.1 8427.78 -13816.8 
0.495 10.1301 10 0.348824 9.34328e-13 21127.3 11763.1 36.5487 -3.49088e-10 
0.495 10 10.4443 0 0 11007.4 5910.31 8427.31 13785.7 
0.495 10 9.55567 0 0 11007.4 5910.31 8427.31 -13785.7 
0.5 10.1319 10 0.351456 9.09386e-13 21164.4 11690.5 37.1511 -3.40139e-10 
0.5 10 10.4443 0 0 11038.6 5874.02 8426.82 13757.9 
0.5 10 9.55567 0 0 11038.6 5874.02 8426.82 -13757.9 
0.505 10.1337 10 0.354132 8.85359e-13 21200.5 11617 37.7727 -3.33137e-10 
0.505 10 10.4443 0 0 11069.4 5837.23 8426.32 13725.4 
0.505 10 9.55567 0 0 11069.4 5837.23 8426.32 -13725.4 
0.51 10.1354 10 0.356852 8.6226e-13 21235.3 11542.4 38.4145 -3.1717e-10 
0.51 10 10.4443 0 0 11099.9 5799.95 8425.81 13696.3 
0.51 10 9.55567 0 0 11099.9 5799.95 8425.81 -13696.3 
0.515 10.1372 10 0.35962 8.40025e-13 21268.8 11466.8 39.0773 -3.086e-10 
0.515 10 10.4443 0 0 11130 5762.18 8425.29 13662.4 
0.515 10 9.55567 0 0 11130 5762.18 8425.29 -13662.4 
0.52 10.139 10 0.362435 8.18557e-13 21301.1 11390.3 39.7624 -2.85586e-10 
0.52 10 10.4443 0 0 11159.8 5723.9 8424.75 13632 
0.52 10 9.55567 0 0 11159.8 5723.9 8424.75 -13632 
0.525 10.1408 10 0.365301 7.97893e-13 21332.1 11312.7 40.4709 -2.89969e-10 
0.525 10 10.4443 0 0 11189.1 5685.13 8424.19 13596.8 
0.525 10 9.55567 0 0 11189.1 5685.13 8424.19 -13596.8 
0.53 10.1427 10 0.368217 7.77975e-13 21361.8 11234.2 41.2039 -2.76266e-10 
0.53 10 10.4443 0 0 11218.1 5645.85 8423.62 13565 
0.53 10 9.55567 0 0 11218.1 5645.85 8423.62 -13565 
0.535 10.1445 10 0.371188 7.58728e-13 21390.1 11154.6 41.9628 -2.69934e-10 
0.535 10 10.4443 0 0 11246.7 5606.08 8423.03 13528.5 
0.535 10 9.55567 0 0 11246.7 5606.08 8423.03 -13528.5 
0.54 10.1464 10 0.374213 7.40173e-13 21417.1 11074.1 42.749 -2.61879e-10 
0.54 10 10.4443 0 0 11274.8 5565.81 8422.43 13495.3 
0.54 10 9.55567 0 0 11274.8 5565.81 8422.43 -13495.3 
0.545 10.1483 10 0.377295 7.22284e-13 21442.7 10992.6 43.5639 -2.4846e-10 
0.545 10 10.4443 0 0 11302.5 5525.03 8421.81 13457.4 
0.545 10 9.55567 0 0 11302.5 5525.03 8421.81 -13457.4 
0.55 10.1502 10 0.380437 7.05013e-13 21466.8 10910 44.4092 -2.40585e-10 
0.55 10 10.4443 0 0 11329.8 5483.75 8421.17 13422.8 
0.55 10 9.55567 0 0 11329.8 5483.75 8421.17 -13422.8 
0.555 10.1521 10 0.38364 6.88288e-13 21489.5 10826.4 45.2865 -2.30968e-10 
0.555 10 10.4443 0 0 11356.7 5441.97 8420.5 13383.6 
0.555 10 9.55567 0 0 11356.7 5441.97 8420.5 -13383.6 
0.56 10.154 10 0.386907 6.72165e-13 21510.8 10741.9 46.1977 -2.17797e-10 
0.56 10 10.4443 0 0 11383.1 5399.69 8419.82 13347.7 
0.56 10 9.55567 0 0 11383.1 5399.69 8419.82 -13347.7 
0.565 10.1559 10 0.390241 6.56545e-13 21530.5 10656.3 47.1446 -2.19248e-10 
0.565 10 10.4443 0 0 11409 5356.91 8419.11 13307 
0.565 10 9.55567 0 0 11409 5356.91 8419.11 -13307 
0.57 10.1579 10 0.393643 6.41499e-13 21548.6 10569.7 48.1294 -2.06227e-10 
0.57 10 10.4443 0 0 11434.5 5313.62 8418.38 13269.8 
0.57 10 9.55567 0 0 11434.5 5313.62 8418.38 -13269.8 
0.575 10.1599 10 0.397117 6.26968e-13 21565.2 10482.1 49.1544 -1.98736e-10 
0.575 10 10.4443 0 0 11459.4 5269.83 8417.62 13227.8 
0.575 10 9.55567 0 0 11459.4 5269.83 8417.62 -13227.8 
0.58 10.1619 10 0.400666 6.12911e-13 21580.2 10393.6 50.2219 -1.96768e-10 
0.58 10 10.4443 0 0 11483.9 5225.53 8416.84 13189.1 
0.58 10 9.55567 0 0 11483.9 5225.53 8416.84 -13189.1 
0.585 10.1639 10 0.404293 5.99323e-13 21593.6 10304 51.3345 -1.91228e-10 
0.585 10 10.4443 0 0 11507.8 5180.73 8416.03 13145.8 
0.585 10 9.55567 0 0 11507.8 5180.73 8416.03 -13145.8 
0.59 10.1659 10 0.408001 5.86166e-13 21605.3 10213.4 52.495 -1.87566e-10 
0.59 10 10.4443 0 0 11531.3 5135.43 8415.19 13105.7 
0.59 10 9.55567 0 0 11531.3 5135.43 8415.19 -13105.7 
0.595 10.168 10 0.411793 5.73452e-13 21615.4 10121.7 53.7064 -1.73053e-10 
0.595 10 10.4443 0 0 11554.2 5089.62 8414.32 13061 
0.595 10 9.55567 0 0 11554.2 5089.62 8414.32 -13061 
0.6 10.17 10 0.415674 5.61163e-13 21623.7 10029.1 54.972 -1.71333e-10 
0.6 10 10.4443 0 0 11576.5 5043.31 8413.42 13019.6 
0.6 10 9.55567 0 0 11576.5 5043.31 8413.42 -13019.6 
0.605 10.1721 10 0.419648 5.49293e-13 21630.3 9935.49 56.2953 -1.69671e-10 
0.605 10 10.4443 0 0 11598.3 4996.5 8412.48 12973.5 
0.605 10 9.55567 0 0 11598.3 4996.5 8412.48 -12973.5 
0.61 10.1742 10 0.423718 5.37812e-13 21635.1 9840.85 57.68 -1.49874e-10 
0.61 10 10.4443 0 0 11619.5 4949.18 8411.5 12930.7 
0.61 10 9.55567 0 0 11619.5 4949.18 8411.5 -12930.7 
0.615 10.1764 10 0.427889 5.26725e-13 21638.1 9745.21 59.1304 -1.50141e-10 
0.615 10 10.4443 0 0 11640.1 4901.36 8410.48 12883.2 
0.615 10 9.55567 0 0 11640.1 4901.36 8410.48 -12883.2 
0.62 10.1785 10 0.432167 5.15983e-13 21639.2 9648.56 60.6509 -1.44999e-10 
0.62 10 10.4443 0 0 11660.2 4853.03 8409.42 12839.1 
0.62 10 9.55567 0 0 11660.2 4853.03 8409.42 -12839.1 
0.625 10.1807 10 0.436556 5.05639e-13 21638.5 9550.9 62.2463 -1.43551e-10 
0.625 10 10.4443 0 0 11679.6 4804.2 8408.32 12790.2 
0.625 10 9.55567 0 0 11679.6 4804.2 8408.32 -12790.2 
0.63 10.1829 10 0.441061 4.95626e-13 21635.9 9452.23 63.922 -1.4033e-10 
0.63 10 10.4443 0 0 11698.4 4754.87 8407.17 12744.7 
0.63 10 9.55567 0 0 11698.4 4754.87 8407.17 -12744.7 
0.635 10.1851 10 0.445689 4.85962e-13 21631.4 9352.55 65.6837 -1.48072e-10 
0.635 10 10.4443 0 0 11716.6 4705.03 8405.96 12694.5 
0.635 10 9.55567 0 0 11716.6 4705.03 8405.96 -12694.5 
0.64 10.1873 10 0.450447 4.76647e-13 21624.8 9251.86 67.5377 -1.22211e-10 
0.64 10 10.4443 0 0 11734.2 4654.69 8404.7 12647.6 
0.64 10 9.55567 0 0 11734.2 4654.69 8404.7 -12647.6 
0.645 10.1896 10 0.45534 4.67649e-13 21616.3 9150.17 69.491 -1.26408e-10 
0.645 10 10.4443 0 0 11751 4603.84 8403.38 12596 
0.645 10 9.55567 0 0 11751 4603.84 8403.38 -12596 
0.65 10.1919 10 0.460377 4.58947e-13 21605.7 9047.46 71.5512 -1.2519e-10 
0.65 10 10.4443 0 0 11767.2 4552.49 8402 12547.8 
0.65 10 9.55567 0 0 11767.2 4552.49 8402 -12547.8 
0.655 10.1942 10 0.465564 4.50578e-13 21593.1 8943.74 73.7264 -1.18561e-10 
0.655 10 10.4443 0 0 11782.8 4500.63 8400.55 12494.8 
0.655 10 9.55567 0 0 11782.8 4500.63 8400.55 -12494.8 
0.66 10.1965 10 0.470912 4.42528e-13 21578.3 8839.01 76.0259 -1.08339e-10 
0.66 10 10.4443 0 0 11797.6 4448.26 8399.02 12445.2 
0.66 10 9.55567 0 0 11797.6 4448.26 8399.02 -12445.2 
0.665 10.1989 10 0.476428 4.34749e-13 21561.4 8733.26 78.4598 -1.02703e-10 
0.665 10 10.4443 0 0 11811.7 4395.39 8397.42 12390.8 
0.665 10 9.55567 0 0 11811.7 4395.39 8397.42 -12390.8 
0.67 10.2013 10 0.482124 4.27287e-13 21542.3 8626.5 81.0391 -1.00748e-10 
0.67 10 10.4443 0 0 11825.1 4342 8395.73 12339.9 
0.67 10 9.55567 0 0 11825.1 4342 8395.73 -12339.9 
0.675 10.2037 10 0.488009 4.20099e-13 21520.9 8518.71 83.7762 -1.00652e-10 
0.675 10 10.4443 0 0 11837.7 4288.11 8393.95 12284.2 
0.675 10 9.55567 0 0 11837.7 4288.11 8393.95 -12284.2 
0.68 10.2062 10 0.494096 4.13214e-13 21497.2 8409.9 86.6848 -8.78641e-11 
0.68 10 10.4443 0 0 11849.6 4233.71 8392.07 12231.8 
0.68 10 9.55567 0 0 11849.6 4233.71 8392.07 -12231.8 
0.685 10.2087 10 0.500397 4.06623e-13 21471.3 8300.07 89.78 -8.60319e-11 
0.685 10 10.4443 0 0 11860.7 4178.79 8390.08 12174.7 
0.685 10 9.55567 0 0 11860.7 4178.79 8390.08 -12174.7 
0.69 10.2112 10 0.506927 4.00301e-13 21442.9 8189.2 93.0789 -8.96944e-11 
0.69 10 10.4443 0 0 11870.9 4123.36 8387.98 12121 
0.69 10 9.55567 0 0 11870.9 4123.36 8387.98 -12121 
0.695 10.2137 10 0.513699 3.94269e-13 21412.1 8077.3 96.6003 -8.52118e-11 
0.695 10 10.4443 0 0 11880.4 4067.41 8385.74 12062.5 
0.695 10 9.55567 0 0 11880.4 4067.41 8385.74 -12062.5 
0.7 10.2163 10 0.520732 3.88508e-13 21378.7 7964.36 100.365 -7.98577e-11 
0.7 10 10.4443 0 0 11889 4010.93 8383.37 12007.4 
0.7 10 9.55567 0 0 11889 4010.93 8383.37 -12007.4 
0.705 10.219 10 0.528044 3.83016e-13 21342.9 7850.36 104.398 -6.72654e-11 
0.705 10 10.4443 0 0 11896.8 3953.94 8380.84 11947.5 
0.705 10 9.55567 0 0 11896.8 3953.94 8380.84 -11947.5 
0.71 10.2216 10 0.535653 3.77842e-13 21304.4 7735.31 108.726 -6.92695e-11 
0.71 10 10.4443 0 0 11903.6 3896.41 8378.14 11891 
0.71 10 9.55567 0 0 11903.6 3896.41 8378.14 -11891 
0.715 10.2243 10 0.543584 3.72959e-13 21263.2 7619.19 113.378 -6.40383e-11 
0.715 10 10.4443 0 0 11909.6 3838.35 8375.26 11829.7 
0.715 10 9.55567 0 0 11909.6 3838.35 8375.26 -11829.7 
0.72 10.2271 10 0.551859 3.68353e-13 21219.3 7502 118.389 -5.79365e-11 
0.72 10 10.4443 0 0 11914.6 3779.75 8372.18 11771.7 
0.72 10 9.55567 0 0 11914.6 3779.75 8372.18 -11771.7 
0.725 10.2298 10 0.560506 3.64039e-13 21172.5 7383.71 123.8 -6.7337e-11 
0.725 10 10.4443 0 0 11918.6 3720.61 8368.86 11708.9 
0.725 10 9.55567 0 0 11918.6 3720.61 8368.86 -11708.9 
0.73 10.2327 10 0.569555 3.60037e-13 21122.7 7264.31 129.654 -5.49531e-11 
0.73 10 10.4443 0 0 11921.6 3660.91 8365.3 11649.5 
0.73 10 9.55567 0 0 11921.6 3660.91 8365.3 -11649.5 
0.735 10.2355 10 0.57904 3.56295e-13 21069.9 7143.8 136.003 -5.62483e-11 
0.735 10 10.4443 0 0 11923.5 3600.65 8361.46 11585.2 
0.735 10 9.55567 0 0 11923.5 3600.65 8361.46 -11585.2 
0.74 10.2384 10 0.588997 3.5291e-13 21014 7022.14 142.907 -3.94034e-11 
0.74 10 10.4443 0 0 11924.4 3539.82 8357.32 11524.2 
0.74 10 9.55567 0 0 11924.4 3539.82 8357.32 -11524.2 
0.745 10.2414 10 0.59947 3.49884e-13 20954.8 6899.32 150.434 -4.26177e-11 
0.745 10 10.4443 0 0 11924 3478.41 8352.82 11458.4 
0.745 10 9.55567 0 0 11924 3478.41 8352.82 -11458.4 
0.75 10.2444 10 0.610505 3.47154e-13 20892.1 6775.31 158.664 -2.58645e-11 
0.75 10 10.4443 0 0 11922.5 3416.41 8347.93 11395.7 
0.75 10 9.55567 0 0 11922.5 3416.41 8347.93 -11395.7 
0.755 10.2475 10 0.622155 3.44807e-13 20825.9 6650.09 167.69 -2.64454e-11 
0.755 10 10.4443 0 0 11919.7 3353.8 8342.6 11328.2 
0.755 10 9.55567 0 0 11919.7 3353.8 8342.6 -11328.2 
0.76 10.2507 10 0.634482 3.42863e-13 20756 6523.61 177.623 -2.16256e-11 
0.76 10 10.4443 0 0 11915.5 3290.56 8336.78 11263.8 
0.76 10 9.55567 0 0 11915.5 3290.56 8336.78 -11263.8 
0.765 10.2539 10 0.647554 3.41312e-13 20682 6395.85 188.59 -2.41371e-11 
0.765 10 10.4443 0 0 11909.9 3226.68 8330.37 11194.4 
0.765 10 9.55567 0 0 11909.9 3226.68 8330.37 -11194.4 
0.77 10.2571 10 0.661452 3.40164e-13 20603.9 6266.76 200.748 -1.94288e-11 
0.77 10 10.4443 0 0 11902.8 3162.14 8323.33 11128 
0.77 10 9.55567 0 0 11902.8 3162.14 8323.33 -11128 
0.775 10.2605 10 0.676265 3.39537e-13 20521.3 6136.3 214.278 -2.06051e-12 
0.775 10 10.4443 0 0 11893.9 3096.91 8315.52 11056.5 
0.775 10 9.55567 0 0 11893.9 3096.91 8315.52 -11056.5 
0.78 10.2639 10 0.692101 3.39378e-13 20433.9 6004.4 229.404 -1.29523e-11 
0.78 10 10.4443 0 0 11883.2 3030.96 8306.85 10987.9 
0.78 10 9.55567 0 0 11883.2 3030.96 8306.85 -10987.9 
0.785 10.2674 10 0.709081 3.39817e-13 20341.3 5871.01 246.394 7.90494e-12 
0.785 10 10.4443 0 0 11870.5 2964.26 8297.17 10914 
0.785 10 9.55567 0 0 11870.5 2964.26 8297.17 -10914 
0.79 10.271 10 0.727352 3.40887e-13 20243.1 5736.04 265.578 3.04926e-11 
0.79 10 10.4443 0 0 11855.6 2896.78 8286.3 10842.7 
0.79 10 9.55567 0 0 11855.6 2896.78 8286.3 -10842.7 
0.795 10.2747 10 0.747083 3.42567e-13 20138.6 5599.42 287.362 3.93526e-11 
0.795 10 10.4443 0 0 11838.1 2828.47 8274.02 10765.7 
0.795 10 9.55567 0 0 11838.1 2828.47 8274.02 -10765.7 
0.8 10.2785 10 0.768477 3.45085e-13 20027.3 5461.05 312.254 4.71856e-11 
0.8 10 10.4443 0 0 11817.8 2759.28 8260.08 10691.1 
0.8 10 9.55567 0 0 11817.8 2759.28 8260.08 -10691.1 
0.805 10.2824 10 0.79178 3.48484e-13 19908.3 5320.8 340.892 6.12617e-11 
0.805 10 10.4443 0 0 11794.2 2689.15 8244.13 10610.3 
0.805 10 9.55567 0 0 11794.2 2689.15 8244.13 -10610.3 
0.81 10.2864 10 0.817285 3.52842e-13 19780.5 5178.54 374.092 7.24752e-11 
0.81 10 10.4443 0 0 11766.7 2618.03 8225.75 10531.2 
0.81 10 9.55567 0 0 11766.7 2618.03 8225.75 -10531.2 
0.815 10.2906 10 0.845355 3.58403e-13 19642.7 5034.12 412.904 9.26152e-11 
0.815 10 10.4443 0 0 11734.8 2545.82 8204.37 10445.2 
0.815 10 9.55567 0 0 11734.8 2545.82 8204.37 -10445.2 
0.82 10.2949 10 0.876437 3.65301e-13 19493.1 4887.34 458.704 1.13023e-10 
0.82 10 10.4443 0 0 11697.3 2472.43 8179.3 10359.8 
0.82 10 9.55567 0 0 11697.3 2472.43 8179.3 -10359.8 
0.825 10.2993 10 0.911093 3.73929e-13 19329.6 4737.98 513.324 1.24093e-10 
0.825 10 10.4443 0 0 11653.2 2397.75 8149.56 10266.1 
0.825 10 9.55567 0 0 11653.2 2397.75 8149.56 -10266.1 
0.83 10.304 10 0.950037 3.84489e-13 19149.3 4585.77 579.238 1.52628e-10 
0.83 10 10.4443 0 0 11600.8 2321.64 8113.88 10171.2 
0.83 10 9.55567 0 0 11600.8 2321.64 8113.88 -10171.2 
0.835 10.3088 10 0.994191 3.97511e-13 18948.1 4430.37 659.865 1.92642e-10 
0.835 10 10.4443 0 0 11537.7 2243.94 8070.48 10065.5 
0.835 10 9.55567 0 0 11537.7 2243.94 8070.48 -10065.5 
0.84 10.3139 10 1.04477 4.13514e-13 18720.6 4271.39 760.025 2.44063e-10 
0.84 10 10.4443 0 0 11460.8 2164.45 8016.86 9954.93 
0.84 10 9.55567 0 0 11460.8 2164.45 8016.86 -9954.93 
0.845 10.3193 10 1.10339 4.33287e-13 18458.9 4108.31 886.69 3.09052e-10 
0.845 10 10.4443 0 0 11365.3 2082.91 7949.42 9828.39 
0.845 10 9.55567 0 0 11365.3 2082.91 7949.42 -9828.39 
0.85 10.325 10 1.17231 4.58106e-13 18151.7 3940.49 1050.24 3.98347e-10 
0.85 10 10.4443 0 0 11244.2 1999 7862.82 9689.35 
0.85 10 9.55567 0 0 11244.2 1999 7862.82 -9689.35 
0.855 10.331 10 1.25468 4.8949e-13 17781.3 3767.11 1266.66 5.14463e-10 
0.855 10 10.4443 0 0 11086.9 1912.31 7748.85 9522.63 
0.855 10 9.55567 0 0 11086.9 1912.31 7748.85 -9522.63 
0.86 10.3376 10 1.35512 5.30017e-13 17320.4 3587.09 1561.51 6.30662e-10 
0.86 10 10.4443 0 0 10875.9 1822.3 7594.39 9324.8 
0.86 10 9.55567 0 0 10875.9 1822.3 7594.39 -9324.8 
0.865 10.3446 10 1.48062 5.8337e-13 16723.3 3398.98 1977.65 8.60119e-10 
0.865 10 10.4443 0 0 10582 1728.25 7377.54 9068.36 
0.865 10 9.55567 0 0 10582 1728.25 7377.54 -9068.36 
0.87 10.3524 10 1.64228 6.55682e-13 15910.1 3200.76 2590.98 1.18697e-09 
0.87 10 10.4443 0 0 10153.5 1629.13 7059.56 8726.52 
0.87 10 9.55567 0 0 10153.5 1629.13 7059.56 -8726.52 
0.875 10.3611 10 1.85877 7.57657e-13 14730.7 2989.51 3545.33 1.70884e-09 
0.875 10 10.4443 0 0 9491.35 1523.51 6567.24 8224.24 
0.875 10 9.55567 0 0 9491.35 1523.51 6567.24 -8224.24 
0.88 10.3712 10 2.16367 9.08715e-13 12878.4 2760.87 5137.19 2.61448e-09 
0.88 10 10.4443 0 0 8390.11 1409.19 5749.97 7429.03 
0.88 10 9.55567 0 0 8390.11 1409.19 5749.97 -7429.03 
0.885 10.383 10 2.62329 1.14916e-12 9654.05 2507.9 8047.48 4.3182e-09 
0.885 10 10.4443 0 0 6373.02 1282.71 4262.67 6002.68 
0.885 10 9.55567 0 0 6373.02 1282.71 4262.67 -6002.68 
0.89 10.3979 10 3.38516 1.57254e-12 3216.15 2218.81 14081 8.08247e-09 
0.89 10 10.4443 0 0 2158.57 1138.16 1192.58 3051.61 
0.89 10 9.55567 0 0 2158.57 1138.16 1192.58 -3051.61 
0.895 10.4177 10 4.56612 1.77099e-12 0 1876.56 16763.7 6.53833e-11 
0.895 10 10.4443 0 0 0 967.037 -231.396 1340.8 
0.895 10 9.55567 0 0 0 967.037 -231.396 -1340.8 
0.9 10.4435 10 5.74262 1.77277e-12 0 1499.49 16172.9 -1.43345e-11 
0.9 10 10.4443 0 0 0 778.499 -18.3637 1054.45 
0.9 10 9.55567 0 0 0 778.499 -18.3637 -1054.45 
0.905 10.4751 10 6.8763 1.76907e-12 0 1129.29 15572.1 -8.63497e-11 
0.905 10 10.4443 0 0 0 593.401 202.683 779.219 
0.905 10 9.55567 0 0 0 593.401 202.683 -779.219 
0.91 10.5122 10 7.96799 1.76076e-12 0 799.887 15003.5 -1.43679e-10 
0.91 10 10.4443 0 0 0 428.699 410.544 548.215 
0.91 10 9.55567 0 0 0 428.699 410.544 -548.215 
0.915 10.5547 10 9.02122 1.74898e-12 0 531.909 14499.7 -1.83354e-10 
0.915 10 10.4443 0 0 0 294.71 588.742 365.603 
0.915 10 9.55567 0 0 0 294.71 588.742 -365.603 
0.92 10.6023 10 10.0413 1.73485e-12 0 331.625 14077.4 -2.09287e-10 
0.92 10 10.4443 0 0 0 194.568 728.48 239.741 
0.92 10 9.55567 0 0 0 194.568 728.48 -239.741 
