0 10 10 0 0 0 15915.5 16050 -3.99632e-09 
0 10 10.4388 0 0 0 7990.76 1050 15062.2 
0 10 9.56119 0 0 0 7990.76 1050 -15062.2 
0 10.0009 10 0.206865 -2.84137e-13 16005.4 15915.3 74.1959 -3.96022e-09 
0 10 10.4388 0 0 8002.74 7990.67 9023.42 15077.6 
0 10 9.56119 0 0 8002.74 7990.67 9023.42 -15077.6 
0.005 10.0019 10 0.208571 -5.6566e-13 16136.9 15914.7 13.226 -3.92262e-09 
0.005 10 10.4388 0 0 8068.54 7990.35 9053.79 15094 
0.005 10 9.56119 0 0 8068.54 7990.35 9053.79 -15094 
0.01 10.0029 10 0.209507 -8.44505e-13 16208.3 15913.5 13.1284 -3.8854e-09 
0.01 10 10.4388 0 0 8104.34 7989.78 9053.77 15114.3 
0.01 10 9.56119 0 0 8104.34 7989.78 9053.77 -15114.3 
0.015 10.004 10 0.21045 -1.12059e-12 16279.8 15911.9 13.2635 -3.84493e-09 
0.015 10 10.4388 0 0 8140.23 7988.96 9053.63 15130.1 
0.015 10 9.56119 0 0 8140.23 7988.96 9053.63 -15130.1 
0.02 10.005 10 0.211402 -1.39373e-12 16351.5 15909.7 13.4008 -3.80851e-09 
0.02 10 10.4388 0 0 8176.31 7987.88 9053.5 15149.7 
0.02 10 9.56119 0 0 8176.31 7987.88 9053.5 -15149.7 
0.025 10.0061 10 0.212364 -1.66371e-12 16423.6 15907.1 13.5393 -3.75798e-09 
0.025 10 10.4388 0 0 8212.59 7986.54 9053.36 15164.9 
0.025 10 9.56119 0 0 8212.59 7986.54 9053.36 -15164.9 
0.03 10.0072 10 0.213336 -1.93029e-12 16495.9 15903.9 13.6792 -3.70793e-09 
0.03 10 10.4388 0 0 8249.06 7984.94 9053.23 15183.9 
0.03 10 9.56119 0 0 8249.06 7984.94 9053.23 -15183.9 
0.035 10.0082 10 0.214318 -2.19315e-12 16568.5 15900.1 13.8205 -3.65657e-09 
0.035 10 10.4388 0 0 8285.71 7983.08 9053.09 15198.5 
0.035 10 9.56119 0 0 8285.71 7983.08 9053.09 -15198.5 
0.04 10.0093 10 0.21531 -2.45197e-12 16641.4 15895.9 13.9631 -3.59851e-09 
0.04 10 10.4388 0 0 8322.56 7980.95 9052.95 15216.8 
0.04 10 9.56119 0 0 8322.56 7980.95 9052.95 -15216.8 
0.045 10.0104 10 0.216313 -2.70632e-12 16714.5 15891.1 14.1071 -3.53016e-09 
0.045 10 10.4388 0 0 8359.59 7978.54 9052.8 15230.7 
0.045 10 9.56119 0 0 8359.59 7978.54 9052.8 -15230.7 
0.05 10.0115 10 0.217326 -2.95578e-12 16787.9 15885.7 14.2526 -3.45522e-09 
0.05 10 10.4388 0 0 8396.81 7975.86 9052.66 15248.5 
0.05 10 9.56119 0 0 8396.81 7975.86 9052.66 -15248.5 
0.055 10.0126 10 0.218349 -3.19988e-12 16861.5 15879.8 14.3994 -3.3792e-09 
0.055 10 10.4388 0 0 8434.21 7972.9 9052.51 15261.7 
0.055 10 9.56119 0 0 8434.21 7972.9 9052.51 -15261.7 
0.06 10.0137 10 0.219383 -3.43806e-12 16935.4 15873.3 14.5478 -3.29311e-09 
0.06 10 10.4388 0 0 8471.79 7969.66 9052.37 15278.7 
0.06 10 9.56119 0 0 8471.79 7969.66 9052.37 -15278.7 
0.065 10.0148 10 0.220427 -3.66979e-12 17009.5 15866.2 14.6976 -3.197e-09 
0.065 10 10.4388 0 0 8509.56 7966.13 9052.22 15291.2 
0.065 10 9.56119 0 0 8509.56 7966.13 9052.22 -15291.2 
0.07 10.0159 10 0.221483 -3.89452e-12 17083.8 15858.6 14.849 -3.10005e-09 
0.07 10 10.4388 0 0 8547.5 7962.31 9052.07 15307.6 
0.07 10 9.56119 0 0 8547.5 7962.31 9052.07 -15307.6 
0.075 10.017 10 0.222549 -4.11166e-12 17158.4 15850.4 15.0019 -2.98962e-09 
0.075 10 10.4388 0 0 8585.62 7958.2 9051.92 15319.4 
0.075 10 9.56119 0 0 8585.62 7958.2 9051.92 -15319.4 
0.08 10.0181 10 0.223626 -4.32056e-12 17233.2 15841.6 15.1564 -2.85487e-09 
0.08 10 10.4388 0 0 8623.91 7953.79 9051.77 15335 
0.08 10 9.56119 0 0 8623.91 7953.79 9051.77 -15335 
0.085 10.0192 10 0.224714 -4.52057e-12 17308.2 15832.1 15.3125 -2.73773e-09 
0.085 10 10.4388 0 0 8662.37 7949.08 9051.61 15346.1 
0.085 10 9.56119 0 0 8662.37 7949.08 9051.61 -15346.1 
0.09 10.0203 10 0.225813 -4.71109e-12 17383.3 15822.1 15.4702 -2.60556e-09 
0.09 10 10.4388 0 0 8701 7944.07 9051.46 15360.9 
0.09 10 9.56119 0 0 8701 7944.07 9051.46 -15360.9 
0.095 10.0215 10 0.226924 -4.89149e-12 17458.7 15811.5 15.6297 -2.44388e-09 
0.095 10 10.4388 0 0 8739.8 7938.75 9051.3 15371.3 
0.095 10 9.56119 0 0 8739.8 7938.75 9051.3 -15371.3 
0.1 10.0226 10 0.228046 -5.06112e-12 17534.3 15800.2 15.7908 -2.30735e-09 
0.1 10 10.4388 0 0 8778.76 7933.11 9051.14 15385.4 
0.1 10 9.56119 0 0 8778.76 7933.11 9051.14 -15385.4 
0.105 10.0237 10 0.22918 -5.21936e-12 17610 15788.3 15.9536 -2.1415e-09 
0.105 10 10.4388 0 0 8817.88 7927.16 9050.98 15395 
0.105 10 9.56119 0 0 8817.88 7927.16 9050.98 -15395 
0.11 10.0249 10 0.230325 -5.36558e-12 17685.9 15775.8 16.1183 -1.95368e-09 
0.11 10 10.4388 0 0 8857.16 7920.89 9050.82 15408.3 
0.11 10 9.56119 0 0 8857.16 7920.89 9050.82 -15408.3 
0.115 10.026 10 0.231483 -5.4992e-12 17761.9 15762.6 16.2847 -1.77308e-09 
0.115 10 10.4388 0 0 8896.6 7914.3 9050.65 15417.1 
0.115 10 9.56119 0 0 8896.6 7914.3 9050.65 -15417.1 
0.12 10.0272 10 0.232652 -5.61973e-12 17838.1 15748.7 16.453 -1.59431e-09 
0.12 10 10.4388 0 0 8936.19 7907.38 9050.49 15429.6 
0.12 10 9.56119 0 0 8936.19 7907.38 9050.49 -15429.6 
0.125 10.0284 10 0.233833 -5.72672e-12 17914.4 15734.2 16.6232 -1.39561e-09 
0.125 10 10.4388 0 0 8975.93 7900.13 9050.32 15437.6 
0.125 10 9.56119 0 0 8975.93 7900.13 9050.32 -15437.6 
0.13 10.0295 10 0.235027 -5.81971e-12 17990.9 15719.1 16.7953 -1.20615e-09 
0.13 10 10.4388 0 0 9015.81 7892.54 9050.15 15449.3 
0.13 10 9.56119 0 0 9015.81 7892.54 9050.15 -15449.3 
0.135 10.0307 10 0.236232 -5.89828e-12 18067.5 15703.2 16.9694 -9.93241e-10 
0.135 10 10.4388 0 0 9055.84 7884.61 9049.98 15456.4 
0.135 10 9.56119 0 0 9055.84 7884.61 9049.98 -15456.4 
0.14 10.0319 10 0.237451 -5.96216e-12 18144.1 15686.7 17.1454 -7.91482e-10 
0.14 10 10.4388 0 0 9096.01 7876.34 9049.81 15467.3 
0.14 10 9.56119 0 0 9096.01 7876.34 9049.81 -15467.3 
0.145 10.0331 10 0.238682 -6.01114e-12 18220.9 15669.4 17.3236 -5.69982e-10 
0.145 10 10.4388 0 0 9136.32 7867.73 9049.63 15473.6 
0.145 10 9.56119 0 0 9136.32 7867.73 9049.63 -15473.6 
0.15 10.0343 10 0.239926 -6.04508e-12 18297.7 15651.5 17.5038 -3.68777e-10 
0.15 10 10.4388 0 0 9176.76 7858.76 9049.45 15483.6 
0.15 10 9.56119 0 0 9176.76 7858.76 9049.45 -15483.6 
0.155 10.0355 10 0.241182 -6.06391e-12 18374.6 15632.9 17.6861 -1.62413e-10 
0.155 10 10.4388 0 0 9217.33 7849.44 9049.27 15489 
0.155 10 9.56119 0 0 9217.33 7849.44 9049.27 -15489 
0.16 10.0367 10 0.242452 -6.06769e-12 18451.6 15613.5 17.8707 5.45792e-11 
0.16 10 10.4388 0 0 9258.03 7839.76 9049.09 15498.1 
0.16 10 9.56119 0 0 9258.03 7839.76 9049.09 -15498.1 
0.165 10.0379 10 0.243735 -6.05651e-12 18528.6 15593.4 18.0575 2.65838e-10 
0.165 10 10.4388 0 0 9298.85 7829.72 9048.91 15502.6 
0.165 10 9.56119 0 0 9298.85 7829.72 9048.91 -15502.6 
0.17 10.0391 10 0.245032 -6.03061e-12 18605.7 15572.6 18.2466 4.53207e-10 
0.17 10 10.4388 0 0 9339.78 7819.31 9048.72 15510.9 
0.17 10 9.56119 0 0 9339.78 7819.31 9048.72 -15510.9 
0.175 10.0404 10 0.246342 -5.99033e-12 18682.8 15551 18.438 6.65849e-10 
0.175 10 10.4388 0 0 9380.83 7808.52 9048.54 15514.4 
0.175 10 9.56119 0 0 9380.83 7808.52 9048.54 -15514.4 
0.18 10.0416 10 0.247666 -5.93615e-12 18759.8 15528.7 18.6318 8.47441e-10 
0.18 10 10.4388 0 0 9421.99 7797.37 9048.35 15521.7 
0.18 10 9.56119 0 0 9421.99 7797.37 9048.35 -15521.7 
0.185 10.0428 10 0.249004 -5.86853e-12 18836.9 15505.6 18.8281 1.03806e-09 
0.185 10 10.4388 0 0 9463.26 7785.83 9048.15 15524.4 
0.185 10 9.56119 0 0 9463.26 7785.83 9048.15 -15524.4 
0.19 10.0441 10 0.250356 -5.78809e-12 18914 15481.8 19.0269 1.2087e-09 
0.19 10 10.4388 0 0 9504.63 7773.91 9047.96 15530.7 
0.19 10 9.56119 0 0 9504.63 7773.91 9047.96 -15530.7 
0.195 10.0454 10 0.251722 -5.69553e-12 18991 15457.2 19.2283 1.37765e-09 
0.195 10 10.4388 0 0 9546.09 7761.61 9047.76 15532.4 
0.195 10 9.56119 0 0 9546.09 7761.61 9047.76 -15532.4 
0.2 10.0466 10 0.253103 -5.59169e-12 19068 15431.8 19.4323 1.53046e-09 
0.2 10 10.4388 0 0 9587.64 7748.91 9047.57 15537.8 
0.2 10 9.56119 0 0 9587.64 7748.91 9047.57 -15537.8 
0.205 10.0479 10 0.254498 -5.47734e-12 19144.9 15405.6 19.6391 1.66361e-09 
0.205 10 10.4388 0 0 9629.29 7735.82 9047.36 15538.5 
0.205 10 9.56119 0 0 9629.29 7735.82 9047.36 -15538.5 
0.21 10.0492 10 0.255908 -5.35348e-12 19221.8 15378.6 19.8486 1.79179e-09 
0.21 10 10.4388 0 0 9671.01 7722.33 9047.16 15542.8 
0.21 10 9.56119 0 0 9671.01 7722.33 9047.16 -15542.8 
0.215 10.0504 10 0.257334 -5.22111e-12 19298.5 15350.9 20.0609 1.91332e-09 
0.215 10 10.4388 0 0 9712.81 7708.43 9046.95 15542.5 
0.215 10 9.56119 0 0 9712.81 7708.43 9046.95 -15542.5 
0.22 10.0517 10 0.258774 -5.08118e-12 19375.2 15322.2 20.2762 2.0156e-09 
0.22 10 10.4388 0 0 9754.68 7694.13 9046.75 15545.9 
0.22 10 9.56119 0 0 9754.68 7694.13 9046.75 -15545.9 
0.225 10.053 10 0.26023 -4.93473e-12 19451.7 15292.8 20.4946 2.09514e-09 
0.225 10 10.4388 0 0 9796.62 7679.42 9046.53 15544.5 
0.225 10 9.56119 0 0 9796.62 7679.42 9046.53 -15544.5 
0.23 10.0543 10 0.261702 -4.78287e-12 19528.1 15262.6 20.7159 2.15756e-09 
0.23 10 10.4388 0 0 9838.62 7664.29 9046.32 15546.8 
0.23 10 9.56119 0 0 9838.62 7664.29 9046.32 -15546.8 
0.235 10.0556 10 0.26319 -4.6267e-12 19604.3 15231.5 20.9405 2.21209e-09 
0.235 10 10.4388 0 0 9880.68 7648.74 9046.1 15544.5 
0.235 10 9.56119 0 0 9880.68 7648.74 9046.1 -15544.5 
0.24 10.057 10 0.264694 -4.46727e-12 19680.4 15199.5 21.1683 2.24434e-09 
0.24 10 10.4388 0 0 9922.78 7632.77 9045.89 15545.7 
0.24 10 9.56119 0 0 9922.78 7632.77 9045.89 -15545.7 
0.245 10.0583 10 0.266214 -4.30564e-12 19756.3 15166.7 21.3995 2.2872e-09 
0.245 10 10.4388 0 0 9964.93 7616.37 9045.66 15542.2 
0.245 10 9.56119 0 0 9964.93 7616.37 9045.66 -15542.2 
0.25 10.0596 10 0.267751 -4.14279e-12 19832 15133 21.6341 2.27531e-09 
0.25 10 10.4388 0 0 10007.1 7599.53 9045.44 15542.4 
0.25 10 9.56119 0 0 10007.1 7599.53 9045.44 -15542.4 
0.255 10.061 10 0.269305 -3.97972e-12 19907.4 15098.5 21.8723 2.28704e-09 
0.255 10 10.4388 0 0 10049.3 7582.27 9045.21 15537.8 
0.255 10 9.56119 0 0 10049.3 7582.27 9045.21 -15537.8 
0.26 10.0623 10 0.270876 -3.81737e-12 19982.6 15063.1 22.1141 2.26431e-09 
0.26 10 10.4388 0 0 10091.6 7564.56 9044.98 15536.8 
0.26 10 9.56119 0 0 10091.6 7564.56 9044.98 -15536.8 
0.265 10.0637 10 0.272464 -3.65663e-12 20057.6 15026.8 22.3597 2.23817e-09 
0.265 10 10.4388 0 0 10133.8 7546.4 9044.75 15531.1 
0.265 10 9.56119 0 0 10133.8 7546.4 9044.75 -15531.1 
0.27 10.065 10 0.27407 -3.49822e-12 20132.2 14989.6 22.6091 2.21236e-09 
0.27 10 10.4388 0 0 10176.1 7527.81 9044.51 15529 
0.27 10 9.56119 0 0 10176.1 7527.81 9044.51 -15529 
0.275 10.0664 10 0.275694 -3.34295e-12 20206.6 14951.5 22.8626 2.14332e-09 
0.275 10 10.4388 0 0 10218.4 7508.75 9044.27 15522.2 
0.275 10 9.56119 0 0 10218.4 7508.75 9044.27 -15522.2 
0.28 10.0678 10 0.277336 -3.19136e-12 20280.7 14912.5 23.1201 2.08936e-09 
0.28 10 10.4388 0 0 10260.7 7489.25 9044.03 15518.9 
0.28 10 9.56119 0 0 10260.7 7489.25 9044.03 -15518.9 
0.285 10.0692 10 0.278997 -3.04409e-12 20354.4 14872.5 23.3819 2.03418e-09 
0.285 10 10.4388 0 0 10302.9 7469.28 9043.78 15510.9 
0.285 10 9.56119 0 0 10302.9 7469.28 9043.78 -15510.9 
0.29 10.0706 10 0.280676 -2.90155e-12 20427.7 14831.7 23.648 1.96147e-09 
0.29 10 10.4388 0 0 10345.2 7448.85 9043.53 15506.5 
0.29 10 9.56119 0 0 10345.2 7448.85 9043.53 -15506.5 
0.295 10.072 10 0.282375 -2.76415e-12 20500.7 14789.9 23.9186 1.88949e-09 
0.295 10 10.4388 0 0 10387.4 7427.95 9043.27 15497.3 
0.295 10 9.56119 0 0 10387.4 7427.95 9043.27 -15497.3 
0.3 10.0734 10 0.284094 -2.63218e-12 20573.3 14747.1 24.1939 1.81644e-09 
0.3 10 10.4388 0 0 10429.6 7406.58 9043.02 15491.6 
0.3 10 9.56119 0 0 10429.6 7406.58 9043.02 -15491.6 
0.305 10.0748 10 0.285832 -2.50589e-12 20645.5 14703.5 24.4741 1.73327e-09 
0.305 10 10.4388 0 0 10471.8 7384.74 9042.75 15481.2 
0.305 10 9.56119 0 0 10471.8 7384.74 9042.75 -15481.2 
0.31 10.0763 10 0.28759 -2.38536e-12 20717.2 14658.8 24.7591 1.64182e-09 
0.31 10 10.4388 0 0 10513.9 7362.42 9042.49 15474.3 
0.31 10 9.56119 0 0 10513.9 7362.42 9042.49 -15474.3 
0.315 10.0777 10 0.289369 -2.27076e-12 20788.4 14613.2 25.0493 1.56393e-09 
0.315 10 10.4388 0 0 10556 7339.62 9042.22 15462.6 
0.315 10 9.56119 0 0 10556 7339.62 9042.22 -15462.6 
0.32 10.0792 10 0.291169 -2.16204e-12 20859.2 14566.6 25.3449 1.49414e-09 
0.32 10 10.4388 0 0 10598 7316.33 9041.95 15454.5 
0.32 10 9.56119 0 0 10598 7316.33 9041.95 -15454.5 
0.325 10.0806 10 0.29299 -2.05917e-12 20929.5 14519.1 25.6459 1.38879e-09 
0.325 10 10.4388 0 0 10639.9 7292.55 9041.67 15441.6 
0.325 10 9.56119 0 0 10639.9 7292.55 9041.67 -15441.6 
0.33 10.0821 10 0.294832 -1.96203e-12 20999.2 14470.5 25.9525 1.3188e-09 
0.33 10 10.4388 0 0 10681.8 7268.28 9041.39 15432.2 
0.33 10 9.56119 0 0 10681.8 7268.28 9041.39 -15432.2 
0.335 10.0836 10 0.296697 -1.87048e-12 21068.4 14421 26.2651 1.24959e-09 
0.335 10 10.4388 0 0 10723.6 7243.51 9041.1 15418 
0.335 10 9.56119 0 0 10723.6 7243.51 9041.1 -15418 
0.34 10.0851 10 0.298585 -1.7843e-12 21137 14370.5 26.5838 1.17386e-09 
0.34 10 10.4388 0 0 10765.2 7218.24 9040.81 15407.3 
0.34 10 9.56119 0 0 10765.2 7218.24 9040.81 -15407.3 
0.345 10.0866 10 0.300495 -1.70328e-12 21205 14318.9 26.9087 1.0934e-09 
0.345 10 10.4388 0 0 10806.8 7192.47 9040.51 15391.8 
0.345 10 9.56119 0 0 10806.8 7192.47 9040.51 -15391.8 
0.35 10.0881 10 0.302429 -1.62722e-12 21272.3 14266.4 27.2402 1.0209e-09 
0.35 10 10.4388 0 0 10848.3 7166.19 9040.21 15379.8 
0.35 10 9.56119 0 0 10848.3 7166.19 9040.21 -15379.8 
0.355 10.0896 10 0.304387 -1.55586e-12 21339.1 14212.8 27.5785 9.5634e-10 
0.355 10 10.4388 0 0 10889.6 7139.4 9039.9 15363 
0.355 10 9.56119 0 0 10889.6 7139.4 9039.9 -15363 
0.36 10.0911 10 0.306369 -1.48893e-12 21405.1 14158.2 27.9238 9.06951e-10 
0.36 10 10.4388 0 0 10930.8 7112.1 9039.59 15349.6 
0.36 10 9.56119 0 0 10930.8 7112.1 9039.59 -15349.6 
0.365 10.0927 10 0.308376 -1.42617e-12 21470.4 14102.6 28.2764 8.45414e-10 
0.365 10 10.4388 0 0 10971.9 7084.29 9039.27 15331.4 
0.365 10 9.56119 0 0 10971.9 7084.29 9039.27 -15331.4 
0.37 10.0942 10 0.310409 -1.36728e-12 21535.1 14045.9 28.6366 8.06246e-10 
0.37 10 10.4388 0 0 11012.8 7055.95 9038.95 15316.7 
0.37 10 9.56119 0 0 11012.8 7055.95 9038.95 -15316.7 
0.375 10.0958 10 0.312467 -1.31208e-12 21598.9 13988.2 29.0046 7.49404e-10 
0.375 10 10.4388 0 0 11053.6 7027.09 9038.62 15297.2 
0.375 10 9.56119 0 0 11053.6 7027.09 9038.62 -15297.2 
0.38 10.0973 10 0.314552 -1.26025e-12 21662 13929.4 29.3809 7.03948e-10 
0.38 10 10.4388 0 0 11094.2 6997.71 9038.29 15281.1 
0.38 10 9.56119 0 0 11094.2 6997.71 9038.29 -15281.1 
0.385 10.0989 10 0.316665 -1.21151e-12 21724.3 13869.6 29.7656 6.68022e-10 
0.385 10 10.4388 0 0 11134.6 6967.79 9037.95 15260.2 
0.385 10 9.56119 0 0 11134.6 6967.79 9037.95 -15260.2 
0.39 10.1005 10 0.318805 -1.16573e-12 21785.8 13808.7 30.1592 6.25232e-10 
0.39 10 10.4388 0 0 11174.9 6937.35 9037.6 15242.7 
0.39 10 9.56119 0 0 11174.9 6937.35 9037.6 -15242.7 
0.395 10.1021 10 0.320973 -1.12261e-12 21846.4 13746.7 30.562 5.86453e-10 
0.395 10 10.4388 0 0 11214.9 6906.37 9037.25 15220.4 
0.395 10 9.56119 0 0 11214.9 6906.37 9037.25 -15220.4 
0.4 10.1037 10 0.323171 -1.08196e-12 21906.1 13683.7 30.9744 5.49838e-10 
0.4 10 10.4388 0 0 11254.7 6874.86 9036.89 15201.5 
0.4 10 9.56119 0 0 11254.7 6874.86 9036.89 -15201.5 
0.405 10.1053 10 0.325398 -1.04361e-12 21964.9 13619.6 31.3967 5.19004e-10 
0.405 10 10.4388 0 0 11294.4 6842.81 9036.52 15177.8 
0.405 10 9.56119 0 0 11294.4 6842.81 9036.52 -15177.8 
0.41 10.107 10 0.327656 -1.00729e-12 22022.7 13554.4 31.8295 4.97548e-10 
0.41 10 10.4388 0 0 11333.7 6810.21 9036.15 15157.5 
0.41 10 9.56119 0 0 11333.7 6810.21 9036.15 -15157.5 
0.415 10.1086 10 0.329946 -9.72986e-13 22079.6 13488.1 32.2731 4.78193e-10 
0.415 10 10.4388 0 0 11372.9 6777.07 9035.77 15132.3 
0.415 10 9.56119 0 0 11372.9 6777.07 9035.77 -15132.3 
0.42 10.1103 10 0.332267 -9.40478e-13 22135.5 13420.8 32.7279 4.37261e-10 
0.42 10 10.4388 0 0 11411.8 6743.39 9035.38 15110.5 
0.42 10 9.56119 0 0 11411.8 6743.39 9035.38 -15110.5 
0.425 10.1119 10 0.334621 -9.09567e-13 22190.4 13352.3 33.1946 4.20201e-10 
0.425 10 10.4388 0 0 11450.4 6709.16 9034.98 15083.9 
0.425 10 9.56119 0 0 11450.4 6709.16 9034.98 -15083.9 
0.43 10.1136 10 0.33701 -8.80226e-13 22244.2 13282.7 33.6736 4.01541e-10 
0.43 10 10.4388 0 0 11488.8 6674.37 9034.57 15060.7 
0.43 10 9.56119 0 0 11488.8 6674.37 9034.57 -15060.7 
0.435 10.1153 10 0.339432 -8.52268e-13 22297 13212.1 34.1655 3.77618e-10 
0.435 10 10.4388 0 0 11526.9 6639.04 9034.16 15032.6 
0.435 10 9.56119 0 0 11526.9 6639.04 9034.16 -15032.6 
0.44 10.117 10 0.341891 -8.25649e-13 22348.6 13140.3 34.6708 3.61158e-10 
0.44 10 10.4388 0 0 11564.6 6603.15 9033.73 15007.9 
0.44 10 9.56119 0 0 11564.6 6603.15 9033.73 -15007.9 
0.445 10.1187 10 0.344386 -8.00247e-13 22399.1 13067.4 35.1901 3.55783e-10 
0.445 10 10.4388 0 0 11602.1 6566.7 9033.3 14978.3 
0.445 10 9.56119 0 0 11602.1 6566.7 9033.3 -14978.3 
0.45 10.1204 10 0.346918 -7.76021e-13 22448.4 12993.4 35.7242 3.32382e-10 
0.45 10 10.4388 0 0 11639.3 6529.7 9032.85 14952.1 
0.45 10 9.56119 0 0 11639.3 6529.7 9032.85 -14952.1 
0.455 10.1222 10 0.349489 -7.5285e-13 22496.5 12918.2 36.2736 3.18224e-10 
0.455 10 10.4388 0 0 11676.1 6492.13 9032.4 14921 
0.455 10 9.56119 0 0 11676.1 6492.13 9032.4 -14921 
0.46 10.1239 10 0.3521 -7.30666e-13 22543.4 12842 36.8391 2.98747e-10 
0.46 10 10.4388 0 0 11712.6 6454.01 9031.93 14893.4 
0.46 10 9.56119 0 0 11712.6 6454.01 9031.93 -14893.4 
0.465 10.1257 10 0.354753 -7.09404e-13 22589 12764.6 37.4215 2.90313e-10 
0.465 10 10.4388 0 0 11748.8 6415.32 9031.45 14860.8 
0.465 10 9.56119 0 0 11748.8 6415.32 9031.45 -14860.8 
0.47 10.1275 10 0.357447 -6.89036e-13 22633.4 12686.1 38.0217 2.76548e-10 
0.47 10 10.4388 0 0 11784.6 6376.07 9030.97 14831.6 
0.47 10 9.56119 0 0 11784.6 6376.07 9030.97 -14831.6 
0.475 10.1293 10 0.360185 -6.69511e-13 22676.4 12606.5 38.6403 2.61081e-10 
0.475 10 10.4388 0 0 11820 6336.25 9030.47 14797.5 
0.475 10 9.56119 0 0 11820 6336.25 9030.47 -14797.5 
0.48 10.1311 10 0.362967 -6.50768e-13 22718 12525.7 39.2784 2.58457e-10 
0.48 10 10.4388 0 0 11855 6295.87 9029.95 14766.7 
0.48 10 9.56119 0 0 11855 6295.87 9029.95 -14766.7 
0.485 10.1329 10 0.365796 -6.32725e-13 22758.3 12443.8 39.937 2.3956e-10 
0.485 10 10.4388 0 0 11889.6 6254.92 9029.42 14731.1 
0.485 10 9.56119 0 0 11889.6 6254.92 9029.42 -14731.1 
0.49 10.1347 10 0.368673 -6.15413e-13 22797.2 12360.8 40.6171 2.42593e-10 
0.49 10 10.4388 0 0 11923.9 6213.4 9028.88 14698.9 
0.49 10 9.56119 0 0 11923.9 6213.4 9028.88 -14698.9 
0.495 10.1366 10 0.371599 -5.98781e-13 22834.6 12276.6 41.3197 2.23894e-10 
0.495 10 10.4388 0 0 11957.7 6171.32 9028.33 14661.7 
0.495 10 9.56119 0 0 11957.7 6171.32 9028.33 -14661.7 
0.5 10.1385 10 0.374577 -5.82767e-13 22870.6 12191.3 42.0462 2.21652e-10 
0.5 10 10.4388 0 0 11991 6128.66 9027.76 14627.9 
0.5 10 9.56119 0 0 11991 6128.66 9027.76 -14627.9 
0.505 10.1403 10 0.377606 -5.67348e-13 22905 12104.8 42.7976 2.10398e-10 
0.505 10 10.4388 0 0 12023.9 6085.43 9027.17 14589.2 
0.505 10 9.56119 0 0 12023.9 6085.43 9027.17 -14589.2 
0.51 10.1422 10 0.380691 -5.52494e-13 22937.9 12017.3 43.5753 2.065e-10 
0.51 10 10.4388 0 0 12056.4 6041.64 9026.56 14553.8 
0.51 10 9.56119 0 0 12056.4 6041.64 9026.56 -14553.8 
0.515 10.1441 10 0.383832 -5.38195e-13 22969.2 11928.5 44.3809 2.02679e-10 
0.515 10 10.4388 0 0 12088.4 5997.27 9025.94 14513.6 
0.515 10 9.56119 0 0 12088.4 5997.27 9025.94 -14513.6 
0.52 10.1461 10 0.387032 -5.24388e-13 22999 11838.6 45.2157 1.80737e-10 
0.52 10 10.4388 0 0 12119.9 5952.33 9025.3 14476.7 
0.52 10 9.56119 0 0 12119.9 5952.33 9025.3 -14476.7 
0.525 10.148 10 0.390292 -5.11093e-13 23027 11747.6 46.0814 1.84332e-10 
0.525 10 10.4388 0 0 12150.9 5906.82 9024.64 14434.9 
0.525 10 9.56119 0 0 12150.9 5906.82 9024.64 -14434.9 
0.53 10.15 10 0.393616 -4.98251e-13 23053.5 11655.5 46.9798 1.80715e-10 
0.53 10 10.4388 0 0 12181.4 5860.74 9023.96 14396.4 
0.53 10 9.56119 0 0 12181.4 5860.74 9023.96 -14396.4 
0.535 10.152 10 0.397005 -4.85886e-13 23078.2 11562.2 47.9126 1.80803e-10 
0.535 10 10.4388 0 0 12211.3 5814.09 9023.25 14353.1 
0.535 10 9.56119 0 0 12211.3 5814.09 9023.25 -14353.1 
0.54 10.1539 10 0.400461 -4.73973e-13 23101.2 11467.7 48.882 1.57307e-10 
0.54 10 10.4388 0 0 12240.8 5766.86 9022.53 14313.1 
0.54 10 9.56119 0 0 12240.8 5766.86 9022.53 -14313.1 
0.545 10.156 10 0.403989 -4.62451e-13 23122.4 11372.1 49.89 1.57513e-10 
0.545 10 10.4388 0 0 12269.7 5719.07 9021.77 14268.2 
0.545 10 9.56119 0 0 12269.7 5719.07 9021.77 -14268.2 
0.55 10.158 10 0.407589 -4.51302e-13 23141.8 11275.4 50.9389 1.55952e-10 
0.55 10 10.4388 0 0 12298 5670.71 9021 14226.6 
0.55 10 9.56119 0 0 12298 5670.71 9021 -14226.6 
0.555 10.16 10 0.411267 -4.40592e-13 23159.4 11177.5 52.0312 1.43539e-10 
0.555 10 10.4388 0 0 12325.7 5621.77 9020.19 14180.1 
0.555 10 9.56119 0 0 12325.7 5621.77 9020.19 -14180.1 
0.56 10.1621 10 0.415024 -4.30233e-13 23175.1 11078.5 53.1696 1.36632e-10 
0.56 10 10.4388 0 0 12352.9 5572.27 9019.36 14137 
0.56 10 9.56119 0 0 12352.9 5572.27 9019.36 -14137 
0.565 10.1642 10 0.418863 -4.20228e-13 23188.9 10978.4 54.3569 1.33412e-10 
0.565 10 10.4388 0 0 12379.5 5522.19 9018.5 14089 
0.565 10 9.56119 0 0 12379.5 5522.19 9018.5 -14089 
0.57 10.1663 10 0.42279 -4.1058e-13 23200.8 10877.1 55.5962 1.3388e-10 
0.57 10 10.4388 0 0 12405.4 5471.55 9017.61 14044.4 
0.57 10 9.56119 0 0 12405.4 5471.55 9017.61 -14044.4 
0.575 10.1684 10 0.426807 -4.01262e-13 23210.8 10774.7 56.8908 1.30757e-10 
0.575 10 10.4388 0 0 12430.7 5420.34 9016.68 13994.8 
0.575 10 9.56119 0 0 12430.7 5420.34 9016.68 -13994.8 
0.58 10.1706 10 0.430919 -3.9223e-13 23218.7 10671.1 58.2444 1.24035e-10 
0.58 10 10.4388 0 0 12455.4 5368.57 9015.71 13948.6 
0.58 10 9.56119 0 0 12455.4 5368.57 9015.71 -13948.6 
0.585 10.1727 10 0.435129 -3.83535e-13 23224.6 10566.4 59.6608 1.22818e-10 
0.585 10 10.4388 0 0 12479.5 5316.23 9014.71 13897.5 
0.585 10 9.56119 0 0 12479.5 5316.23 9014.71 -13897.5 
0.59 10.1749 10 0.439443 -3.75116e-13 23228.4 10460.6 61.1443 1.16182e-10 
0.59 10 10.4388 0 0 12502.8 5263.32 9013.67 13849.7 
0.59 10 9.56119 0 0 12502.8 5263.32 9013.67 -13849.7 
0.595 10.1771 10 0.443866 -3.66998e-13 23230.1 10353.7 62.6994 1.13227e-10 
0.595 10 10.4388 0 0 12525.5 5209.85 9012.58 13797.1 
0.595 10 9.56119 0 0 12525.5 5209.85 9012.58 -13797.1 
0.6 10.1793 10 0.448402 -3.59167e-13 23229.7 10245.6 64.3312 1.04854e-10 
0.6 10 10.4388 0 0 12547.5 5155.81 9011.45 13747.8 
0.6 10 9.56119 0 0 12547.5 5155.81 9011.45 -13747.8 
0.605 10.1816 10 0.453058 -3.51601e-13 23227.1 10136.4 66.045 9.83378e-11 
0.605 10 10.4388 0 0 12568.8 5101.22 9010.26 13693.6 
0.605 10 9.56119 0 0 12568.8 5101.22 9010.26 -13693.6 
0.61 10.1839 10 0.457839 -3.44306e-13 23222.2 10026.1 67.8469 1.02774e-10 
0.61 10 10.4388 0 0 12589.3 5046.06 9009.03 13642.8 
0.61 10 9.56119 0 0 12589.3 5046.06 9009.03 -13642.8 
0.615 10.1862 10 0.462753 -3.37258e-13 23215.1 9914.66 69.7432 9.99678e-11 
0.615 10 10.4388 0 0 12609.1 4990.34 9007.73 13587.1 
0.615 10 9.56119 0 0 12609.1 4990.34 9007.73 -13587.1 
0.62 10.1885 10 0.467805 -3.30458e-13 23205.8 9802.1 71.741 9.17398e-11 
0.62 10 10.4388 0 0 12628.2 4934.06 9006.38 13534.8 
0.62 10 9.56119 0 0 12628.2 4934.06 9006.38 -13534.8 
0.625 10.1909 10 0.473004 -3.23899e-13 23194.1 9688.42 73.8482 9.08215e-11 
0.625 10 10.4388 0 0 12646.5 4877.22 9004.96 13477.5 
0.625 10 9.56119 0 0 12646.5 4877.22 9004.96 -13477.5 
0.63 10.1932 10 0.478357 -3.17594e-13 23180 9573.62 76.0732 9.17578e-11 
0.63 10 10.4388 0 0 12664 4819.82 9003.48 13423.7 
0.63 10 9.56119 0 0 12664 4819.82 9003.48 -13423.7 
0.635 10.1956 10 0.483874 -3.11523e-13 23163.5 9457.71 78.4254 9.36364e-11 
0.635 10 10.4388 0 0 12680.7 4761.87 9001.91 13364.9 
0.635 10 9.56119 0 0 12680.7 4761.87 9001.91 -13364.9 
0.64 10.1981 10 0.489564 -3.05646e-13 23144.6 9340.69 80.9151 8.00805e-11 
0.64 10 10.4388 0 0 12696.6 4703.35 9000.27 13309.6 
0.64 10 9.56119 0 0 12696.6 4703.35 9000.27 -13309.6 
0.645 10.2005 10 0.495437 -3.00022e-13 23123.1 9222.54 83.5537 7.56552e-11 
0.645 10 10.4388 0 0 12711.7 4644.28 8998.54 13249.3 
0.645 10 9.56119 0 0 12711.7 4644.28 8998.54 -13249.3 
0.65 10.203 10 0.501504 -2.94581e-13 23099.1 9103.29 86.3538 8.12599e-11 
0.65 10 10.4388 0 0 12725.9 4584.65 8996.72 13192.5 
0.65 10 9.56119 0 0 12725.9 4584.65 8996.72 -13192.5 
0.655 10.2056 10 0.507778 -2.89395e-13 23072.5 8982.91 89.3295 7.87149e-11 
0.655 10 10.4388 0 0 12739.2 4524.47 8994.79 13130.7 
0.655 10 9.56119 0 0 12739.2 4524.47 8994.79 -13130.7 
0.66 10.2081 10 0.51427 -2.84402e-13 23043.3 8861.42 92.4963 7.07399e-11 
0.66 10 10.4388 0 0 12751.7 4463.72 8992.75 13072.4 
0.66 10 9.56119 0 0 12751.7 4463.72 8992.75 -13072.4 
0.665 10.2107 10 0.520996 -2.79608e-13 23011.4 8738.82 95.8715 6.46116e-11 
0.665 10 10.4388 0 0 12763.3 4402.42 8990.59 13009.2 
0.665 10 9.56119 0 0 12763.3 4402.42 8990.59 -13009.2 
0.67 10.2133 10 0.527972 -2.75043e-13 22976.7 8615.09 99.4745 6.4882e-11 
0.67 10 10.4388 0 0 12773.9 4340.55 8988.31 12949.3 
0.67 10 9.56119 0 0 12773.9 4340.55 8988.31 -12949.3 
0.675 10.216 10 0.535213 -2.70695e-13 22939.2 8490.23 103.327 6.51827e-11 
0.675 10 10.4388 0 0 12783.6 4278.13 8985.87 12884.6 
0.675 10 9.56119 0 0 12783.6 4278.13 8985.87 -12884.6 
0.68 10.2187 10 0.542739 -2.66542e-13 22898.9 8364.25 107.454 5.36873e-11 
0.68 10 10.4388 0 0 12792.3 4215.14 8983.28 12823.3 
0.68 10 9.56119 0 0 12792.3 4215.14 8983.28 -12823.3 
0.685 10.2214 10 0.550571 -2.62605e-13 22855.6 8237.14 111.882 5.13171e-11 
0.685 10 10.4388 0 0 12800 4151.58 8980.52 12757 
0.685 10 9.56119 0 0 12800 4151.58 8980.52 -12757 
0.69 10.2242 10 0.55873 -2.58869e-13 22809.2 8108.89 116.642 4.98846e-11 
0.69 10 10.4388 0 0 12806.7 4087.45 8977.57 12694.2 
0.69 10 9.56119 0 0 12806.7 4087.45 8977.57 -12694.2 
0.695 10.227 10 0.567243 -2.55335e-13 22759.8 7979.49 121.771 4.57519e-11 
0.695 10 10.4388 0 0 12812.3 4022.75 8974.41 12626.5 
0.695 10 9.56119 0 0 12812.3 4022.75 8974.41 -12626.5 
0.7 10.2298 10 0.576136 -2.52006e-13 22707.2 7848.93 127.307 4.80142e-11 
0.7 10 10.4388 0 0 12816.9 3957.47 8971.02 12562.1 
0.7 10 9.56119 0 0 12816.9 3957.47 8971.02 -12562.1 
0.705 10.2328 10 0.58544 -2.48926e-13 22651.4 7717.2 133.298 4.3945e-11 
0.705 10 10.4388 0 0 12820.3 3891.61 8967.37 12492.8 
0.705 10 9.56119 0 0 12820.3 3891.61 8967.37 -12492.8 
0.71 10.2357 10 0.59519 -2.46048e-13 22592.2 7584.3 139.795 3.99041e-11 
0.71 10 10.4388 0 0 12822.5 3825.16 8963.44 12426.8 
0.71 10 9.56119 0 0 12822.5 3825.16 8963.44 -12426.8 
0.715 10.2387 10 0.605425 -2.43408e-13 22529.5 7450.19 146.86 3.95345e-11 
0.715 10 10.4388 0 0 12823.6 3758.1 8959.19 12355.9 
0.715 10 9.56119 0 0 12823.6 3758.1 8959.19 -12355.9 
0.72 10.2418 10 0.616186 -2.40984e-13 22463.1 7314.87 154.561 3.10095e-11 
0.72 10 10.4388 0 0 12823.4 3690.44 8954.59 12288.4 
0.72 10 9.56119 0 0 12823.4 3690.44 8954.59 -12288.4 
0.725 10.2449 10 0.627522 -2.38848e-13 22393 7178.3 162.982 2.34344e-11 
0.725 10 10.4388 0 0 12821.8 3622.16 8949.58 12215.8 
0.725 10 9.56119 0 0 12821.8 3622.16 8949.58 -12215.8 
0.73 10.248 10 0.639488 -2.3693e-13 22319 7040.48 172.217 1.0433e-11 
0.73 10 10.4388 0 0 12818.9 3553.25 8944.13 12146.5 
0.73 10 9.56119 0 0 12818.9 3553.25 8944.13 -12146.5 
0.735 10.2513 10 0.652146 -2.35283e-13 22240.9 6901.36 182.378 3.20304e-11 
0.735 10 10.4388 0 0 12814.5 3483.69 8938.16 12072.2 
0.735 10 9.56119 0 0 12814.5 3483.69 8938.16 -12072.2 
0.74 10.2546 10 0.665567 -2.3391e-13 22158.5 6760.91 193.596 3.45667e-11 
0.74 10 10.4388 0 0 12808.6 3413.47 8931.61 12001 
0.74 10 9.56119 0 0 12808.6 3413.47 8931.61 -12001 
0.745 10.2579 10 0.679832 -2.32865e-13 22071.5 6619.1 206.03 3.49726e-12 
0.745 10 10.4388 0 0 12800.9 3342.56 8924.4 11924.7 
0.745 10 9.56119 0 0 12800.9 3342.56 8924.4 -11924.7 
0.75 10.2614 10 0.695033 -2.3209e-13 21979.7 6475.87 219.866 7.9363e-12 
0.75 10 10.4388 0 0 12791.5 3270.94 8916.42 11851.5 
0.75 10 9.56119 0 0 12791.5 3270.94 8916.42 -11851.5 
0.755 10.2649 10 0.71128 -2.31706e-13 21882.8 6331.18 235.331 -6.66949e-12 
0.755 10 10.4388 0 0 12780.2 3198.6 8907.54 11772.9 
0.755 10 9.56119 0 0 12780.2 3198.6 8907.54 -11772.9 
0.76 10.2685 10 0.728697 -2.31684e-13 21780.2 6184.95 252.698 -5.76309e-12 
0.76 10 10.4388 0 0 12766.7 3125.49 8897.64 11697.2 
0.76 10 9.56119 0 0 12766.7 3125.49 8897.64 -11697.2 
0.765 10.2722 10 0.747433 -2.32049e-13 21671.7 6037.13 272.303 -6.62147e-12 
0.765 10 10.4388 0 0 12750.8 3051.58 8886.53 11616 
0.765 10 9.56119 0 0 12750.8 3051.58 8886.53 -11616 
0.77 10.2759 10 0.767661 -2.32939e-13 21556.5 5887.63 294.559 -2.28679e-11 
0.77 10 10.4388 0 0 12732.3 2976.82 8873.99 11537.4 
0.77 10 9.56119 0 0 12732.3 2976.82 8873.99 -11537.4 
0.775 10.2798 10 0.789588 -2.34375e-13 21434.1 5736.34 319.982 -2.53955e-11 
0.775 10 10.4388 0 0 12710.9 2901.18 8859.74 11452.9 
0.775 10 9.56119 0 0 12710.9 2901.18 8859.74 -11452.9 
0.78 10.2838 10 0.813463 -2.36345e-13 21303.5 5583.16 349.222 -2.78481e-11 
0.78 10 10.4388 0 0 12686 2824.59 8843.45 11370.4 
0.78 10 9.56119 0 0 12686 2824.59 8843.45 -11370.4 
0.785 10.288 10 0.839587 -2.39077e-13 21163.8 5427.95 383.104 -3.47417e-11 
0.785 10 10.4388 0 0 12657.2 2746.98 8824.68 11281.5 
0.785 10 9.56119 0 0 12657.2 2746.98 8824.68 -11281.5 
0.79 10.2922 10 0.868328 -2.42522e-13 21013.5 5270.55 422.695 -4.24448e-11 
0.79 10 10.4388 0 0 12623.7 2668.28 8802.87 11193.9 
0.79 10 9.56119 0 0 12623.7 2668.28 8802.87 -11193.9 
0.795 10.2967 10 0.900141 -2.46901e-13 20851 5110.77 469.392 -6.68432e-11 
0.795 10 10.4388 0 0 12584.6 2588.39 8777.29 11098.7 
0.795 10 9.56119 0 0 12584.6 2588.39 8777.29 -11098.7 
0.8 10.3013 10 0.935597 -2.52402e-13 20674 4948.39 525.046 -7.83513e-11 
0.8 10 10.4388 0 0 12538.6 2507.2 8746.99 11003.5 
0.8 10 9.56119 0 0 12538.6 2507.2 8746.99 -11003.5 
0.805 10.306 10 0.97542 -2.59224e-13 20479.7 4783.13 592.166 -1.13322e-10 
0.805 10 10.4388 0 0 12484.2 2424.57 8710.64 10898.8 
0.805 10 9.56119 0 0 12484.2 2424.57 8710.64 -10898.8 
0.81 10.311 10 1.02055 -2.67643e-13 20263.8 4614.65 674.205 -1.22148e-10 
0.81 10 10.4388 0 0 12418.8 2340.34 8666.46 10791.5 
0.81 10 9.56119 0 0 12418.8 2340.34 8666.46 -10791.5 
0.815 10.3162 10 1.0722 -2.78094e-13 20021 4442.56 776.031 -1.6616e-10 
0.815 10 10.4388 0 0 12339.4 2254.29 8611.93 10671.1 
0.815 10 9.56119 0 0 12339.4 2254.29 8611.93 -10671.1 
0.82 10.3218 10 1.13204 -2.91155e-13 19743.3 4266.34 904.679 -1.8525e-10 
0.82 10 10.4388 0 0 12241 2166.18 8543.42 10542.8 
0.82 10 9.56119 0 0 12241 2166.18 8543.42 -10542.8 
0.825 10.3276 10 1.20233 -3.07493e-13 19419 4085.33 1070.6 -2.6118e-10 
0.825 10 10.4388 0 0 12116.7 2075.68 8455.54 10393.6 
0.825 10 9.56119 0 0 12116.7 2075.68 8455.54 -10393.6 
0.83 10.3338 10 1.28625 -3.28292e-13 19030.7 3898.72 1289.88 -3.32847e-10 
0.83 10 10.4388 0 0 11955.6 1982.37 8340.03 10224.5 
0.83 10 9.56119 0 0 11955.6 1982.37 8340.03 -10224.5 
0.835 10.3405 10 1.38846 -3.55148e-13 18550.7 3705.4 1588.18 -4.34135e-10 
0.835 10 10.4388 0 0 11740 1885.71 8183.73 10015.5 
0.835 10 9.56119 0 0 11740 1885.71 8183.73 -10015.5 
0.84 10.3477 10 1.51601 -3.90629e-13 17933 3503.91 2008.45 -5.85147e-10 
0.84 10 10.4388 0 0 11440.5 1784.97 7964.67 9755.18 
0.84 10 9.56119 0 0 11440.5 1784.97 7964.67 -9755.18 
0.845 10.3557 10 1.68005 -4.38847e-13 17097.9 3292.21 2626.58 -7.87128e-10 
0.845 10 10.4388 0 0 11004.8 1679.12 7644.12 9399.56 
0.845 10 9.56119 0 0 11004.8 1679.12 7644.12 -9399.56 
0.85 10.3646 10 1.89925 -5.06886e-13 15895.4 3067.38 3586.01 -1.15414e-09 
0.85 10 10.4388 0 0 10333.4 1566.7 7149.06 8888.84 
0.85 10 9.56119 0 0 10333.4 1566.7 7149.06 -8888.84 
0.855 10.3748 10 2.20721 -6.08083e-13 14020.6 2825.03 5181.42 -1.78458e-09 
0.855 10 10.4388 0 0 9219.81 1445.52 6329.81 8071.94 
0.855 10 9.56119 0 0 9219.81 1445.52 6329.81 -8071.94 
0.86 10.3869 10 2.66991 -7.69669e-13 10781.2 2558.23 8086.72 -2.90907e-09 
0.86 10 10.4388 0 0 7187.11 1312.13 4844.78 6623.1 
0.86 10 9.56119 0 0 7187.11 1312.13 4844.78 -6623.1 
0.865 10.402 10 3.43348 -1.05551e-12 4364.54 2255.29 14078 -5.42953e-09 
0.865 10 10.4388 0 0 2959.68 1160.66 1795.75 3626.16 
0.865 10 9.56119 0 0 2959.68 1160.66 1795.75 -3626.16 
0.87 10.4222 10 4.66639 -1.23586e-12 0 1898.15 17877.5 -4.34393e-11 
0.87 10 10.4388 0 0 0 982.086 -190.323 1351.41 
0.87 10 9.56119 0 0 0 982.086 -190.323 -1351.41 
0.875 10.4487 10 5.92104 -1.23696e-12 0 1503.36 17247.1 1.36722e-11 
0.875 10 10.4388 0 0 0 784.688 37.0495 1050.84 
0.875 10 9.56119 0 0 0 784.688 37.0495 -1050.84 
0.88 10.4813 10 7.13007 -1.23414e-12 0 1117.34 16608.4 6.45502e-11 
0.88 10 10.4388 0 0 0 591.68 271.801 771.702 
0.88 10 9.56119 0 0 0 591.68 271.801 -771.702 
0.885 10.5199 10 8.29461 -1.22805e-12 0 777.535 16008.9 1.03944e-10 
0.885 10 10.4388 0 0 0 421.777 489.998 532.803 
0.885 10 9.56119 0 0 0 421.777 489.998 -532.803 
0.89 10.5642 10 9.41884 -1.21956e-12 0 505.642 15483.9 1.31745e-10 
0.89 10 10.4388 0 0 0 285.831 673.828 354.797 
0.89 10 9.56119 0 0 0 285.831 673.828 -354.797 
0.895 10.614 10 10.5088 -1.20949e-12 0 306.858 15049.5 1.48582e-10 
0.895 10 10.4388 0 0 0 186.439 814.701 228.294 
0.895 10 9.56119 0 0 0 186.439 814.701 -228.294 
