16050 0 29999.1 0 
74.1959 16005.4 29998.8 0.206865 
13.226 16136.9 29997.6 0.208571 
13.1284 16208.3 29995.4 0.209507 
13.2635 16279.8 29992.3 0.21045 
13.4008 16351.5 29988.3 0.211402 
13.5393 16423.6 29983.2 0.212364 
13.6792 16495.9 29977.2 0.213336 
13.8205 16568.5 29970.2 0.214318 
13.9631 16641.4 29962.1 0.21531 
14.1071 16714.5 29953.1 0.216313 
14.2526 16787.9 29943 0.217326 
14.3994 16861.5 29931.8 0.218349 
14.5478 16935.4 29919.6 0.219383 
14.6976 17009.5 29906.3 0.220427 
14.849 17083.8 29891.9 0.221483 
15.0019 17158.4 29876.4 0.222549 
15.1564 17233.2 29859.8 0.223626 
15.3125 17308.2 29842 0.224714 
15.4702 17383.3 29823.1 0.225813 
15.6297 17458.7 29803 0.226924 
15.7908 17534.3 29781.8 0.228046 
15.9536 17610 29759.4 0.22918 
16.1183 17685.9 29735.7 0.230325 
16.2847 17761.9 29710.9 0.231483 
16.453 17838.1 29684.8 0.232652 
16.6232 17914.4 29657.5 0.233833 
16.7953 17990.9 29628.9 0.235027 
16.9694 18067.5 29599 0.236232 
17.1454 18144.1 29567.8 0.237451 
17.3236 18220.9 29535.3 0.238682 
17.5038 18297.7 29501.5 0.239926 
17.6861 18374.6 29466.4 0.241182 
17.8707 18451.6 29429.9 0.242452 
18.0575 18528.6 29392 0.243735 
18.2466 18605.7 29352.8 0.245032 
18.438 18682.8 29312.1 0.246342 
18.6318 18759.8 29270.1 0.247666 
18.8281 18836.9 29226.6 0.249004 
19.0269 18914 29181.7 0.250356 
19.2283 18991 29135.3 0.251722 
19.4323 19068 29087.4 0.253103 
19.6391 19144.9 29038.1 0.254498 
19.8486 19221.8 28987.2 0.255908 
20.0609 19298.5 28934.8 0.257334 
20.2762 19375.2 28880.9 0.258774 
20.4946 19451.7 28825.4 0.26023 
20.7159 19528.1 28768.4 0.261702 
20.9405 19604.3 28709.8 0.26319 
21.1683 19680.4 28649.6 0.264694 
21.3995 19756.3 28587.7 0.266214 
21.6341 19832 28524.3 0.267751 
21.8723 19907.4 28459.2 0.269305 
22.1141 19982.6 28392.4 0.270876 
22.3597 20057.6 28324 0.272464 
22.6091 20132.2 28253.9 0.27407 
22.8626 20206.6 28182.1 0.275694 
23.1201 20280.7 28108.5 0.277336 
23.3819 20354.4 28033.3 0.278997 
23.648 20427.7 27956.2 0.280676 
23.9186 20500.7 27877.5 0.282375 
24.1939 20573.3 27796.9 0.284094 
24.4741 20645.5 27714.6 0.285832 
24.7591 20717.2 27630.4 0.28759 
25.0493 20788.4 27544.4 0.289369 
25.3449 20859.2 27456.7 0.291169 
25.6459 20929.5 27367 0.29299 
25.9525 20999.2 27275.5 0.294832 
26.2651 21068.4 27182.1 0.296697 
26.5838 21137 27086.9 0.298585 
26.9087 21205 26989.7 0.300495 
27.2402 21272.3 26890.7 0.302429 
27.5785 21339.1 26789.7 0.304387 
27.9238 21405.1 26686.8 0.306369 
28.2764 21470.4 26581.9 0.308376 
28.6366 21535.1 26475.1 0.310409 
29.0046 21598.9 26366.3 0.312467 
29.3809 21662 26255.5 0.314552 
29.7656 21724.3 26142.8 0.316665 
30.1592 21785.8 26028 0.318805 
30.562 21846.4 25911.2 0.320973 
30.9744 21906.1 25792.4 0.323171 
31.3967 21964.9 25671.6 0.325398 
31.8295 22022.7 25548.7 0.327656 
32.2731 22079.6 25423.8 0.329946 
32.7279 22135.5 25296.8 0.332267 
33.1946 22190.4 25167.7 0.334621 
33.6736 22244.2 25036.6 0.33701 
34.1655 22297 24903.4 0.339432 
34.6708 22348.6 24768.1 0.341891 
35.1901 22399.1 24630.7 0.344386 
35.7242 22448.4 24491.2 0.346918 
36.2736 22496.5 24349.6 0.349489 
36.8391 22543.4 24205.9 0.3521 
37.4215 22589 24060 0.354753 
38.0217 22633.4 23912.1 0.357447 
38.6403 22676.4 23762 0.360185 
39.2784 22718 23609.7 0.362967 
39.937 22758.3 23455.4 0.365796 
40.6171 22797.2 23298.8 0.368673 
41.3197 22834.6 23140.2 0.371599 
42.0462 22870.6 22979.4 0.374577 
42.7976 22905 22816.4 0.377606 
43.5753 22937.9 22651.3 0.380691 
44.3809 22969.2 22484.1 0.383832 
45.2157 22999 22314.7 0.387032 
46.0814 23027 22143.1 0.390292 
46.9798 23053.5 21969.4 0.393616 
47.9126 23078.2 21793.5 0.397005 
48.882 23101.2 21615.5 0.400461 
49.89 23122.4 21435.3 0.403989 
50.9389 23141.8 21253 0.407589 
52.0312 23159.4 21068.5 0.411267 
53.1696 23175.1 20881.9 0.415024 
54.3569 23188.9 20693.1 0.418863 
55.5962 23200.8 20502.2 0.42279 
56.8908 23210.8 20309.2 0.426807 
58.2444 23218.7 20114 0.430919 
59.6608 23224.6 19916.7 0.435129 
61.1443 23228.4 19717.2 0.439443 
62.6994 23230.1 19515.6 0.443866 
64.3312 23229.7 19311.9 0.448402 
66.045 23227.1 19106.1 0.453058 
67.8469 23222.2 18898.2 0.457839 
69.7432 23215.1 18688.1 0.462753 
71.741 23205.8 18476 0.467805 
73.8482 23194.1 18261.7 0.473004 
76.0732 23180 18045.3 0.478357 
78.4254 23163.5 17826.8 0.483874 
80.9151 23144.6 17606.3 0.489564 
83.5537 23123.1 17383.6 0.495437 
86.3538 23099.1 17158.8 0.501504 
89.3295 23072.5 16931.9 0.507778 
92.4963 23043.3 16702.9 0.51427 
95.8715 23011.4 16471.8 0.520996 
99.4745 22976.7 16238.6 0.527972 
103.327 22939.2 16003.2 0.535213 
107.454 22898.9 15765.8 0.542739 
111.882 22855.6 15526.2 0.550571 
116.642 22809.2 15284.4 0.55873 
121.771 22759.8 15040.5 0.567243 
127.307 22707.2 14794.4 0.576136 
133.298 22651.4 14546.2 0.58544 
139.795 22592.2 14295.6 0.59519 
146.86 22529.5 14042.9 0.605425 
154.561 22463.1 13787.8 0.616186 
162.982 22393 13530.4 0.627522 
172.217 22319 13270.6 0.639488 
182.378 22240.9 13008.4 0.652146 
193.596 22158.5 12743.6 0.665567 
206.03 22071.5 12476.3 0.679832 
219.866 21979.7 12206.4 0.695033 
235.331 21882.8 11933.6 0.71128 
252.698 21780.2 11658 0.728697 
272.303 21671.7 11379.4 0.747433 
294.559 21556.5 11097.6 0.767661 
319.982 21434.1 10812.4 0.789588 
349.222 21303.5 10523.7 0.813463 
383.104 21163.8 10231.1 0.839587 
422.695 21013.5 9934.45 0.868328 
469.392 20851 9633.29 0.900141 
525.046 20674 9327.21 0.935597 
592.166 20479.7 9015.71 0.97542 
674.205 20263.8 8698.16 1.02055 
776.031 20021 8373.78 1.0722 
904.679 19743.3 8041.62 1.13204 
1070.6 19419 7700.45 1.20233 
1289.88 19030.7 7348.7 1.28625 
1588.18 18550.7 6984.32 1.38846 
2008.45 17933 6604.53 1.51601 
2626.58 17097.9 6205.49 1.68005 
3586.01 15895.4 5781.7 1.89925 
5181.42 14020.6 5324.9 2.20721 
8086.72 10781.2 4822.02 2.66991 
14078 4364.54 4251 3.43348 
17877.5 0 3577.83 4.66639 
17247.1 0 2833.68 5.92104 
16608.4 0 2106.08 7.13007 
16008.9 0 1465.58 8.29461 
15483.9 0 953.084 9.41884 
15049.5 0 578.396 10.5088 
