0 10 10 0 0 0 19098.6 19260 0 
0 10 10.4242 0 0 0 9596.83 1260 18089.6 
0 10 9.57578 0 0 0 9596.83 1260 -18089.6 
0 10.001 10 0.228141 0 19248.9 19098.3 60.5 0 
0 10 10.4242 0 0 9624.45 9596.7 10843.8 18110.9 
0 10 9.57578 0 0 9624.45 9596.7 10843.8 -18110.9 
0.005 10.0021 10 0.22982 0 19389.7 19097.4 16.4122 0 
0.005 10 10.4242 0 0 9694.95 9596.21 10865.7 18134 
0.005 10 9.57578 0 0 9694.95 9596.21 10865.7 -18134 
0.01 10.0033 10 0.230993 0 19487.1 19095.6 16.496 0 
0.01 10 10.4242 0 0 9743.86 9595.34 10865.6 18160.9 
0.01 10 9.57578 0 0 9743.86 9595.34 10865.6 -18160.9 
0.015 10.0044 10 0.232178 0 19585 19093.1 16.6829 0 
0.015 10 10.4242 0 0 9793.02 9594.1 10865.4 18183 
0.015 10 9.57578 0 0 9793.02 9594.1 10865.4 -18183 
0.02 10.0056 10 0.233376 0 19683.3 19089.9 16.872 0 
0.02 10 10.4242 0 0 9842.48 9592.46 10865.2 18209.1 
0.02 10 9.57578 0 0 9842.48 9592.46 10865.2 -18209.1 
0.025 10.0067 10 0.234588 0 19782 19085.8 17.0629 0 
0.025 10 10.4242 0 0 9892.24 9590.44 10865 18230.3 
0.025 10 9.57578 0 0 9892.24 9590.44 10865 -18230.3 
0.03 10.0079 10 0.235814 0 19881.1 19081 17.2558 0 
0.03 10 10.4242 0 0 9942.3 9588.01 10864.9 18255.4 
0.03 10 9.57578 0 0 9942.3 9588.01 10864.9 -18255.4 
0.035 10.0091 10 0.237053 0 19980.7 19075.3 17.4507 0 
0.035 10 10.4242 0 0 9992.65 9585.19 10864.7 18275.6 
0.035 10 9.57578 0 0 9992.65 9585.19 10864.7 -18275.6 
0.04 10.0103 10 0.238307 0 20080.7 19068.8 17.6475 0 
0.04 10 10.4242 0 0 10043.3 9581.95 10864.5 18299.8 
0.04 10 9.57578 0 0 10043.3 9581.95 10864.5 -18299.8 
0.045 10.0115 10 0.239575 0 20181.1 19061.5 17.8465 0 
0.045 10 10.4242 0 0 10094.2 9578.3 10864.3 18319 
0.045 10 9.57578 0 0 10094.2 9578.3 10864.3 -18319 
0.05 10.0127 10 0.240856 0 20281.8 19053.4 18.0475 0 
0.05 10 10.4242 0 0 10145.4 9574.22 10864.1 18342.2 
0.05 10 9.57578 0 0 10145.4 9574.22 10864.1 -18342.2 
0.055 10.0139 10 0.242153 0 20383 19044.4 18.2507 0 
0.055 10 10.4242 0 0 10196.9 9569.72 10863.9 18360.4 
0.055 10 9.57578 0 0 10196.9 9569.72 10863.9 -18360.4 
0.06 10.0151 10 0.243464 0 20484.5 19034.5 18.456 0 
0.06 10 10.4242 0 0 10248.7 9564.79 10863.7 18382.6 
0.06 10 9.57578 0 0 10248.7 9564.79 10863.7 -18382.6 
0.065 10.0163 10 0.244789 0 20586.3 19023.8 18.6635 0 
0.065 10 10.4242 0 0 10300.8 9559.41 10863.5 18399.7 
0.065 10 9.57578 0 0 10300.8 9559.41 10863.5 -18399.7 
0.07 10.0176 10 0.24613 0 20688.5 19012.1 18.8733 0 
0.07 10 10.4242 0 0 10353.1 9553.59 10863.3 18420.8 
0.07 10 9.57578 0 0 10353.1 9553.59 10863.3 -18420.8 
0.075 10.0188 10 0.247486 0 20791 18999.6 19.0853 0 
0.075 10 10.4242 0 0 10405.7 9547.32 10863.1 18436.9 
0.075 10 9.57578 0 0 10405.7 9547.32 10863.1 -18436.9 
0.08 10.02 10 0.248857 0 20893.8 18986.1 19.2997 0 
0.08 10 10.4242 0 0 10458.6 9540.58 10862.9 18456.9 
0.08 10 9.57578 0 0 10458.6 9540.58 10862.9 -18456.9 
0.085 10.0213 10 0.250243 0 20997 18971.7 19.5165 0 
0.085 10 10.4242 0 0 10511.7 9533.39 10862.7 18471.9 
0.085 10 9.57578 0 0 10511.7 9533.39 10862.7 -18471.9 
0.09 10.0225 10 0.251645 0 21100.4 18956.4 19.7357 0 
0.09 10 10.4242 0 0 10565.1 9525.72 10862.5 18490.8 
0.09 10 9.57578 0 0 10565.1 9525.72 10862.5 -18490.8 
0.095 10.0238 10 0.253062 0 21204 18940.1 19.9574 0 
0.095 10 10.4242 0 0 10618.7 9517.57 10862.3 18504.6 
0.095 10 9.57578 0 0 10618.7 9517.57 10862.3 -18504.6 
0.1 10.0251 10 0.254496 0 21307.9 18922.8 20.1816 0 
0.1 10 10.4242 0 0 10672.5 9508.94 10862.1 18522.3 
0.1 10 9.57578 0 0 10672.5 9508.94 10862.1 -18522.3 
0.105 10.0263 10 0.255945 0 21412.1 18904.6 20.4084 0 
0.105 10 10.4242 0 0 10726.7 9499.82 10861.9 18535 
0.105 10 9.57578 0 0 10726.7 9499.82 10861.9 -18535 
0.11 10.0276 10 0.257411 0 21516.5 18885.3 20.6378 0 
0.11 10 10.4242 0 0 10781 9490.2 10861.7 18551.5 
0.11 10 9.57578 0 0 10781 9490.2 10861.7 -18551.5 
0.115 10.0289 10 0.258894 0 21621 18865.1 20.8699 0 
0.115 10 10.4242 0 0 10835.6 9480.07 10861.4 18562.9 
0.115 10 9.57578 0 0 10835.6 9480.07 10861.4 -18562.9 
0.12 10.0302 10 0.260393 0 21725.8 18843.8 21.1047 0 
0.12 10 10.4242 0 0 10890.4 9469.44 10861.2 18578.2 
0.12 10 9.57578 0 0 10890.4 9469.44 10861.2 -18578.2 
0.125 10.0315 10 0.261909 0 21830.7 18821.5 21.3423 0 
0.125 10 10.4242 0 0 10945.4 9458.29 10861 18588.4 
0.125 10 9.57578 0 0 10945.4 9458.29 10861 -18588.4 
0.13 10.0328 10 0.263442 0 21935.7 18798.2 21.5829 0 
0.13 10 10.4242 0 0 11000.6 9446.61 10860.8 18602.4 
0.13 10 9.57578 0 0 11000.6 9446.61 10860.8 -18602.4 
0.135 10.0342 10 0.264992 0 22040.9 18773.7 21.8263 0 
0.135 10 10.4242 0 0 11056.1 9434.4 10860.5 18611.3 
0.135 10 9.57578 0 0 11056.1 9434.4 10860.5 -18611.3 
0.14 10.0355 10 0.26656 0 22146.1 18748.2 22.0727 0 
0.14 10 10.4242 0 0 11111.7 9421.66 10860.3 18624 
0.14 10 9.57578 0 0 11111.7 9421.66 10860.3 -18624 
0.145 10.0368 10 0.268145 0 22251.5 18721.7 22.3223 0 
0.145 10 10.4242 0 0 11167.6 9408.37 10860.1 18631.6 
0.145 10 9.57578 0 0 11167.6 9408.37 10860.1 -18631.6 
0.15 10.0382 10 0.269749 0 22356.9 18694 22.5749 0 
0.15 10 10.4242 0 0 11223.6 9394.53 10859.8 18643 
0.15 10 9.57578 0 0 11223.6 9394.53 10859.8 -18643 
0.155 10.0395 10 0.27137 0 22462.4 18665.2 22.8308 0 
0.155 10 10.4242 0 0 11279.8 9380.13 10859.6 18649.2 
0.155 10 9.57578 0 0 11279.8 9380.13 10859.6 -18649.2 
0.16 10.0409 10 0.27301 0 22567.8 18635.3 23.0899 0 
0.16 10 10.4242 0 0 11336.2 9365.16 10859.3 18659.2 
0.16 10 9.57578 0 0 11336.2 9365.16 10859.3 -18659.2 
0.165 10.0422 10 0.274669 0 22673.3 18604.2 23.3525 0 
0.165 10 10.4242 0 0 11392.7 9349.63 10859.1 18664 
0.165 10 9.57578 0 0 11392.7 9349.63 10859.1 -18664 
0.17 10.0436 10 0.276347 0 22778.7 18572 23.6185 0 
0.17 10 10.4242 0 0 11449.4 9333.51 10858.8 18672.6 
0.17 10 9.57578 0 0 11449.4 9333.51 10858.8 -18672.6 
0.175 10.045 10 0.278043 0 22884.1 18538.6 23.888 0 
0.175 10 10.4242 0 0 11506.3 9316.81 10858.6 18676 
0.175 10 9.57578 0 0 11506.3 9316.81 10858.6 -18676 
0.18 10.0464 10 0.279759 0 22989.4 18504 24.1612 0 
0.18 10 10.4242 0 0 11563.3 9299.52 10858.3 18683.1 
0.18 10 9.57578 0 0 11563.3 9299.52 10858.3 -18683.1 
0.185 10.0478 10 0.281495 0 23094.6 18468.2 24.4381 0 
0.185 10 10.4242 0 0 11620.4 9281.63 10858.1 18685 
0.185 10 9.57578 0 0 11620.4 9281.63 10858.1 -18685 
0.19 10.0492 10 0.283251 0 23199.7 18431.2 24.7188 0 
0.19 10 10.4242 0 0 11677.6 9263.14 10857.8 18690.7 
0.19 10 9.57578 0 0 11677.6 9263.14 10857.8 -18690.7 
0.195 10.0506 10 0.285026 0 23304.6 18393 25.0035 0 
0.195 10 10.4242 0 0 11735 9244.03 10857.5 18691 
0.195 10 9.57578 0 0 11735 9244.03 10857.5 -18691 
0.2 10.0521 10 0.286823 0 23409.3 18353.5 25.2923 0 
0.2 10 10.4242 0 0 11792.5 9224.3 10857.3 18695.1 
0.2 10 9.57578 0 0 11792.5 9224.3 10857.3 -18695.1 
0.205 10.0535 10 0.28864 0 23513.8 18312.8 25.5852 0 
0.205 10 10.4242 0 0 11850 9203.94 10857 18694 
0.205 10 9.57578 0 0 11850 9203.94 10857 -18694 
0.21 10.055 10 0.290478 0 23618 18270.8 25.8824 0 
0.21 10 10.4242 0 0 11907.7 9182.95 10856.7 18696.5 
0.21 10 9.57578 0 0 11907.7 9182.95 10856.7 -18696.5 
0.215 10.0564 10 0.292337 0 23722 18227.6 26.184 0 
0.215 10 10.4242 0 0 11965.4 9161.33 10856.4 18693.8 
0.215 10 9.57578 0 0 11965.4 9161.33 10856.4 -18693.8 
0.22 10.0579 10 0.294218 0 23825.7 18183 26.4901 0 
0.22 10 10.4242 0 0 12023.2 9139.05 10856.2 18694.7 
0.22 10 9.57578 0 0 12023.2 9139.05 10856.2 -18694.7 
0.225 10.0594 10 0.296122 0 23929 18137.2 26.801 0 
0.225 10 10.4242 0 0 12081.1 9116.13 10855.9 18690.3 
0.225 10 9.57578 0 0 12081.1 9116.13 10855.9 -18690.3 
0.23 10.0608 10 0.298047 0 24032 18090 27.1166 0 
0.23 10 10.4242 0 0 12139 9092.54 10855.6 18689.6 
0.23 10 9.57578 0 0 12139 9092.54 10855.6 -18689.6 
0.235 10.0623 10 0.299996 0 24134.6 18041.5 27.4372 0 
0.235 10 10.4242 0 0 12196.9 9068.28 10855.3 18683.6 
0.235 10 9.57578 0 0 12196.9 9068.28 10855.3 -18683.6 
0.24 10.0638 10 0.301967 0 24236.8 17991.6 27.7629 0 
0.24 10 10.4242 0 0 12254.8 9043.36 10855 18681.2 
0.24 10 9.57578 0 0 12254.8 9043.36 10855 -18681.2 
0.245 10.0654 10 0.303962 0 24338.5 17940.4 28.094 0 
0.245 10 10.4242 0 0 12312.8 9017.75 10854.7 18673.4 
0.245 10 9.57578 0 0 12312.8 9017.75 10854.7 -18673.4 
0.25 10.0669 10 0.30598 0 24439.7 17887.9 28.4304 0 
0.25 10 10.4242 0 0 12370.8 8991.46 10854.4 18669.3 
0.25 10 9.57578 0 0 12370.8 8991.46 10854.4 -18669.3 
0.255 10.0684 10 0.308023 0 24540.4 17833.9 28.7726 0 
0.255 10 10.4242 0 0 12428.7 8964.48 10854.1 18659.8 
0.255 10 9.57578 0 0 12428.7 8964.48 10854.1 -18659.8 
0.26 10.07 10 0.310091 0 24640.5 17778.5 29.1205 0 
0.26 10 10.4242 0 0 12486.6 8936.8 10853.7 18653.9 
0.26 10 9.57578 0 0 12486.6 8936.8 10853.7 -18653.9 
0.265 10.0715 10 0.312184 0 24740 17721.8 29.4745 0 
0.265 10 10.4242 0 0 12544.5 8908.41 10853.4 18642.6 
0.265 10 9.57578 0 0 12544.5 8908.41 10853.4 -18642.6 
0.27 10.0731 10 0.314302 0 24838.8 17663.6 29.8347 0 
0.27 10 10.4242 0 0 12602.4 8879.32 10853.1 18634.9 
0.27 10 9.57578 0 0 12602.4 8879.32 10853.1 -18634.9 
0.275 10.0747 10 0.316446 0 24937 17603.9 30.2014 0 
0.275 10 10.4242 0 0 12660.1 8849.5 10852.7 18621.9 
0.275 10 9.57578 0 0 12660.1 8849.5 10852.7 -18621.9 
0.28 10.0762 10 0.318616 0 25034.5 17542.9 30.5748 0 
0.28 10 10.4242 0 0 12717.8 8818.97 10852.4 18612.3 
0.28 10 9.57578 0 0 12717.8 8818.97 10852.4 -18612.3 
0.285 10.0778 10 0.320814 0 25131.2 17480.3 30.9551 0 
0.285 10 10.4242 0 0 12775.4 8787.7 10852.1 18597.4 
0.285 10 9.57578 0 0 12775.4 8787.7 10852.1 -18597.4 
0.29 10.0795 10 0.323039 0 25227.2 17416.3 31.3425 0 
0.29 10 10.4242 0 0 12832.9 8755.71 10851.7 18586 
0.29 10 9.57578 0 0 12832.9 8755.71 10851.7 -18586 
0.295 10.0811 10 0.325292 0 25322.3 17350.9 31.7375 0 
0.295 10 10.4242 0 0 12890.3 8722.97 10851.4 18569.2 
0.295 10 9.57578 0 0 12890.3 8722.97 10851.4 -18569.2 
0.3 10.0827 10 0.327573 0 25416.5 17283.9 32.1401 0 
0.3 10 10.4242 0 0 12947.5 8689.49 10851 18555.9 
0.3 10 9.57578 0 0 12947.5 8689.49 10851 -18555.9 
0.305 10.0844 10 0.329883 0 25509.8 17215.4 32.5508 0 
0.305 10 10.4242 0 0 13004.6 8655.25 10850.6 18537.1 
0.305 10 9.57578 0 0 13004.6 8655.25 10850.6 -18537.1 
0.31 10.086 10 0.332223 0 25602.2 17145.5 32.9699 0 
0.31 10 10.4242 0 0 13061.5 8620.27 10850.3 18521.9 
0.31 10 9.57578 0 0 13061.5 8620.27 10850.3 -18521.9 
0.315 10.0877 10 0.334593 0 25693.6 17074 33.3976 0 
0.315 10 10.4242 0 0 13118.3 8584.52 10849.9 18501.2 
0.315 10 9.57578 0 0 13118.3 8584.52 10849.9 -18501.2 
0.32 10.0894 10 0.336994 0 25783.9 17000.9 33.8343 0 
0.32 10 10.4242 0 0 13174.8 8548 10849.5 18483.9 
0.32 10 9.57578 0 0 13174.8 8548 10849.5 -18483.9 
0.325 10.091 10 0.339427 0 25873.2 16926.4 34.2804 0 
0.325 10 10.4242 0 0 13231.2 8510.71 10849.1 18461.2 
0.325 10 9.57578 0 0 13231.2 8510.71 10849.1 -18461.2 
0.33 10.0927 10 0.341892 0 25961.3 16850.2 34.7363 0 
0.33 10 10.4242 0 0 13287.3 8472.65 10848.7 18442 
0.33 10 9.57578 0 0 13287.3 8472.65 10848.7 -18442 
0.335 10.0945 10 0.34439 0 26048.3 16772.6 35.2024 0 
0.335 10 10.4242 0 0 13343.1 8433.81 10848.3 18417.3 
0.335 10 9.57578 0 0 13343.1 8433.81 10848.3 -18417.3 
0.34 10.0962 10 0.346921 0 26134.1 16693.3 35.6791 0 
0.34 10 10.4242 0 0 13398.7 8394.18 10847.9 18396 
0.34 10 9.57578 0 0 13398.7 8394.18 10847.9 -18396 
0.345 10.0979 10 0.349487 0 26218.6 16612.5 36.1668 0 
0.345 10 10.4242 0 0 13454.1 8353.77 10847.5 18369.3 
0.345 10 9.57578 0 0 13454.1 8353.77 10847.5 -18369.3 
0.35 10.0997 10 0.352088 0 26301.8 16530.1 36.6661 0 
0.35 10 10.4242 0 0 13509.1 8312.56 10847 18345.9 
0.35 10 9.57578 0 0 13509.1 8312.56 10847 -18345.9 
0.355 10.1015 10 0.354725 0 26383.6 16446.1 37.1774 0 
0.355 10 10.4242 0 0 13563.8 8270.56 10846.6 18317.1 
0.355 10 9.57578 0 0 13563.8 8270.56 10846.6 -18317.1 
0.36 10.1032 10 0.357399 0 26464.1 16360.4 37.7013 0 
0.36 10 10.4242 0 0 13618.2 8227.76 10846.1 18291.7 
0.36 10 9.57578 0 0 13618.2 8227.76 10846.1 -18291.7 
0.365 10.105 10 0.360111 0 26543.1 16273.2 38.2383 0 
0.365 10 10.4242 0 0 13672.2 8184.15 10845.7 18260.7 
0.365 10 9.57578 0 0 13672.2 8184.15 10845.7 -18260.7 
0.37 10.1068 10 0.362862 0 26620.7 16184.4 38.7891 0 
0.37 10 10.4242 0 0 13725.9 8139.74 10845.2 18233.2 
0.37 10 9.57578 0 0 13725.9 8139.74 10845.2 -18233.2 
0.375 10.1087 10 0.365653 0 26696.7 16094 39.3543 0 
0.375 10 10.4242 0 0 13779.2 8094.51 10844.7 18200.1 
0.375 10 9.57578 0 0 13779.2 8094.51 10844.7 -18200.1 
0.38 10.1105 10 0.368485 0 26771.1 16001.9 39.9345 0 
0.38 10 10.4242 0 0 13832.1 8048.48 10844.2 18170.4 
0.38 10 9.57578 0 0 13832.1 8048.48 10844.2 -18170.4 
0.385 10.1123 10 0.371358 0 26843.8 15908.2 40.5306 0 
0.385 10 10.4242 0 0 13884.6 8001.63 10843.7 18135.2 
0.385 10 9.57578 0 0 13884.6 8001.63 10843.7 -18135.2 
0.39 10.1142 10 0.374275 0 26914.9 15812.8 41.1431 0 
0.39 10 10.4242 0 0 13936.6 7953.96 10843.2 18103.3 
0.39 10 9.57578 0 0 13936.6 7953.96 10843.2 -18103.3 
0.395 10.1161 10 0.377236 0 26984.3 15715.9 41.773 0 
0.395 10 10.4242 0 0 13988.2 7905.47 10842.7 18065.9 
0.395 10 9.57578 0 0 13988.2 7905.47 10842.7 -18065.9 
0.4 10.118 10 0.380243 0 27051.9 15617.3 42.421 0 
0.4 10 10.4242 0 0 14039.3 7856.16 10842.2 18031.9 
0.4 10 9.57578 0 0 14039.3 7856.16 10842.2 -18031.9 
0.405 10.1199 10 0.383297 0 27117.6 15517 43.0882 0 
0.405 10 10.4242 0 0 14089.8 7806.03 10841.6 17992.3 
0.405 10 9.57578 0 0 14089.8 7806.03 10841.6 -17992.3 
0.41 10.1218 10 0.386399 0 27181.5 15415.1 43.7754 0 
0.41 10 10.4242 0 0 14139.9 7755.07 10841.1 17956.1 
0.41 10 9.57578 0 0 14139.9 7755.07 10841.1 -17956.1 
0.415 10.1237 10 0.389551 0 27243.5 15311.5 44.4836 0 
0.415 10 10.4242 0 0 14189.5 7703.29 10840.5 17914.3 
0.415 10 9.57578 0 0 14189.5 7703.29 10840.5 -17914.3 
0.42 10.1257 10 0.392754 0 27303.4 15206.3 45.2141 0 
0.42 10 10.4242 0 0 14238.5 7650.68 10839.9 17875.8 
0.42 10 9.57578 0 0 14238.5 7650.68 10839.9 -17875.8 
0.425 10.1277 10 0.396011 0 27361.4 15099.4 45.9678 0 
0.425 10 10.4242 0 0 14286.9 7597.24 10839.3 17831.8 
0.425 10 9.57578 0 0 14286.9 7597.24 10839.3 -17831.8 
0.43 10.1297 10 0.399322 0 27417.3 14990.9 46.7462 0 
0.43 10 10.4242 0 0 14334.7 7542.97 10838.7 17791.2 
0.43 10 9.57578 0 0 14334.7 7542.97 10838.7 -17791.2 
0.435 10.1317 10 0.402689 0 27471 14880.7 47.5504 0 
0.435 10 10.4242 0 0 14381.9 7487.88 10838 17744.9 
0.435 10 9.57578 0 0 14381.9 7487.88 10838 -17744.9 
0.44 10.1337 10 0.406115 0 27522.5 14768.8 48.3819 0 
0.44 10 10.4242 0 0 14428.5 7431.95 10837.4 17702 
0.44 10 9.57578 0 0 14428.5 7431.95 10837.4 -17702 
0.445 10.1357 10 0.409602 0 27571.9 14655.3 49.2422 0 
0.445 10 10.4242 0 0 14474.4 7375.2 10836.7 17653.5 
0.445 10 9.57578 0 0 14474.4 7375.2 10836.7 -17653.5 
0.45 10.1378 10 0.413151 0 27618.9 14540.2 50.1329 0 
0.45 10 10.4242 0 0 14519.6 7317.62 10836 17608.4 
0.45 10 9.57578 0 0 14519.6 7317.62 10836 -17608.4 
0.455 10.1399 10 0.416764 0 27663.6 14423.4 51.0557 0 
0.455 10 10.4242 0 0 14564.1 7259.22 10835.3 17557.7 
0.455 10 9.57578 0 0 14564.1 7259.22 10835.3 -17557.7 
0.46 10.142 10 0.420445 0 27705.9 14304.9 52.0125 0 
0.46 10 10.4242 0 0 14608 7199.99 10834.6 17510.4 
0.46 10 9.57578 0 0 14608 7199.99 10834.6 -17510.4 
0.465 10.1441 10 0.424196 0 27745.8 14184.8 53.0052 0 
0.465 10 10.4242 0 0 14651.1 7139.93 10833.8 17457.4 
0.465 10 9.57578 0 0 14651.1 7139.93 10833.8 -17457.4 
0.47 10.1462 10 0.428018 0 27783.2 14063 54.0359 0 
0.47 10 10.4242 0 0 14693.4 7079.06 10833 17407.8 
0.47 10 9.57578 0 0 14693.4 7079.06 10833 -17407.8 
0.475 10.1483 10 0.431916 0 27818.1 13939.6 55.1069 0 
0.475 10 10.4242 0 0 14734.9 7017.36 10832.2 17352.6 
0.475 10 9.57578 0 0 14734.9 7017.36 10832.2 -17352.6 
0.48 10.1505 10 0.435892 0 27850.3 13814.6 56.2207 0 
0.48 10 10.4242 0 0 14775.7 6954.84 10831.4 17300.8 
0.48 10 9.57578 0 0 14775.7 6954.84 10831.4 -17300.8 
0.485 10.1527 10 0.439949 0 27880 13688 57.3799 0 
0.485 10 10.4242 0 0 14815.6 6891.51 10830.5 17243.4 
0.485 10 9.57578 0 0 14815.6 6891.51 10830.5 -17243.4 
0.49 10.1549 10 0.44409 0 27906.9 13559.7 58.5873 0 
0.49 10 10.4242 0 0 14854.7 6827.37 10829.6 17189.4 
0.49 10 9.57578 0 0 14854.7 6827.37 10829.6 -17189.4 
0.495 10.1571 10 0.448319 0 27931.1 13429.8 59.8458 0 
0.495 10 10.4242 0 0 14893 6762.42 10828.7 17129.7 
0.495 10 9.57578 0 0 14893 6762.42 10828.7 -17129.7 
0.5 10.1594 10 0.452641 0 27952.6 13298.2 61.1589 0 
0.5 10 10.4242 0 0 14930.3 6696.65 10827.7 17073.5 
0.5 10 9.57578 0 0 14930.3 6696.65 10827.7 -17073.5 
0.505 10.1617 10 0.457058 0 27971.2 13165.1 62.53 0 
0.505 10 10.4242 0 0 14966.8 6630.09 10826.7 17011.7 
0.505 10 9.57578 0 0 14966.8 6630.09 10826.7 -17011.7 
0.51 10.164 10 0.461575 0 27986.9 13030.4 63.9631 0 
0.51 10 10.4242 0 0 15002.4 6562.73 10825.7 16953.2 
0.51 10 9.57578 0 0 15002.4 6562.73 10825.7 -16953.2 
0.515 10.1663 10 0.466197 0 27999.6 12894.1 65.4621 0 
0.515 10 10.4242 0 0 15037 6494.57 10824.6 16889.3 
0.515 10 9.57578 0 0 15037 6494.57 10824.6 -16889.3 
0.52 10.1686 10 0.470928 0 28009.4 12756.2 67.0317 0 
0.52 10 10.4242 0 0 15070.6 6425.62 10823.5 16828.6 
0.52 10 9.57578 0 0 15070.6 6425.62 10823.5 -16828.6 
0.525 10.171 10 0.475775 0 28016.1 12616.7 68.6766 0 
0.525 10 10.4242 0 0 15103.3 6355.88 10822.4 16762.5 
0.525 10 9.57578 0 0 15103.3 6355.88 10822.4 -16762.5 
0.53 10.1734 10 0.480741 0 28019.7 12475.6 70.4023 0 
0.53 10 10.4242 0 0 15134.9 6285.36 10821.1 16699.7 
0.53 10 9.57578 0 0 15134.9 6285.36 10821.1 -16699.7 
0.535 10.1758 10 0.485834 0 28020.2 12333 72.2144 0 
0.535 10 10.4242 0 0 15165.6 6214.06 10819.9 16631.5 
0.535 10 9.57578 0 0 15165.6 6214.06 10819.9 -16631.5 
0.54 10.1782 10 0.49106 0 28017.5 12188.9 74.1193 0 
0.54 10 10.4242 0 0 15195.2 6141.99 10818.6 16566.6 
0.54 10 9.57578 0 0 15195.2 6141.99 10818.6 -16566.6 
0.545 10.1807 10 0.496425 0 28011.6 12043.2 76.1239 0 
0.545 10 10.4242 0 0 15223.7 6069.15 10817.2 16496.2 
0.545 10 9.57578 0 0 15223.7 6069.15 10817.2 -16496.2 
0.55 10.1832 10 0.501937 0 28002.4 11896 78.2356 0 
0.55 10 10.4242 0 0 15251.2 5995.54 10815.7 16429.2 
0.55 10 9.57578 0 0 15251.2 5995.54 10815.7 -16429.2 
0.555 10.1857 10 0.507604 0 27989.8 11747.3 80.4627 0 
0.555 10 10.4242 0 0 15277.5 5921.18 10814.2 16356.8 
0.555 10 9.57578 0 0 15277.5 5921.18 10814.2 -16356.8 
0.56 10.1883 10 0.513435 0 27973.9 11597.1 82.8143 0 
0.56 10 10.4242 0 0 15302.8 5846.07 10812.7 16287.8 
0.56 10 9.57578 0 0 15302.8 5846.07 10812.7 -16287.8 
0.565 10.1909 10 0.519438 0 27954.4 11445.4 85.3003 0 
0.565 10 10.4242 0 0 15326.9 5770.21 10811 16213.3 
0.565 10 9.57578 0 0 15326.9 5770.21 10811 -16213.3 
0.57 10.1935 10 0.525624 0 27931.5 11292.2 87.9315 0 
0.57 10 10.4242 0 0 15349.8 5693.61 10809.2 16142.2 
0.57 10 9.57578 0 0 15349.8 5693.61 10809.2 -16142.2 
0.575 10.1961 10 0.532004 0 27905.1 11137.5 90.7202 0 
0.575 10 10.4242 0 0 15371.5 5616.27 10807.4 16065.7 
0.575 10 9.57578 0 0 15371.5 5616.27 10807.4 -16065.7 
0.58 10.1988 10 0.538588 0 27875 10981.3 93.6797 0 
0.58 10 10.4242 0 0 15392.1 5538.21 10805.5 15992.7 
0.58 10 9.57578 0 0 15392.1 5538.21 10805.5 -15992.7 
0.585 10.2015 10 0.545391 0 27841.3 10823.8 96.8248 0 
0.585 10 10.4242 0 0 15411.4 5459.42 10803.4 15914.3 
0.585 10 9.57578 0 0 15411.4 5459.42 10803.4 -15914.3 
0.59 10.2043 10 0.552425 0 27803.8 10664.7 100.172 0 
0.59 10 10.4242 0 0 15429.5 5379.9 10801.2 15839.4 
0.59 10 9.57578 0 0 15429.5 5379.9 10801.2 -15839.4 
0.595 10.207 10 0.559706 0 27762.6 10504.3 103.74 0 
0.595 10 10.4242 0 0 15446.3 5299.68 10798.9 15759 
0.595 10 9.57578 0 0 15446.3 5299.68 10798.9 -15759 
0.6 10.2099 10 0.567251 0 27717.5 10342.4 107.548 0 
0.6 10 10.4242 0 0 15461.8 5218.74 10796.5 15682.2 
0.6 10 9.57578 0 0 15461.8 5218.74 10796.5 -15682.2 
0.605 10.2127 10 0.575077 0 27668.5 10179.1 111.621 0 
0.605 10 10.4242 0 0 15475.9 5137.1 10793.9 15599.9 
0.605 10 9.57578 0 0 15475.9 5137.1 10793.9 -15599.9 
0.61 10.2156 10 0.583203 0 27615.5 10014.4 115.983 0 
0.61 10 10.4242 0 0 15488.8 5054.75 10791.2 15521.2 
0.61 10 9.57578 0 0 15488.8 5054.75 10791.2 -15521.2 
0.615 10.2185 10 0.591653 0 27558.5 9848.35 120.664 0 
0.615 10 10.4242 0 0 15500.3 4971.71 10788.3 15437.2 
0.615 10 9.57578 0 0 15500.3 4971.71 10788.3 -15437.2 
0.62 10.2215 10 0.60045 0 27497.3 9680.87 125.696 0 
0.62 10 10.4242 0 0 15510.3 4887.97 10785.1 15356.6 
0.62 10 9.57578 0 0 15510.3 4887.97 10785.1 -15356.6 
0.625 10.2246 10 0.609619 0 27432 9512.02 131.117 0 
0.625 10 10.4242 0 0 15519 4803.54 10781.8 15270.8 
0.625 10 9.57578 0 0 15519 4803.54 10781.8 -15270.8 
0.63 10.2276 10 0.619191 0 27362.3 9341.78 136.969 0 
0.63 10 10.4242 0 0 15526.1 4718.42 10778.2 15188.5 
0.63 10 9.57578 0 0 15526.1 4718.42 10778.2 -15188.5 
0.635 10.2307 10 0.629197 0 27288.2 9170.16 143.3 0 
0.635 10 10.4242 0 0 15531.8 4632.61 10774.3 15100.8 
0.635 10 9.57578 0 0 15531.8 4632.61 10774.3 -15100.8 
0.64 10.2339 10 0.639675 0 27209.7 8997.16 150.165 0 
0.64 10 10.4242 0 0 15536 4546.12 10770.1 15016.7 
0.64 10 9.57578 0 0 15536 4546.12 10770.1 -15016.7 
0.645 10.2371 10 0.650664 0 27126.5 8822.79 157.629 0 
0.645 10 10.4242 0 0 15538.5 4458.93 10765.6 14927.3 
0.645 10 9.57578 0 0 15538.5 4458.93 10765.6 -14927.3 
0.65 10.2404 10 0.662209 0 27038.5 8647.02 165.764 0 
0.65 10 10.4242 0 0 15539.5 4371.05 10760.8 14841.5 
0.65 10 9.57578 0 0 15539.5 4371.05 10760.8 -14841.5 
0.655 10.2438 10 0.674362 0 26945.7 8469.87 174.656 0 
0.655 10 10.4242 0 0 15538.7 4282.47 10755.5 14750.3 
0.655 10 9.57578 0 0 15538.7 4282.47 10755.5 -14750.3 
0.66 10.2472 10 0.687181 0 26847.8 8291.3 184.405 0 
0.66 10 10.4242 0 0 15536.2 4193.19 10749.7 14662.6 
0.66 10 9.57578 0 0 15536.2 4193.19 10749.7 -14662.6 
0.665 10.2506 10 0.700729 0 26744.6 8111.32 195.126 0 
0.665 10 10.4242 0 0 15531.8 4103.19 10743.4 14569.6 
0.665 10 9.57578 0 0 15531.8 4103.19 10743.4 -14569.6 
0.67 10.2542 10 0.715082 0 26636 7929.9 206.959 0 
0.67 10 10.4242 0 0 15525.5 4012.48 10736.5 14480.1 
0.67 10 9.57578 0 0 15525.5 4012.48 10736.5 -14480.1 
0.675 10.2578 10 0.730325 0 26521.6 7747.01 220.065 0 
0.675 10 10.4242 0 0 15517.2 3921.04 10728.8 14385.1 
0.675 10 9.57578 0 0 15517.2 3921.04 10728.8 -14385.1 
0.68 10.2615 10 0.746555 0 26401.3 7562.61 234.641 0 
0.68 10 10.4242 0 0 15506.8 3828.84 10720.4 14293.6 
0.68 10 9.57578 0 0 15506.8 3828.84 10720.4 -14293.6 
0.685 10.2653 10 0.763885 0 26274.6 7376.68 250.92 0 
0.685 10 10.4242 0 0 15494.1 3735.88 10711.1 14196.5 
0.685 10 9.57578 0 0 15494.1 3735.88 10711.1 -14196.5 
0.69 10.2691 10 0.782448 0 26141.2 7189.16 269.185 0 
0.69 10 10.4242 0 0 15478.8 3642.12 10700.6 14102.7 
0.69 10 9.57578 0 0 15478.8 3642.12 10700.6 -14102.7 
0.695 10.2731 10 0.802396 0 26000.5 7000 289.785 0 
0.695 10 10.4242 0 0 15460.9 3547.53 10688.9 14003.1 
0.695 10 9.57578 0 0 15460.9 3547.53 10688.9 -14003.1 
0.7 10.2771 10 0.823911 0 25852.1 6809.11 313.144 0 
0.7 10 10.4242 0 0 15440 3452.09 10675.8 13906.6 
0.7 10 9.57578 0 0 15440 3452.09 10675.8 -13906.6 
0.705 10.2813 10 0.847209 0 25695.1 6616.42 339.793 0 
0.705 10 10.4242 0 0 15415.9 3355.74 10660.8 13804 
0.705 10 9.57578 0 0 15415.9 3355.74 10660.8 -13804 
0.71 10.2856 10 0.872547 0 25528.7 6421.82 370.399 0 
0.71 10 10.4242 0 0 15387.9 3258.44 10643.7 13704 
0.71 10 9.57578 0 0 15387.9 3258.44 10643.7 -13704 
0.715 10.2901 10 0.900237 0 25352 6225.19 405.808 0 
0.715 10 10.4242 0 0 15355.7 3160.13 10624.1 13597.3 
0.715 10 9.57578 0 0 15355.7 3160.13 10624.1 -13597.3 
0.72 10.2946 10 0.93066 0 25163.3 6026.38 447.106 0 
0.72 10 10.4242 0 0 15318.5 3060.73 10601.3 13492.5 
0.72 10 9.57578 0 0 15318.5 3060.73 10601.3 -13492.5 
0.725 10.2994 10 0.964283 0 24961.2 5825.21 495.715 0 
0.725 10 10.4242 0 0 15275.3 2960.14 10574.6 13380.1 
0.725 10 9.57578 0 0 15275.3 2960.14 10574.6 -13380.1 
0.73 10.3043 10 1.00169 0 24743.1 5621.46 553.512 0 
0.73 10 10.4242 0 0 15224.9 2858.27 10543.1 13268.1 
0.73 10 9.57578 0 0 15224.9 2858.27 10543.1 -13268.1 
0.735 10.3094 10 1.04363 0 24506.3 5414.87 623.027 0 
0.735 10 10.4242 0 0 15165.7 2754.97 10505.4 13146.7 
0.735 10 9.57578 0 0 15165.7 2754.97 10505.4 -13146.7 
0.74 10.3147 10 1.09106 0 24246.5 5205.1 707.732 0 
0.74 10 10.4242 0 0 15095.3 2650.08 10459.8 13023.1 
0.74 10 9.57578 0 0 15095.3 2650.08 10459.8 -13023.1 
0.745 10.3203 10 1.14522 0 23958.2 4991.75 812.498 0 
0.745 10 10.4242 0 0 15010.3 2543.41 10403.6 12886.4 
0.745 10 9.57578 0 0 15010.3 2543.41 10403.6 -12886.4 
0.75 10.3262 10 1.20777 0 23633.5 4774.32 944.321 0 
0.75 10 10.4242 0 0 14906.2 2434.69 10333.3 12742.3 
0.75 10 9.57578 0 0 14906.2 2434.69 10333.3 -12742.3 
0.755 10.3324 10 1.281 0 23260.9 4552.15 1113.54 0 
0.755 10 10.4242 0 0 14775.6 2323.61 10243.6 12577.2 
0.755 10 9.57578 0 0 14775.6 2323.61 10243.6 -12577.2 
0.76 10.339 10 1.36811 0 22823 4324.43 1335.95 0 
0.76 10 10.4242 0 0 14607.9 2209.75 10126.3 12392.5 
0.76 10 9.57578 0 0 14607.9 2209.75 10126.3 -12392.5 
0.765 10.3461 10 1.4737 0 22292.7 4090.05 1636.55 0 
0.765 10 10.4242 0 0 14385.6 2092.56 9968.57 12167.7 
0.765 10 9.57578 0 0 14385.6 2092.56 9968.57 -12167.7 
0.77 10.3538 10 1.60473 0 21625.7 3847.56 2056.81 0 
0.77 10 10.4242 0 0 14079.8 1971.31 9749.28 11891.6 
0.77 10 9.57578 0 0 14079.8 1971.31 9749.28 -11891.6 
0.775 10.3622 10 1.77206 0 20745.2 3594.94 2669.18 0 
0.775 10 10.4242 0 0 13639.4 1845 9431.38 11519.8 
0.775 10 9.57578 0 0 13639.4 1845 9431.38 -11519.8 
0.78 10.3716 10 1.99373 0 19509.8 3329.33 3608.79 0 
0.78 10 10.4242 0 0 12968.4 1712.2 8946.06 10994 
0.78 10 9.57578 0 0 12968.4 1712.2 8946.06 -10994 
0.785 10.3823 10 2.30166 0 17636.2 3046.49 5148.74 0 
0.785 10 10.4242 0 0 11870.6 1570.78 8154.54 10165.9 
0.785 10 9.57578 0 0 11870.6 1570.78 8154.54 -10165.9 
0.79 10.3949 10 2.75747 0 14495.2 2739.82 7900.48 0 
0.79 10 10.4242 0 0 9901.48 1417.44 6746.78 8724.54 
0.79 10 9.57578 0 0 9901.48 1417.44 6746.78 -8724.54 
0.795 10.4103 10 3.49437 0 8486.28 2398.41 13430.1 0 
0.795 10 10.4242 0 0 5903.35 1246.74 3930.4 5815.28 
0.795 10 9.57578 0 0 5903.35 1246.74 3930.4 -5815.28 
0.8 10.4308 10 4.79789 0 0 2003.39 21279.2 0 
0.8 10 10.4242 0 0 0 1049.23 -85.3437 1414.43 
0.8 10 9.57578 0 0 0 1049.23 -85.3437 -1414.43 
0.805 10.4585 10 6.29157 0 0 1558.82 20536.2 0 
0.805 10 10.4242 0 0 0 826.945 181.58 1085.08 
0.805 10 9.57578 0 0 0 826.945 181.58 -1085.08 
0.81 10.4936 10 7.73143 0 0 1123.67 19784.2 0 
0.81 10 10.4242 0 0 0 609.371 456.821 779.863 
0.81 10 9.57578 0 0 0 609.371 456.821 -779.863 
0.815 10.5358 10 9.11926 0 0 748.367 19089.4 0 
0.815 10 10.4242 0 0 0 421.718 707.033 525.205 
0.815 10 9.57578 0 0 0 421.718 707.033 -525.205 
0.82 10.5847 10 10.4609 0 0 459.442 18496.6 0 
0.82 10 10.4242 0 0 0 277.255 909.51 343.879 
0.82 10 9.57578 0 0 0 277.255 909.51 -343.879 
0.825 10.6403 10 11.7645 0 0 259.569 18021 0 
0.825 10 10.4242 0 0 0 177.318 1056.06 222.479 
0.825 10 9.57578 0 0 0 177.318 1056.06 -222.479 
