0 10 10 0 0 0 21220.7 21400 4.88581e-09 
0 10 10.4158 0 0 0 10669 1400 20110.6 
0 10 9.58421 0 0 0 10669 1400 -20110.6 
0 10.001 10 0.242137 3.4767e-13 21409.3 21220.3 55.3018 4.83354e-09 
0 10 10.4158 0 0 10704.7 10668.8 12055.4 20136.5 
0 10 9.58421 0 0 10704.7 10668.8 12055.4 -20136.5 
0.005 10.0022 10 0.243879 6.92127e-13 21562.3 21219.1 18.7975 4.79987e-09 
0.005 10 10.4158 0 0 10781.3 10668.2 12073.5 20164.5 
0.005 10 9.58421 0 0 10781.3 10668.2 12073.5 -20164.5 
0.01 10.0035 10 0.245226 1.03329e-12 21679.5 21216.8 18.9604 4.73755e-09 
0.01 10 10.4158 0 0 10840.1 10667.1 12073.4 20196.5 
0.01 10 9.58421 0 0 10840.1 10667.1 12073.4 -20196.5 
0.015 10.0047 10 0.246588 1.37088e-12 21797.3 21213.6 19.1883 4.69757e-09 
0.015 10 10.4158 0 0 10899.3 10665.5 12073.1 20223.3 
0.015 10 9.58421 0 0 10899.3 10665.5 12073.1 -20223.3 
0.02 10.0059 10 0.247967 1.70452e-12 21915.6 21209.5 19.4187 4.65449e-09 
0.02 10 10.4158 0 0 10958.9 10663.4 12072.9 20254.2 
0.02 10 9.58421 0 0 10958.9 10663.4 12072.9 -20254.2 
0.025 10.0072 10 0.249363 2.03379e-12 22034.5 21204.3 19.6516 4.57202e-09 
0.025 10 10.4158 0 0 11018.9 10660.8 12072.7 20279.8 
0.025 10 9.58421 0 0 11018.9 10660.8 12072.7 -20279.8 
0.03 10.0084 10 0.250775 2.35806e-12 22154 21198.1 19.887 4.50115e-09 
0.03 10 10.4158 0 0 11079.3 10657.7 12072.5 20309.5 
0.03 10 9.58421 0 0 11079.3 10657.7 12072.5 -20309.5 
0.035 10.0097 10 0.252204 2.67666e-12 22274 21190.8 20.1249 4.41289e-09 
0.035 10 10.4158 0 0 11140 10654.1 12072.3 20333.9 
0.035 10 9.58421 0 0 11140 10654.1 12072.3 -20333.9 
0.04 10.0109 10 0.25365 2.98886e-12 22394.5 21182.5 20.3653 4.31825e-09 
0.04 10 10.4158 0 0 11201.1 10649.9 12072.1 20362.4 
0.04 10 9.58421 0 0 11201.1 10649.9 12072.1 -20362.4 
0.045 10.0122 10 0.255113 3.29374e-12 22515.5 21173.1 20.6084 4.20645e-09 
0.045 10 10.4158 0 0 11262.6 10645.3 12071.8 20385.6 
0.045 10 9.58421 0 0 11262.6 10645.3 12071.8 -20385.6 
0.05 10.0135 10 0.256594 3.59044e-12 22637.1 21162.7 20.8542 4.08487e-09 
0.05 10 10.4158 0 0 11324.5 10640 12071.6 20412.8 
0.05 10 9.58421 0 0 11324.5 10640 12071.6 -20412.8 
0.055 10.0148 10 0.258092 3.87785e-12 22759.1 21151.1 21.1026 3.94641e-09 
0.055 10 10.4158 0 0 11386.7 10634.2 12071.4 20434.6 
0.055 10 9.58421 0 0 11386.7 10634.2 12071.4 -20434.6 
0.06 10.0161 10 0.259609 4.15496e-12 22881.5 21138.4 21.3539 3.79483e-09 
0.06 10 10.4158 0 0 11449.3 10627.9 12071.2 20460.5 
0.06 10 9.58421 0 0 11449.3 10627.9 12071.2 -20460.5 
0.065 10.0174 10 0.261143 4.42059e-12 23004.4 21124.6 21.6079 3.63759e-09 
0.065 10 10.4158 0 0 11512.2 10621 12070.9 20481.1 
0.065 10 9.58421 0 0 11512.2 10621 12070.9 -20481.1 
0.07 10.0187 10 0.262696 4.67357e-12 23127.7 21109.7 21.8648 3.45301e-09 
0.07 10 10.4158 0 0 11575.5 10613.5 12070.7 20505.6 
0.07 10 9.58421 0 0 11575.5 10613.5 12070.7 -20505.6 
0.075 10.02 10 0.264267 4.91271e-12 23251.5 21093.5 22.1247 3.24855e-09 
0.075 10 10.4158 0 0 11639.2 10605.4 12070.4 20524.7 
0.075 10 9.58421 0 0 11639.2 10605.4 12070.4 -20524.7 
0.08 10.0213 10 0.265856 5.13682e-12 23375.6 21076.2 22.3875 3.01708e-09 
0.08 10 10.4158 0 0 11703.1 10596.8 12070.2 20547.8 
0.08 10 9.58421 0 0 11703.1 10596.8 12070.2 -20547.8 
0.085 10.0227 10 0.267465 5.34467e-12 23500 21057.6 22.6534 2.79153e-09 
0.085 10 10.4158 0 0 11767.5 10587.5 12069.9 20565.6 
0.085 10 9.58421 0 0 11767.5 10587.5 12069.9 -20565.6 
0.09 10.024 10 0.269093 5.53516e-12 23624.8 21037.8 22.9224 2.54294e-09 
0.09 10 10.4158 0 0 11832.1 10577.6 12069.7 20587.2 
0.09 10 9.58421 0 0 11832.1 10577.6 12069.7 -20587.2 
0.095 10.0254 10 0.27074 5.70712e-12 23750 21016.8 23.1946 2.28239e-09 
0.095 10 10.4158 0 0 11897 10567.1 12069.4 20603.5 
0.095 10 9.58421 0 0 11897 10567.1 12069.4 -20603.5 
0.1 10.0267 10 0.272406 5.85956e-12 23875.4 20994.6 23.47 2.00275e-09 
0.1 10 10.4158 0 0 11962.3 10556 12069.2 20623.7 
0.1 10 9.58421 0 0 11962.3 10556 12069.2 -20623.7 
0.105 10.0281 10 0.274093 5.99149e-12 24001.1 20971 23.7487 1.68597e-09 
0.105 10 10.4158 0 0 12027.9 10544.2 12068.9 20638.4 
0.105 10 9.58421 0 0 12027.9 10544.2 12068.9 -20638.4 
0.11 10.0294 10 0.275799 6.10213e-12 24127 20946.1 24.0307 1.37943e-09 
0.11 10 10.4158 0 0 12093.7 10531.8 12068.7 20657 
0.11 10 9.58421 0 0 12093.7 10531.8 12068.7 -20657 
0.115 10.0308 10 0.277526 6.19082e-12 24253.2 20920 24.3163 1.07234e-09 
0.115 10 10.4158 0 0 12159.9 10518.7 12068.4 20670.2 
0.115 10 9.58421 0 0 12159.9 10518.7 12068.4 -20670.2 
0.12 10.0322 10 0.279273 6.2571e-12 24379.5 20892.5 24.6053 7.61104e-10 
0.12 10 10.4158 0 0 12226.3 10504.9 12068.1 20687.2 
0.12 10 9.58421 0 0 12226.3 10504.9 12068.1 -20687.2 
0.125 10.0336 10 0.281041 6.30054e-12 24506 20863.6 24.898 4.45792e-10 
0.125 10 10.4158 0 0 12293 10490.5 12067.9 20698.7 
0.125 10 9.58421 0 0 12293 10490.5 12067.9 -20698.7 
0.13 10.035 10 0.28283 6.321e-12 24632.7 20833.4 25.1944 1.15506e-10 
0.13 10 10.4158 0 0 12360 10475.4 12067.6 20714.1 
0.13 10 9.58421 0 0 12360 10475.4 12067.6 -20714.1 
0.135 10.0365 10 0.28464 6.31862e-12 24759.4 20801.8 25.4945 -1.89755e-10 
0.135 10 10.4158 0 0 12427.2 10459.6 12067.3 20724 
0.135 10 9.58421 0 0 12427.2 10459.6 12067.3 -20724 
0.14 10.0379 10 0.286472 6.29363e-12 24886.3 20768.7 25.7985 -4.95487e-10 
0.14 10 10.4158 0 0 12494.7 10443.1 12067 20737.6 
0.14 10 9.58421 0 0 12494.7 10443.1 12067 -20737.6 
0.145 10.0393 10 0.288326 6.24648e-12 25013.1 20734.3 26.1065 -7.98118e-10 
0.145 10 10.4158 0 0 12562.4 10425.8 12066.8 20745.8 
0.145 10 9.58421 0 0 12562.4 10425.8 12066.8 -20745.8 
0.15 10.0408 10 0.290201 6.17798e-12 25140 20698.4 26.4185 -1.10867e-09 
0.15 10 10.4158 0 0 12630.3 10407.9 12066.5 20757.7 
0.15 10 9.58421 0 0 12630.3 10407.9 12066.5 -20757.7 
0.155 10.0422 10 0.2921 6.08902e-12 25266.9 20661 26.7347 -1.38362e-09 
0.155 10 10.4158 0 0 12698.4 10389.2 12066.2 20764.1 
0.155 10 9.58421 0 0 12698.4 10389.2 12066.2 -20764.1 
0.16 10.0437 10 0.294021 5.98074e-12 25393.8 20622.2 27.0552 -1.65223e-09 
0.16 10 10.4158 0 0 12766.8 10369.8 12065.9 20774.2 
0.16 10 9.58421 0 0 12766.8 10369.8 12065.9 -20774.2 
0.165 10.0452 10 0.295965 5.85451e-12 25520.5 20581.8 27.38 -1.88922e-09 
0.165 10 10.4158 0 0 12835.3 10349.6 12065.6 20778.7 
0.165 10 9.58421 0 0 12835.3 10349.6 12065.6 -20778.7 
0.17 10.0466 10 0.297932 5.71185e-12 25647.2 20539.9 27.7094 -2.12391e-09 
0.17 10 10.4158 0 0 12904 10328.7 12065.3 20787 
0.17 10 9.58421 0 0 12904 10328.7 12065.3 -20787 
0.175 10.0481 10 0.299923 5.55443e-12 25773.6 20496.5 28.0433 -2.29468e-09 
0.175 10 10.4158 0 0 12972.9 10306.9 12065 20789.7 
0.175 10 9.58421 0 0 12972.9 10306.9 12065 -20789.7 
0.18 10.0496 10 0.301939 5.38408e-12 25899.9 20451.5 28.3821 -2.46728e-09 
0.18 10 10.4158 0 0 13041.9 10284.5 12064.7 20796 
0.18 10 9.58421 0 0 13041.9 10284.5 12064.7 -20796 
0.185 10.0512 10 0.303978 5.20261e-12 26026 20405 28.7257 -2.59467e-09 
0.185 10 10.4158 0 0 13111.1 10261.2 12064.4 20796.8 
0.185 10 9.58421 0 0 13111.1 10261.2 12064.4 -20796.8 
0.19 10.0527 10 0.306042 5.0121e-12 26151.8 20356.9 29.0743 -2.71716e-09 
0.19 10 10.4158 0 0 13180.4 10237.1 12064 20801.2 
0.19 10 9.58421 0 0 13180.4 10237.1 12064 -20801.2 
0.195 10.0542 10 0.308132 4.81446e-12 26277.3 20307.1 29.4281 -2.79499e-09 
0.195 10 10.4158 0 0 13249.9 10212.2 12063.7 20799.9 
0.195 10 9.58421 0 0 13249.9 10212.2 12063.7 -20799.9 
0.2 10.0558 10 0.310247 4.6117e-12 26402.4 20255.7 29.7872 -2.86483e-09 
0.2 10 10.4158 0 0 13319.4 10186.5 12063.4 20802.3 
0.2 10 9.58421 0 0 13319.4 10186.5 12063.4 -20802.3 
0.205 10.0573 10 0.312387 4.4058e-12 26527.1 20202.7 30.1519 -2.90149e-09 
0.205 10 10.4158 0 0 13389 10160 12063.1 20799 
0.205 10 9.58421 0 0 13389 10160 12063.1 -20799 
0.21 10.0589 10 0.314554 4.19863e-12 26651.5 20148 30.5222 -2.89068e-09 
0.21 10 10.4158 0 0 13458.7 10132.7 12062.7 20799.3 
0.21 10 9.58421 0 0 13458.7 10132.7 12062.7 -20799.3 
0.215 10.0605 10 0.316748 3.99193e-12 26775.3 20091.6 30.8983 -2.87265e-09 
0.215 10 10.4158 0 0 13528.5 10104.5 12062.4 20794 
0.215 10 9.58421 0 0 13528.5 10104.5 12062.4 -20794 
0.22 10.0621 10 0.318968 3.78735e-12 26898.6 20033.5 31.2805 -2.8331e-09 
0.22 10 10.4158 0 0 13598.3 10075.4 12062 20792.2 
0.22 10 9.58421 0 0 13598.3 10075.4 12062 -20792.2 
0.225 10.0637 10 0.321216 3.58644e-12 27021.3 19973.7 31.6689 -2.78314e-09 
0.225 10 10.4158 0 0 13668.1 10045.5 12061.7 20784.7 
0.225 10 9.58421 0 0 13668.1 10045.5 12061.7 -20784.7 
0.23 10.0653 10 0.323493 3.39052e-12 27143.5 19912.1 32.0637 -2.70478e-09 
0.23 10 10.4158 0 0 13737.9 10014.7 12061.3 20780.7 
0.23 10 9.58421 0 0 13737.9 10014.7 12061.3 -20780.7 
0.235 10.0669 10 0.325797 3.20072e-12 27264.9 19848.8 32.4652 -2.60909e-09 
0.235 10 10.4158 0 0 13807.8 9983.08 12061 20771 
0.235 10 9.58421 0 0 13807.8 9983.08 12061 -20771 
0.24 10.0685 10 0.328131 3.01802e-12 27385.7 19783.7 32.8735 -2.4962e-09 
0.24 10 10.4158 0 0 13877.6 9950.53 12060.6 20764.9 
0.24 10 9.58421 0 0 13877.6 9950.53 12060.6 -20764.9 
0.245 10.0702 10 0.330493 2.84318e-12 27505.7 19716.8 33.289 -2.37349e-09 
0.245 10 10.4158 0 0 13947.3 9917.1 12060.2 20752.9 
0.245 10 9.58421 0 0 13947.3 9917.1 12060.2 -20752.9 
0.25 10.0718 10 0.332886 2.67669e-12 27624.9 19648.1 33.7119 -2.27378e-09 
0.25 10 10.4158 0 0 14017 9882.75 12059.8 20744.5 
0.25 10 9.58421 0 0 14017 9882.75 12059.8 -20744.5 
0.255 10.0735 10 0.33531 2.51908e-12 27743.2 19577.6 34.1424 -2.13894e-09 
0.255 10 10.4158 0 0 14086.7 9847.5 12059.5 20730.3 
0.255 10 9.58421 0 0 14086.7 9847.5 12059.5 -20730.3 
0.26 10.0752 10 0.337764 2.37057e-12 27860.6 19505.3 34.5808 -2.02356e-09 
0.26 10 10.4158 0 0 14156.2 9811.33 12059.1 20719.5 
0.26 10 9.58421 0 0 14156.2 9811.33 12059.1 -20719.5 
0.265 10.0769 10 0.34025 2.23111e-12 27977.1 19431.1 35.0275 -1.8949e-09 
0.265 10 10.4158 0 0 14225.6 9774.23 12058.7 20702.9 
0.265 10 9.58421 0 0 14225.6 9774.23 12058.7 -20702.9 
0.27 10.0786 10 0.342768 2.10076e-12 28092.5 19355 35.4827 -1.75295e-09 
0.27 10 10.4158 0 0 14294.9 9736.2 12058.3 20689.8 
0.27 10 9.58421 0 0 14294.9 9736.2 12058.3 -20689.8 
0.275 10.0803 10 0.345319 1.97924e-12 28206.8 19277.1 35.9468 -1.63408e-09 
0.275 10 10.4158 0 0 14364.1 9697.22 12057.9 20670.8 
0.275 10 9.58421 0 0 14364.1 9697.22 12057.9 -20670.8 
0.28 10.082 10 0.347904 1.86628e-12 28320 19197.2 36.4202 -1.51276e-09 
0.28 10 10.4158 0 0 14433 9657.29 12057.4 20655.3 
0.28 10 9.58421 0 0 14433 9657.29 12057.4 -20655.3 
0.285 10.0838 10 0.350522 1.76148e-12 28432.1 19115.5 36.9031 -1.42169e-09 
0.285 10 10.4158 0 0 14501.8 9616.41 12057 20633.9 
0.285 10 9.58421 0 0 14501.8 9616.41 12057 -20633.9 
0.29 10.0855 10 0.353176 1.66447e-12 28542.9 19031.8 37.396 -1.30624e-09 
0.29 10 10.4158 0 0 14570.4 9574.56 12056.6 20615.9 
0.29 10 9.58421 0 0 14570.4 9574.56 12056.6 -20615.9 
0.295 10.0873 10 0.355865 1.57474e-12 28652.3 18946.1 37.8994 -1.20273e-09 
0.295 10 10.4158 0 0 14638.7 9531.75 12056.1 20592 
0.295 10 9.58421 0 0 14638.7 9531.75 12056.1 -20592 
0.3 10.0891 10 0.35859 1.49185e-12 28760.5 18858.5 38.4136 -1.13292e-09 
0.3 10 10.4158 0 0 14706.7 9487.96 12055.7 20571.5 
0.3 10 9.58421 0 0 14706.7 9487.96 12055.7 -20571.5 
0.305 10.0909 10 0.361353 1.41525e-12 28867.1 18769 38.9391 -1.04216e-09 
0.305 10 10.4158 0 0 14774.5 9443.18 12055.2 20545.1 
0.305 10 9.58421 0 0 14774.5 9443.18 12055.2 -20545.1 
0.31 10.0927 10 0.364153 1.34444e-12 28972.4 18677.5 39.4764 -9.48569e-10 
0.31 10 10.4158 0 0 14842 9397.42 12054.8 20522 
0.31 10 9.58421 0 0 14842 9397.42 12054.8 -20522 
0.315 10.0945 10 0.366992 1.27896e-12 29076 18583.9 40.026 -8.92107e-10 
0.315 10 10.4158 0 0 14909.1 9350.66 12054.3 20493.1 
0.315 10 9.58421 0 0 14909.1 9350.66 12054.3 -20493.1 
0.32 10.0964 10 0.369871 1.21831e-12 29178.1 18488.4 40.5885 -8.14494e-10 
0.32 10 10.4158 0 0 14975.9 9302.9 12053.8 20467.4 
0.32 10 9.58421 0 0 14975.9 9302.9 12053.8 -20467.4 
0.325 10.0982 10 0.372791 1.16201e-12 29278.5 18390.9 41.1644 -7.66594e-10 
0.325 10 10.4158 0 0 15042.4 9254.14 12053.3 20435.9 
0.325 10 9.58421 0 0 15042.4 9254.14 12053.3 -20435.9 
0.33 10.1001 10 0.375752 1.10973e-12 29377.2 18291.4 41.7544 -7.1198e-10 
0.33 10 10.4158 0 0 15108.4 9204.36 12052.8 20407.6 
0.33 10 9.58421 0 0 15108.4 9204.36 12052.8 -20407.6 
0.335 10.102 10 0.378756 1.06104e-12 29474 18189.8 42.3592 -6.57869e-10 
0.335 10 10.4158 0 0 15174 9153.58 12052.3 20373.4 
0.335 10 9.58421 0 0 15174 9153.58 12052.3 -20373.4 
0.34 10.1039 10 0.381804 1.01562e-12 29569 18086.2 42.9794 -6.00578e-10 
0.34 10 10.4158 0 0 15239.2 9101.77 12051.8 20342.5 
0.34 10 9.58421 0 0 15239.2 9101.77 12051.8 -20342.5 
0.345 10.1058 10 0.384897 9.73138e-13 29662.1 17980.5 43.6157 -5.61888e-10 
0.345 10 10.4158 0 0 15303.8 9048.94 12051.2 20305.6 
0.345 10 9.58421 0 0 15303.8 9048.94 12051.2 -20305.6 
0.35 10.1078 10 0.388035 9.33386e-13 29753.2 17872.8 44.269 -5.39952e-10 
0.35 10 10.4158 0 0 15368 8995.08 12050.7 20272 
0.35 10 9.58421 0 0 15368 8995.08 12050.7 -20272 
0.355 10.1097 10 0.391221 8.96053e-13 29842.2 17763 44.9401 -5.00164e-10 
0.355 10 10.4158 0 0 15431.7 8940.2 12050.1 20232.4 
0.355 10 9.58421 0 0 15431.7 8940.2 12050.1 -20232.4 
0.36 10.1117 10 0.394456 8.60938e-13 29929.2 17651.2 45.6299 -4.71601e-10 
0.36 10 10.4158 0 0 15494.8 8884.28 12049.6 20196.1 
0.36 10 9.58421 0 0 15494.8 8884.28 12049.6 -20196.1 
0.365 10.1136 10 0.39774 8.27823e-13 30013.9 17537.3 46.3392 -4.59689e-10 
0.365 10 10.4158 0 0 15557.4 8827.33 12049 20153.7 
0.365 10 9.58421 0 0 15557.4 8827.33 12049 -20153.7 
0.37 10.1156 10 0.401076 7.96581e-13 30096.3 17421.3 47.0692 -4.13478e-10 
0.37 10 10.4158 0 0 15619.4 8769.34 12048.4 20114.7 
0.37 10 9.58421 0 0 15619.4 8769.34 12048.4 -20114.7 
0.375 10.1177 10 0.404465 7.67035e-13 30176.5 17303.3 47.8209 -4.05703e-10 
0.375 10 10.4158 0 0 15680.7 8710.31 12047.8 20069.6 
0.375 10 9.58421 0 0 15680.7 8710.31 12047.8 -20069.6 
0.38 10.1197 10 0.407908 7.3902e-13 30254.2 17183.1 48.5955 -3.79953e-10 
0.38 10 10.4158 0 0 15741.4 8650.24 12047.1 20027.8 
0.38 10 9.58421 0 0 15741.4 8650.24 12047.1 -20027.8 
0.385 10.1217 10 0.411408 7.1245e-13 30329.5 17060.9 49.3941 -3.65319e-10 
0.385 10 10.4158 0 0 15801.4 8589.13 12046.5 19979.9 
0.385 10 9.58421 0 0 15801.4 8589.13 12046.5 -19979.9 
0.39 10.1238 10 0.414965 6.87218e-13 30402.3 16936.6 50.218 -3.47234e-10 
0.39 10 10.4158 0 0 15860.7 8526.98 12045.8 19935.3 
0.39 10 9.58421 0 0 15860.7 8526.98 12045.8 -19935.3 
0.395 10.1259 10 0.418582 6.63231e-13 30472.5 16810.2 51.0687 -3.27505e-10 
0.395 10 10.4158 0 0 15919.3 8463.78 12045.2 19884.7 
0.395 10 9.58421 0 0 15919.3 8463.78 12045.2 -19884.7 
0.4 10.128 10 0.422261 6.40382e-13 30540 16681.7 51.9476 -3.09754e-10 
0.4 10 10.4158 0 0 15977.1 8399.54 12044.5 19837.3 
0.4 10 9.58421 0 0 15977.1 8399.54 12044.5 -19837.3 
0.405 10.1301 10 0.426004 6.18627e-13 30604.8 16551.1 52.8563 -3.03071e-10 
0.405 10 10.4158 0 0 16034.1 8334.26 12043.7 19783.9 
0.405 10 9.58421 0 0 16034.1 8334.26 12043.7 -19783.9 
0.41 10.1322 10 0.429813 5.97863e-13 30666.8 16418.5 53.7965 -2.80154e-10 
0.41 10 10.4158 0 0 16090.3 8267.94 12043 19733.7 
0.41 10 9.58421 0 0 16090.3 8267.94 12043 -19733.7 
0.415 10.1344 10 0.43369 5.78019e-13 30725.9 16283.8 54.77 -2.61005e-10 
0.415 10 10.4158 0 0 16145.7 8200.57 12042.3 19677.5 
0.415 10 9.58421 0 0 16145.7 8200.57 12042.3 -19677.5 
0.42 10.1366 10 0.437638 5.5909e-13 30782.1 16147 55.7787 -2.56536e-10 
0.42 10 10.4158 0 0 16200.2 8132.17 12041.5 19624.5 
0.42 10 9.58421 0 0 16200.2 8132.17 12041.5 -19624.5 
0.425 10.1388 10 0.441659 5.40993e-13 30835.2 16008.1 56.8248 -2.35812e-10 
0.425 10 10.4158 0 0 16253.8 8062.74 12040.7 19565.5 
0.425 10 9.58421 0 0 16253.8 8062.74 12040.7 -19565.5 
0.43 10.141 10 0.445757 5.23682e-13 30885.3 15867.2 57.9105 -2.46122e-10 
0.43 10 10.4158 0 0 16306.5 7992.27 12039.8 19509.7 
0.43 10 9.58421 0 0 16306.5 7992.27 12039.8 -19509.7 
0.435 10.1432 10 0.449933 5.071e-13 30932.3 15724.2 59.0382 -2.2561e-10 
0.435 10 10.4158 0 0 16358.2 7920.77 12039 19447.9 
0.435 10 9.58421 0 0 16358.2 7920.77 12039 -19447.9 
0.44 10.1455 10 0.454192 4.91249e-13 30976.1 15579.1 60.2104 -2.08839e-10 
0.44 10 10.4158 0 0 16409 7848.25 12038.1 19389.4 
0.44 10 9.58421 0 0 16409 7848.25 12038.1 -19389.4 
0.445 10.1478 10 0.458536 4.76071e-13 31016.5 15432 61.43 -2.08533e-10 
0.445 10 10.4158 0 0 16458.7 7774.7 12037.2 19324.8 
0.445 10 9.58421 0 0 16458.7 7774.7 12037.2 -19324.8 
0.45 10.1501 10 0.462969 4.61496e-13 31053.7 15282.9 62.6999 -1.9376e-10 
0.45 10 10.4158 0 0 16507.4 7700.13 12036.2 19263.4 
0.45 10 9.58421 0 0 16507.4 7700.13 12036.2 -19263.4 
0.455 10.1524 10 0.467494 4.4756e-13 31087.4 15131.7 64.0234 -1.88171e-10 
0.455 10 10.4158 0 0 16555.1 7624.56 12035.3 19196.1 
0.455 10 9.58421 0 0 16555.1 7624.56 12035.3 -19196.1 
0.46 10.1548 10 0.472116 4.34135e-13 31117.7 14978.6 65.404 -1.84472e-10 
0.46 10 10.4158 0 0 16601.7 7547.97 12034.3 19132 
0.46 10 9.58421 0 0 16601.7 7547.97 12034.3 -19132 
0.465 10.1571 10 0.476839 4.21307e-13 31144.4 14823.4 66.8454 -1.71762e-10 
0.465 10 10.4158 0 0 16647.1 7470.38 12033.2 19061.9 
0.465 10 9.58421 0 0 16647.1 7470.38 12033.2 -19061.9 
0.47 10.1595 10 0.481667 4.08972e-13 31167.5 14666.2 68.3518 -1.66397e-10 
0.47 10 10.4158 0 0 16691.5 7391.8 12032.1 18995 
0.47 10 9.58421 0 0 16691.5 7391.8 12032.1 -18995 
0.475 10.162 10 0.486605 3.97122e-13 31187 14507.1 69.9275 -1.66557e-10 
0.475 10 10.4158 0 0 16734.6 7312.23 12031 18922.2 
0.475 10 9.58421 0 0 16734.6 7312.23 12031 -18922.2 
0.48 10.1644 10 0.491659 3.85771e-13 31202.7 14346 71.5774 -1.52235e-10 
0.48 10 10.4158 0 0 16776.6 7231.67 12029.8 18852.7 
0.48 10 9.58421 0 0 16776.6 7231.67 12029.8 -18852.7 
0.485 10.1669 10 0.496833 3.7482e-13 31214.7 14182.9 73.3066 -1.50702e-10 
0.485 10 10.4158 0 0 16817.3 7150.14 12028.6 18777.2 
0.485 10 9.58421 0 0 16817.3 7150.14 12028.6 -18777.2 
0.49 10.1694 10 0.502133 3.64329e-13 31222.7 14017.9 75.1209 -1.51052e-10 
0.49 10 10.4158 0 0 16856.8 7067.64 12027.3 18705 
0.49 10 9.58421 0 0 16856.8 7067.64 12027.3 -18705 
0.495 10.1719 10 0.507566 3.54231e-13 31226.9 13851 77.0263 -1.36905e-10 
0.495 10 10.4158 0 0 16895 6984.19 12026 18626.9 
0.495 10 9.58421 0 0 16895 6984.19 12026 -18626.9 
0.5 10.1744 10 0.513139 3.44538e-13 31227 13682.2 79.0297 -1.33729e-10 
0.5 10 10.4158 0 0 16932 6899.78 12024.6 18552.1 
0.5 10 9.58421 0 0 16932 6899.78 12024.6 -18552.1 
0.505 10.177 10 0.518859 3.35246e-13 31223.2 13511.5 81.1384 -1.26971e-10 
0.505 10 10.4158 0 0 16967.6 6814.43 12023.1 18471.4 
0.505 10 9.58421 0 0 16967.6 6814.43 12023.1 -18471.4 
0.51 10.1796 10 0.524733 3.26327e-13 31215.2 13338.9 83.3605 -1.27542e-10 
0.51 10 10.4158 0 0 17001.8 6728.14 12021.6 18394 
0.51 10 9.58421 0 0 17001.8 6728.14 12021.6 -18394 
0.515 10.1823 10 0.53077 3.17748e-13 31203 13164.5 85.7047 -1.13608e-10 
0.515 10 10.4158 0 0 17034.7 6640.94 12020 18310.8 
0.515 10 9.58421 0 0 17034.7 6640.94 12020 -18310.8 
0.52 10.1849 10 0.53698 3.0949e-13 31186.6 12988.3 88.1808 -1.10632e-10 
0.52 10 10.4158 0 0 17066.2 6552.82 12018.3 18230.9 
0.52 10 9.58421 0 0 17066.2 6552.82 12018.3 -18230.9 
0.525 10.1876 10 0.543371 3.01561e-13 31165.9 12810.2 90.7994 -1.11341e-10 
0.525 10 10.4158 0 0 17096.2 6463.79 12016.6 18145.2 
0.525 10 9.58421 0 0 17096.2 6463.79 12016.6 -18145.2 
0.53 10.1904 10 0.549955 2.93953e-13 31140.8 12630.4 93.5724 -9.9362e-11 
0.53 10 10.4158 0 0 17124.9 6373.87 12014.7 18062.9 
0.53 10 9.58421 0 0 17124.9 6373.87 12014.7 -18062.9 
0.535 10.1931 10 0.556743 2.86655e-13 31111.4 12448.8 96.5125 -9.65213e-11 
0.535 10 10.4158 0 0 17152 6283.07 12012.8 17974.7 
0.535 10 9.58421 0 0 17152 6283.07 12012.8 -17974.7 
0.54 10.1959 10 0.563747 2.79653e-13 31077.4 12265.4 99.6344 -9.5541e-11 
0.54 10 10.4158 0 0 17177.6 6191.39 12010.7 17890 
0.54 10 9.58421 0 0 17177.6 6191.39 12010.7 -17890 
0.545 10.1988 10 0.570981 2.72902e-13 31038.9 12080.3 102.954 -8.73199e-11 
0.545 10 10.4158 0 0 17201.8 6098.85 12008.6 17799.5 
0.545 10 9.58421 0 0 17201.8 6098.85 12008.6 -17799.5 
0.55 10.2017 10 0.578459 2.66461e-13 30995.8 11893.5 106.489 -9.18752e-11 
0.55 10 10.4158 0 0 17224.3 6005.45 12006.3 17712.5 
0.55 10 9.58421 0 0 17224.3 6005.45 12006.3 -17712.5 
0.555 10.2046 10 0.586199 2.60282e-13 30948 11705.1 110.258 -7.282e-11 
0.555 10 10.4158 0 0 17245.3 5911.21 12003.8 17619.8 
0.555 10 9.58421 0 0 17245.3 5911.21 12003.8 -17619.8 
0.56 10.2075 10 0.594217 2.54374e-13 30895.5 11514.9 114.285 -8.1088e-11 
0.56 10 10.4158 0 0 17264.7 5816.14 12001.3 17530.5 
0.56 10 9.58421 0 0 17264.7 5816.14 12001.3 -17530.5 
0.565 10.2105 10 0.602532 2.48732e-13 30838.1 11323.1 118.594 -7.1203e-11 
0.565 10 10.4158 0 0 17282.5 5720.25 11998.5 17435.6 
0.565 10 9.58421 0 0 17282.5 5720.25 11998.5 -17435.6 
0.57 10.2135 10 0.611166 2.43337e-13 30775.8 11129.7 123.213 -7.77236e-11 
0.57 10 10.4158 0 0 17298.6 5623.54 11995.6 17344.2 
0.57 10 9.58421 0 0 17298.6 5623.54 11995.6 -17344.2 
0.575 10.2166 10 0.620142 2.38193e-13 30708.6 10934.7 128.172 -7.51846e-11 
0.575 10 10.4158 0 0 17313.1 5526.03 11992.5 17247.1 
0.575 10 9.58421 0 0 17313.1 5526.03 11992.5 -17247.1 
0.58 10.2197 10 0.629485 2.33262e-13 30636.3 10738.1 133.508 -7.26751e-11 
0.58 10 10.4158 0 0 17325.8 5427.73 11989.2 17153.7 
0.58 10 9.58421 0 0 17325.8 5427.73 11989.2 -17153.7 
0.585 10.2229 10 0.639224 2.28607e-13 30558.9 10539.9 139.26 -7.02044e-11 
0.585 10 10.4158 0 0 17336.8 5328.64 11985.6 17054.6 
0.585 10 9.58421 0 0 17336.8 5328.64 11985.6 -17054.6 
0.59 10.2261 10 0.649391 2.24197e-13 30476.3 10340.2 145.475 -5.13969e-11 
0.59 10 10.4158 0 0 17346 5228.77 11981.8 16959.1 
0.59 10 9.58421 0 0 17346 5228.77 11981.8 -16959.1 
0.595 10.2294 10 0.660019 2.20023e-13 30388.3 10138.9 152.204 -5.44507e-11 
0.595 10 10.4158 0 0 17353.4 5128.13 11977.7 16858 
0.595 10 9.58421 0 0 17353.4 5128.13 11977.7 -16858 
0.6 10.2327 10 0.671148 2.16075e-13 30294.9 9936.08 159.508 -4.84408e-11 
0.6 10 10.4158 0 0 17358.9 5026.72 11973.3 16760.6 
0.6 10 9.58421 0 0 17358.9 5026.72 11973.3 -16760.6 
0.605 10.2361 10 0.682821 2.12366e-13 30195.9 9731.75 167.455 -5.61072e-11 
0.605 10 10.4158 0 0 17362.5 4924.56 11968.5 16657.6 
0.605 10 9.58421 0 0 17362.5 4924.56 11968.5 -16657.6 
0.61 10.2396 10 0.695087 2.08927e-13 30091.2 9525.91 176.125 -4.74402e-11 
0.61 10 10.4158 0 0 17364.2 4821.64 11963.3 16558.3 
0.61 10 9.58421 0 0 17364.2 4821.64 11963.3 -16558.3 
0.615 10.2431 10 0.708001 2.05689e-13 29980.7 9318.56 185.611 -4.42583e-11 
0.615 10 10.4158 0 0 17363.9 4717.96 11957.6 16453.5 
0.615 10 9.58421 0 0 17363.9 4717.96 11957.6 -16453.5 
0.62 10.2466 10 0.721625 2.02747e-13 29864.1 9109.7 196.021 -4.02084e-11 
0.62 10 10.4158 0 0 17361.5 4613.53 11951.5 16352.3 
0.62 10 9.58421 0 0 17361.5 4613.53 11951.5 -16352.3 
0.625 10.2503 10 0.736029 2.00047e-13 29741.3 8899.32 207.482 -3.16449e-11 
0.625 10 10.4158 0 0 17357 4508.35 11944.7 16245.6 
0.625 10 9.58421 0 0 17357 4508.35 11944.7 -16245.6 
0.63 10.254 10 0.751294 1.97618e-13 29612.1 8687.43 220.144 -4.40379e-11 
0.63 10 10.4158 0 0 17350.2 4402.4 11937.3 16142.5 
0.63 10 9.58421 0 0 17350.2 4402.4 11937.3 -16142.5 
0.635 10.2578 10 0.767511 1.95453e-13 29476.2 8474 234.186 -3.55492e-11 
0.635 10 10.4158 0 0 17341.1 4295.68 11929.2 16033.9 
0.635 10 9.58421 0 0 17341.1 4295.68 11929.2 -16033.9 
0.64 10.2617 10 0.784787 1.93603e-13 29333.2 8259.01 249.821 -2.52856e-11 
0.64 10 10.4158 0 0 17329.6 4188.19 11920.2 15928.8 
0.64 10 9.58421 0 0 17329.6 4188.19 11920.2 -15928.8 
0.645 10.2657 10 0.803244 1.92047e-13 29182.9 8042.44 267.304 -2.05203e-11 
0.645 10 10.4158 0 0 17315.4 4079.9 11910.1 15818.1 
0.645 10 9.58421 0 0 17315.4 4079.9 11910.1 -15818.1 
0.65 10.2697 10 0.823025 1.90817e-13 29024.8 7824.24 286.948 -2.03481e-11 
0.65 10 10.4158 0 0 17298.3 3970.8 11898.9 15710.9 
0.65 10 9.58421 0 0 17298.3 3970.8 11898.9 -15710.9 
0.655 10.2739 10 0.844297 1.89966e-13 28858.4 7604.36 309.133 -1.11339e-11 
0.655 10 10.4158 0 0 17278.3 3860.86 11886.3 15597.8 
0.655 10 9.58421 0 0 17278.3 3860.86 11886.3 -15597.8 
0.66 10.2782 10 0.867258 1.89512e-13 28683 7382.74 334.328 -1.56179e-11 
0.66 10 10.4158 0 0 17254.9 3750.05 11872.1 15488 
0.66 10 9.58421 0 0 17254.9 3750.05 11872.1 -15488 
0.665 10.2826 10 0.892143 1.89465e-13 28497.9 7159.31 363.12 8.03579e-12 
0.665 10 10.4158 0 0 17227.8 3638.34 11856 15372 
0.665 10 9.58421 0 0 17227.8 3638.34 11856 -15372 
0.67 10.2871 10 0.919235 1.89897e-13 28302.2 6933.95 396.244 8.88487e-12 
0.67 10 10.4158 0 0 17196.6 3525.66 11837.5 15258.9 
0.67 10 9.58421 0 0 17196.6 3525.66 11837.5 -15258.9 
0.675 10.2918 10 0.948875 1.90893e-13 28094.7 6706.57 434.64 1.32928e-11 
0.675 10 10.4158 0 0 17160.6 3411.97 11816.3 15139 
0.675 10 9.58421 0 0 17160.6 3411.97 11816.3 -15139 
0.68 10.2966 10 0.981481 1.92506e-13 27873.8 6476.99 479.519 4.03521e-11 
0.68 10 10.4158 0 0 17119.1 3297.18 11791.5 15021.1 
0.68 10 9.58421 0 0 17119.1 3297.18 11791.5 -15021.1 
0.685 10.3016 10 1.01757 1.94842e-13 27637.6 6245.05 532.464 2.1835e-11 
0.685 10 10.4158 0 0 17071 3181.21 11762.5 14895.4 
0.685 10 9.58421 0 0 17071 3181.21 11762.5 -14895.4 
0.69 10.3068 10 1.05779 1.9804e-13 27383.7 6010.52 595.581 3.50299e-11 
0.69 10 10.4158 0 0 17015 3063.95 11728.2 14770.3 
0.69 10 9.58421 0 0 17015 3063.95 11728.2 -14770.3 
0.695 10.3122 10 1.10296 2.02311e-13 27108.6 5773.13 671.718 7.08121e-11 
0.695 10 10.4158 0 0 16949.2 2945.25 11686.9 14635.3 
0.695 10 9.58421 0 0 16949.2 2945.25 11686.9 -14635.3 
0.7 10.3178 10 1.15415 2.07832e-13 26807.8 5532.52 764.803 9.00482e-11 
0.7 10 10.4158 0 0 16870.9 2824.94 11636.8 14498 
0.7 10 9.58421 0 0 16870.9 2824.94 11636.8 -14498 
0.705 10.3237 10 1.21275 2.14916e-13 26474.9 5288.27 880.372 1.0952e-10 
0.705 10 10.4158 0 0 16776.4 2702.82 11574.9 14346.6 
0.705 10 9.58421 0 0 16776.4 2702.82 11574.9 -14346.6 
0.71 10.3299 10 1.28064 2.2399e-13 26100.9 5039.83 1026.44 1.46449e-10 
0.71 10 10.4158 0 0 16660.2 2578.6 11497.1 14186.9 
0.71 10 9.58421 0 0 16660.2 2578.6 11497.1 -14186.9 
0.715 10.3365 10 1.36039 2.35626e-13 25672.6 4786.51 1214.92 1.88931e-10 
0.715 10 10.4158 0 0 16514.2 2451.94 11397.3 14003.9 
0.715 10 9.58421 0 0 16514.2 2451.94 11397.3 -14003.9 
0.72 10.3436 10 1.45564 2.50763e-13 25169.9 4527.4 1464.17 2.44565e-10 
0.72 10 10.4158 0 0 16325.6 2322.38 11266 13798.4 
0.72 10 9.58421 0 0 16325.6 2322.38 11266 -13798.4 
0.725 10.3511 10 1.57169 2.70594e-13 24560.9 4261.31 1803.6 3.04545e-10 
0.725 10 10.4158 0 0 16073.7 2189.34 11088.2 13546.7 
0.725 10 9.58421 0 0 16073.7 2189.34 11088.2 -13546.7 
0.73 10.3593 10 1.71659 2.97316e-13 23793.1 3986.62 2282.52 4.24041e-10 
0.73 10 10.4158 0 0 15723.7 2051.99 10838.6 13233.8 
0.73 10 9.58421 0 0 15723.7 2051.99 10838.6 -13233.8 
0.735 10.3684 10 1.90311 3.3429e-13 22774 3701.08 2988.44 6.14863e-10 
0.735 10 10.4158 0 0 15213.1 1909.23 10472.6 12806.4 
0.735 10 9.58421 0 0 15213.1 1909.23 10472.6 -12806.4 
0.74 10.3785 10 2.15274 3.87623e-13 21329.9 3401.48 4087.61 9.28451e-10 
0.74 10 10.4158 0 0 14421.6 1759.42 9905.53 12187.9 
0.74 10 9.58421 0 0 14421.6 1759.42 9905.53 -12187.9 
0.745 10.3901 10 2.50429 4.68858e-13 19104.6 3082.98 5924.04 1.44414e-09 
0.745 10 10.4158 0 0 13097.8 1600.18 8962.71 11187.2 
0.745 10 9.58421 0 0 13097.8 1600.18 8962.71 -11187.2 
0.75 10.4038 10 3.03461 6.02656e-13 15282.4 2738.02 9291.85 2.43791e-09 
0.75 10 10.4158 0 0 10651.8 1427.7 7241.7 9381.26 
0.75 10 9.58421 0 0 10651.8 1427.7 7241.7 -9381.26 
0.755 10.421 10 3.91565 8.50326e-13 7700.86 2353.98 16310.3 4.86412e-09 
0.755 10 10.4158 0 0 5479.43 1235.68 3670.81 5564.65 
0.755 10 9.58421 0 0 5479.43 1235.68 3670.81 -5564.65 
0.76 10.4442 10 5.44362 1.08834e-12 0 1910.45 23267 2.36195e-11 
0.76 10 10.4158 0 0 0 1013.91 85.5442 1341.14 
0.76 10 9.58421 0 0 0 1013.91 85.5442 -1341.14 
0.765 10.4755 10 7.07605 1.08792e-12 0 1428.98 22437.2 -3.32791e-11 
0.765 10 10.4158 0 0 0 773.172 386.181 994.86 
0.765 10 9.58421 0 0 0 773.172 386.181 -994.86 
0.77 10.5148 10 8.64942 1.08384e-12 0 980.657 21627.3 -7.88645e-11 
0.77 10 10.4158 0 0 0 549.013 680.977 691.34 
0.77 10 9.58421 0 0 0 549.013 680.977 -691.34 
0.775 10.5619 10 10.1679 1.07696e-12 0 615.677 20909.6 -1.10929e-10 
0.775 10 10.4158 0 0 0 366.523 933.56 453.467 
0.775 10 9.58421 0 0 0 366.523 933.56 -453.467 
0.78 10.6164 10 11.6396 1.06828e-12 0 352.796 20322 -1.30319e-10 
0.78 10 10.4158 0 0 0 235.082 1124.35 296.555 
0.78 10 9.58421 0 0 0 235.082 1124.35 -296.555 
