0 10 10 0 0 0 10610.3 10700 3.7744e-09 
0 10 10.4712 0 0 0 5319.84 700 10027.7 
0 10 9.52876 0 0 0 5319.84 700 -10027.7 
0 10.0007 10 0.171048 2.68231e-13 10571.1 10610.3 134.046 3.73325e-09 
0 10 10.4712 0 0 5285.57 5319.8 5971 10035.1 
0 10 9.52876 0 0 5285.57 5319.8 5971 -10035.1 
0.005 10.0015 10 0.173641 5.33972e-13 10731.1 10610 9.86611 3.70514e-09 
0.005 10 10.4712 0 0 5365.57 5319.67 6032.91 10043.1 
0.005 10 9.52876 0 0 5365.57 5319.67 6032.91 -10043.1 
0.01 10.0024 10 0.174266 7.97207e-13 10769.3 10609.5 8.48676 3.66283e-09 
0.01 10 10.4712 0 0 5384.71 5319.43 6033.56 10054.3 
0.01 10 9.52876 0 0 5384.71 5319.43 6033.56 -10054.3 
0.015 10.0033 10 0.174874 1.05788e-12 10806.2 10608.8 8.54574 3.63179e-09 
0.015 10 10.4712 0 0 5403.22 5319.08 6033.48 10061.9 
0.015 10 9.52876 0 0 5403.22 5319.08 6033.48 -10061.9 
0.02 10.0042 10 0.175487 1.31598e-12 10843.2 10607.9 8.62221 3.5902e-09 
0.02 10 10.4712 0 0 5421.79 5318.62 6033.4 10072.8 
0.02 10 9.52876 0 0 5421.79 5318.62 6033.4 -10072.8 
0.025 10.005 10 0.176106 1.57143e-12 10880.3 10606.8 8.69954 3.55808e-09 
0.025 10 10.4712 0 0 5440.44 5318.05 6033.32 10080.1 
0.025 10 9.52876 0 0 5440.44 5318.05 6033.32 -10080.1 
0.03 10.0059 10 0.17673 1.82414e-12 10917.5 10605.4 8.77755 3.51724e-09 
0.03 10 10.4712 0 0 5459.17 5317.37 6033.24 10090.8 
0.03 10 9.52876 0 0 5459.17 5317.37 6033.24 -10090.8 
0.035 10.0068 10 0.17736 2.07392e-12 10954.8 10603.8 8.85625 3.47863e-09 
0.035 10 10.4712 0 0 5477.98 5316.58 6033.15 10097.8 
0.035 10 9.52876 0 0 5477.98 5316.58 6033.15 -10097.8 
0.04 10.0077 10 0.177995 2.32068e-12 10992.3 10602 8.93565 3.42771e-09 
0.04 10 10.4712 0 0 5496.86 5315.68 6033.07 10108.2 
0.04 10 9.52876 0 0 5496.86 5315.68 6033.07 -10108.2 
0.045 10.0086 10 0.178636 2.56421e-12 11029.8 10600 9.01577 3.38089e-09 
0.045 10 10.4712 0 0 5515.82 5314.66 6032.99 10115 
0.045 10 9.52876 0 0 5515.82 5314.66 6032.99 -10115 
0.05 10.0095 10 0.179283 2.80435e-12 11067.5 10597.7 9.09662 3.34181e-09 
0.05 10 10.4712 0 0 5534.85 5313.52 6032.9 10125 
0.05 10 9.52876 0 0 5534.85 5313.52 6032.9 -10125 
0.055 10.0104 10 0.179936 3.04088e-12 11105.2 10595.2 9.1782 3.28687e-09 
0.055 10 10.4712 0 0 5553.96 5312.27 6032.81 10131.5 
0.055 10 9.52876 0 0 5553.96 5312.27 6032.81 -10131.5 
0.06 10.0113 10 0.180595 3.27359e-12 11143.1 10592.5 9.26054 3.22518e-09 
0.06 10 10.4712 0 0 5573.15 5310.9 6032.73 10141.3 
0.06 10 9.52876 0 0 5573.15 5310.9 6032.73 -10141.3 
0.065 10.0122 10 0.181259 3.50222e-12 11181.1 10589.5 9.34365 3.16589e-09 
0.065 10 10.4712 0 0 5592.41 5309.41 6032.64 10147.5 
0.065 10 9.52876 0 0 5592.41 5309.41 6032.64 -10147.5 
0.07 10.0131 10 0.181929 3.72649e-12 11219.2 10586.3 9.42753 3.11266e-09 
0.07 10 10.4712 0 0 5611.74 5307.8 6032.55 10156.9 
0.07 10 9.52876 0 0 5611.74 5307.8 6032.55 -10156.9 
0.075 10.014 10 0.182606 3.94617e-12 11257.3 10582.8 9.51221 3.04735e-09 
0.075 10 10.4712 0 0 5631.14 5306.07 6032.46 10162.8 
0.075 10 9.52876 0 0 5631.14 5306.07 6032.46 -10162.8 
0.08 10.0149 10 0.183288 4.16095e-12 11295.6 10579.1 9.59769 2.96816e-09 
0.08 10 10.4712 0 0 5650.62 5304.21 6032.37 10172 
0.08 10 9.52876 0 0 5650.62 5304.21 6032.37 -10172 
0.085 10.0158 10 0.183977 4.37053e-12 11333.9 10575.1 9.684 2.8988e-09 
0.085 10 10.4712 0 0 5670.17 5302.23 6032.28 10177.5 
0.085 10 9.52876 0 0 5670.17 5302.23 6032.28 -10177.5 
0.09 10.0168 10 0.184672 4.57463e-12 11372.4 10570.9 9.77115 2.82112e-09 
0.09 10 10.4712 0 0 5689.79 5300.13 6032.19 10186.4 
0.09 10 9.52876 0 0 5689.79 5300.13 6032.19 -10186.4 
0.095 10.0177 10 0.185373 4.77289e-12 11410.9 10566.5 9.85915 2.72969e-09 
0.095 10 10.4712 0 0 5709.48 5297.9 6032.09 10191.6 
0.095 10 9.52876 0 0 5709.48 5297.9 6032.09 -10191.6 
0.1 10.0186 10 0.18608 4.96501e-12 11449.6 10561.7 9.94802 2.64277e-09 
0.1 10 10.4712 0 0 5729.24 5295.54 6032 10200.2 
0.1 10 9.52876 0 0 5729.24 5295.54 6032 -10200.2 
0.105 10.0195 10 0.186794 5.15064e-12 11488.3 10556.8 10.0378 2.56039e-09 
0.105 10 10.4712 0 0 5749.07 5293.05 6031.9 10205.1 
0.105 10 9.52876 0 0 5749.07 5293.05 6031.9 -10205.1 
0.11 10.0205 10 0.187514 5.32943e-12 11527 10551.5 10.1284 2.46078e-09 
0.11 10 10.4712 0 0 5768.96 5290.43 6031.81 10213.3 
0.11 10 9.52876 0 0 5768.96 5290.43 6031.81 -10213.3 
0.115 10.0214 10 0.188241 5.50108e-12 11565.9 10546 10.22 2.34762e-09 
0.115 10 10.4712 0 0 5788.92 5287.68 6031.71 10217.9 
0.115 10 9.52876 0 0 5788.92 5287.68 6031.71 -10217.9 
0.12 10.0224 10 0.188974 5.66524e-12 11604.9 10540.3 10.3125 2.24096e-09 
0.12 10 10.4712 0 0 5808.95 5284.8 6031.62 10225.7 
0.12 10 9.52876 0 0 5808.95 5284.8 6031.62 -10225.7 
0.125 10.0233 10 0.189714 5.82158e-12 11643.9 10534.2 10.406 2.13722e-09 
0.125 10 10.4712 0 0 5829.05 5281.78 6031.51 10230 
0.125 10 9.52876 0 0 5829.05 5281.78 6031.51 -10230 
0.13 10.0243 10 0.190461 5.96975e-12 11683 10527.9 10.5005 2.01825e-09 
0.13 10 10.4712 0 0 5849.21 5278.63 6031.42 10237.5 
0.13 10 9.52876 0 0 5849.21 5278.63 6031.42 -10237.5 
0.135 10.0252 10 0.191214 6.10948e-12 11722.1 10521.3 10.5959 1.89318e-09 
0.135 10 10.4712 0 0 5869.44 5275.34 6031.32 10241.4 
0.135 10 9.52876 0 0 5869.44 5275.34 6031.32 -10241.4 
0.14 10.0262 10 0.191975 6.24043e-12 11761.3 10514.5 10.6924 1.77117e-09 
0.14 10 10.4712 0 0 5889.72 5271.91 6031.22 10248.6 
0.14 10 9.52876 0 0 5889.72 5271.91 6031.22 -10248.6 
0.145 10.0271 10 0.192742 6.36232e-12 11800.6 10507.3 10.7898 1.64496e-09 
0.145 10 10.4712 0 0 5910.07 5268.34 6031.11 10252.2 
0.145 10 9.52876 0 0 5910.07 5268.34 6031.11 -10252.2 
0.15 10.0281 10 0.193516 6.47487e-12 11839.9 10499.9 10.8884 1.51097e-09 
0.15 10 10.4712 0 0 5930.48 5264.64 6031.01 10259 
0.15 10 9.52876 0 0 5930.48 5264.64 6031.01 -10259 
0.155 10.0291 10 0.194297 6.57784e-12 11879.3 10492.2 10.988 1.36559e-09 
0.155 10 10.4712 0 0 5950.96 5260.79 6030.9 10262.2 
0.155 10 9.52876 0 0 5950.96 5260.79 6030.9 -10262.2 
0.16 10.03 10 0.195086 6.67098e-12 11918.8 10484.2 11.0887 1.23977e-09 
0.16 10 10.4712 0 0 5971.49 5256.79 6030.8 10268.7 
0.16 10 9.52876 0 0 5971.49 5256.79 6030.8 -10268.7 
0.165 10.031 10 0.195881 6.7541e-12 11958.3 10476 11.1905 1.09352e-09 
0.165 10 10.4712 0 0 5992.08 5252.65 6030.69 10271.5 
0.165 10 9.52876 0 0 5992.08 5252.65 6030.69 -10271.5 
0.17 10.032 10 0.196684 6.82699e-12 11997.8 10467.4 11.2935 9.45075e-10 
0.17 10 10.4712 0 0 6012.72 5248.37 6030.59 10277.6 
0.17 10 9.52876 0 0 6012.72 5248.37 6030.59 -10277.6 
0.175 10.033 10 0.197495 6.88951e-12 12037.4 10458.5 11.3977 8.07172e-10 
0.175 10 10.4712 0 0 6033.43 5243.94 6030.47 10280.1 
0.175 10 9.52876 0 0 6033.43 5243.94 6030.47 -10280.1 
0.18 10.034 10 0.198313 6.94155e-12 12077 10449.4 11.503 6.52547e-10 
0.18 10 10.4712 0 0 6054.18 5239.36 6030.37 10285.8 
0.18 10 9.52876 0 0 6054.18 5239.36 6030.37 -10285.8 
0.185 10.035 10 0.199138 6.98304e-12 12116.7 10439.9 11.6095 5.04856e-10 
0.185 10 10.4712 0 0 6075 5234.62 6030.25 10287.9 
0.185 10 9.52876 0 0 6075 5234.62 6030.25 -10287.9 
0.19 10.036 10 0.199971 7.01391e-12 12156.4 10430.1 11.7173 3.60471e-10 
0.19 10 10.4712 0 0 6095.86 5229.74 6030.14 10293.2 
0.19 10 9.52876 0 0 6095.86 5229.74 6030.14 -10293.2 
0.195 10.037 10 0.200812 7.03411e-12 12196.1 10420.1 11.8264 2.08483e-10 
0.195 10 10.4712 0 0 6116.78 5224.7 6030.03 10294.9 
0.195 10 9.52876 0 0 6116.78 5224.7 6030.03 -10294.9 
0.2 10.038 10 0.201661 7.04373e-12 12235.8 10409.7 11.9368 6.16157e-11 
0.2 10 10.4712 0 0 6137.75 5219.51 6029.92 10299.8 
0.2 10 9.52876 0 0 6137.75 5219.51 6029.92 -10299.8 
0.205 10.039 10 0.202517 7.04279e-12 12275.6 10399 12.0484 -9.28682e-11 
0.205 10 10.4712 0 0 6158.76 5214.17 6029.8 10301.1 
0.205 10 9.52876 0 0 6158.76 5214.17 6029.8 -10301.1 
0.21 10.04 10 0.203382 7.0314e-12 12315.4 10388 12.1615 -2.36794e-10 
0.21 10 10.4712 0 0 6179.83 5208.66 6029.68 10305.6 
0.21 10 9.52876 0 0 6179.83 5208.66 6029.68 -10305.6 
0.215 10.041 10 0.204255 7.00972e-12 12355.2 10376.7 12.2759 -3.82918e-10 
0.215 10 10.4712 0 0 6200.94 5203 6029.56 10306.5 
0.215 10 9.52876 0 0 6200.94 5203 6029.56 -10306.5 
0.22 10.042 10 0.205136 6.97795e-12 12395 10365 12.3917 -5.22171e-10 
0.22 10 10.4712 0 0 6222.1 5197.17 6029.44 10310.7 
0.22 10 9.52876 0 0 6222.1 5197.17 6029.44 -10310.7 
0.225 10.0431 10 0.206025 6.93627e-12 12434.8 10353 12.509 -6.56399e-10 
0.225 10 10.4712 0 0 6243.3 5191.19 6029.32 10311.2 
0.225 10 9.52876 0 0 6243.3 5191.19 6029.32 -10311.2 
0.23 10.0441 10 0.206923 6.88498e-12 12474.6 10340.7 12.6278 -7.89282e-10 
0.23 10 10.4712 0 0 6264.54 5185.04 6029.2 10314.9 
0.23 10 9.52876 0 0 6264.54 5185.04 6029.2 -10314.9 
0.235 10.0451 10 0.207829 6.82437e-12 12514.4 10328.1 12.7481 -9.19041e-10 
0.235 10 10.4712 0 0 6285.83 5178.73 6029.08 10314.9 
0.235 10 9.52876 0 0 6285.83 5178.73 6029.08 -10314.9 
0.24 10.0462 10 0.208744 6.75483e-12 12554.2 10315.2 12.8699 -1.03664e-09 
0.24 10 10.4712 0 0 6307.15 5172.25 6028.95 10318.2 
0.24 10 9.52876 0 0 6307.15 5172.25 6028.95 -10318.2 
0.245 10.0472 10 0.209668 6.67671e-12 12594 10301.9 12.9933 -1.15303e-09 
0.245 10 10.4712 0 0 6328.52 5165.6 6028.82 10317.9 
0.245 10 9.52876 0 0 6328.52 5165.6 6028.82 -10317.9 
0.25 10.0483 10 0.2106 6.59042e-12 12633.7 10288.2 13.1184 -1.26464e-09 
0.25 10 10.4712 0 0 6349.92 5158.79 6028.7 10320.7 
0.25 10 9.52876 0 0 6349.92 5158.79 6028.7 -10320.7 
0.255 10.0493 10 0.211542 6.49642e-12 12673.5 10274.3 13.2451 -1.36608e-09 
0.255 10 10.4712 0 0 6371.35 5151.8 6028.57 10319.9 
0.255 10 9.52876 0 0 6371.35 5151.8 6028.57 -10319.9 
0.26 10.0504 10 0.212492 6.39517e-12 12713.2 10259.9 13.3735 -1.47378e-09 
0.26 10 10.4712 0 0 6392.82 5144.65 6028.44 10322.3 
0.26 10 9.52876 0 0 6392.82 5144.65 6028.44 -10322.3 
0.265 10.0515 10 0.213452 6.28719e-12 12752.9 10245.3 13.5037 -1.55325e-09 
0.265 10 10.4712 0 0 6414.33 5137.31 6028.3 10321.1 
0.265 10 9.52876 0 0 6414.33 5137.31 6028.3 -10321.1 
0.27 10.0525 10 0.214421 6.17303e-12 12792.5 10230.3 13.6356 -1.64459e-09 
0.27 10 10.4712 0 0 6435.86 5129.81 6028.17 10323 
0.27 10 9.52876 0 0 6435.86 5129.81 6028.17 -10323 
0.275 10.0536 10 0.2154 6.05318e-12 12832.1 10214.9 13.7694 -1.72058e-09 
0.275 10 10.4712 0 0 6457.42 5122.13 6028.04 10321.3 
0.275 10 9.52876 0 0 6457.42 5122.13 6028.04 -10321.3 
0.28 10.0547 10 0.216389 5.92824e-12 12871.7 10199.2 13.905 -1.77766e-09 
0.28 10 10.4712 0 0 6479.01 5114.27 6027.9 10322.9 
0.28 10 9.52876 0 0 6479.01 5114.27 6027.9 -10322.9 
0.285 10.0558 10 0.217387 5.79875e-12 12911.2 10183.1 14.0426 -1.84503e-09 
0.285 10 10.4712 0 0 6500.63 5106.23 6027.76 10320.7 
0.285 10 9.52876 0 0 6500.63 5106.23 6027.76 -10320.7 
0.29 10.0569 10 0.218395 5.66531e-12 12950.6 10166.7 14.1822 -1.88819e-09 
0.29 10 10.4712 0 0 6522.26 5098.01 6027.62 10321.7 
0.29 10 9.52876 0 0 6522.26 5098.01 6027.62 -10321.7 
0.295 10.0579 10 0.219413 5.52851e-12 12990 10149.9 14.3237 -1.9418e-09 
0.295 10 10.4712 0 0 6543.92 5089.61 6027.48 10319.1 
0.295 10 9.52876 0 0 6543.92 5089.61 6027.48 -10319.1 
0.3 10.059 10 0.220441 5.3889e-12 13029.3 10132.7 14.4674 -1.97319e-09 
0.3 10 10.4712 0 0 6565.61 5081.02 6027.34 10319.7 
0.3 10 9.52876 0 0 6565.61 5081.02 6027.34 -10319.7 
0.305 10.0602 10 0.22148 5.24708e-12 13068.6 10115.2 14.6132 -2.00063e-09 
0.305 10 10.4712 0 0 6587.3 5072.25 6027.19 10316.6 
0.305 10 9.52876 0 0 6587.3 5072.25 6027.19 -10316.6 
0.31 10.0613 10 0.222529 5.10362e-12 13107.7 10097.2 14.7611 -2.02238e-09 
0.31 10 10.4712 0 0 6609.02 5063.29 6027.04 10316.7 
0.31 10 9.52876 0 0 6609.02 5063.29 6027.04 -10316.7 
0.315 10.0624 10 0.223588 4.95908e-12 13146.8 10078.9 14.9114 -2.02943e-09 
0.315 10 10.4712 0 0 6630.75 5054.15 6026.89 10313.1 
0.315 10 9.52876 0 0 6630.75 5054.15 6026.89 -10313.1 
0.32 10.0635 10 0.224659 4.81397e-12 13185.8 10060.3 15.0639 -2.03458e-09 
0.32 10 10.4712 0 0 6652.49 5044.81 6026.74 10312.7 
0.32 10 9.52876 0 0 6652.49 5044.81 6026.74 -10312.7 
0.325 10.0646 10 0.22574 4.66884e-12 13224.7 10041.2 15.2188 -2.02518e-09 
0.325 10 10.4712 0 0 6674.25 5035.28 6026.59 10308.6 
0.325 10 9.52876 0 0 6674.25 5035.28 6026.59 -10308.6 
0.33 10.0658 10 0.226833 4.52415e-12 13263.5 10021.8 15.3761 -2.02311e-09 
0.33 10 10.4712 0 0 6696.01 5025.56 6026.43 10307.7 
0.33 10 9.52876 0 0 6696.01 5025.56 6026.43 -10307.7 
0.335 10.0669 10 0.227937 4.38037e-12 13302.2 10002 15.5359 -1.99934e-09 
0.335 10 10.4712 0 0 6717.77 5015.65 6026.27 10303.1 
0.335 10 9.52876 0 0 6717.77 5015.65 6026.27 -10303.1 
0.34 10.068 10 0.229053 4.23799e-12 13340.8 9981.73 15.6983 -1.98305e-09 
0.34 10 10.4712 0 0 6739.54 5005.54 6026.12 10301.7 
0.34 10 9.52876 0 0 6739.54 5005.54 6026.12 -10301.7 
0.345 10.0692 10 0.23018 4.09737e-12 13379.2 9961.11 15.8633 -1.95426e-09 
0.345 10 10.4712 0 0 6761.32 4995.23 6025.95 10296.6 
0.345 10 9.52876 0 0 6761.32 4995.23 6025.95 -10296.6 
0.35 10.0703 10 0.231319 3.95889e-12 13417.6 9940.1 16.031 -1.92033e-09 
0.35 10 10.4712 0 0 6783.09 4984.72 6025.79 10294.7 
0.35 10 9.52876 0 0 6783.09 4984.72 6025.79 -10294.7 
0.355 10.0715 10 0.23247 3.82291e-12 13455.7 9918.69 16.2016 -1.8831e-09 
0.355 10 10.4712 0 0 6804.86 4974.01 6025.62 10289 
0.355 10 9.52876 0 0 6804.86 4974.01 6025.62 -10289 
0.36 10.0727 10 0.233633 3.68972e-12 13493.8 9896.87 16.375 -1.83899e-09 
0.36 10 10.4712 0 0 6826.63 4963.1 6025.46 10286.6 
0.36 10 9.52876 0 0 6826.63 4963.1 6025.46 -10286.6 
0.365 10.0738 10 0.234809 3.55957e-12 13531.7 9874.64 16.5513 -1.80257e-09 
0.365 10 10.4712 0 0 6848.39 4951.99 6025.29 10280.4 
0.365 10 9.52876 0 0 6848.39 4951.99 6025.29 -10280.4 
0.37 10.075 10 0.235998 3.43275e-12 13569.5 9852 16.7307 -1.74844e-09 
0.37 10 10.4712 0 0 6870.13 4940.67 6025.11 10277.4 
0.37 10 9.52876 0 0 6870.13 4940.67 6025.11 -10277.4 
0.375 10.0762 10 0.237199 3.30944e-12 13607 9828.95 16.9133 -1.70753e-09 
0.375 10 10.4712 0 0 6891.87 4929.15 6024.94 10270.8 
0.375 10 9.52876 0 0 6891.87 4929.15 6024.94 -10270.8 
0.38 10.0774 10 0.238414 3.1898e-12 13644.5 9805.49 17.099 -1.64348e-09 
0.38 10 10.4712 0 0 6913.59 4917.41 6024.76 10267.2 
0.38 10 9.52876 0 0 6913.59 4917.41 6024.76 -10267.2 
0.385 10.0786 10 0.239642 3.07395e-12 13681.7 9781.6 17.2881 -1.59452e-09 
0.385 10 10.4712 0 0 6935.3 4905.47 6024.58 10260 
0.385 10 9.52876 0 0 6935.3 4905.47 6024.58 -10260 
0.39 10.0798 10 0.240884 2.96202e-12 13718.8 9757.3 17.4806 -1.54247e-09 
0.39 10 10.4712 0 0 6956.99 4893.32 6024.4 10255.9 
0.39 10 9.52876 0 0 6956.99 4893.32 6024.4 -10255.9 
0.395 10.081 10 0.24214 2.85406e-12 13755.7 9732.56 17.6767 -1.48188e-09 
0.395 10 10.4712 0 0 6978.65 4880.95 6024.21 10248.1 
0.395 10 9.52876 0 0 6978.65 4880.95 6024.21 -10248.1 
0.4 10.0822 10 0.243409 2.75012e-12 13792.3 9707.4 17.8764 -1.42367e-09 
0.4 10 10.4712 0 0 7000.29 4868.37 6024.02 10243.5 
0.4 10 9.52876 0 0 7000.29 4868.37 6024.02 -10243.5 
0.405 10.0834 10 0.244693 2.6502e-12 13828.8 9681.81 18.0798 -1.36603e-09 
0.405 10 10.4712 0 0 7021.9 4855.58 6023.83 10235.1 
0.405 10 9.52876 0 0 7021.9 4855.58 6023.83 -10235.1 
0.41 10.0846 10 0.245992 2.55431e-12 13865.1 9655.78 18.2871 -1.31622e-09 
0.41 10 10.4712 0 0 7043.49 4842.56 6023.64 10229.9 
0.41 10 9.52876 0 0 7043.49 4842.56 6023.64 -10229.9 
0.415 10.0859 10 0.247306 2.46238e-12 13901.1 9629.32 18.4985 -1.25424e-09 
0.415 10 10.4712 0 0 7065.04 4829.33 6023.44 10221 
0.415 10 9.52876 0 0 7065.04 4829.33 6023.44 -10221 
0.42 10.0871 10 0.248635 2.37439e-12 13936.9 9602.41 18.7139 -1.20008e-09 
0.42 10 10.4712 0 0 7086.55 4815.88 6023.24 10215.2 
0.42 10 9.52876 0 0 7086.55 4815.88 6023.24 -10215.2 
0.425 10.0884 10 0.249979 2.29026e-12 13972.5 9575.06 18.9336 -1.14465e-09 
0.425 10 10.4712 0 0 7108.03 4802.2 6023.03 10205.7 
0.425 10 9.52876 0 0 7108.03 4802.2 6023.03 -10205.7 
0.43 10.0896 10 0.25134 2.20984e-12 14007.9 9547.27 19.1577 -1.10247e-09 
0.43 10 10.4712 0 0 7129.46 4788.31 6022.83 10199.3 
0.43 10 9.52876 0 0 7129.46 4788.31 6022.83 -10199.3 
0.435 10.0909 10 0.252716 2.13311e-12 14043 9519.02 19.3863 -1.04625e-09 
0.435 10 10.4712 0 0 7150.85 4774.18 6022.61 10189.2 
0.435 10 9.52876 0 0 7150.85 4774.18 6022.61 -10189.2 
0.44 10.0921 10 0.254109 2.05993e-12 14077.8 9490.33 19.6197 -9.97807e-10 
0.44 10 10.4712 0 0 7172.2 4759.83 6022.4 10182.2 
0.44 10 9.52876 0 0 7172.2 4759.83 6022.4 -10182.2 
0.445 10.0934 10 0.255519 1.99018e-12 14112.4 9461.18 19.8579 -9.46203e-10 
0.445 10 10.4712 0 0 7193.49 4745.26 6022.18 10171.5 
0.445 10 9.52876 0 0 7193.49 4745.26 6022.18 -10171.5 
0.45 10.0947 10 0.256946 1.92371e-12 14146.6 9431.56 20.1011 -9.00518e-10 
0.45 10 10.4712 0 0 7214.73 4730.45 6021.96 10163.9 
0.45 10 9.52876 0 0 7214.73 4730.45 6021.96 -10163.9 
0.455 10.096 10 0.258391 1.86037e-12 14180.6 9401.49 20.3495 -8.64365e-10 
0.455 10 10.4712 0 0 7235.92 4715.42 6021.74 10152.6 
0.455 10 9.52876 0 0 7235.92 4715.42 6021.74 -10152.6 
0.46 10.0973 10 0.259854 1.80005e-12 14214.3 9370.95 20.6033 -8.26816e-10 
0.46 10 10.4712 0 0 7257.04 4700.15 6021.51 10144.4 
0.46 10 9.52876 0 0 7257.04 4700.15 6021.51 -10144.4 
0.465 10.0986 10 0.261334 1.7426e-12 14247.8 9339.95 20.8627 -7.84212e-10 
0.465 10 10.4712 0 0 7278.1 4684.65 6021.27 10132.5 
0.465 10 9.52876 0 0 7278.1 4684.65 6021.27 -10132.5 
0.47 10.0999 10 0.262834 1.68789e-12 14280.8 9308.48 21.1278 -7.45629e-10 
0.47 10 10.4712 0 0 7299.1 4668.91 6021.04 10123.6 
0.47 10 9.52876 0 0 7299.1 4668.91 6021.04 -10123.6 
0.475 10.1012 10 0.264353 1.63579e-12 14313.6 9276.53 21.399 -7.20146e-10 
0.475 10 10.4712 0 0 7320.03 4652.94 6020.79 10111.1 
0.475 10 9.52876 0 0 7320.03 4652.94 6020.79 -10111.1 
0.48 10.1025 10 0.265891 1.58616e-12 14346.1 9244.1 21.6762 -6.74997e-10 
0.48 10 10.4712 0 0 7340.88 4636.72 6020.55 10101.6 
0.48 10 9.52876 0 0 7340.88 4636.72 6020.55 -10101.6 
0.485 10.1039 10 0.26745 1.53883e-12 14378.2 9211.2 21.9599 -6.48362e-10 
0.485 10 10.4712 0 0 7361.66 4620.27 6020.3 10088.4 
0.485 10 9.52876 0 0 7361.66 4620.27 6020.3 -10088.4 
0.49 10.1052 10 0.269029 1.49369e-12 14409.9 9177.82 22.2503 -6.20215e-10 
0.49 10 10.4712 0 0 7382.36 4603.58 6020.04 10078.3 
0.49 10 9.52876 0 0 7382.36 4603.58 6020.04 -10078.3 
0.495 10.1066 10 0.270628 1.45066e-12 14441.3 9143.95 22.5476 -5.85087e-10 
0.495 10 10.4712 0 0 7402.98 4586.64 6019.78 10064.5 
0.495 10 9.52876 0 0 7402.98 4586.64 6019.78 -10064.5 
0.5 10.1079 10 0.27225 1.40954e-12 14472.3 9109.59 22.852 -5.59319e-10 
0.5 10 10.4712 0 0 7423.51 4569.47 6019.52 10053.8 
0.5 10 9.52876 0 0 7423.51 4569.47 6019.52 -10053.8 
0.505 10.1093 10 0.273893 1.37027e-12 14503 9074.74 23.1638 -5.42909e-10 
0.505 10 10.4712 0 0 7443.95 4552.04 6019.24 10039.3 
0.505 10 9.52876 0 0 7443.95 4552.04 6019.24 -10039.3 
0.51 10.1107 10 0.275559 1.33273e-12 14533.3 9039.4 23.4834 -5.15824e-10 
0.51 10 10.4712 0 0 7464.3 4534.37 6018.97 10027.9 
0.51 10 9.52876 0 0 7464.3 4534.37 6018.97 -10027.9 
0.515 10.112 10 0.277248 1.29682e-12 14563.1 9003.56 23.811 -4.92607e-10 
0.515 10 10.4712 0 0 7484.55 4516.45 6018.69 10012.7 
0.515 10 9.52876 0 0 7484.55 4516.45 6018.69 -10012.7 
0.52 10.1134 10 0.278961 1.26245e-12 14592.6 8967.22 24.1469 -4.69606e-10 
0.52 10 10.4712 0 0 7504.7 4498.28 6018.4 10000.7 
0.52 10 9.52876 0 0 7504.7 4498.28 6018.4 -10000.7 
0.525 10.1148 10 0.280698 1.22952e-12 14621.6 8930.38 24.4915 -4.55899e-10 
0.525 10 10.4712 0 0 7524.75 4479.86 6018.1 9984.83 
0.525 10 9.52876 0 0 7524.75 4479.86 6018.1 -9984.83 
0.53 10.1162 10 0.28246 1.19794e-12 14650.3 8893.04 24.8451 -4.29651e-10 
0.53 10 10.4712 0 0 7544.69 4461.19 6017.81 9972.09 
0.53 10 9.52876 0 0 7544.69 4461.19 6017.81 -9972.09 
0.535 10.1177 10 0.284247 1.16763e-12 14678.4 8855.18 25.208 -4.13584e-10 
0.535 10 10.4712 0 0 7564.51 4442.26 6017.5 9955.59 
0.535 10 9.52876 0 0 7564.51 4442.26 6017.5 -9955.59 
0.54 10.1191 10 0.286061 1.13853e-12 14706.2 8816.82 25.5808 -3.92229e-10 
0.54 10 10.4712 0 0 7584.22 4423.08 6017.19 9942.17 
0.54 10 9.52876 0 0 7584.22 4423.08 6017.19 -9942.17 
0.545 10.1205 10 0.287902 1.11057e-12 14733.4 8777.94 25.9637 -3.81948e-10 
0.545 10 10.4712 0 0 7603.82 4403.64 6016.86 9924.98 
0.545 10 9.52876 0 0 7603.82 4403.64 6016.86 -9924.98 
0.55 10.122 10 0.289771 1.08368e-12 14760.2 8738.55 26.3572 -3.65449e-10 
0.55 10 10.4712 0 0 7623.28 4383.94 6016.54 9910.87 
0.55 10 9.52876 0 0 7623.28 4383.94 6016.54 -9910.87 
0.555 10.1234 10 0.291668 1.05783e-12 14786.6 8698.63 26.7617 -3.55464e-10 
0.555 10 10.4712 0 0 7642.62 4363.99 6016.2 9892.98 
0.555 10 9.52876 0 0 7642.62 4363.99 6016.2 -9892.98 
0.56 10.1249 10 0.293594 1.03291e-12 14812.4 8658.2 27.1778 -3.41062e-10 
0.56 10 10.4712 0 0 7661.83 4343.77 6015.86 9878.17 
0.56 10 9.52876 0 0 7661.83 4343.77 6015.86 -9878.17 
0.565 10.1264 10 0.29555 1.00888e-12 14837.7 8617.24 27.6059 -3.31331e-10 
0.565 10 10.4712 0 0 7680.9 4323.29 6015.51 9859.58 
0.565 10 9.52876 0 0 7680.9 4323.29 6015.51 -9859.58 
0.57 10.1278 10 0.297538 9.85736e-13 14862.5 8575.75 28.0465 -3.24453e-10 
0.57 10 10.4712 0 0 7699.83 4302.55 6015.15 9844.06 
0.57 10 9.52876 0 0 7699.83 4302.55 6015.15 -9844.06 
0.575 10.1293 10 0.299557 9.63397e-13 14886.8 8533.73 28.5003 -3.09502e-10 
0.575 10 10.4712 0 0 7718.61 4281.54 6014.78 9824.76 
0.575 10 9.52876 0 0 7718.61 4281.54 6014.78 -9824.76 
0.58 10.1308 10 0.30161 9.4185e-13 14910.5 8491.18 28.9677 -2.96481e-10 
0.58 10 10.4712 0 0 7737.25 4260.26 6014.4 9808.52 
0.58 10 9.52876 0 0 7737.25 4260.26 6014.4 -9808.52 
0.585 10.1323 10 0.303696 9.21039e-13 14933.7 8448.1 29.4495 -2.89929e-10 
0.585 10 10.4712 0 0 7755.73 4238.72 6014.01 9788.49 
0.585 10 9.52876 0 0 7755.73 4238.72 6014.01 -9788.49 
0.59 10.1339 10 0.305817 9.00925e-13 14956.3 8404.47 29.9462 -2.78927e-10 
0.59 10 10.4712 0 0 7774.05 4216.91 6013.62 9771.53 
0.59 10 9.52876 0 0 7774.05 4216.91 6013.62 -9771.53 
0.595 10.1354 10 0.307974 8.81481e-13 14978.4 8360.3 30.4586 -2.66201e-10 
0.595 10 10.4712 0 0 7792.21 4194.82 6013.21 9750.78 
0.595 10 9.52876 0 0 7792.21 4194.82 6013.21 -9750.78 
0.6 10.1369 10 0.310169 8.62678e-13 14999.9 8315.59 30.9874 -2.53564e-10 
0.6 10 10.4712 0 0 7810.21 4172.47 6012.79 9733.08 
0.6 10 9.52876 0 0 7810.21 4172.47 6012.79 -9733.08 
0.605 10.1385 10 0.312402 8.44485e-13 15020.7 8270.33 31.5334 -2.55564e-10 
0.605 10 10.4712 0 0 7828.03 4149.84 6012.36 9711.59 
0.605 10 9.52876 0 0 7828.03 4149.84 6012.36 -9711.59 
0.61 10.1401 10 0.314674 8.2687e-13 15041 8224.52 32.0974 -2.43093e-10 
0.61 10 10.4712 0 0 7845.68 4126.93 6011.92 9693.15 
0.61 10 9.52876 0 0 7845.68 4126.93 6011.92 -9693.15 
0.615 10.1417 10 0.316987 8.09827e-13 15060.6 8178.16 32.6804 -2.31612e-10 
0.615 10 10.4712 0 0 7863.14 4103.75 6011.47 9670.92 
0.615 10 9.52876 0 0 7863.14 4103.75 6011.47 -9670.92 
0.62 10.1432 10 0.319343 7.93321e-13 15079.6 8131.24 33.2831 -2.22026e-10 
0.62 10 10.4712 0 0 7880.42 4080.29 6011 9651.73 
0.62 10 9.52876 0 0 7880.42 4080.29 6011 -9651.73 
0.625 10.1448 10 0.321743 7.77331e-13 15097.9 8083.76 33.9068 -2.19787e-10 
0.625 10 10.4712 0 0 7897.51 4056.55 6010.52 9628.74 
0.625 10 9.52876 0 0 7897.51 4056.55 6010.52 -9628.74 
0.63 10.1465 10 0.324187 7.61852e-13 15115.6 8035.72 34.5523 -2.1671e-10 
0.63 10 10.4712 0 0 7914.41 4032.53 6010.03 9608.79 
0.63 10 9.52876 0 0 7914.41 4032.53 6010.03 -9608.79 
0.635 10.1481 10 0.326679 7.46844e-13 15132.6 7987.11 35.2209 -2.03695e-10 
0.635 10 10.4712 0 0 7931.1 4008.23 6009.52 9585.03 
0.635 10 9.52876 0 0 7931.1 4008.23 6009.52 -9585.03 
0.64 10.1497 10 0.32922 7.32311e-13 15148.9 7937.94 35.9137 -2.0166e-10 
0.64 10 10.4712 0 0 7947.58 3983.64 6009 9564.32 
0.64 10 9.52876 0 0 7947.58 3983.64 6009 -9564.32 
0.645 10.1514 10 0.33181 7.18203e-13 15164.5 7888.2 36.6321 -1.915e-10 
0.645 10 10.4712 0 0 7963.86 3958.77 6008.46 9539.79 
0.645 10 9.52876 0 0 7963.86 3958.77 6008.46 -9539.79 
0.65 10.153 10 0.334453 7.04522e-13 15179.4 7837.88 37.3774 -1.89584e-10 
0.65 10 10.4712 0 0 7979.91 3933.61 6007.9 9518.3 
0.65 10 9.52876 0 0 7979.91 3933.61 6007.9 -9518.3 
0.655 10.1547 10 0.337151 6.91272e-13 15193.5 7786.98 38.151 -1.81363e-10 
0.655 10 10.4712 0 0 7995.75 3908.16 6007.32 9492.99 
0.655 10 9.52876 0 0 7995.75 3908.16 6007.32 -9492.99 
0.66 10.1564 10 0.339904 6.78436e-13 15206.9 7735.5 38.9546 -1.75928e-10 
0.66 10 10.4712 0 0 8011.36 3882.42 6006.73 9470.71 
0.66 10 9.52876 0 0 8011.36 3882.42 6006.73 -9470.71 
0.665 10.1581 10 0.342716 6.6599e-13 15219.5 7683.44 39.7898 -1.76004e-10 
0.665 10 10.4712 0 0 8026.73 3856.39 6006.11 9444.62 
0.665 10 9.52876 0 0 8026.73 3856.39 6006.11 -9444.62 
0.67 10.1598 10 0.345589 6.53904e-13 15231.4 7630.8 40.6584 -1.66127e-10 
0.67 10 10.4712 0 0 8041.87 3830.07 6005.48 9421.54 
0.67 10 9.52876 0 0 8041.87 3830.07 6005.48 -9421.54 
0.675 10.1616 10 0.348525 6.42194e-13 15242.4 7577.56 41.5624 -1.55392e-10 
0.675 10 10.4712 0 0 8056.76 3803.45 6004.82 9394.65 
0.675 10 9.52876 0 0 8056.76 3803.45 6004.82 -9394.65 
0.68 10.1633 10 0.351528 6.30848e-13 15252.7 7523.72 42.5039 -1.64718e-10 
0.68 10 10.4712 0 0 8071.39 3776.53 6004.14 9370.77 
0.68 10 9.52876 0 0 8071.39 3776.53 6004.14 -9370.77 
0.685 10.1651 10 0.354598 6.19851e-13 15262.1 7469.29 43.4851 -1.54083e-10 
0.685 10 10.4712 0 0 8085.78 3749.32 6003.43 9343.06 
0.685 10 9.52876 0 0 8085.78 3749.32 6003.43 -9343.06 
0.69 10.1669 10 0.357741 6.09169e-13 15270.6 7414.26 44.5083 -1.42583e-10 
0.69 10 10.4712 0 0 8099.89 3721.8 6002.7 9318.37 
0.69 10 9.52876 0 0 8099.89 3721.8 6002.7 -9318.37 
0.695 10.1687 10 0.360958 5.98825e-13 15278.3 7358.62 45.5763 -1.43864e-10 
0.695 10 10.4712 0 0 8113.74 3693.98 6001.94 9289.84 
0.695 10 9.52876 0 0 8113.74 3693.98 6001.94 -9289.84 
0.7 10.1705 10 0.364253 5.88822e-13 15285.1 7302.37 46.6917 -1.31549e-10 
0.7 10 10.4712 0 0 8127.32 3665.86 6001.16 9264.33 
0.7 10 9.52876 0 0 8127.32 3665.86 6001.16 -9264.33 
0.705 10.1723 10 0.367629 5.79088e-13 15291 7245.51 47.8577 -1.39281e-10 
0.705 10 10.4712 0 0 8140.61 3637.42 6000.34 9234.97 
0.705 10 9.52876 0 0 8140.61 3637.42 6000.34 -9234.97 
0.71 10.1742 10 0.371091 5.69709e-13 15296 7188.02 49.0775 -1.30692e-10 
0.71 10 10.4712 0 0 8153.6 3608.68 5999.49 9208.62 
0.71 10 9.52876 0 0 8153.6 3608.68 5999.49 -9208.62 
0.715 10.176 10 0.374642 5.60583e-13 15300.1 7129.92 50.3547 -1.21229e-10 
0.715 10 10.4712 0 0 8166.31 3579.63 5998.6 9178.41 
0.715 10 9.52876 0 0 8166.31 3579.63 5998.6 -9178.41 
0.72 10.1779 10 0.378286 5.51748e-13 15303.2 7071.19 51.6931 -1.2454e-10 
0.72 10 10.4712 0 0 8178.7 3550.26 5997.67 9151.21 
0.72 10 9.52876 0 0 8178.7 3550.26 5997.67 -9151.21 
0.725 10.1798 10 0.382028 5.43208e-13 15305.3 7011.82 53.097 -1.16978e-10 
0.725 10 10.4712 0 0 8190.79 3520.58 5996.71 9120.15 
0.725 10 9.52876 0 0 8190.79 3520.58 5996.71 -9120.15 
0.73 10.1817 10 0.385873 5.34959e-13 15306.4 6951.82 54.5708 -1.07637e-10 
0.73 10 10.4712 0 0 8202.55 3490.58 5995.7 9092.08 
0.73 10 9.52876 0 0 8202.55 3490.58 5995.7 -9092.08 
0.735 10.1837 10 0.389826 5.26985e-13 15306.5 6891.17 56.1196 -1.01064e-10 
0.735 10 10.4712 0 0 8213.99 3460.26 5994.65 9060.15 
0.735 10 9.52876 0 0 8213.99 3460.26 5994.65 -9060.15 
0.74 10.1856 10 0.393892 5.19269e-13 15305.6 6829.88 57.7488 -1.0635e-10 
0.74 10 10.4712 0 0 8225.08 3429.61 5993.55 9031.21 
0.74 10 9.52876 0 0 8225.08 3429.61 5993.55 -9031.21 
0.745 10.1876 10 0.398077 5.11829e-13 15303.5 6767.92 59.4643 -9.8942e-11 
0.745 10 10.4712 0 0 8235.84 3398.63 5992.4 8998.39 
0.745 10 9.52876 0 0 8235.84 3398.63 5992.4 -8998.39 
0.75 10.1896 10 0.402389 5.04668e-13 15300.4 6705.31 61.2727 -9.06634e-11 
0.75 10 10.4712 0 0 8246.23 3367.33 5991.2 8968.54 
0.75 10 9.52876 0 0 8246.23 3367.33 5991.2 -8968.54 
0.755 10.1916 10 0.406833 4.97739e-13 15296.2 6642.03 63.1811 -9.24217e-11 
0.755 10 10.4712 0 0 8256.26 3335.69 5989.93 8934.82 
0.755 10 9.52876 0 0 8256.26 3335.69 5989.93 -8934.82 
0.76 10.1937 10 0.411417 4.91063e-13 15290.8 6578.07 65.1973 -9.96727e-11 
0.76 10 10.4712 0 0 8265.91 3303.71 5988.6 8904.06 
0.76 10 9.52876 0 0 8265.91 3303.71 5988.6 -8904.06 
0.765 10.1957 10 0.41615 4.84686e-13 15284.2 6513.43 67.3301 -8.78658e-11 
0.765 10 10.4712 0 0 8275.18 3271.39 5987.2 8869.41 
0.765 10 9.52876 0 0 8275.18 3271.39 5987.2 -8869.41 
0.77 10.1978 10 0.421039 4.78535e-13 15276.5 6448.1 69.589 -9.15522e-11 
0.77 10 10.4712 0 0 8284.05 3238.72 5985.73 8837.71 
0.77 10 9.52876 0 0 8284.05 3238.72 5985.73 -8837.71 
0.775 10.2 10 0.426094 4.72685e-13 15267.5 6382.06 71.9845 -8.25477e-11 
0.775 10 10.4712 0 0 8292.51 3205.7 5984.18 8802.11 
0.775 10 9.52876 0 0 8292.51 3205.7 5984.18 -8802.11 
0.78 10.2021 10 0.431326 4.67056e-13 15257.2 6315.32 74.5285 -7.5393e-11 
0.78 10 10.4712 0 0 8300.54 3172.33 5982.54 8769.44 
0.78 10 9.52876 0 0 8300.54 3172.33 5982.54 -8769.44 
0.785 10.2043 10 0.436745 4.61732e-13 15245.6 6247.86 77.234 -7.91952e-11 
0.785 10 10.4712 0 0 8308.13 3138.6 5980.81 8732.86 
0.785 10 9.52876 0 0 8308.13 3138.6 5980.81 -8732.86 
0.79 10.2065 10 0.442364 4.56611e-13 15232.7 6179.66 80.1155 -5.75596e-11 
0.79 10 10.4712 0 0 8315.27 3104.5 5978.98 8699.2 
0.79 10 9.52876 0 0 8315.27 3104.5 5978.98 -8699.2 
0.795 10.2087 10 0.448195 4.51727e-13 15218.4 6110.72 83.1894 -7.23374e-11 
0.795 10 10.4712 0 0 8321.95 3070.03 5977.03 8661.6 
0.795 10 9.52876 0 0 8321.95 3070.03 5977.03 -8661.6 
0.8 10.2109 10 0.454253 4.47168e-13 15202.6 6041.03 86.4737 -6.44231e-11 
0.8 10 10.4712 0 0 8328.13 3035.19 5974.97 8626.9 
0.8 10 9.52876 0 0 8328.13 3035.19 5974.97 -8626.9 
0.805 10.2132 10 0.460554 4.42844e-13 15185.4 5970.57 89.9891 -5.56322e-11 
0.805 10 10.4712 0 0 8333.81 2999.96 5972.77 8588.24 
0.805 10 9.52876 0 0 8333.81 2999.96 5972.77 -8588.24 
0.81 10.2156 10 0.467114 4.38814e-13 15166.6 5899.33 93.7585 -5.68871e-11 
0.81 10 10.4712 0 0 8338.96 2964.33 5970.42 8552.46 
0.81 10 9.52876 0 0 8338.96 2964.33 5970.42 -8552.46 
0.815 10.2179 10 0.473954 4.35076e-13 15146.2 5827.28 97.8081 -4.63591e-11 
0.815 10 10.4712 0 0 8343.55 2928.31 5967.92 8512.69 
0.815 10 9.52876 0 0 8343.55 2928.31 5967.92 -8512.69 
0.82 10.2203 10 0.481094 4.31617e-13 15124.2 5754.42 102.167 -5.13319e-11 
0.82 10 10.4712 0 0 8347.58 2891.88 5965.24 8475.77 
0.82 10 9.52876 0 0 8347.58 2891.88 5965.24 -8475.77 
0.825 10.2227 10 0.488558 4.2843e-13 15100.4 5680.73 106.87 -3.99717e-11 
0.825 10 10.4712 0 0 8350.99 2855.04 5962.36 8434.82 
0.825 10 9.52876 0 0 8350.99 2855.04 5962.36 -8434.82 
0.83 10.2252 10 0.496371 4.25581e-13 15074.9 5606.18 111.955 -4.23014e-11 
0.83 10 10.4712 0 0 8353.77 2817.76 5959.28 8396.69 
0.83 10 9.52876 0 0 8353.77 2817.76 5959.28 -8396.69 
0.835 10.2277 10 0.504562 4.2307e-13 15047.5 5530.75 117.466 -3.19452e-11 
0.835 10 10.4712 0 0 8355.88 2780.05 5955.95 8354.49 
0.835 10 9.52876 0 0 8355.88 2780.05 5955.95 -8354.49 
0.84 10.2302 10 0.513163 4.20891e-13 15018.1 5454.42 123.453 -1.79976e-11 
0.84 10 10.4712 0 0 8357.28 2741.88 5952.35 8315.05 
0.84 10 9.52876 0 0 8357.28 2741.88 5952.35 -8315.05 
0.845 10.2328 10 0.52221 4.19057e-13 14986.6 5377.16 129.976 -1.86505e-11 
0.845 10 10.4712 0 0 8357.92 2703.25 5948.46 8271.5 
0.845 10 9.52876 0 0 8357.92 2703.25 5948.46 -8271.5 
0.85 10.2354 10 0.531745 4.1763e-13 14953 5298.94 137.103 -6.62701e-12 
0.85 10 10.4712 0 0 8357.75 2664.14 5944.23 8230.64 
0.85 10 9.52876 0 0 8357.75 2664.14 5944.23 -8230.64 
0.855 10.2381 10 0.541813 4.166e-13 14917 5219.72 144.914 -8.30182e-12 
0.855 10 10.4712 0 0 8356.72 2624.53 5939.61 8185.58 
0.855 10 9.52876 0 0 8356.72 2624.53 5939.61 -8185.58 
0.86 10.2409 10 0.552466 4.15901e-13 14878.6 5139.48 153.502 -7.29453e-12 
0.86 10 10.4712 0 0 8354.75 2584.41 5934.58 8143.14 
0.86 10 9.52876 0 0 8354.75 2584.41 5934.58 -8143.14 
0.865 10.2437 10 0.563763 4.15704e-13 14837.5 5058.18 162.978 -4.53837e-12 
0.865 10 10.4712 0 0 8351.76 2543.76 5929.05 8096.41 
0.865 10 9.52876 0 0 8351.76 2543.76 5929.05 -8096.41 
0.87 10.2465 10 0.575773 4.16006e-13 14793.6 4975.75 173.473 -3.67126e-12 
0.87 10 10.4712 0 0 8347.66 2502.55 5922.96 8052.17 
0.87 10 9.52876 0 0 8347.66 2502.55 5922.96 -8052.17 
0.875 10.2494 10 0.588573 4.16833e-13 14746.6 4892.17 185.144 1.16746e-11 
0.875 10 10.4712 0 0 8342.34 2460.75 5916.23 8003.51 
0.875 10 9.52876 0 0 8342.34 2460.75 5916.23 -8003.51 
0.88 10.2524 10 0.602254 4.18318e-13 14696.2 4807.36 198.179 2.82925e-11 
0.88 10 10.4712 0 0 8335.67 2418.35 5908.75 7957.19 
0.88 10 9.52876 0 0 8335.67 2418.35 5908.75 -7957.19 
0.885 10.2554 10 0.616922 4.20452e-13 14642.2 4721.28 212.808 3.43603e-11 
0.885 10 10.4712 0 0 8327.49 2375.31 5900.41 7906.25 
0.885 10 9.52876 0 0 8327.49 2375.31 5900.41 -7906.25 
0.89 10.2586 10 0.6327 4.23254e-13 14584.1 4633.83 229.31 3.89702e-11 
0.89 10 10.4712 0 0 8317.61 2331.59 5891.06 7857.42 
0.89 10 9.52876 0 0 8317.61 2331.59 5891.06 -7857.42 
0.895 10.2618 10 0.649733 4.26895e-13 14521.6 4544.96 248.031 4.84651e-11 
0.895 10 10.4712 0 0 8305.8 2287.15 5880.5 7803.69 
0.895 10 9.52876 0 0 8305.8 2287.15 5880.5 -7803.69 
0.9 10.2651 10 0.668196 4.31486e-13 14453.9 4454.55 269.4 7.19241e-11 
0.9 10 10.4712 0 0 8291.75 2241.95 5868.53 7751.73 
0.9 10 9.52876 0 0 8291.75 2241.95 5868.53 -7751.73 
0.905 10.2685 10 0.688295 4.37144e-13 14380.5 4362.52 293.956 8.43199e-11 
0.905 10 10.4712 0 0 8275.13 2195.93 5854.84 7694.46 
0.905 10 9.52876 0 0 8275.13 2195.93 5854.84 -7694.46 
0.91 10.272 10 0.710281 4.43999e-13 14300.5 4268.72 322.388 1.13374e-10 
0.91 10 10.4712 0 0 8255.46 2149.03 5839.09 7638.43 
0.91 10 9.52876 0 0 8255.46 2149.03 5839.09 -7638.43 
0.915 10.2756 10 0.734463 4.52276e-13 14212.7 4173.03 355.58 1.31769e-10 
0.915 10 10.4712 0 0 8232.16 2101.19 5820.8 7576.41 
0.915 10 9.52876 0 0 8232.16 2101.19 5820.8 -7576.41 
0.92 10.2793 10 0.761219 4.62215e-13 14115.9 4075.27 394.688 1.52206e-10 
0.92 10 10.4712 0 0 8204.47 2052.31 5799.37 7514.76 
0.92 10 9.52876 0 0 8204.47 2052.31 5799.37 -7514.76 
0.925 10.2832 10 0.791024 4.74064e-13 14008.1 3975.25 441.243 1.65099e-10 
0.925 10 10.4712 0 0 8171.38 2002.29 5774.01 7446.01 
0.925 10 9.52876 0 0 8171.38 2002.29 5774.01 -7446.01 
0.93 10.2872 10 0.82448 4.88225e-13 13887 3872.73 497.312 2.29056e-10 
0.93 10 10.4712 0 0 8131.54 1951.03 5743.63 7376.14 
0.93 10 9.52876 0 0 8131.54 1951.03 5743.63 -7376.14 
0.935 10.2914 10 0.862362 5.05332e-13 13749.4 3767.42 565.733 2.73045e-10 
0.935 10 10.4712 0 0 8083.1 1898.38 5706.77 7297.13 
0.935 10 9.52876 0 0 8083.1 1898.38 5706.77 -7297.13 
0.94 10.2958 10 0.905686 5.25936e-13 13590.6 3659 650.492 3.29733e-10 
0.94 10 10.4712 0 0 8023.47 1844.17 5661.36 7214.21 
0.94 10 9.52876 0 0 8023.47 1844.17 5661.36 -7214.21 
0.945 10.3005 10 0.955812 5.50967e-13 13404.4 3547.01 757.319 3.84437e-10 
0.945 10 10.4712 0 0 7948.91 1788.18 5604.44 7118.19 
0.945 10 9.52876 0 0 7948.91 1788.18 5604.44 -7118.19 
0.95 10.3054 10 1.0146 5.81724e-13 13181.5 3430.94 894.689 4.74719e-10 
0.95 10 10.4712 0 0 7853.92 1730.14 5531.64 7012.47 
0.95 10 9.52876 0 0 7853.92 1730.14 5531.64 -7012.47 
0.955 10.3107 10 1.08465 6.20004e-13 12907.7 3310.1 1075.54 6.17154e-10 
0.955 10 10.4712 0 0 7730.09 1669.72 5436.31 6884.93 
0.955 10 9.52876 0 0 7730.09 1669.72 5436.31 -6884.93 
0.96 10.3163 10 1.16976 6.68335e-13 12561.2 3183.59 1320.37 7.67278e-10 
0.96 10 10.4712 0 0 7564.12 1606.46 5307.94 6734.09 
0.96 10 9.52876 0 0 7564.12 1606.46 5307.94 -6734.09 
0.965 10.3224 10 1.27559 7.30542e-13 12105.9 3050.21 1663.12 9.8549e-10 
0.965 10 10.4712 0 0 7333.91 1539.78 5129.16 6539.24 
0.965 10 9.52876 0 0 7333.91 1539.78 5129.16 -6539.24 
0.97 10.3291 10 1.41105 8.12759e-13 11479.6 2908.33 2162.98 1.33278e-09 
0.97 10 10.4712 0 0 7000.9 1468.83 4869.75 6282.92 
0.97 10 9.52876 0 0 7000.9 1468.83 4869.75 -6282.92 
0.975 10.3366 10 1.59087 9.25049e-13 10567.6 2755.56 2929.99 1.84821e-09 
0.975 10 10.4712 0 0 6493.13 1392.45 4473.66 5912.69 
0.975 10 9.52876 0 0 6493.13 1392.45 4473.66 -5912.69 
0.98 10.3451 10 1.84106 1.08522e-12 9141.08 2588.4 4185.5 2.69618e-09 
0.98 10 10.4712 0 0 5665.18 1308.87 3828.4 5342.56 
0.98 10 9.52876 0 0 5665.18 1308.87 3828.4 -5342.56 
0.985 10.3552 10 2.21163 1.3273e-12 6694.58 2401.28 6421.63 4.25665e-09 
0.985 10 10.4712 0 0 4191.61 1215.31 2684.4 4355.64 
0.985 10 9.52876 0 0 4191.61 1215.31 2684.4 -4355.64 
0.99 10.3676 10 2.80989 1.72426e-12 1953.14 2184.76 10887.1 7.25268e-09 
0.99 10 10.4712 0 0 1238.57 1107.05 409.808 2412.78 
0.99 10 9.52876 0 0 1238.57 1107.05 409.808 -2412.78 
0.995 10.3838 10 3.69565 1.8774e-12 0 1925.12 12474.5 1.11195e-10 
0.995 10 10.4712 0 0 0 977.233 -445.869 1432.71 
0.995 10 9.52876 0 0 0 977.233 -445.869 -1432.71 
1 10.4045 10 4.57217 1.8828e-12 0 1630.9 12062.4 3.79053e-11 
1 10 10.4712 0 0 0 830.122 -301.188 1193.96 
1 10 9.52876 0 0 0 830.122 -301.188 -1193.96 
1.005 10.4295 10 5.41825 1.88298e-12 0 1325.98 11625.2 -3.43109e-11 
1.005 10 10.4712 0 0 0 677.66 -141.839 949.56 
1.005 10 9.52876 0 0 0 677.66 -141.839 -949.56 
1.01 10.4587 10 6.23286 1.8783e-12 0 1032.89 11185.5 -9.70945e-11 
1.01 10 10.4712 0 0 0 531.117 21.025 725.26 
1.01 10 9.52876 0 0 0 531.117 21.025 -725.26 
1.015 10.4918 10 7.01664 1.86953e-12 0 769.736 10765.4 -1.46685e-10 
1.015 10 10.4712 0 0 0 399.539 176.193 527.858 
1.015 10 9.52876 0 0 0 399.539 176.193 -527.858 
1.02 10.5288 10 7.77169 1.85754e-12 0 548.118 10383.4 -1.86503e-10 
1.02 10 10.4712 0 0 0 288.73 314.339 371.354 
1.02 10 9.52876 0 0 0 288.73 314.339 -371.354 
1.025 10.5695 10 8.50117 1.84323e-12 0 372.619 10051.1 -2.12438e-10 
1.025 10 10.4712 0 0 0 200.98 429.438 249.834 
1.025 10 9.52876 0 0 0 200.98 429.438 -249.834 
1.03 10.6138 10 9.20883 1.82739e-12 0 241.69 9772.21 -2.29689e-10 
1.03 10 10.4712 0 0 0 135.516 519.326 166.377 
1.03 10 9.52876 0 0 0 135.516 519.326 -166.377 
