0 10 10 0 0 0 8488.26 8560 -8.88576e-10 
0 10 10.4891 0 0 0 4253.52 560 8017.7 
0 10 9.5109 0 0 0 4253.52 560 -8017.7 
0 10.0006 10 0.157138 -6.31226e-14 8364.99 8488.22 193.289 -8.81567e-10 
0 10 10.4891 0 0 4182.5 4253.5 4732.36 8022.76 
0 10 9.5109 0 0 4182.5 4253.5 4732.36 -8022.76 
0.005 10.0014 10 0.161034 -1.25676e-13 8572.19 8488.05 11.01 -8.72809e-10 
0.005 10 10.4891 0 0 4286.11 4253.42 4823.22 8028.2 
0.005 10 9.5109 0 0 4286.11 4253.42 4823.22 -8028.2 
0.01 10.0022 10 0.161607 -1.87652e-13 8602.38 8487.74 7.11223 -8.63223e-10 
0.01 10 10.4891 0 0 4301.23 4253.26 4825.13 8036.5 
0.01 10 9.5109 0 0 4301.23 4253.26 4825.13 -8036.5 
0.015 10.003 10 0.162113 -2.49022e-13 8628.8 8487.28 7.08733 -8.5645e-10 
0.015 10 10.4891 0 0 4314.48 4253.03 4825.11 8041.69 
0.015 10 9.5109 0 0 4314.48 4253.03 4825.11 -8041.69 
0.02 10.0038 10 0.162621 -3.09799e-13 8655.22 8486.68 7.14701 -8.47941e-10 
0.02 10 10.4891 0 0 4327.74 4252.73 4825.04 8049.8 
0.02 10 9.5109 0 0 4327.74 4252.73 4825.04 -8049.8 
0.025 10.0046 10 0.163134 -3.7002e-13 8681.7 8485.93 7.20906 -8.38601e-10 
0.025 10 10.4891 0 0 4341.05 4252.35 4824.97 8054.8 
0.025 10 9.5109 0 0 4341.05 4252.35 4824.97 -8054.8 
0.03 10.0055 10 0.163651 -4.29556e-13 8708.26 8485.04 7.27169 -8.30266e-10 
0.03 10 10.4891 0 0 4354.4 4251.91 4824.91 8062.73 
0.03 10 9.5109 0 0 4354.4 4251.91 4824.91 -8062.73 
0.035 10.0063 10 0.164172 -4.88484e-13 8734.9 8483.99 7.33487 -8.22016e-10 
0.035 10 10.4891 0 0 4367.81 4251.39 4824.84 8067.54 
0.035 10 9.5109 0 0 4367.81 4251.39 4824.84 -8067.54 
0.04 10.0071 10 0.164699 -5.46737e-13 8761.6 8482.8 7.39862 -8.10222e-10 
0.04 10 10.4891 0 0 4381.26 4250.79 4824.77 8075.29 
0.04 10 9.5109 0 0 4381.26 4250.79 4824.77 -8075.29 
0.045 10.0079 10 0.165229 -6.04315e-13 8788.38 8481.46 7.46294 -8.01252e-10 
0.045 10 10.4891 0 0 4394.77 4250.12 4824.7 8079.9 
0.045 10 9.5109 0 0 4394.77 4250.12 4824.7 -8079.9 
0.05 10.0088 10 0.165765 -6.61175e-13 8815.22 8479.96 7.52784 -7.91472e-10 
0.05 10 10.4891 0 0 4408.32 4249.37 4824.63 8087.45 
0.05 10 9.5109 0 0 4408.32 4249.37 4824.63 -8087.45 
0.055 10.0096 10 0.166305 -7.17293e-13 8842.14 8478.31 7.59333 -7.79978e-10 
0.055 10 10.4891 0 0 4421.92 4248.55 4824.56 8091.88 
0.055 10 9.5109 0 0 4421.92 4248.55 4824.56 -8091.88 
0.06 10.0104 10 0.16685 -7.72622e-13 8869.12 8476.51 7.65943 -7.70413e-10 
0.06 10 10.4891 0 0 4435.57 4247.64 4824.49 8099.23 
0.06 10 9.5109 0 0 4435.57 4247.64 4824.49 -8099.23 
0.065 10.0112 10 0.167399 -8.27143e-13 8896.17 8474.55 7.72614 -7.58232e-10 
0.065 10 10.4891 0 0 4449.26 4246.66 4824.42 8103.45 
0.065 10 9.5109 0 0 4449.26 4246.66 4824.42 -8103.45 
0.07 10.0121 10 0.167953 -8.80783e-13 8923.29 8472.43 7.79348 -7.45265e-10 
0.07 10 10.4891 0 0 4463.01 4245.61 4824.35 8110.61 
0.07 10 9.5109 0 0 4463.01 4245.61 4824.35 -8110.61 
0.075 10.0129 10 0.168512 -9.3352e-13 8950.47 8470.16 7.86146 -7.32425e-10 
0.075 10 10.4891 0 0 4476.8 4244.47 4824.27 8114.63 
0.075 10 9.5109 0 0 4476.8 4244.47 4824.27 -8114.63 
0.08 10.0138 10 0.169076 -9.85303e-13 8977.71 8467.72 7.93009 -7.19718e-10 
0.08 10 10.4891 0 0 4490.63 4243.25 4824.2 8121.57 
0.08 10 9.5109 0 0 4490.63 4243.25 4824.2 -8121.57 
0.085 10.0146 10 0.169645 -1.03609e-12 9005.01 8465.12 7.99937 -7.02603e-10 
0.085 10 10.4891 0 0 4504.52 4241.95 4824.12 8125.39 
0.085 10 9.5109 0 0 4504.52 4241.95 4824.12 -8125.39 
0.09 10.0155 10 0.170219 -1.08584e-12 9032.38 8462.35 8.06933 -6.88363e-10 
0.09 10 10.4891 0 0 4518.45 4240.57 4824.05 8132.13 
0.09 10 9.5109 0 0 4518.45 4240.57 4824.05 -8132.13 
0.095 10.0163 10 0.170798 -1.13448e-12 9059.8 8459.43 8.13998 -6.73368e-10 
0.095 10 10.4891 0 0 4532.42 4239.1 4823.97 8135.74 
0.095 10 9.5109 0 0 4532.42 4239.1 4823.97 -8135.74 
0.1 10.0172 10 0.171382 -1.18197e-12 9087.29 8456.33 8.21132 -6.55805e-10 
0.1 10 10.4891 0 0 4546.44 4237.55 4823.9 8142.26 
0.1 10 9.5109 0 0 4546.44 4237.55 4823.9 -8142.26 
0.105 10.018 10 0.171971 -1.22824e-12 9114.83 8453.07 8.28338 -6.40231e-10 
0.105 10 10.4891 0 0 4560.51 4235.92 4823.82 8145.66 
0.105 10 9.5109 0 0 4560.51 4235.92 4823.82 -8145.66 
0.11 10.0189 10 0.172565 -1.27325e-12 9142.42 8449.63 8.35616 -6.14831e-10 
0.11 10 10.4891 0 0 4574.62 4234.21 4823.74 8151.97 
0.11 10 9.5109 0 0 4574.62 4234.21 4823.74 -8151.97 
0.115 10.0198 10 0.173165 -1.31692e-12 9170.07 8446.03 8.42969 -6.0144e-10 
0.115 10 10.4891 0 0 4588.78 4232.4 4823.66 8155.14 
0.115 10 9.5109 0 0 4588.78 4232.4 4823.66 -8155.14 
0.12 10.0206 10 0.17377 -1.35923e-12 9197.77 8442.25 8.50396 -5.83693e-10 
0.12 10 10.4891 0 0 4602.97 4230.52 4823.58 8161.23 
0.12 10 9.5109 0 0 4602.97 4230.52 4823.58 -8161.23 
0.125 10.0215 10 0.17438 -1.40008e-12 9225.52 8438.3 8.57901 -5.64332e-10 
0.125 10 10.4891 0 0 4617.22 4228.54 4823.5 8164.18 
0.125 10 9.5109 0 0 4617.22 4228.54 4823.5 -8164.18 
0.13 10.0224 10 0.174995 -1.43942e-12 9253.33 8434.17 8.65483 -5.39724e-10 
0.13 10 10.4891 0 0 4631.5 4226.48 4823.42 8170.05 
0.13 10 9.5109 0 0 4631.5 4226.48 4823.42 -8170.05 
0.135 10.0232 10 0.175616 -1.47724e-12 9281.18 8429.87 8.73146 -5.19878e-10 
0.135 10 10.4891 0 0 4645.83 4224.32 4823.34 8172.78 
0.135 10 9.5109 0 0 4645.83 4224.32 4823.34 -8172.78 
0.14 10.0241 10 0.176243 -1.51343e-12 9309.07 8425.39 8.8089 -4.9753e-10 
0.14 10 10.4891 0 0 4660.2 4222.08 4823.26 8178.41 
0.14 10 9.5109 0 0 4660.2 4222.08 4823.26 -8178.41 
0.145 10.025 10 0.176875 -1.54795e-12 9337.02 8420.72 8.88716 -4.74507e-10 
0.145 10 10.4891 0 0 4674.61 4219.75 4823.17 8180.91 
0.145 10 9.5109 0 0 4674.61 4219.75 4823.17 -8180.91 
0.15 10.0259 10 0.177512 -1.58077e-12 9365 8415.88 8.96628 -4.48085e-10 
0.15 10 10.4891 0 0 4689.06 4217.33 4823.09 8186.32 
0.15 10 9.5109 0 0 4689.06 4217.33 4823.09 -8186.32 
0.155 10.0268 10 0.178156 -1.6118e-12 9393.03 8410.85 9.04626 -4.2555e-10 
0.155 10 10.4891 0 0 4703.55 4214.81 4823 8188.58 
0.155 10 9.5109 0 0 4703.55 4214.81 4823 -8188.58 
0.16 10.0277 10 0.178805 -1.64099e-12 9421.09 8405.64 9.12712 -3.98726e-10 
0.16 10 10.4891 0 0 4718.08 4212.21 4822.92 8193.74 
0.16 10 9.5109 0 0 4718.08 4212.21 4822.92 -8193.74 
0.165 10.0286 10 0.179459 -1.6683e-12 9449.2 8400.23 9.20888 -3.73984e-10 
0.165 10 10.4891 0 0 4732.65 4209.51 4822.83 8195.77 
0.165 10 9.5109 0 0 4732.65 4209.51 4822.83 -8195.77 
0.17 10.0295 10 0.18012 -1.69371e-12 9477.34 8394.64 9.29155 -3.43142e-10 
0.17 10 10.4891 0 0 4747.27 4206.71 4822.75 8200.69 
0.17 10 9.5109 0 0 4747.27 4206.71 4822.75 -8200.69 
0.175 10.0304 10 0.180787 -1.71715e-12 9505.51 8388.86 9.37516 -3.17123e-10 
0.175 10 10.4891 0 0 4761.91 4203.82 4822.66 8202.47 
0.175 10 9.5109 0 0 4761.91 4203.82 4822.66 -8202.47 
0.18 10.0313 10 0.181459 -1.73859e-12 9533.72 8382.89 9.45973 -2.81379e-10 
0.18 10 10.4891 0 0 4776.6 4200.84 4822.57 8207.15 
0.18 10 9.5109 0 0 4776.6 4200.84 4822.57 -8207.15 
0.185 10.0322 10 0.182138 -1.75797e-12 9561.96 8376.73 9.54527 -2.60475e-10 
0.185 10 10.4891 0 0 4791.32 4197.75 4822.48 8208.68 
0.185 10 9.5109 0 0 4791.32 4197.75 4822.48 -8208.68 
0.19 10.0331 10 0.182823 -1.77531e-12 9590.23 8370.37 9.63181 -2.29853e-10 
0.19 10 10.4891 0 0 4806.08 4194.57 4822.39 8213.12 
0.19 10 9.5109 0 0 4806.08 4194.57 4822.39 -8213.12 
0.195 10.034 10 0.183514 -1.79055e-12 9618.52 8363.81 9.71936 -1.94068e-10 
0.195 10 10.4891 0 0 4820.88 4191.29 4822.29 8214.39 
0.195 10 9.5109 0 0 4820.88 4191.29 4822.29 -8214.39 
0.2 10.0349 10 0.184212 -1.80366e-12 9646.84 8357.05 9.80795 -1.73132e-10 
0.2 10 10.4891 0 0 4835.71 4187.92 4822.2 8218.57 
0.2 10 9.5109 0 0 4835.71 4187.92 4822.2 -8218.57 
0.205 10.0359 10 0.184915 -1.81465e-12 9675.19 8350.1 9.89761 -1.34305e-10 
0.205 10 10.4891 0 0 4850.58 4184.44 4822.11 8219.59 
0.205 10 9.5109 0 0 4850.58 4184.44 4822.11 -8219.59 
0.21 10.0368 10 0.185626 -1.82349e-12 9703.55 8342.94 9.98834 -1.06691e-10 
0.21 10 10.4891 0 0 4865.48 4180.86 4822.01 8223.51 
0.21 10 9.5109 0 0 4865.48 4180.86 4822.01 -8223.51 
0.215 10.0377 10 0.186342 -1.83017e-12 9731.93 8335.58 10.0802 -7.3924e-11 
0.215 10 10.4891 0 0 4880.41 4177.18 4821.91 8224.27 
0.215 10 9.5109 0 0 4880.41 4177.18 4821.91 -8224.27 
0.22 10.0387 10 0.187066 -1.8347e-12 9760.33 8328.01 10.1732 -5.14605e-11 
0.22 10 10.4891 0 0 4895.38 4173.4 4821.82 8227.92 
0.22 10 9.5109 0 0 4895.38 4173.4 4821.82 -8227.92 
0.225 10.0396 10 0.187796 -1.8371e-12 9788.75 8320.24 10.2673 -2.11117e-11 
0.225 10 10.4891 0 0 4910.38 4169.51 4821.72 8228.41 
0.225 10 9.5109 0 0 4910.38 4169.51 4821.72 -8228.41 
0.23 10.0405 10 0.188532 -1.83736e-12 9817.17 8312.25 10.3626 8.93865e-12 
0.23 10 10.4891 0 0 4925.41 4165.52 4821.62 8231.8 
0.23 10 9.5109 0 0 4925.41 4165.52 4821.62 -8231.8 
0.235 10.0415 10 0.189276 -1.83552e-12 9845.61 8304.06 10.4591 4.2332e-11 
0.235 10 10.4891 0 0 4940.47 4161.42 4821.52 8232.02 
0.235 10 9.5109 0 0 4940.47 4161.42 4821.52 -8232.02 
0.24 10.0424 10 0.190027 -1.83158e-12 9874.05 8295.65 10.5569 7.17942e-11 
0.24 10 10.4891 0 0 4955.56 4157.22 4821.42 8235.13 
0.24 10 9.5109 0 0 4955.56 4157.22 4821.42 -8235.13 
0.245 10.0434 10 0.190784 -1.8256e-12 9902.5 8287.03 10.6559 9.82418e-11 
0.245 10 10.4891 0 0 4970.68 4152.91 4821.32 8235.07 
0.245 10 9.5109 0 0 4970.68 4152.91 4821.32 -8235.07 
0.25 10.0443 10 0.191549 -1.81759e-12 9930.96 8278.2 10.7562 1.24406e-10 
0.25 10 10.4891 0 0 4985.83 4148.49 4821.21 8237.91 
0.25 10 9.5109 0 0 4985.83 4148.49 4821.21 -8237.91 
0.255 10.0453 10 0.192321 -1.8076e-12 9959.41 8269.14 10.8578 1.5393e-10 
0.255 10 10.4891 0 0 5001.01 4143.96 4821.11 8237.57 
0.255 10 9.5109 0 0 5001.01 4143.96 4821.11 -8237.57 
0.26 10.0463 10 0.1931 -1.79569e-12 9987.86 8259.87 10.9608 1.7591e-10 
0.26 10 10.4891 0 0 5016.21 4139.32 4821 8240.12 
0.26 10 9.5109 0 0 5016.21 4139.32 4821 -8240.12 
0.265 10.0472 10 0.193887 -1.78193e-12 10016.3 8250.37 11.0652 2.08545e-10 
0.265 10 10.4891 0 0 5031.44 4134.57 4820.89 8239.5 
0.265 10 9.5109 0 0 5031.44 4134.57 4820.89 -8239.5 
0.27 10.0482 10 0.194681 -1.76634e-12 10044.7 8240.65 11.171 2.25463e-10 
0.27 10 10.4891 0 0 5046.69 4129.71 4820.79 8241.76 
0.27 10 9.5109 0 0 5046.69 4129.71 4820.79 -8241.76 
0.275 10.0492 10 0.195483 -1.74901e-12 10073.2 8230.71 11.2782 2.54869e-10 
0.275 10 10.4891 0 0 5061.97 4124.74 4820.68 8240.84 
0.275 10 9.5109 0 0 5061.97 4124.74 4820.68 -8240.84 
0.28 10.0501 10 0.196292 -1.73003e-12 10101.6 8220.53 11.3869 2.70401e-10 
0.28 10 10.4891 0 0 5077.27 4119.66 4820.57 8242.81 
0.28 10 9.5109 0 0 5077.27 4119.66 4820.57 -8242.81 
0.285 10.0511 10 0.197109 -1.70946e-12 10130 8210.13 11.4971 3.01174e-10 
0.285 10 10.4891 0 0 5092.6 4114.46 4820.45 8241.6 
0.285 10 9.5109 0 0 5092.6 4114.46 4820.45 -8241.6 
0.29 10.0521 10 0.197935 -1.6874e-12 10158.4 8199.5 11.6089 3.20822e-10 
0.29 10 10.4891 0 0 5107.94 4109.14 4820.34 8243.27 
0.29 10 9.5109 0 0 5107.94 4109.14 4820.34 -8243.27 
0.295 10.0531 10 0.198768 -1.66391e-12 10186.7 8188.64 11.7223 3.37542e-10 
0.295 10 10.4891 0 0 5123.31 4103.71 4820.22 8241.76 
0.295 10 9.5109 0 0 5123.31 4103.71 4820.22 -8241.76 
0.3 10.0541 10 0.199609 -1.6391e-12 10215.1 8177.54 11.8373 3.56807e-10 
0.3 10 10.4891 0 0 5138.69 4098.16 4820.11 8243.12 
0.3 10 9.5109 0 0 5138.69 4098.16 4820.11 -8243.12 
0.305 10.0551 10 0.200459 -1.61306e-12 10243.4 8166.2 11.954 3.72261e-10 
0.305 10 10.4891 0 0 5154.1 4092.49 4819.99 8241.3 
0.305 10 9.5109 0 0 5154.1 4092.49 4819.99 -8241.3 
0.31 10.0561 10 0.201317 -1.58588e-12 10271.7 8154.63 12.0724 3.86645e-10 
0.31 10 10.4891 0 0 5169.52 4086.7 4819.87 8242.36 
0.31 10 9.5109 0 0 5169.52 4086.7 4819.87 -8242.36 
0.315 10.0571 10 0.202184 -1.55766e-12 10299.9 8142.81 12.1926 4.01794e-10 
0.315 10 10.4891 0 0 5184.96 4080.8 4819.75 8240.23 
0.315 10 9.5109 0 0 5184.96 4080.8 4819.75 -8240.23 
0.32 10.0581 10 0.203059 -1.52852e-12 10328.1 8130.76 12.3146 4.13176e-10 
0.32 10 10.4891 0 0 5200.42 4074.77 4819.63 8240.97 
0.32 10 9.5109 0 0 5200.42 4074.77 4819.63 -8240.97 
0.325 10.0591 10 0.203943 -1.49854e-12 10356.3 8118.45 12.4384 4.30807e-10 
0.325 10 10.4891 0 0 5215.89 4068.62 4819.5 8238.52 
0.325 10 9.5109 0 0 5215.89 4068.62 4819.5 -8238.52 
0.33 10.0602 10 0.204836 -1.46783e-12 10384.5 8105.91 12.5641 4.32874e-10 
0.33 10 10.4891 0 0 5231.37 4062.34 4819.38 8238.94 
0.33 10 9.5109 0 0 5231.37 4062.34 4819.38 -8238.94 
0.335 10.0612 10 0.205738 -1.4365e-12 10412.5 8093.11 12.6918 4.45768e-10 
0.335 10 10.4891 0 0 5246.87 4055.95 4819.25 8236.17 
0.335 10 9.5109 0 0 5246.87 4055.95 4819.25 -8236.17 
0.34 10.0622 10 0.206649 -1.40462e-12 10440.6 8080.07 12.8214 4.45853e-10 
0.34 10 10.4891 0 0 5262.38 4049.42 4819.12 8236.26 
0.34 10 9.5109 0 0 5262.38 4049.42 4819.12 -8236.26 
0.345 10.0633 10 0.207569 -1.37232e-12 10468.6 8066.77 12.9532 4.58612e-10 
0.345 10 10.4891 0 0 5277.9 4042.77 4818.99 8233.16 
0.345 10 9.5109 0 0 5277.9 4042.77 4818.99 -8233.16 
0.35 10.0643 10 0.208499 -1.33969e-12 10496.5 8053.22 13.087 4.61319e-10 
0.35 10 10.4891 0 0 5293.42 4036 4818.86 8232.92 
0.35 10 9.5109 0 0 5293.42 4036 4818.86 -8232.92 
0.355 10.0653 10 0.209439 -1.30685e-12 10524.4 8039.41 13.223 4.55811e-10 
0.355 10 10.4891 0 0 5308.96 4029.09 4818.73 8229.49 
0.355 10 9.5109 0 0 5308.96 4029.09 4818.73 -8229.49 
0.36 10.0664 10 0.210388 -1.2739e-12 10552.2 8025.34 13.3612 4.61203e-10 
0.36 10 10.4891 0 0 5324.5 4022.06 4818.59 8228.92 
0.36 10 9.5109 0 0 5324.5 4022.06 4818.59 -8228.92 
0.365 10.0675 10 0.211348 -1.24089e-12 10580 8011.02 13.5016 4.6022e-10 
0.365 10 10.4891 0 0 5340.05 4014.9 4818.45 8225.15 
0.365 10 9.5109 0 0 5340.05 4014.9 4818.45 -8225.15 
0.37 10.0685 10 0.212317 -1.20791e-12 10607.6 7996.43 13.6445 4.56512e-10 
0.37 10 10.4891 0 0 5355.61 4007.6 4818.32 8224.23 
0.37 10 9.5109 0 0 5355.61 4007.6 4818.32 -8224.23 
0.375 10.0696 10 0.213297 -1.17507e-12 10635.3 7981.57 13.7897 4.61919e-10 
0.375 10 10.4891 0 0 5371.16 4000.18 4818.17 8220.11 
0.375 10 9.5109 0 0 5371.16 4000.18 4818.17 -8220.11 
0.38 10.0706 10 0.214287 -1.14243e-12 10662.8 7966.46 13.9374 4.48255e-10 
0.38 10 10.4891 0 0 5386.72 3992.62 4818.03 8218.85 
0.38 10 9.5109 0 0 5386.72 3992.62 4818.03 -8218.85 
0.385 10.0717 10 0.215288 -1.11009e-12 10690.2 7951.07 14.0877 4.53731e-10 
0.385 10 10.4891 0 0 5402.28 3984.92 4817.88 8214.38 
0.385 10 9.5109 0 0 5402.28 3984.92 4817.88 -8214.38 
0.39 10.0728 10 0.2163 -1.07811e-12 10717.6 7935.41 14.2405 4.47435e-10 
0.39 10 10.4891 0 0 5417.84 3977.1 4817.74 8212.76 
0.39 10 9.5109 0 0 5417.84 3977.1 4817.74 -8212.76 
0.395 10.0739 10 0.217323 -1.04656e-12 10744.9 7919.48 14.3961 4.37561e-10 
0.395 10 10.4891 0 0 5433.4 3969.13 4817.59 8207.94 
0.395 10 9.5109 0 0 5433.4 3969.13 4817.59 -8207.94 
0.4 10.075 10 0.218357 -1.01549e-12 10772.1 7903.28 14.5544 4.30482e-10 
0.4 10 10.4891 0 0 5448.95 3961.03 4817.44 8205.96 
0.4 10 9.5109 0 0 5448.95 3961.03 4817.44 -8205.96 
0.405 10.0761 10 0.219402 -9.8496e-13 10799.2 7886.8 14.7156 4.2348e-10 
0.405 10 10.4891 0 0 5464.5 3952.79 4817.28 8200.77 
0.405 10 9.5109 0 0 5464.5 3952.79 4817.28 -8200.77 
0.41 10.0772 10 0.220459 -9.55027e-13 10826.2 7870.04 14.8798 4.13832e-10 
0.41 10 10.4891 0 0 5480.04 3944.41 4817.13 8198.43 
0.41 10 9.5109 0 0 5480.04 3944.41 4817.13 -8198.43 
0.415 10.0783 10 0.221528 -9.25732e-13 10853.1 7853 15.0469 4.07002e-10 
0.415 10 10.4891 0 0 5495.58 3935.89 4816.97 8192.87 
0.415 10 9.5109 0 0 5495.58 3935.89 4816.97 -8192.87 
0.42 10.0794 10 0.222608 -8.97109e-13 10879.9 7835.67 15.2172 3.939e-10 
0.42 10 10.4891 0 0 5511.11 3927.23 4816.81 8190.16 
0.42 10 9.5109 0 0 5511.11 3927.23 4816.81 -8190.16 
0.425 10.0805 10 0.223702 -8.69193e-13 10906.5 7818.07 15.3906 3.85444e-10 
0.425 10 10.4891 0 0 5526.63 3918.42 4816.64 8184.23 
0.425 10 9.5109 0 0 5526.63 3918.42 4816.64 -8184.23 
0.43 10.0816 10 0.224807 -8.42023e-13 10933.1 7800.17 15.5674 3.75274e-10 
0.43 10 10.4891 0 0 5542.13 3909.48 4816.48 8181.13 
0.43 10 9.5109 0 0 5542.13 3909.48 4816.48 -8181.13 
0.435 10.0827 10 0.225926 -8.15591e-13 10959.5 7781.99 15.7476 3.73392e-10 
0.435 10 10.4891 0 0 5557.62 3900.38 4816.31 8174.82 
0.435 10 9.5109 0 0 5557.62 3900.38 4816.31 -8174.82 
0.44 10.0839 10 0.227057 -7.8992e-13 10985.8 7763.51 15.9313 3.49789e-10 
0.44 10 10.4891 0 0 5573.1 3891.15 4816.14 8171.35 
0.44 10 9.5109 0 0 5573.1 3891.15 4816.14 -8171.35 
0.445 10.085 10 0.228202 -7.65047e-13 11012 7744.74 16.1186 3.47217e-10 
0.445 10 10.4891 0 0 5588.56 3881.76 4815.96 8164.65 
0.445 10 9.5109 0 0 5588.56 3881.76 4815.96 -8164.65 
0.45 10.0862 10 0.22936 -7.40964e-13 11038.1 7725.68 16.3096 3.35659e-10 
0.45 10 10.4891 0 0 5604 3872.23 4815.79 8160.78 
0.45 10 9.5109 0 0 5604 3872.23 4815.79 -8160.78 
0.455 10.0873 10 0.230532 -7.17684e-13 11064 7706.32 16.5045 3.17848e-10 
0.455 10 10.4891 0 0 5619.43 3862.55 4815.61 8153.7 
0.455 10 9.5109 0 0 5619.43 3862.55 4815.61 -8153.7 
0.46 10.0885 10 0.231718 -6.95216e-13 11089.7 7686.65 16.7034 3.12884e-10 
0.46 10 10.4891 0 0 5634.83 3852.72 4815.43 8149.43 
0.46 10 9.5109 0 0 5634.83 3852.72 4815.43 -8149.43 
0.465 10.0896 10 0.232918 -6.73549e-13 11115.3 7666.69 16.9064 2.9257e-10 
0.465 10 10.4891 0 0 5650.21 3842.73 4815.24 8141.94 
0.465 10 9.5109 0 0 5650.21 3842.73 4815.24 -8141.94 
0.47 10.0908 10 0.234133 -6.5267e-13 11140.8 7646.42 17.1137 2.89647e-10 
0.47 10 10.4891 0 0 5665.56 3832.6 4815.05 8137.28 
0.47 10 9.5109 0 0 5665.56 3832.6 4815.05 -8137.28 
0.475 10.092 10 0.235363 -6.32555e-13 11166.1 7625.84 17.3253 2.73188e-10 
0.475 10 10.4891 0 0 5680.89 3822.31 4814.86 8129.39 
0.475 10 9.5109 0 0 5680.89 3822.31 4814.86 -8129.39 
0.48 10.0931 10 0.236608 -6.13211e-13 11191.2 7604.96 17.5414 2.63204e-10 
0.48 10 10.4891 0 0 5696.19 3811.87 4814.67 8124.31 
0.48 10 9.5109 0 0 5696.19 3811.87 4814.67 -8124.31 
0.485 10.0943 10 0.237869 -5.94615e-13 11216.2 7583.76 17.7622 2.56053e-10 
0.485 10 10.4891 0 0 5711.46 3801.27 4814.47 8116.01 
0.485 10 9.5109 0 0 5711.46 3801.27 4814.47 -8116.01 
0.49 10.0955 10 0.239146 -5.76768e-13 11241 7562.25 17.9879 2.4355e-10 
0.49 10 10.4891 0 0 5726.7 3790.52 4814.27 8110.52 
0.49 10 9.5109 0 0 5726.7 3790.52 4814.27 -8110.52 
0.495 10.0967 10 0.240439 -5.59628e-13 11265.6 7540.43 18.2186 2.33874e-10 
0.495 10 10.4891 0 0 5741.91 3779.6 4814.06 8101.8 
0.495 10 9.5109 0 0 5741.91 3779.6 4814.06 -8101.8 
0.5 10.0979 10 0.241748 -5.43185e-13 11290.1 7518.29 18.4544 2.26115e-10 
0.5 10 10.4891 0 0 5757.08 3768.53 4813.85 8095.89 
0.5 10 9.5109 0 0 5757.08 3768.53 4813.85 -8095.89 
0.505 10.0991 10 0.243075 -5.27429e-13 11314.3 7495.82 18.6957 2.15723e-10 
0.505 10 10.4891 0 0 5772.21 3757.3 4813.63 8086.74 
0.505 10 9.5109 0 0 5772.21 3757.3 4813.63 -8086.74 
0.51 10.1004 10 0.244419 -5.12298e-13 11338.4 7473.04 18.9424 2.03601e-10 
0.51 10 10.4891 0 0 5787.3 3745.91 4813.42 8080.4 
0.51 10 9.5109 0 0 5787.3 3745.91 4813.42 -8080.4 
0.515 10.1016 10 0.245781 -4.97806e-13 11362.2 7449.93 19.1949 1.95205e-10 
0.515 10 10.4891 0 0 5802.36 3734.35 4813.2 8070.83 
0.515 10 9.5109 0 0 5802.36 3734.35 4813.2 -8070.83 
0.52 10.1028 10 0.247162 -4.83921e-13 11385.9 7426.49 19.4534 1.90533e-10 
0.52 10 10.4891 0 0 5817.37 3722.64 4812.97 8064.06 
0.52 10 9.5109 0 0 5817.37 3722.64 4812.97 -8064.06 
0.525 10.1041 10 0.248561 -4.70603e-13 11409.3 7402.73 19.718 1.84121e-10 
0.525 10 10.4891 0 0 5832.33 3710.75 4812.74 8054.04 
0.525 10 9.5109 0 0 5832.33 3710.75 4812.74 -8054.04 
0.53 10.1053 10 0.249979 -4.57895e-13 11432.5 7378.63 19.9891 1.79613e-10 
0.53 10 10.4891 0 0 5847.25 3698.7 4812.51 8046.83 
0.53 10 9.5109 0 0 5847.25 3698.7 4812.51 -8046.83 
0.535 10.1066 10 0.251416 -4.4566e-13 11455.5 7354.2 20.2668 1.56072e-10 
0.535 10 10.4891 0 0 5862.12 3686.49 4812.27 8036.37 
0.535 10 9.5109 0 0 5862.12 3686.49 4812.27 -8036.37 
0.54 10.1078 10 0.252874 -4.33958e-13 11478.3 7329.43 20.5513 1.6171e-10 
0.54 10 10.4891 0 0 5876.93 3674.1 4812.02 8028.71 
0.54 10 9.5109 0 0 5876.93 3674.1 4812.02 -8028.71 
0.545 10.1091 10 0.254352 -4.22722e-13 11500.8 7304.32 20.843 1.65594e-10 
0.545 10 10.4891 0 0 5891.7 3661.55 4811.77 8017.8 
0.545 10 9.5109 0 0 5891.7 3661.55 4811.77 -8017.8 
0.55 10.1104 10 0.255852 -4.11906e-13 11523.1 7278.87 21.1421 1.37704e-10 
0.55 10 10.4891 0 0 5906.4 3648.83 4811.52 8009.68 
0.55 10 9.5109 0 0 5906.4 3648.83 4811.52 -8009.68 
0.555 10.1116 10 0.257373 -4.01523e-13 11545.1 7253.08 21.449 1.53531e-10 
0.555 10 10.4891 0 0 5921.05 3635.93 4811.26 7998.31 
0.555 10 9.5109 0 0 5921.05 3635.93 4811.26 -7998.31 
0.56 10.1129 10 0.258916 -3.91585e-13 11566.9 7226.94 21.7638 1.34859e-10 
0.56 10 10.4891 0 0 5935.64 3622.86 4810.99 7989.74 
0.56 10 9.5109 0 0 5935.64 3622.86 4810.99 -7989.74 
0.565 10.1142 10 0.260482 -3.8205e-13 11588.5 7200.46 22.087 1.28976e-10 
0.565 10 10.4891 0 0 5950.17 3609.62 4810.72 7977.9 
0.565 10 9.5109 0 0 5950.17 3609.62 4810.72 -7977.9 
0.57 10.1155 10 0.262072 -3.72887e-13 11609.7 7173.62 22.4188 1.23146e-10 
0.57 10 10.4891 0 0 5964.63 3596.2 4810.45 7968.86 
0.57 10 9.5109 0 0 5964.63 3596.2 4810.45 -7968.86 
0.575 10.1169 10 0.263685 -3.64112e-13 11630.7 7146.43 22.7596 1.31012e-10 
0.575 10 10.4891 0 0 5979.03 3582.6 4810.16 7956.55 
0.575 10 9.5109 0 0 5979.03 3582.6 4810.16 -7956.55 
0.58 10.1182 10 0.265323 -3.55643e-13 11651.4 7118.88 23.1098 1.13456e-10 
0.58 10 10.4891 0 0 5993.36 3568.83 4809.87 7947.03 
0.58 10 9.5109 0 0 5993.36 3568.83 4809.87 -7947.03 
0.585 10.1195 10 0.266987 -3.47477e-13 11671.8 7090.98 23.4698 1.09584e-10 
0.585 10 10.4891 0 0 6007.61 3554.88 4809.57 7934.25 
0.585 10 9.5109 0 0 6007.61 3554.88 4809.57 -7934.25 
0.59 10.1208 10 0.268676 -3.3968e-13 11692 7062.71 23.8399 1.02126e-10 
0.59 10 10.4891 0 0 6021.79 3540.74 4809.27 7924.24 
0.59 10 9.5109 0 0 6021.79 3540.74 4809.27 -7924.24 
0.595 10.1222 10 0.270393 -3.3215e-13 11711.8 7034.08 24.2206 1.11076e-10 
0.595 10 10.4891 0 0 6035.89 3526.43 4808.96 7910.97 
0.595 10 9.5109 0 0 6035.89 3526.43 4808.96 -7910.97 
0.6 10.1236 10 0.272137 -3.24869e-13 11731.3 7005.08 24.6124 1.06419e-10 
0.6 10 10.4891 0 0 6049.92 3511.93 4808.64 7900.48 
0.6 10 9.5109 0 0 6049.92 3511.93 4808.64 -7900.48 
0.605 10.1249 10 0.273909 -3.17857e-13 11750.5 6975.72 25.0157 8.90661e-11 
0.605 10 10.4891 0 0 6063.86 3497.25 4808.32 7886.71 
0.605 10 9.5109 0 0 6063.86 3497.25 4808.32 -7886.71 
0.61 10.1263 10 0.275711 -3.11118e-13 11769.4 6945.98 25.431 8.72131e-11 
0.61 10 10.4891 0 0 6077.72 3482.38 4807.98 7875.72 
0.61 10 9.5109 0 0 6077.72 3482.38 4807.98 -7875.72 
0.615 10.1277 10 0.277542 -3.04587e-13 11788 6915.87 25.8589 8.35702e-11 
0.615 10 10.4891 0 0 6091.49 3467.32 4807.64 7861.45 
0.615 10 9.5109 0 0 6091.49 3467.32 4807.64 -7861.45 
0.62 10.1291 10 0.279405 -2.98296e-13 11806.2 6885.38 26.2999 9.17846e-11 
0.62 10 10.4891 0 0 6105.17 3452.08 4807.29 7849.96 
0.62 10 9.5109 0 0 6105.17 3452.08 4807.29 -7849.96 
0.625 10.1305 10 0.2813 -2.92214e-13 11824.1 6854.51 26.7547 7.72906e-11 
0.625 10 10.4891 0 0 6118.75 3436.64 4806.93 7835.18 
0.625 10 9.5109 0 0 6118.75 3436.64 4806.93 -7835.18 
0.63 10.1319 10 0.283227 -2.86346e-13 11841.6 6823.26 27.2238 8.46546e-11 
0.63 10 10.4891 0 0 6132.24 3421.02 4806.56 7823.17 
0.63 10 9.5109 0 0 6132.24 3421.02 4806.56 -7823.17 
0.635 10.1333 10 0.285189 -2.80643e-13 11858.7 6791.62 27.7079 8.11276e-11 
0.635 10 10.4891 0 0 6145.64 3405.2 4806.18 7807.87 
0.635 10 9.5109 0 0 6145.64 3405.2 4806.18 -7807.87 
0.64 10.1347 10 0.287186 -2.75185e-13 11875.5 6759.59 28.2077 7.76349e-11 
0.64 10 10.4891 0 0 6158.93 3389.18 4805.79 7795.34 
0.64 10 9.5109 0 0 6158.93 3389.18 4805.79 -7795.34 
0.645 10.1362 10 0.289219 -2.69848e-13 11891.9 6727.17 28.724 7.50688e-11 
0.645 10 10.4891 0 0 6172.12 3372.98 4805.39 7779.52 
0.645 10 9.5109 0 0 6172.12 3372.98 4805.39 -7779.52 
0.65 10.1376 10 0.29129 -2.64655e-13 11908 6694.36 29.2576 7.16133e-11 
0.65 10 10.4891 0 0 6185.19 3356.57 4804.98 7766.46 
0.65 10 9.5109 0 0 6185.19 3356.57 4804.98 -7766.46 
0.655 10.1391 10 0.293399 -2.59664e-13 11923.6 6661.15 29.8093 6.72765e-11 
0.655 10 10.4891 0 0 6198.16 3339.96 4804.56 7750.1 
0.655 10 9.5109 0 0 6198.16 3339.96 4804.56 -7750.1 
0.66 10.1406 10 0.295549 -2.5481e-13 11938.8 6627.54 30.38 7.75109e-11 
0.66 10 10.4891 0 0 6211.02 3323.16 4804.12 7736.5 
0.66 10 9.5109 0 0 6211.02 3323.16 4804.12 -7736.5 
0.665 10.142 10 0.29774 -2.50136e-13 11953.6 6593.52 30.9706 6.1395e-11 
0.665 10 10.4891 0 0 6223.76 3306.15 4803.67 7719.6 
0.665 10 9.5109 0 0 6223.76 3306.15 4803.67 -7719.6 
0.67 10.1435 10 0.299974 -2.45619e-13 11968 6559.1 31.5823 5.80341e-11 
0.67 10 10.4891 0 0 6236.37 3288.94 4803.21 7705.46 
0.67 10 9.5109 0 0 6236.37 3288.94 4803.21 -7705.46 
0.675 10.145 10 0.302252 -2.41232e-13 11982 6524.26 32.216 6.92435e-11 
0.675 10 10.4891 0 0 6248.86 3271.52 4802.73 7688 
0.675 10 9.5109 0 0 6248.86 3271.52 4802.73 -7688 
0.68 10.1466 10 0.304577 -2.36963e-13 11995.5 6489.02 32.8729 5.50032e-11 
0.68 10 10.4891 0 0 6261.23 3253.9 4802.24 7673.3 
0.68 10 9.5109 0 0 6261.23 3253.9 4802.24 -7673.3 
0.685 10.1481 10 0.306949 -2.32815e-13 12008.6 6453.35 33.5543 5.07845e-11 
0.685 10 10.4891 0 0 6273.46 3236.06 4801.73 7655.28 
0.685 10 9.5109 0 0 6273.46 3236.06 4801.73 -7655.28 
0.69 10.1496 10 0.309371 -2.28797e-13 12021.2 6417.26 34.2615 6.11361e-11 
0.69 10 10.4891 0 0 6285.56 3218.02 4801.21 7640.01 
0.69 10 9.5109 0 0 6285.56 3218.02 4801.21 -7640.01 
0.695 10.1512 10 0.311844 -2.24929e-13 12033.3 6380.75 34.9958 5.69565e-11 
0.695 10 10.4891 0 0 6297.53 3199.76 4800.67 7621.42 
0.695 10 9.5109 0 0 6297.53 3199.76 4800.67 -7621.42 
0.7 10.1527 10 0.314371 -2.21178e-13 12045 6343.81 35.7589 5.64314e-11 
0.7 10 10.4891 0 0 6309.34 3181.29 4800.11 7605.57 
0.7 10 9.5109 0 0 6309.34 3181.29 4800.11 -7605.57 
0.705 10.1543 10 0.316953 -2.17497e-13 12056.1 6306.43 36.5522 5.50065e-11 
0.705 10 10.4891 0 0 6321.02 3162.61 4799.54 7586.4 
0.705 10 9.5109 0 0 6321.02 3162.61 4799.54 -7586.4 
0.71 10.1559 10 0.319593 -2.13939e-13 12066.8 6268.62 37.3776 5.08704e-11 
0.71 10 10.4891 0 0 6332.54 3143.7 4798.94 7569.96 
0.71 10 9.5109 0 0 6332.54 3143.7 4798.94 -7569.96 
0.715 10.1575 10 0.322294 -2.10511e-13 12076.9 6230.37 38.2369 4.76619e-11 
0.715 10 10.4891 0 0 6343.91 3124.58 4798.32 7550.2 
0.715 10 9.5109 0 0 6343.91 3124.58 4798.32 -7550.2 
0.72 10.1591 10 0.325056 -2.07184e-13 12086.5 6191.68 39.1321 5.62912e-11 
0.72 10 10.4891 0 0 6355.12 3105.23 4797.68 7533.16 
0.72 10 9.5109 0 0 6355.12 3105.23 4797.68 -7533.16 
0.725 10.1608 10 0.327885 -2.03958e-13 12095.6 6152.53 40.0653 4.40159e-11 
0.725 10 10.4891 0 0 6366.16 3085.66 4797.01 7512.79 
0.725 10 9.5109 0 0 6366.16 3085.66 4797.01 -7512.79 
0.73 10.1624 10 0.330781 -2.00825e-13 12104.1 6112.93 41.039 3.99393e-11 
0.73 10 10.4891 0 0 6377.04 3065.86 4796.33 7495.14 
0.73 10 9.5109 0 0 6377.04 3065.86 4796.33 -7495.14 
0.735 10.1641 10 0.333748 -1.97797e-13 12112.1 6072.87 42.0555 3.95154e-11 
0.735 10 10.4891 0 0 6387.75 3045.83 4795.61 7474.15 
0.735 10 9.5109 0 0 6387.75 3045.83 4795.61 -7474.15 
0.74 10.1658 10 0.33679 -1.94877e-13 12119.5 6032.35 43.1176 3.91066e-11 
0.74 10 10.4891 0 0 6398.27 3025.57 4794.87 7455.87 
0.74 10 9.5109 0 0 6398.27 3025.57 4794.87 -7455.87 
0.745 10.1674 10 0.339909 -1.92027e-13 12126.3 5991.36 44.2283 3.59791e-11 
0.745 10 10.4891 0 0 6408.62 3005.07 4794.09 7434.24 
0.745 10 9.5109 0 0 6408.62 3005.07 4794.09 -7434.24 
0.75 10.1692 10 0.34311 -1.89279e-13 12132.4 5949.9 45.3906 4.28703e-11 
0.75 10 10.4891 0 0 6418.77 2984.34 4793.29 7415.32 
0.75 10 9.5109 0 0 6418.77 2984.34 4793.29 -7415.32 
0.755 10.1709 10 0.346395 -1.86606e-13 12138 5907.95 46.6081 3.24917e-11 
0.755 10 10.4891 0 0 6428.74 2963.36 4792.45 7393.05 
0.755 10 9.5109 0 0 6428.74 2963.36 4792.45 -7393.05 
0.76 10.1726 10 0.349769 -1.84049e-13 12142.9 5865.52 47.8845 3.03146e-11 
0.76 10 10.4891 0 0 6438.5 2942.15 4791.57 7373.47 
0.76 10 9.5109 0 0 6438.5 2942.15 4791.57 -7373.47 
0.765 10.1744 10 0.353237 -1.81564e-13 12147.2 5822.6 49.2238 3.81522e-11 
0.765 10 10.4891 0 0 6448.06 2920.69 4790.66 7350.53 
0.765 10 9.5109 0 0 6448.06 2920.69 4790.66 -7350.53 
0.77 10.1762 10 0.356803 -1.79177e-13 12150.8 5779.18 50.6304 2.3266e-11 
0.77 10 10.4891 0 0 6457.41 2898.98 4789.71 7330.28 
0.77 10 9.5109 0 0 6457.41 2898.98 4789.71 -7330.28 
0.775 10.1779 10 0.360472 -1.76843e-13 12153.7 5735.26 52.1092 3.47627e-11 
0.775 10 10.4891 0 0 6466.53 2877.02 4788.71 7306.66 
0.775 10 9.5109 0 0 6466.53 2877.02 4788.71 -7306.66 
0.78 10.1798 10 0.364249 -1.74592e-13 12155.9 5690.82 53.6655 3.17192e-11 
0.78 10 10.4891 0 0 6475.44 2854.8 4787.67 7285.71 
0.78 10 9.5109 0 0 6475.44 2854.8 4787.67 -7285.71 
0.785 10.1816 10 0.36814 -1.72429e-13 12157.4 5645.87 55.3051 3.05068e-11 
0.785 10 10.4891 0 0 6484.1 2832.33 4786.58 7261.39 
0.785 10 9.5109 0 0 6484.1 2832.33 4786.58 -7261.39 
0.79 10.1834 10 0.372152 -1.7034e-13 12158.1 5600.39 57.0343 3.83999e-11 
0.79 10 10.4891 0 0 6492.53 2809.59 4785.43 7239.73 
0.79 10 9.5109 0 0 6492.53 2809.59 4785.43 -7239.73 
0.795 10.1853 10 0.37629 -1.68314e-13 12158 5554.38 58.86 2.35642e-11 
0.795 10 10.4891 0 0 6500.71 2786.58 4784.23 7214.67 
0.795 10 9.5109 0 0 6500.71 2786.58 4784.23 -7214.67 
0.8 10.1872 10 0.380563 -1.66402e-13 12157.2 5507.83 60.79 2.2387e-11 
0.8 10 10.4891 0 0 6508.63 2763.3 4782.97 7192.27 
0.8 10 9.5109 0 0 6508.63 2763.3 4782.97 -7192.27 
0.805 10.1891 10 0.384977 -1.64592e-13 12155.6 5460.72 62.8327 2.21336e-11 
0.805 10 10.4891 0 0 6516.29 2739.75 4781.63 7166.46 
0.805 10 9.5109 0 0 6516.29 2739.75 4781.63 -7166.46 
0.81 10.191 10 0.389542 -1.62848e-13 12153.1 5413.05 64.9974 1.9161e-11 
0.81 10 10.4891 0 0 6523.66 2715.92 4780.23 7143.29 
0.81 10 9.5109 0 0 6523.66 2715.92 4780.23 -7143.29 
0.815 10.193 10 0.394266 -1.61148e-13 12149.7 5364.82 67.2947 2.80179e-11 
0.815 10 10.4891 0 0 6530.75 2691.8 4778.75 7116.69 
0.815 10 9.5109 0 0 6530.75 2691.8 4778.75 -7116.69 
0.82 10.195 10 0.399159 -1.59544e-13 12145.4 5316 69.7359 2.32459e-11 
0.82 10 10.4891 0 0 6537.54 2667.39 4777.19 7092.72 
0.82 10 9.5109 0 0 6537.54 2667.39 4777.19 -7092.72 
0.825 10.197 10 0.404232 -1.58006e-13 12140.2 5266.59 72.334 2.30306e-11 
0.825 10 10.4891 0 0 6544.02 2642.68 4775.54 7065.3 
0.825 10 9.5109 0 0 6544.02 2642.68 4775.54 -7065.3 
0.83 10.199 10 0.409496 -1.56574e-13 12134.1 5216.57 75.1033 2.1011e-11 
0.83 10 10.4891 0 0 6550.17 2617.67 4773.78 7040.49 
0.83 10 9.5109 0 0 6550.17 2617.67 4773.78 -7040.49 
0.835 10.2011 10 0.414965 -1.55233e-13 12126.9 5165.93 78.0598 1.71853e-11 
0.835 10 10.4891 0 0 6555.98 2592.36 4771.92 7012.21 
0.835 10 9.5109 0 0 6555.98 2592.36 4771.92 -7012.21 
0.84 10.2032 10 0.420653 -1.53984e-13 12118.7 5114.67 81.2215 2.97435e-11 
0.84 10 10.4891 0 0 6561.43 2566.72 4769.94 6986.51 
0.84 10 9.5109 0 0 6561.43 2566.72 4769.94 -6986.51 
0.845 10.2053 10 0.426574 -1.52802e-13 12109.4 5062.75 84.6087 2.4121e-11 
0.845 10 10.4891 0 0 6566.51 2540.77 4767.83 6957.33 
0.845 10 9.5109 0 0 6566.51 2540.77 4767.83 -6957.33 
0.85 10.2075 10 0.432745 -1.5173e-13 12099 5010.18 88.2443 1.03284e-11 
0.85 10 10.4891 0 0 6571.19 2514.48 4765.59 6930.69 
0.85 10 9.5109 0 0 6571.19 2514.48 4765.59 -6930.69 
0.855 10.2096 10 0.439186 -1.50719e-13 12087.4 4956.92 92.1542 1.83723e-11 
0.855 10 10.4891 0 0 6575.46 2487.85 4763.18 6900.53 
0.855 10 9.5109 0 0 6575.46 2487.85 4763.18 -6900.53 
0.86 10.2118 10 0.445917 -1.49833e-13 12074.6 4902.97 96.368 3.6963e-12 
0.86 10 10.4891 0 0 6579.29 2460.87 4760.6 6872.89 
0.86 10 9.5109 0 0 6579.29 2460.87 4760.6 -6872.89 
0.865 10.2141 10 0.452961 -1.49043e-13 12060.5 4848.29 100.919 1.26806e-11 
0.865 10 10.4891 0 0 6582.65 2433.54 4757.83 6841.69 
0.865 10 9.5109 0 0 6582.65 2433.54 4757.83 -6841.69 
0.87 10.2164 10 0.460343 -1.48378e-13 12045 4792.88 105.846 1.25876e-11 
0.87 10 10.4891 0 0 6585.51 2405.83 4754.85 6812.97 
0.87 10 9.5109 0 0 6585.51 2405.83 4754.85 -6812.97 
0.875 10.2187 10 0.468092 -1.47777e-13 12028 4736.71 111.194 7.0465e-12 
0.875 10 10.4891 0 0 6587.84 2377.74 4751.64 6780.64 
0.875 10 9.5109 0 0 6587.84 2377.74 4751.64 -6780.64 
0.88 10.2211 10 0.476239 -1.47301e-13 12009.5 4679.74 117.013 4.2513e-12 
0.88 10 10.4891 0 0 6589.6 2349.26 4748.16 6750.73 
0.88 10 9.5109 0 0 6589.6 2349.26 4748.16 -6750.73 
0.885 10.2235 10 0.484821 -1.46972e-13 11989.4 4621.96 123.362 1.23908e-11 
0.885 10 10.4891 0 0 6590.75 2320.37 4744.38 6717.15 
0.885 10 9.5109 0 0 6590.75 2320.37 4744.38 -6717.15 
0.89 10.2259 10 0.493877 -1.46758e-13 11967.6 4563.33 130.311 9.17756e-12 
0.89 10 10.4891 0 0 6591.24 2291.05 4740.27 6685.93 
0.89 10 9.5109 0 0 6591.24 2291.05 4740.27 -6685.93 
0.895 10.2284 10 0.503453 -1.46713e-13 11943.9 4503.82 137.941 5.53325e-12 
0.895 10 10.4891 0 0 6591 2261.3 4735.79 6650.96 
0.895 10 9.5109 0 0 6591 2261.3 4735.79 -6650.96 
0.9 10.2309 10 0.513601 -1.46793e-13 11918.1 4443.39 146.347 2.36108e-12 
0.9 10 10.4891 0 0 6589.97 2231.09 4730.88 6618.26 
0.9 10 9.5109 0 0 6589.97 2231.09 4730.88 -6618.26 
0.905 10.2335 10 0.524381 -1.47024e-13 11890.2 4382 155.642 9.21472e-12 
0.905 10 10.4891 0 0 6588.07 2200.39 4725.47 6581.71 
0.905 10 9.5109 0 0 6588.07 2200.39 4725.47 -6581.71 
0.91 10.2362 10 0.53586 -1.47431e-13 11860 4319.61 165.961 -6.18987e-12 
0.91 10 10.4891 0 0 6585.21 2169.2 4719.51 6547.3 
0.91 10 9.5109 0 0 6585.21 2169.2 4719.51 -6547.3 
0.915 10.2389 10 0.548118 -1.48069e-13 11827.1 4256.17 177.465 -1.11028e-11 
0.915 10 10.4891 0 0 6581.27 2137.47 4712.9 6508.91 
0.915 10 9.5109 0 0 6581.27 2137.47 4712.9 -6508.91 
0.92 10.2417 10 0.561245 -1.48905e-13 11791.4 4191.61 190.349 -1.73522e-11 
0.92 10 10.4891 0 0 6576.13 2105.19 4705.54 6472.49 
0.92 10 9.5109 0 0 6576.13 2105.19 4705.54 -6472.49 
0.925 10.2445 10 0.575349 -1.49989e-13 11752.5 4125.88 204.853 -9.46977e-12 
0.925 10 10.4891 0 0 6569.62 2072.33 4697.3 6431.89 
0.925 10 9.5109 0 0 6569.62 2072.33 4697.3 -6431.89 
0.93 10.2474 10 0.590555 -1.51319e-13 11710 4058.9 221.267 -1.56501e-11 
0.93 10 10.4891 0 0 6561.55 2038.84 4688.03 6393.04 
0.93 10 9.5109 0 0 6561.55 2038.84 4688.03 -6393.04 
0.935 10.2504 10 0.607013 -1.52985e-13 11663.5 3990.6 239.954 -2.36024e-11 
0.935 10 10.4891 0 0 6551.68 2004.69 4677.53 6349.71 
0.935 10 9.5109 0 0 6551.68 2004.69 4677.53 -6349.71 
0.94 10.2535 10 0.624899 -1.54939e-13 11612.4 3920.87 261.368 -2.96953e-11 
0.94 10 10.4891 0 0 6539.71 1969.83 4665.57 6307.78 
0.94 10 9.5109 0 0 6539.71 1969.83 4665.57 -6307.78 
0.945 10.2567 10 0.644429 -1.57301e-13 11556 3849.63 286.084 -3.66407e-11 
0.945 10 10.4891 0 0 6525.27 1934.2 4651.85 6260.94 
0.945 10 9.5109 0 0 6525.27 1934.2 4651.85 -6260.94 
0.95 10.2599 10 0.665864 -1.60117e-13 11493.3 3776.73 314.837 -4.80699e-11 
0.95 10 10.4891 0 0 6507.88 1897.76 4635.97 6214.96 
0.95 10 9.5109 0 0 6507.88 1897.76 4635.97 -6214.96 
0.955 10.2633 10 0.689525 -1.63457e-13 11423.4 3702.05 348.58 -4.48738e-11 
0.955 10 10.4891 0 0 6486.92 1860.41 4617.44 6163.39 
0.955 10 9.5109 0 0 6486.92 1860.41 4617.44 -6163.39 
0.96 10.2668 10 0.71581 -1.67394e-13 11344.6 3625.41 388.572 -7.11529e-11 
0.96 10 10.4891 0 0 6461.6 1822.09 4595.61 6111.78 
0.96 10 9.5109 0 0 6461.6 1822.09 4595.61 -6111.78 
0.965 10.2705 10 0.745223 -1.72058e-13 11255.1 3546.61 436.493 -7.32286e-11 
0.965 10 10.4891 0 0 6430.82 1782.7 4569.59 6053.42 
0.965 10 9.5109 0 0 6430.82 1782.7 4569.59 -6053.42 
0.97 10.2743 10 0.778408 -1.77626e-13 11152.2 3465.43 494.632 -8.79106e-11 
0.97 10 10.4891 0 0 6393.15 1742.1 4538.2 5993.48 
0.97 10 9.5109 0 0 6393.15 1742.1 4538.2 -5993.48 
0.975 10.2783 10 0.816203 -1.84279e-13 11032.3 3381.57 566.171 -9.42552e-11 
0.975 10 10.4891 0 0 6346.55 1700.17 4499.78 5924.67 
0.975 10 9.5109 0 0 6346.55 1700.17 4499.78 -5924.67 
0.98 10.2825 10 0.859715 -1.92313e-13 10890.5 3294.68 655.632 -1.18596e-10 
0.98 10 10.4891 0 0 6288.17 1656.73 4452.01 5851.32 
0.98 10 9.5109 0 0 6288.17 1656.73 4452.01 -5851.32 
0.985 10.2869 10 0.910446 -2.02017e-13 10719.6 3204.33 769.61 -1.48616e-10 
0.985 10 10.4891 0 0 6213.85 1611.56 4391.47 5764.89 
0.985 10 9.5109 0 0 6213.85 1611.56 4391.47 -5764.89 
0.99 10.2916 10 0.970475 -2.13847e-13 10508.8 3109.97 918.015 -1.88342e-10 
0.99 10 10.4891 0 0 6117.32 1564.37 4313.06 5667.68 
0.99 10 9.5109 0 0 6117.32 1564.37 4313.06 -5667.68 
0.995 10.2966 10 1.04277 -2.28502e-13 10241.5 3010.87 1116.26 -2.2267e-10 
0.995 10 10.4891 0 0 5988.89 1514.82 4208.88 5547.86 
0.995 10 9.5109 0 0 5988.89 1514.82 4208.88 -5547.86 
1 10.302 10 1.13171 -2.47009e-13 9891.47 2906.09 1389.27 -3.07847e-10 
1 10 10.4891 0 0 5812.84 1462.44 4066.15 5402.1 
1 10 9.5109 0 0 5812.84 1462.44 4066.15 -5402.1 
1.005 10.308 10 1.244 -2.70923e-13 9414.07 2794.36 1779.38 -3.89082e-10 
1.005 10 10.4891 0 0 5562.47 1406.57 3863.24 5208.42 
1.005 10 9.5109 0 0 5562.47 1406.57 3863.24 -5208.42 
1.01 10.3145 10 1.39045 -3.02605e-13 8729.99 2673.85 2362.66 -5.09249e-10 
1.01 10 10.4891 0 0 5189.75 1346.31 3561.35 4944.1 
1.01 10 9.5109 0 0 5189.75 1346.31 3561.35 -4944.1 
1.015 10.322 10 1.5895 -3.46034e-13 7687.36 2541.91 3285.8 -7.22587e-10 
1.015 10 10.4891 0 0 4601.75 1280.34 3085.85 4547.11 
1.015 10 9.5109 0 0 4601.75 1280.34 3085.85 -4547.11 
1.02 10.3306 10 1.87501 -4.08415e-13 5968.51 2394.46 4857.61 -1.05219e-09 
1.02 10 10.4891 0 0 3601.99 1206.62 2279.97 3904.09 
1.02 10 9.5109 0 0 3601.99 1206.62 2279.97 -3904.09 
1.025 10.341 10 2.3154 -5.03998e-13 2828.13 2224.78 7806.76 -1.69342e-09 
1.025 10 10.4891 0 0 1723.77 1121.78 774.58 2721.83 
1.025 10 9.5109 0 0 1723.77 1121.78 774.58 -2721.83 
1.03 10.3542 10 3.00891 -5.79408e-13 0 2021.58 10373.9 -4.8259e-11 
1.03 10 10.4891 0 0 0 1020.18 -557.526 1560.84 
1.03 10 9.5109 0 0 0 1020.18 -557.526 -1560.84 
1.035 10.3711 10 3.73918 -5.82133e-13 0 1782.86 10067.9 -2.90052e-11 
1.035 10 10.4891 0 0 0 900.821 -455.627 1354.82 
1.035 10 9.5109 0 0 0 900.821 -455.627 -1354.82 
1.04 10.3916 10 4.44647 -5.83403e-13 0 1523.3 9732.08 -6.77204e-12 
1.04 10 10.4891 0 0 0 771.038 -337.243 1138.46 
1.04 10 9.5109 0 0 0 771.038 -337.243 -1138.46 
1.045 10.4155 10 5.12906 -5.83227e-13 0 1259.08 9378.6 1.17344e-11 
1.045 10 10.4891 0 0 0 638.928 -208.289 920.554 
1.045 10 9.5109 0 0 0 638.928 -208.289 -920.554 
1.05 10.4428 10 5.78619 -5.81731e-13 0 1005.36 9021.9 2.86919e-11 
1.05 10 10.4891 0 0 0 512.071 -75.9373 720.125 
1.05 10 9.5109 0 0 0 512.071 -75.9373 -720.125 
1.055 10.4733 10 6.41818 -5.79099e-13 0 774.601 8676.92 4.3444e-11 
1.055 10 10.4891 0 0 0 396.69 52.3079 540.796 
1.055 10 9.5109 0 0 0 396.69 52.3079 -540.796 
1.06 10.5069 10 7.02635 -5.75547e-13 0 575.31 8356.82 5.5225e-11 
1.06 10 10.4891 0 0 0 297.044 169.788 394.174 
1.06 10 9.5109 0 0 0 297.044 169.788 -394.174 
1.065 10.5435 10 7.61283 -5.713e-13 0 411.613 8071.04 6.34981e-11 
1.065 10 10.4891 0 0 0 215.196 271.622 275.673 
1.065 10 9.5109 0 0 0 215.196 271.622 -275.673 
1.07 10.583 10 8.18028 -5.66564e-13 0 283.556 7824.33 6.87184e-11 
1.07 10 10.4891 0 0 0 151.167 355.256 189.453 
1.07 10 9.5109 0 0 0 151.167 355.256 -189.453 
1.075 10.6253 10 8.73153 -5.61508e-13 0 188.037 7616.85 7.24159e-11 
1.075 10 10.4891 0 0 0 103.408 420.405 125.369 
1.075 10 9.5109 0 0 0 103.408 420.405 -125.369 
