0 10 10 0 0 0 25464.8 25680 1.22636e-08 
0 10 10.4012 0 0 0 12816.9 1680 24159.3 
0 10 9.59879 0 0 0 12816.9 1680 -24159.3 
0 10.0012 10 0.269652 8.7135e-13 25729.9 25464.3 50.3422 1.21454e-08 
0 10 10.4012 0 0 12865 12816.6 14476 24195.6 
0 10 9.59879 0 0 12865 12816.6 14476 -24195.6 
0.005 10.0025 10 0.271636 1.73471e-12 25917.6 25462.3 24.1021 1.20282e-08 
0.005 10 10.4012 0 0 12959.1 12815.7 14488.9 24234.9 
0.005 10 9.59879 0 0 12959.1 12815.7 14488.9 -24234.9 
0.01 10.0039 10 0.273368 2.58952e-12 26080 25458.9 24.3986 1.19085e-08 
0.01 10 10.4012 0 0 13040.6 12813.9 14488.7 24278.3 
0.01 10 9.59879 0 0 13040.6 12813.9 14488.7 -24278.3 
0.015 10.0052 10 0.275122 3.43485e-12 26243.3 25453.9 24.7261 1.17538e-08 
0.015 10 10.4012 0 0 13122.8 12811.5 14488.4 24315.9 
0.015 10 9.59879 0 0 13122.8 12811.5 14488.4 -24315.9 
0.02 10.0066 10 0.2769 4.26947e-12 26407.5 25447.4 25.0575 1.15787e-08 
0.02 10 10.4012 0 0 13205.5 12808.2 14488.1 24357.5 
0.02 10 9.59879 0 0 13205.5 12808.2 14488.1 -24357.5 
0.025 10.008 10 0.278702 5.09154e-12 26572.6 25439.4 25.3926 1.14163e-08 
0.025 10 10.4012 0 0 13288.9 12804.2 14487.8 24393.3 
0.025 10 9.59879 0 0 13288.9 12804.2 14487.8 -24393.3 
0.03 10.0094 10 0.280528 5.89903e-12 26738.5 25429.7 25.7317 1.12014e-08 
0.03 10 10.4012 0 0 13372.9 12799.4 14487.5 24433.1 
0.03 10 9.59879 0 0 13372.9 12799.4 14487.5 -24433.1 
0.035 10.0108 10 0.282378 6.68948e-12 26905.3 25418.5 26.0748 1.09307e-08 
0.035 10 10.4012 0 0 13457.6 12793.7 14487.2 24467 
0.035 10 9.59879 0 0 13457.6 12793.7 14487.2 -24467 
0.04 10.0122 10 0.284253 7.46014e-12 27072.9 25405.5 26.4219 1.06263e-08 
0.04 10 10.4012 0 0 13542.8 12787.3 14486.9 24504.9 
0.04 10 9.59879 0 0 13542.8 12787.3 14486.9 -24504.9 
0.045 10.0137 10 0.286153 8.20778e-12 27241.3 25391 26.7732 1.02815e-08 
0.045 10 10.4012 0 0 13628.6 12780 14486.6 24537 
0.045 10 9.59879 0 0 13628.6 12780 14486.6 -24537 
0.05 10.0151 10 0.288078 8.92911e-12 27410.5 25374.6 27.1287 9.88588e-09 
0.05 10 10.4012 0 0 13714.9 12771.8 14486.3 24572.9 
0.05 10 9.59879 0 0 13714.9 12771.8 14486.3 -24572.9 
0.055 10.0165 10 0.290028 9.6205e-12 27580.3 25356.6 27.4884 9.46894e-09 
0.055 10 10.4012 0 0 13801.9 12762.8 14486 24603 
0.055 10 9.59879 0 0 13801.9 12762.8 14486 -24603 
0.06 10.018 10 0.292005 1.02781e-11 27750.9 25336.8 27.8525 8.9585e-09 
0.06 10 10.4012 0 0 13889.4 12752.9 14485.6 24636.9 
0.06 10 9.59879 0 0 13889.4 12752.9 14485.6 -24636.9 
0.065 10.0195 10 0.294007 1.08981e-11 27922.1 25315.2 28.2211 8.40239e-09 
0.065 10 10.4012 0 0 13977.5 12742.1 14485.3 24664.8 
0.065 10 9.59879 0 0 13977.5 12742.1 14485.3 -24664.8 
0.07 10.0209 10 0.296036 1.14764e-11 28093.9 25291.7 28.5942 7.79392e-09 
0.07 10 10.4012 0 0 14066.1 12730.4 14485 24696.6 
0.07 10 9.59879 0 0 14066.1 12730.4 14485 -24696.6 
0.075 10.0224 10 0.298092 1.20091e-11 28266.3 25266.4 28.9719 7.11907e-09 
0.075 10 10.4012 0 0 14155.2 12717.7 14484.6 24722.4 
0.075 10 9.59879 0 0 14155.2 12717.7 14484.6 -24722.4 
0.08 10.0239 10 0.300175 1.24924e-11 28439.3 25239.2 29.3544 6.41839e-09 
0.08 10 10.4012 0 0 14244.9 12704.1 14484.3 24752 
0.08 10 9.59879 0 0 14244.9 12704.1 14484.3 -24752 
0.085 10.0254 10 0.302286 1.29225e-11 28612.7 25210 29.7417 5.62693e-09 
0.085 10 10.4012 0 0 14335 12689.5 14484 24775.6 
0.085 10 9.59879 0 0 14335 12689.5 14484 -24775.6 
0.09 10.0269 10 0.304424 1.32961e-11 28786.6 25178.9 30.1339 4.81429e-09 
0.09 10 10.4012 0 0 14425.7 12674 14483.6 24802.9 
0.09 10 9.59879 0 0 14425.7 12674 14483.6 -24802.9 
0.095 10.0285 10 0.306591 1.36102e-11 28960.9 25145.8 30.5311 3.96631e-09 
0.095 10 10.4012 0 0 14516.8 12657.4 14483.3 24824.1 
0.095 10 9.59879 0 0 14516.8 12657.4 14483.3 -24824.1 
0.1 10.03 10 0.308786 1.38623e-11 29135.6 25110.7 30.9335 3.087e-09 
0.1 10 10.4012 0 0 14608.4 12639.9 14482.9 24849 
0.1 10 9.59879 0 0 14608.4 12639.9 14482.9 -24849 
0.105 10.0316 10 0.31101 1.40502e-11 29310.5 25073.6 31.3411 2.17302e-09 
0.105 10 10.4012 0 0 14700.5 12621.3 14482.6 24867.9 
0.105 10 9.59879 0 0 14700.5 12621.3 14482.6 -24867.9 
0.11 10.0331 10 0.313263 1.41727e-11 29485.8 25034.3 31.7542 1.24636e-09 
0.11 10 10.4012 0 0 14793 12601.7 14482.2 24890.3 
0.11 10 9.59879 0 0 14793 12601.7 14482.2 -24890.3 
0.115 10.0347 10 0.315546 1.42291e-11 29661.3 24992.9 32.1727 3.50783e-10 
0.115 10 10.4012 0 0 14886 12581 14481.8 24906.7 
0.115 10 9.59879 0 0 14886 12581 14481.8 -24906.7 
0.12 10.0363 10 0.31786 1.42196e-11 29836.9 24949.4 32.5969 -5.90125e-10 
0.12 10 10.4012 0 0 14979.3 12559.2 14481.5 24926.6 
0.12 10 9.59879 0 0 14979.3 12559.2 14481.5 -24926.6 
0.125 10.0379 10 0.320203 1.41448e-11 30012.7 24903.7 33.0269 -1.50735e-09 
0.125 10 10.4012 0 0 15073 12536.3 14481.1 24940.3 
0.125 10 9.59879 0 0 15073 12536.3 14481.1 -24940.3 
0.13 10.0395 10 0.322578 1.40066e-11 30188.5 24855.7 33.4627 -2.37204e-09 
0.13 10 10.4012 0 0 15167.1 12512.4 14480.7 24957.6 
0.13 10 9.59879 0 0 15167.1 12512.4 14480.7 -24957.6 
0.135 10.0411 10 0.324984 1.38075e-11 30364.3 24805.5 33.9047 -3.19183e-09 
0.135 10 10.4012 0 0 15261.6 12487.3 14480.3 24968.7 
0.135 10 9.59879 0 0 15261.6 12487.3 14480.3 -24968.7 
0.14 10.0427 10 0.327422 1.3551e-11 30540.1 24753.1 34.3529 -3.98174e-09 
0.14 10 10.4012 0 0 15356.3 12461 14479.9 24983.2 
0.14 10 9.59879 0 0 15356.3 12461 14479.9 -24983.2 
0.145 10.0444 10 0.329892 1.3241e-11 30715.7 24698.3 34.8076 -4.6914e-09 
0.145 10 10.4012 0 0 15451.4 12433.6 14479.5 24991.5 
0.145 10 9.59879 0 0 15451.4 12433.6 14479.5 -24991.5 
0.15 10.046 10 0.332394 1.28823e-11 30891.1 24641.1 35.2688 -5.32877e-09 
0.15 10 10.4012 0 0 15546.8 12405.1 14479.1 25003.3 
0.15 10 9.59879 0 0 15546.8 12405.1 14479.1 -25003.3 
0.155 10.0477 10 0.33493 1.24803e-11 31066.3 24581.6 35.7368 -5.88733e-09 
0.155 10 10.4012 0 0 15642.5 12375.3 14478.7 25008.7 
0.155 10 9.59879 0 0 15642.5 12375.3 14478.7 -25008.7 
0.16 10.0494 10 0.3375 1.2041e-11 31241.2 24519.6 36.2117 -6.38971e-09 
0.16 10 10.4012 0 0 15738.4 12344.3 14478.3 25017.6 
0.16 10 9.59879 0 0 15738.4 12344.3 14478.3 -25017.6 
0.165 10.0511 10 0.340103 1.15704e-11 31415.7 24455.3 36.6939 -6.76767e-09 
0.165 10 10.4012 0 0 15834.5 12312.1 14477.8 25020.1 
0.165 10 9.59879 0 0 15834.5 12312.1 14477.8 -25020.1 
0.17 10.0528 10 0.342742 1.10751e-11 31589.7 24388.4 37.1835 -7.08031e-09 
0.17 10 10.4012 0 0 15930.9 12278.7 14477.4 25025.9 
0.17 10 9.59879 0 0 15930.9 12278.7 14477.4 -25025.9 
0.175 10.0545 10 0.345415 1.05617e-11 31763.2 24319 37.6806 -7.29584e-09 
0.175 10 10.4012 0 0 16027.4 12244 14477 25025.3 
0.175 10 9.59879 0 0 16027.4 12244 14477 -25025.3 
0.18 10.0562 10 0.348125 1.00366e-11 31936 24247.1 38.1857 -7.41878e-09 
0.18 10 10.4012 0 0 16124 12208 14476.5 25028.1 
0.18 10 9.59879 0 0 16124 12208 14476.5 -25028.1 
0.185 10.058 10 0.350871 9.50615e-12 32108.2 24172.6 38.6989 -7.42455e-09 
0.185 10 10.4012 0 0 16220.8 12170.8 14476.1 25024.4 
0.185 10 9.59879 0 0 16220.8 12170.8 14476.1 -25024.4 
0.19 10.0597 10 0.353654 8.9762e-12 32279.7 24095.4 39.2205 -7.36855e-09 
0.19 10 10.4012 0 0 16317.7 12132.2 14475.6 25024 
0.19 10 9.59879 0 0 16317.7 12132.2 14475.6 -25024 
0.195 10.0615 10 0.356474 8.4523e-12 32450.2 24015.7 39.7509 -7.27337e-09 
0.195 10 10.4012 0 0 16414.7 12092.4 14475.2 25017.1 
0.195 10 9.59879 0 0 16414.7 12092.4 14475.2 -25017.1 
0.2 10.0633 10 0.359332 7.93935e-12 32619.9 23933.3 40.2902 -7.0815e-09 
0.2 10 10.4012 0 0 16511.7 12051.1 14474.7 25013.4 
0.2 10 9.59879 0 0 16511.7 12051.1 14474.7 -25013.4 
0.205 10.0651 10 0.36223 7.44173e-12 32788.5 23848.2 40.8388 -6.82993e-09 
0.205 10 10.4012 0 0 16608.7 12008.6 14474.2 25003.2 
0.205 10 9.59879 0 0 16608.7 12008.6 14474.2 -25003.2 
0.21 10.0669 10 0.365167 6.96295e-12 32956.1 23760.3 41.3972 -6.5519e-09 
0.21 10 10.4012 0 0 16705.7 11964.7 14473.7 24996.1 
0.21 10 9.59879 0 0 16705.7 11964.7 14473.7 -24996.1 
0.215 10.0688 10 0.368144 6.506e-12 33122.4 23669.7 41.9655 -6.2369e-09 
0.215 10 10.4012 0 0 16802.6 11919.4 14473.2 24982.5 
0.215 10 9.59879 0 0 16802.6 11919.4 14473.2 -24982.5 
0.22 10.0706 10 0.371162 6.07301e-12 33287.5 23576.3 42.5443 -5.87797e-09 
0.22 10 10.4012 0 0 16899.5 11872.7 14472.7 24972 
0.22 10 9.59879 0 0 16899.5 11872.7 14472.7 -24972 
0.225 10.0725 10 0.374222 5.66549e-12 33451.2 23480.1 43.1339 -5.52987e-09 
0.225 10 10.4012 0 0 16996.2 11824.6 14472.2 24954.9 
0.225 10 9.59879 0 0 16996.2 11824.6 14472.2 -24954.9 
0.23 10.0743 10 0.377324 5.28431e-12 33613.4 23381.1 43.7348 -5.14181e-09 
0.23 10 10.4012 0 0 17092.8 11775.1 14471.7 24940.8 
0.23 10 9.59879 0 0 17092.8 11775.1 14471.7 -24940.8 
0.235 10.0762 10 0.38047 4.92968e-12 33774.1 23279.2 44.3474 -4.77201e-09 
0.235 10 10.4012 0 0 17189.2 11724.1 14471.2 24920.1 
0.235 10 9.59879 0 0 17189.2 11724.1 14471.2 -24920.1 
0.24 10.0781 10 0.38366 4.60133e-12 33933.1 23174.4 44.9723 -4.42045e-09 
0.24 10 10.4012 0 0 17285.4 11671.7 14470.7 24902.5 
0.24 10 9.59879 0 0 17285.4 11671.7 14470.7 -24902.5 
0.245 10.0801 10 0.386895 4.29861e-12 34090.4 23066.7 45.6099 -4.05793e-09 
0.245 10 10.4012 0 0 17381.3 11617.9 14470.1 24878.1 
0.245 10 9.59879 0 0 17381.3 11617.9 14470.1 -24878.1 
0.25 10.082 10 0.390176 4.02038e-12 34245.8 22956.1 46.2608 -3.72066e-09 
0.25 10 10.4012 0 0 17477 11562.5 14469.6 24856.8 
0.25 10 9.59879 0 0 17477 11562.5 14469.6 -24856.8 
0.255 10.084 10 0.393504 3.76545e-12 34399.2 22842.5 46.9256 -3.41939e-09 
0.255 10 10.4012 0 0 17572.3 11505.7 14469 24828.7 
0.255 10 9.59879 0 0 17572.3 11505.7 14469 -24828.7 
0.26 10.086 10 0.39688 3.53218e-12 34550.6 22725.9 47.6049 -3.13571e-09 
0.26 10 10.4012 0 0 17667.3 11447.5 14468.4 24803.6 
0.26 10 9.59879 0 0 17667.3 11447.5 14468.4 -24803.6 
0.265 10.0879 10 0.400305 3.31899e-12 34699.8 22606.3 48.2994 -2.84393e-09 
0.265 10 10.4012 0 0 17761.8 11387.7 14467.8 24771.7 
0.265 10 9.59879 0 0 17761.8 11387.7 14467.8 -24771.7 
0.27 10.09 10 0.40378 3.12423e-12 34846.7 22483.7 49.0098 -2.60565e-09 
0.27 10 10.4012 0 0 17855.9 11326.3 14467.2 24742.7 
0.27 10 9.59879 0 0 17855.9 11326.3 14467.2 -24742.7 
0.275 10.092 10 0.407307 2.94614e-12 34991.2 22358 49.7369 -2.36608e-09 
0.275 10 10.4012 0 0 17949.5 11263.5 14466.6 24707 
0.275 10 9.59879 0 0 17949.5 11263.5 14466.6 -24707 
0.28 10.094 10 0.410886 2.78324e-12 35133.2 22229.3 50.4815 -2.20139e-09 
0.28 10 10.4012 0 0 18042.6 11199.2 14466 24674.1 
0.28 10 9.59879 0 0 18042.6 11199.2 14466 -24674.1 
0.285 10.0961 10 0.414519 2.63395e-12 35272.7 22097.5 51.2444 -2.02041e-09 
0.285 10 10.4012 0 0 18135.1 11133.3 14465.4 24634.4 
0.285 10 9.59879 0 0 18135.1 11133.3 14465.4 -24634.4 
0.29 10.0982 10 0.418207 2.49683e-12 35409.4 21962.6 52.0266 -1.83387e-09 
0.29 10 10.4012 0 0 18227 11065.8 14464.7 24597.6 
0.29 10 9.59879 0 0 18227 11065.8 14464.7 -24597.6 
0.295 10.1003 10 0.421952 2.37058e-12 35543.2 21824.6 52.8291 -1.69614e-09 
0.295 10 10.4012 0 0 18318.2 10996.8 14464 24553.8 
0.295 10 9.59879 0 0 18318.2 10996.8 14464 -24553.8 
0.3 10.1024 10 0.425755 2.25406e-12 35674.1 21683.5 53.6528 -1.56341e-09 
0.3 10 10.4012 0 0 18408.8 10926.3 14463.4 24513 
0.3 10 9.59879 0 0 18408.8 10926.3 14463.4 -24513 
0.305 10.1045 10 0.429617 2.14626e-12 35802 21539.3 54.4991 -1.44282e-09 
0.305 10 10.4012 0 0 18498.6 10854.1 14462.7 24465.2 
0.305 10 9.59879 0 0 18498.6 10854.1 14462.7 -24465.2 
0.31 10.1067 10 0.433541 2.04617e-12 35926.7 21391.9 55.369 -1.33422e-09 
0.31 10 10.4012 0 0 18587.6 10780.4 14462 24420.3 
0.31 10 9.59879 0 0 18587.6 10780.4 14462 -24420.3 
0.315 10.1089 10 0.437527 1.95301e-12 36048.1 21241.3 56.2638 -1.25205e-09 
0.315 10 10.4012 0 0 18675.8 10705.2 14461.2 24368.4 
0.315 10 9.59879 0 0 18675.8 10705.2 14461.2 -24368.4 
0.32 10.1111 10 0.441579 1.86609e-12 36166 21087.6 57.185 -1.18531e-09 
0.32 10 10.4012 0 0 18763.1 10628.3 14460.5 24319.3 
0.32 10 9.59879 0 0 18763.1 10628.3 14460.5 -24319.3 
0.325 10.1133 10 0.445697 1.78474e-12 36280.5 20930.8 58.134 -1.08661e-09 
0.325 10 10.4012 0 0 18849.5 10549.9 14459.7 24263.3 
0.325 10 9.59879 0 0 18849.5 10549.9 14459.7 -24263.3 
0.33 10.1155 10 0.449885 1.70846e-12 36391.3 20770.8 59.1123 -1.04683e-09 
0.33 10 10.4012 0 0 18934.9 10469.9 14459 24210.1 
0.33 10 9.59879 0 0 18934.9 10469.9 14459 -24210.1 
0.335 10.1178 10 0.454143 1.63681e-12 36498.3 20607.6 60.1218 -9.78586e-10 
0.335 10 10.4012 0 0 19019.3 10388.3 14458.1 24149.9 
0.335 10 9.59879 0 0 19019.3 10388.3 14458.1 -24149.9 
0.34 10.1201 10 0.458474 1.56935e-12 36601.4 20441.3 61.1643 -9.21848e-10 
0.34 10 10.4012 0 0 19102.6 10305.1 14457.3 24092.5 
0.34 10 9.59879 0 0 19102.6 10305.1 14457.3 -24092.5 
0.345 10.1224 10 0.462881 1.50573e-12 36700.6 20271.8 62.2416 -8.69285e-10 
0.345 10 10.4012 0 0 19184.8 10220.4 14456.5 24028.1 
0.345 10 9.59879 0 0 19184.8 10220.4 14456.5 -24028.1 
0.35 10.1247 10 0.467367 1.44562e-12 36795.6 20099.1 63.3559 -8.24489e-10 
0.35 10 10.4012 0 0 19265.8 10134 14455.6 23966.5 
0.35 10 9.59879 0 0 19265.8 10134 14455.6 -23966.5 
0.355 10.127 10 0.471933 1.38879e-12 36886.4 19923.3 64.5095 -7.76515e-10 
0.355 10 10.4012 0 0 19345.7 10046.1 14454.7 23898 
0.355 10 9.59879 0 0 19345.7 10046.1 14454.7 -23898 
0.36 10.1294 10 0.476583 1.33497e-12 36972.8 19744.3 65.7049 -7.47152e-10 
0.36 10 10.4012 0 0 19424.3 9956.65 14453.8 23832.1 
0.36 10 9.59879 0 0 19424.3 9956.65 14453.8 -23832.1 
0.365 10.1318 10 0.481321 1.28394e-12 37054.8 19562.2 66.9445 -7.03627e-10 
0.365 10 10.4012 0 0 19501.6 9865.6 14452.8 23759.4 
0.365 10 9.59879 0 0 19501.6 9865.6 14452.8 -23759.4 
0.37 10.1342 10 0.486148 1.23548e-12 37132.1 19377 68.2314 -6.64101e-10 
0.37 10 10.4012 0 0 19577.5 9772.98 14451.9 23689.4 
0.37 10 9.59879 0 0 19577.5 9772.98 14451.9 -23689.4 
0.375 10.1367 10 0.491069 1.18944e-12 37204.8 19188.6 69.5685 -6.24913e-10 
0.375 10 10.4012 0 0 19652 9678.81 14450.8 23612.4 
0.375 10 9.59879 0 0 19652 9678.81 14450.8 -23612.4 
0.38 10.1391 10 0.496088 1.14565e-12 37272.6 18997.2 70.9591 -5.96955e-10 
0.38 10 10.4012 0 0 19725.1 9583.09 14449.8 23538.2 
0.38 10 9.59879 0 0 19725.1 9583.09 14449.8 -23538.2 
0.385 10.1416 10 0.501208 1.10397e-12 37335.5 18802.6 72.4068 -5.65654e-10 
0.385 10 10.4012 0 0 19796.8 9485.82 14448.7 23457.1 
0.385 10 9.59879 0 0 19796.8 9485.82 14448.7 -23457.1 
0.39 10.1441 10 0.506433 1.06436e-12 37393.4 18605 73.9155 -5.41918e-10 
0.39 10 10.4012 0 0 19866.8 9387.03 14447.6 23378.7 
0.39 10 9.59879 0 0 19866.8 9387.03 14447.6 -23378.7 
0.395 10.1467 10 0.511768 1.02658e-12 37446.1 18404.4 75.4893 -5.27533e-10 
0.395 10 10.4012 0 0 19935.3 9286.71 14446.4 23293.4 
0.395 10 9.59879 0 0 19935.3 9286.71 14446.4 -23293.4 
0.4 10.1493 10 0.517219 9.90557e-13 37493.6 18200.8 77.1328 -4.82472e-10 
0.4 10 10.4012 0 0 20002.2 9184.89 14445.2 23211 
0.4 10 9.59879 0 0 20002.2 9184.89 14445.2 -23211 
0.405 10.1519 10 0.522789 9.56194e-13 37535.6 17994.1 78.8509 -4.75842e-10 
0.405 10 10.4012 0 0 20067.3 9081.56 14444 23121.6 
0.405 10 9.59879 0 0 20067.3 9081.56 14444 -23121.6 
0.41 10.1545 10 0.528485 9.23404e-13 37572.2 17784.5 80.6489 -4.42147e-10 
0.41 10 10.4012 0 0 20130.8 8976.75 14442.7 23035.1 
0.41 10 9.59879 0 0 20130.8 8976.75 14442.7 -23035.1 
0.415 10.1572 10 0.534312 8.92125e-13 37603.2 17571.9 82.5326 -4.32311e-10 
0.415 10 10.4012 0 0 20192.5 8870.47 14441.3 22941.7 
0.415 10 9.59879 0 0 20192.5 8870.47 14441.3 -22941.7 
0.42 10.1598 10 0.540278 8.62244e-13 37628.5 17356.5 84.5084 -4.2449e-10 
0.42 10 10.4012 0 0 20252.3 8762.74 14439.9 22851.1 
0.42 10 9.59879 0 0 20252.3 8762.74 14439.9 -22851.1 
0.425 10.1626 10 0.546387 8.33651e-13 37648 17138.1 86.5831 -3.85925e-10 
0.425 10 10.4012 0 0 20310.4 8653.57 14438.5 22753.8 
0.425 10 9.59879 0 0 20310.4 8653.57 14438.5 -22753.8 
0.43 10.1653 10 0.552649 8.06347e-13 37661.7 16916.9 88.7643 -3.76646e-10 
0.43 10 10.4012 0 0 20366.5 8542.98 14436.9 22659.3 
0.43 10 9.59879 0 0 20366.5 8542.98 14436.9 -22659.3 
0.435 10.1681 10 0.559071 7.80229e-13 37669.3 16693 91.0603 -3.56618e-10 
0.435 10 10.4012 0 0 20420.7 8430.98 14435.3 22558.1 
0.435 10 9.59879 0 0 20420.7 8430.98 14435.3 -22558.1 
0.44 10.1709 10 0.565661 7.55254e-13 37670.8 16466.2 93.48 -3.51303e-10 
0.44 10 10.4012 0 0 20472.9 8317.61 14433.7 22459.8 
0.44 10 9.59879 0 0 20472.9 8317.61 14433.7 -22459.8 
0.445 10.1737 10 0.572428 7.31378e-13 37666.2 16236.7 96.0334 -3.27951e-10 
0.445 10 10.4012 0 0 20523.1 8202.86 14431.9 22354.8 
0.445 10 9.59879 0 0 20523.1 8202.86 14431.9 -22354.8 
0.45 10.1766 10 0.579383 7.08557e-13 37655.3 16004.5 98.7314 -3.24756e-10 
0.45 10 10.4012 0 0 20571.2 8086.78 14430.1 22252.8 
0.45 10 9.59879 0 0 20571.2 8086.78 14430.1 -22252.8 
0.455 10.1795 10 0.586536 6.86691e-13 37638 15769.7 101.586 -3.10781e-10 
0.455 10 10.4012 0 0 20617.2 7969.37 14428.1 22144.1 
0.455 10 9.59879 0 0 20617.2 7969.37 14428.1 -22144.1 
0.46 10.1825 10 0.5939 6.65807e-13 37614.3 15532.3 104.61 -3.04219e-10 
0.46 10 10.4012 0 0 20661.1 7850.66 14426.1 22038.6 
0.46 10 9.59879 0 0 20661.1 7850.66 14426.1 -22038.6 
0.465 10.1855 10 0.601485 6.45834e-13 37584 15292.4 107.819 -2.90509e-10 
0.465 10 10.4012 0 0 20702.8 7730.68 14424 21926.4 
0.465 10 9.59879 0 0 20702.8 7730.68 14424 -21926.4 
0.47 10.1885 10 0.609307 6.26716e-13 37547.1 15049.9 111.229 -2.67823e-10 
0.47 10 10.4012 0 0 20742.3 7609.44 14421.7 21817.3 
0.47 10 9.59879 0 0 20742.3 7609.44 14421.7 -21817.3 
0.475 10.1916 10 0.61738 6.08428e-13 37503.4 14804.9 114.857 -2.5253e-10 
0.475 10 10.4012 0 0 20779.5 7486.98 14419.4 21701.7 
0.475 10 9.59879 0 0 20779.5 7486.98 14419.4 -21701.7 
0.48 10.1947 10 0.625721 5.90926e-13 37453 14557.6 118.724 -2.40984e-10 
0.48 10 10.4012 0 0 20814.5 7363.31 14416.8 21589.4 
0.48 10 9.59879 0 0 20814.5 7363.31 14416.8 -21589.4 
0.485 10.1978 10 0.634347 5.74233e-13 37395.7 14307.9 122.852 -2.13181e-10 
0.485 10 10.4012 0 0 20847.2 7238.46 14414.2 21470.6 
0.485 10 9.59879 0 0 20847.2 7238.46 14414.2 -21470.6 
0.49 10.201 10 0.643278 5.58286e-13 37331.5 14055.9 127.266 -2.18224e-10 
0.49 10 10.4012 0 0 20877.5 7112.46 14411.3 21355.1 
0.49 10 9.59879 0 0 20877.5 7112.46 14411.3 -21355.1 
0.495 10.2043 10 0.652535 5.4306e-13 37260.1 13801.6 131.994 -2.01541e-10 
0.495 10 10.4012 0 0 20905.4 6985.33 14408.3 21233.3 
0.495 10 9.59879 0 0 20905.4 6985.33 14408.3 -21233.3 
0.5 10.2075 10 0.662143 5.28543e-13 37181.7 13545.2 137.068 -2.06784e-10 
0.5 10 10.4012 0 0 20930.9 6857.09 14405.1 21114.8 
0.5 10 9.59879 0 0 20930.9 6857.09 14405.1 -21114.8 
0.505 10.2109 10 0.672126 5.14695e-13 37096 13286.6 142.524 -1.7938e-10 
0.505 10 10.4012 0 0 20954 6727.78 14401.7 20990.1 
0.505 10 9.59879 0 0 20954 6727.78 14401.7 -20990.1 
0.51 10.2143 10 0.682513 5.0149e-13 37003.1 13025.8 148.401 -1.82988e-10 
0.51 10 10.4012 0 0 20974.6 6597.42 14398 20868.9 
0.51 10 9.59879 0 0 20974.6 6597.42 14398 -20868.9 
0.515 10.2177 10 0.693337 4.88947e-13 36902.7 12763.1 154.745 -1.63042e-10 
0.515 10 10.4012 0 0 20992.7 6466.04 14394.1 20741.4 
0.515 10 9.59879 0 0 20992.7 6466.04 14394.1 -20741.4 
0.52 10.2212 10 0.704632 4.77057e-13 36794.8 12498.3 161.608 -1.54101e-10 
0.52 10 10.4012 0 0 21008.2 6333.66 14389.9 20617.6 
0.52 10 9.59879 0 0 21008.2 6333.66 14389.9 -20617.6 
0.525 10.2247 10 0.716437 4.65783e-13 36679.3 12231.6 169.051 -1.54342e-10 
0.525 10 10.4012 0 0 21021.2 6200.3 14385.3 20487.7 
0.525 10 9.59879 0 0 21021.2 6200.3 14385.3 -20487.7 
0.53 10.2284 10 0.728797 4.55121e-13 36556.1 11963 177.141 -1.56487e-10 
0.53 10 10.4012 0 0 21031.5 6065.99 14380.4 20361.5 
0.53 10 9.59879 0 0 21031.5 6065.99 14380.4 -20361.5 
0.535 10.232 10 0.741761 4.45045e-13 36425.1 11692.5 185.958 -1.24153e-10 
0.535 10 10.4012 0 0 21039.2 5930.76 14375.1 20229.3 
0.535 10 9.59879 0 0 21039.2 5930.76 14375.1 -20229.3 
0.54 10.2358 10 0.755382 4.35588e-13 36286.1 11420.2 195.592 -1.31924e-10 
0.54 10 10.4012 0 0 21044.1 5794.61 14369.3 20100.9 
0.54 10 9.59879 0 0 21044.1 5794.61 14369.3 -20100.9 
0.545 10.2396 10 0.769724 4.26735e-13 36138.9 11146.2 206.151 -1.19771e-10 
0.545 10 10.4012 0 0 21046.3 5657.59 14363 19966.6 
0.545 10 9.59879 0 0 21046.3 5657.59 14363 -19966.6 
0.55 10.2435 10 0.784857 4.18483e-13 35983.5 10870.4 217.758 -1.11339e-10 
0.55 10 10.4012 0 0 21045.7 5519.69 14356.2 19836.1 
0.55 10 9.59879 0 0 21045.7 5519.69 14356.2 -19836.1 
0.555 10.2474 10 0.800861 4.10843e-13 35819.6 10592.9 230.56 -9.75368e-11 
0.555 10 10.4012 0 0 21042.1 5380.95 14348.7 19699.9 
0.555 10 9.59879 0 0 21042.1 5380.95 14348.7 -19699.9 
0.56 10.2515 10 0.817827 4.03857e-13 35646.9 10313.7 244.73 -8.56446e-11 
0.56 10 10.4012 0 0 21035.6 5241.37 14340.4 19567.5 
0.56 10 9.59879 0 0 21035.6 5241.37 14340.4 -19567.5 
0.565 10.2556 10 0.83586 3.97497e-13 35465.2 10032.9 260.474 -7.83878e-11 
0.565 10 10.4012 0 0 21026 5100.96 14331.3 19429.4 
0.565 10 9.59879 0 0 21026 5100.96 14331.3 -19429.4 
0.57 10.2599 10 0.855081 3.9176e-13 35274.2 9750.45 278.04 -7.03085e-11 
0.57 10 10.4012 0 0 21013.2 4959.73 14321.1 19295.2 
0.57 10 9.59879 0 0 21013.2 4959.73 14321.1 -19295.2 
0.575 10.2642 10 0.87563 3.86738e-13 35073.5 9466.37 297.724 -7.32434e-11 
0.575 10 10.4012 0 0 20997 4817.69 14309.8 19155.3 
0.575 10 9.59879 0 0 20997 4817.69 14309.8 -19155.3 
0.58 10.2686 10 0.897672 3.82491e-13 34862.7 9180.64 319.89 -5.71873e-11 
0.58 10 10.4012 0 0 20977.3 4674.82 14297.2 19019.3 
0.58 10 9.59879 0 0 20977.3 4674.82 14297.2 -19019.3 
0.585 10.2732 10 0.921398 3.79008e-13 34641.1 8893.25 344.981 -4.94236e-11 
0.585 10 10.4012 0 0 20953.8 4531.13 14283 18877.3 
0.585 10 9.59879 0 0 20953.8 4531.13 14283 -18877.3 
0.59 10.2778 10 0.947038 3.76341e-13 34408.1 8604.18 373.549 -4.63218e-11 
0.59 10 10.4012 0 0 20926.3 4386.59 14266.9 18739.2 
0.59 10 9.59879 0 0 20926.3 4386.59 14266.9 -18739.2 
0.595 10.2826 10 0.974861 3.74594e-13 34162.8 8313.36 406.28 -1.5154e-11 
0.595 10 10.4012 0 0 20894.2 4241.19 14248.6 18594.9 
0.595 10 9.59879 0 0 20894.2 4241.19 14248.6 -18594.9 
0.6 10.2876 10 1.0052 3.73823e-13 33904.2 8020.74 444.044 -4.1321e-12 
0.6 10 10.4012 0 0 20857.2 4094.87 14227.6 18454 
0.6 10 9.59879 0 0 20857.2 4094.87 14227.6 -18454 
0.605 10.2927 10 1.03844 3.74182e-13 33630.9 7726.2 487.952 1.58267e-11 
0.605 10 10.4012 0 0 20814.5 3947.6 14203.3 18306.3 
0.605 10 9.59879 0 0 20814.5 3947.6 14203.3 -18306.3 
0.61 10.298 10 1.07508 3.75872e-13 33341.2 7429.62 539.445 3.55993e-11 
0.61 10 10.4012 0 0 20765.3 3799.32 14175 18161.3 
0.61 10 9.59879 0 0 20765.3 3799.32 14175 -18161.3 
0.615 10.3034 10 1.11573 3.78996e-13 33032.8 7130.84 600.419 6.6085e-11 
0.615 10 10.4012 0 0 20708.4 3649.92 14141.7 18008.4 
0.615 10 9.59879 0 0 20708.4 3649.92 14141.7 -18008.4 
0.62 10.3091 10 1.16114 3.83857e-13 32702.7 6829.62 673.405 7.44996e-11 
0.62 10 10.4012 0 0 20642.2 3499.32 14102 17856.5 
0.62 10 9.59879 0 0 20642.2 3499.32 14102 -17856.5 
0.625 10.3151 10 1.2123 3.90916e-13 32347 6525.71 761.852 1.07163e-10 
0.625 10 10.4012 0 0 20564.4 3347.36 14054.2 17694.3 
0.625 10 9.59879 0 0 20564.4 3347.36 14054.2 -17694.3 
0.63 10.3213 10 1.27046 4.0046e-13 31960.1 6218.74 870.548 1.48573e-10 
0.63 10 10.4012 0 0 20472 3193.87 13995.8 17529.8 
0.63 10 9.59879 0 0 20472 3193.87 13995.8 -17529.8 
0.635 10.3278 10 1.3373 4.13191e-13 31534.3 5908.24 1006.31 2.0318e-10 
0.635 10 10.4012 0 0 20360.3 3038.63 13923.2 17350.1 
0.635 10 9.59879 0 0 20360.3 3038.63 13923.2 -17350.1 
0.64 10.3347 10 1.4151 4.29987e-13 31058.4 5593.65 1179.08 2.79956e-10 
0.64 10 10.4012 0 0 20222.5 2881.33 13831.4 17160.3 
0.64 10 9.59879 0 0 20222.5 2881.33 13831.4 -17160.3 
0.645 10.342 10 1.50698 4.52116e-13 30516.1 5274.17 1403.85 3.5553e-10 
0.645 10 10.4012 0 0 20048.3 2721.59 13712.6 16943.9 
0.645 10 9.59879 0 0 20048.3 2721.59 13712.6 -16943.9 
0.65 10.3498 10 1.61743 4.81425e-13 29881.7 4948.79 1704 4.93764e-10 
0.65 10 10.4012 0 0 19821.2 2558.9 13554.8 16699 
0.65 10 9.59879 0 0 19821.2 2558.9 13554.8 -16699 
0.655 10.3582 10 1.75309 5.20842e-13 29114.3 4616.16 2117.58 6.58777e-10 
0.655 10 10.4012 0 0 19514.1 2392.59 13338.5 16397 
0.655 10 9.59879 0 0 19514.1 2392.59 13338.5 -16397 
0.66 10.3674 10 1.92415 5.75013e-13 28144.7 4274.39 2709.67 8.84026e-10 
0.66 10 10.4012 0 0 19080.1 2221.7 13030.5 16014 
0.66 10 9.59879 0 0 19080.1 2221.7 13030.5 -16014 
0.665 10.3775 10 2.14716 6.51983e-13 26848.7 3920.86 3598.53 1.29526e-09 
0.665 10 10.4012 0 0 18432.6 2044.93 12570.5 15477.8 
0.665 10 9.59879 0 0 18432.6 2044.93 12570.5 -15477.8 
0.67 10.389 10 2.45061 7.66279e-13 24985 3551.72 5015.59 1.96639e-09 
0.67 10 10.4012 0 0 17399.4 1860.37 11840.7 14671.9 
0.67 10 9.59879 0 0 17399.4 1860.37 11840.7 -14671.9 
0.675 10.4022 10 2.8876 9.47504e-13 22040.5 3161.18 7458.12 3.24752e-09 
0.675 10 10.4012 0 0 15604.9 1665.1 10588.8 13307.2 
0.675 10 9.59879 0 0 15604.9 1665.1 10588.8 -13307.2 
0.68 10.4182 10 3.56773 1.2629e-12 16779.7 2740.01 12132.1 5.98031e-09 
0.68 10 10.4012 0 0 12119.4 1454.51 8204.26 10690.7 
0.68 10 9.59879 0 0 12119.4 1454.51 8204.26 -10690.7 
0.685 10.4387 10 4.75051 1.89775e-12 5699.37 2272.75 22479.1 1.30308e-08 
0.685 10 10.4012 0 0 4222.68 1220.88 2948.01 4717.49 
0.685 10 9.59879 0 0 4222.68 1220.88 2948.01 -4717.49 
0.69 10.4672 10 6.66722 2.21815e-12 0 1741.68 27237.4 -1.85938e-11 
0.69 10 10.4012 0 0 0 955.344 434.71 1228.75 
0.69 10 9.59879 0 0 0 955.344 434.71 -1228.75 
0.695 10.5053 10 8.57763 2.21276e-12 0 1205.84 26259.5 -1.29252e-10 
0.695 10 10.4012 0 0 0 687.424 789.953 863.54 
0.695 10 9.59879 0 0 0 687.424 789.953 -863.54 
0.7 10.5528 10 10.4207 2.20039e-12 0 751.233 25367.4 -2.11138e-10 
0.7 10 10.4012 0 0 0 460.122 1106.98 575.148 
0.7 10 9.59879 0 0 0 460.122 1106.98 -575.148 
0.705 10.6094 10 12.2053 2.18339e-12 0 419.801 24632.4 -2.59832e-10 
0.705 10 10.4012 0 0 0 294.406 1349.53 374.421 
0.705 10 9.59879 0 0 0 294.406 1349.53 -374.421 
