0 10 10 0 0 0 16976.5 17120 -2.13004e-09 
0 10 10.4336 0 0 0 8525.82 1120 16070.8 
0 10 9.56636 0 0 0 8525.82 1120 -16070.8 
0 10.0009 10 0.213992 -1.51524e-13 17087.2 16976.3 68.6056 -2.1143e-09 
0 10 10.4336 0 0 8543.61 8525.73 9630.72 16088 
0 10 9.56636 0 0 8543.61 8525.73 9630.72 -16088 
0.005 10.002 10 0.215667 -3.01643e-13 17220.4 16975.6 14.2292 -2.09328e-09 
0.005 10 10.4336 0 0 8610.27 8525.35 9657.79 16106.5 
0.005 10 9.56636 0 0 8610.27 8525.35 9657.79 -16106.5 
0.01 10.003 10 0.216679 -4.50355e-13 17300 16974.3 14.2061 -2.07246e-09 
0.01 10 10.4336 0 0 8650.2 8524.69 9657.73 16128.9 
0.01 10 9.56636 0 0 8650.2 8524.69 9657.73 -16128.9 
0.015 10.0041 10 0.217699 -5.97567e-13 17379.8 16972.4 14.3573 -2.05004e-09 
0.015 10 10.4336 0 0 8690.27 8523.74 9657.58 16146.7 
0.015 10 9.56636 0 0 8690.27 8523.74 9657.58 -16146.7 
0.02 10.0052 10 0.21873 -7.43198e-13 17459.9 16969.9 14.5105 -2.02783e-09 
0.02 10 10.4336 0 0 8730.57 8522.49 9657.43 16168.4 
0.02 10 9.56636 0 0 8730.57 8522.49 9657.43 -16168.4 
0.025 10.0063 10 0.219772 -8.87081e-13 17540.3 16966.8 14.6651 -2.00405e-09 
0.025 10 10.4336 0 0 8771.1 8520.94 9657.28 16185.5 
0.025 10 9.56636 0 0 8771.1 8520.94 9657.28 -16185.5 
0.03 10.0074 10 0.220825 -1.02911e-12 17621.1 16963.1 14.8213 -1.96961e-09 
0.03 10 10.4336 0 0 8811.85 8519.1 9657.13 16206.5 
0.03 10 9.56636 0 0 8811.85 8519.1 9657.13 -16206.5 
0.035 10.0085 10 0.221889 -1.16906e-12 17702.2 16958.8 14.9791 -1.9482e-09 
0.035 10 10.4336 0 0 8852.82 8516.94 9656.98 16222.8 
0.035 10 9.56636 0 0 8852.82 8516.94 9656.98 -16222.8 
0.04 10.0096 10 0.222965 -1.30672e-12 17783.6 16953.8 15.1383 -1.91073e-09 
0.04 10 10.4336 0 0 8894.01 8514.47 9656.82 16243 
0.04 10 9.56636 0 0 8894.01 8514.47 9656.82 -16243 
0.045 10.0108 10 0.224052 -1.4419e-12 17865.4 16948.3 15.2992 -1.87544e-09 
0.045 10 10.4336 0 0 8935.42 8511.69 9656.66 16258.6 
0.045 10 9.56636 0 0 8935.42 8511.69 9656.66 -16258.6 
0.05 10.0119 10 0.225151 -1.5743e-12 17947.4 16942.1 15.4617 -1.82962e-09 
0.05 10 10.4336 0 0 8977.05 8508.59 9656.51 16278.1 
0.05 10 9.56636 0 0 8977.05 8508.59 9656.51 -16278.1 
0.055 10.013 10 0.226261 -1.7036e-12 18029.7 16935.2 15.6259 -1.78969e-09 
0.055 10 10.4336 0 0 9018.89 8505.16 9656.35 16292.9 
0.055 10 9.56636 0 0 9018.89 8505.16 9656.35 -16292.9 
0.06 10.0141 10 0.227383 -1.8295e-12 18112.2 16927.7 15.7917 -1.73204e-09 
0.06 10 10.4336 0 0 9060.94 8501.41 9656.19 16311.6 
0.06 10 9.56636 0 0 9060.94 8501.41 9656.19 -16311.6 
0.065 10.0153 10 0.228517 -1.95169e-12 18195.1 16919.5 15.9592 -1.68583e-09 
0.065 10 10.4336 0 0 9103.19 8497.32 9656.02 16325.6 
0.065 10 9.56636 0 0 9103.19 8497.32 9656.02 -16325.6 
0.07 10.0164 10 0.229663 -2.06983e-12 18278.2 16910.7 16.1285 -1.61472e-09 
0.07 10 10.4336 0 0 9145.66 8492.9 9655.86 16343.4 
0.07 10 9.56636 0 0 9145.66 8492.9 9655.86 -16343.4 
0.075 10.0176 10 0.230821 -2.18357e-12 18361.6 16901.1 16.2995 -1.56242e-09 
0.075 10 10.4336 0 0 9188.33 8488.13 9655.69 16356.6 
0.075 10 9.56636 0 0 9188.33 8488.13 9655.69 -16356.6 
0.08 10.0187 10 0.231991 -2.29251e-12 18445.2 16890.9 16.4723 -1.47804e-09 
0.08 10 10.4336 0 0 9231.19 8483.02 9655.52 16373.7 
0.08 10 9.56636 0 0 9231.19 8483.02 9655.52 -16373.7 
0.085 10.0199 10 0.233174 -2.39631e-12 18529 16880 16.647 -1.40894e-09 
0.085 10 10.4336 0 0 9274.26 8477.56 9655.35 16386 
0.085 10 9.56636 0 0 9274.26 8477.56 9655.35 -16386 
0.09 10.0211 10 0.23437 -2.49457e-12 18613.1 16868.4 16.8236 -1.3388e-09 
0.09 10 10.4336 0 0 9317.53 8471.75 9655.18 16402.2 
0.09 10 9.56636 0 0 9317.53 8471.75 9655.18 -16402.2 
0.095 10.0222 10 0.235578 -2.58693e-12 18697.4 16856 17.002 -1.24219e-09 
0.095 10 10.4336 0 0 9360.98 8465.57 9655.01 16413.7 
0.095 10 9.56636 0 0 9360.98 8465.57 9655.01 -16413.7 
0.1 10.0234 10 0.236798 -2.67303e-12 18781.9 16843 17.1824 -1.16283e-09 
0.1 10 10.4336 0 0 9404.62 8459.03 9654.83 16429 
0.1 10 9.56636 0 0 9404.62 8459.03 9654.83 -16429 
0.105 10.0246 10 0.238032 -2.7525e-12 18866.6 16829.1 17.3648 -1.06985e-09 
0.105 10 10.4336 0 0 9448.45 8452.13 9654.65 16439.6 
0.105 10 9.56636 0 0 9448.45 8452.13 9654.65 -16439.6 
0.11 10.0258 10 0.239279 -2.82495e-12 18951.4 16814.6 17.5492 -9.68758e-10 
0.11 10 10.4336 0 0 9492.47 8444.85 9654.48 16454 
0.11 10 9.56636 0 0 9492.47 8444.85 9654.48 -16454 
0.115 10.027 10 0.240539 -2.89019e-12 19036.5 16799.3 17.7357 -8.68675e-10 
0.115 10 10.4336 0 0 9536.66 8437.19 9654.29 16463.6 
0.115 10 9.56636 0 0 9536.66 8437.19 9654.29 -16463.6 
0.12 10.0282 10 0.241813 -2.94787e-12 19121.6 16783.2 17.9243 -7.47821e-10 
0.12 10 10.4336 0 0 9581.02 8429.15 9654.11 16477.1 
0.12 10 9.56636 0 0 9581.02 8429.15 9654.11 -16477.1 
0.125 10.0294 10 0.2431 -2.9977e-12 19207 16766.3 18.1151 -6.48075e-10 
0.125 10 10.4336 0 0 9625.56 8420.73 9653.92 16485.8 
0.125 10 9.56636 0 0 9625.56 8420.73 9653.92 -16485.8 
0.13 10.0306 10 0.244401 -3.03948e-12 19292.5 16748.7 18.3081 -5.2399e-10 
0.13 10 10.4336 0 0 9670.27 8411.91 9653.74 16498.3 
0.13 10 9.56636 0 0 9670.27 8411.91 9653.74 -16498.3 
0.135 10.0319 10 0.245716 -3.07305e-12 19378 16730.3 18.5033 -3.97418e-10 
0.135 10 10.4336 0 0 9715.14 8402.7 9653.55 16506.1 
0.135 10 9.56636 0 0 9715.14 8402.7 9653.55 -16506.1 
0.14 10.0331 10 0.247044 -3.09827e-12 19463.7 16711 18.7008 -3.01116e-10 
0.14 10 10.4336 0 0 9760.17 8393.08 9653.36 16517.6 
0.14 10 9.56636 0 0 9760.17 8393.08 9653.36 -16517.6 
0.145 10.0343 10 0.248387 -3.11505e-12 19549.5 16691 18.9007 -1.71438e-10 
0.145 10 10.4336 0 0 9805.35 8383.06 9653.16 16524.4 
0.145 10 9.56636 0 0 9805.35 8383.06 9653.16 -16524.4 
0.15 10.0356 10 0.249744 -3.12337e-12 19635.4 16670.1 19.1029 -7.20456e-11 
0.15 10 10.4336 0 0 9850.69 8372.63 9652.97 16534.9 
0.15 10 9.56636 0 0 9850.69 8372.63 9652.97 -16534.9 
0.155 10.0368 10 0.251116 -3.12329e-12 19721.3 16648.4 19.3077 6.98252e-11 
0.155 10 10.4336 0 0 9896.17 8361.78 9652.77 16540.6 
0.155 10 9.56636 0 0 9896.17 8361.78 9652.77 -16540.6 
0.16 10.0381 10 0.252503 -3.11486e-12 19807.3 16625.9 19.5149 1.81423e-10 
0.16 10 10.4336 0 0 9941.79 8350.52 9652.57 16550.1 
0.16 10 9.56636 0 0 9941.79 8350.52 9652.57 -16550.1 
0.165 10.0394 10 0.253904 -3.09826e-12 19893.3 16602.5 19.7247 2.90059e-10 
0.165 10 10.4336 0 0 9987.55 8338.82 9652.36 16554.8 
0.165 10 9.56636 0 0 9987.55 8338.82 9652.36 -16554.8 
0.17 10.0406 10 0.255321 -3.0737e-12 19979.4 16578.3 19.9372 4.04856e-10 
0.17 10 10.4336 0 0 10033.4 8326.7 9652.16 16563.3 
0.17 10 9.56636 0 0 10033.4 8326.7 9652.16 -16563.3 
0.175 10.0419 10 0.256752 -3.04142e-12 20065.4 16553.2 20.1523 5.02201e-10 
0.175 10 10.4336 0 0 10079.5 8314.14 9651.95 16566.9 
0.175 10 9.56636 0 0 10079.5 8314.14 9651.95 -16566.9 
0.18 10.0432 10 0.2582 -3.00174e-12 20151.5 16527.2 20.3702 6.0033e-10 
0.18 10 10.4336 0 0 10125.6 8301.15 9651.74 16574.2 
0.18 10 9.56636 0 0 10125.6 8301.15 9651.74 -16574.2 
0.185 10.0445 10 0.259662 -2.95509e-12 20237.5 16500.3 20.591 6.95663e-10 
0.185 10 10.4336 0 0 10171.8 8287.71 9651.53 16576.7 
0.185 10 9.56636 0 0 10171.8 8287.71 9651.53 -16576.7 
0.19 10.0458 10 0.261141 -2.9019e-12 20323.4 16472.5 20.8146 7.88261e-10 
0.19 10 10.4336 0 0 10218.2 8273.82 9651.31 16583 
0.19 10 9.56636 0 0 10218.2 8273.82 9651.31 -16583 
0.195 10.0471 10 0.262636 -2.84267e-12 20409.3 16443.8 21.0412 8.78196e-10 
0.195 10 10.4336 0 0 10264.7 8259.47 9651.09 16584.4 
0.195 10 9.56636 0 0 10264.7 8259.47 9651.09 -16584.4 
0.2 10.0484 10 0.264147 -2.77787e-12 20495.1 16414.2 21.2709 9.34608e-10 
0.2 10 10.4336 0 0 10311.2 8244.67 9650.87 16589.5 
0.2 10 9.56636 0 0 10311.2 8244.67 9650.87 -16589.5 
0.205 10.0497 10 0.265675 -2.70808e-12 20580.8 16383.7 21.5037 1.00487e-09 
0.205 10 10.4336 0 0 10357.9 8229.4 9650.65 16589.7 
0.205 10 9.56636 0 0 10357.9 8229.4 9650.65 -16589.7 
0.21 10.0511 10 0.267219 -2.63385e-12 20666.4 16352.2 21.7398 1.07452e-09 
0.21 10 10.4336 0 0 10404.6 8213.66 9650.42 16593.6 
0.21 10 9.56636 0 0 10404.6 8213.66 9650.42 -16593.6 
0.215 10.0524 10 0.268781 -2.55583e-12 20751.9 16319.8 21.9791 1.10725e-09 
0.215 10 10.4336 0 0 10451.5 8197.45 9650.19 16592.7 
0.215 10 9.56636 0 0 10451.5 8197.45 9650.19 -16592.7 
0.22 10.0538 10 0.270359 -2.47468e-12 20837.2 16286.4 22.2218 1.15774e-09 
0.22 10 10.4336 0 0 10498.4 8180.76 9649.96 16595.4 
0.22 10 9.56636 0 0 10498.4 8180.76 9649.96 -16595.4 
0.225 10.0551 10 0.271955 -2.39097e-12 20922.3 16252.1 22.468 1.17876e-09 
0.225 10 10.4336 0 0 10545.3 8163.59 9649.73 16593.3 
0.225 10 9.56636 0 0 10545.3 8163.59 9649.73 -16593.3 
0.23 10.0565 10 0.273569 -2.30539e-12 21007.2 16216.7 22.7178 1.21589e-09 
0.23 10 10.4336 0 0 10592.3 8145.93 9649.49 16594.8 
0.23 10 9.56636 0 0 10592.3 8145.93 9649.49 -16594.8 
0.235 10.0579 10 0.275201 -2.21851e-12 21091.9 16180.4 22.9713 1.20918e-09 
0.235 10 10.4336 0 0 10639.4 8127.78 9649.25 16591.4 
0.235 10 9.56636 0 0 10639.4 8127.78 9649.25 -16591.4 
0.24 10.0592 10 0.276851 -2.13095e-12 21176.4 16143.1 23.2286 1.23149e-09 
0.24 10 10.4336 0 0 10686.5 8109.13 9649.01 16591.7 
0.24 10 9.56636 0 0 10686.5 8109.13 9649.01 -16591.7 
0.245 10.0606 10 0.278519 -2.04323e-12 21260.6 16104.8 23.4898 1.23558e-09 
0.245 10 10.4336 0 0 10733.7 8089.97 9648.76 16587 
0.245 10 9.56636 0 0 10733.7 8089.97 9648.76 -16587 
0.25 10.062 10 0.280206 -1.95595e-12 21344.6 16065.5 23.755 1.20335e-09 
0.25 10 10.4336 0 0 10780.9 8070.31 9648.51 16586 
0.25 10 9.56636 0 0 10780.9 8070.31 9648.51 -16586 
0.255 10.0634 10 0.281913 -1.86954e-12 21428.2 16025.2 24.0243 1.19853e-09 
0.255 10 10.4336 0 0 10828.1 8050.14 9648.25 16580 
0.255 10 9.56636 0 0 10828.1 8050.14 9648.25 -16580 
0.26 10.0648 10 0.283639 -1.78456e-12 21511.5 15983.8 24.298 1.18481e-09 
0.26 10 10.4336 0 0 10875.3 8029.45 9648 16577.7 
0.26 10 9.56636 0 0 10875.3 8029.45 9648 -16577.7 
0.265 10.0663 10 0.285384 -1.70134e-12 21594.4 15941.4 24.576 1.14769e-09 
0.265 10 10.4336 0 0 10922.5 8008.23 9647.73 16570.5 
0.265 10 9.56636 0 0 10922.5 8008.23 9647.73 -16570.5 
0.27 10.0677 10 0.28715 -1.62032e-12 21677 15897.9 24.8585 1.13089e-09 
0.27 10 10.4336 0 0 10969.7 7986.5 9647.47 16566.8 
0.27 10 9.56636 0 0 10969.7 7986.5 9647.47 -16566.8 
0.275 10.0691 10 0.288935 -1.54173e-12 21759.1 15853.3 25.1458 1.08351e-09 
0.275 10 10.4336 0 0 11017 7964.23 9647.2 16558.2 
0.275 10 9.56636 0 0 11017 7964.23 9647.2 -16558.2 
0.28 10.0706 10 0.290742 -1.46595e-12 21840.9 15807.7 25.4379 1.02743e-09 
0.28 10 10.4336 0 0 11064.2 7941.42 9646.93 16553.2 
0.28 10 9.56636 0 0 11064.2 7941.42 9646.93 -16553.2 
0.285 10.072 10 0.292569 -1.39309e-12 21922.2 15761 25.7349 9.89941e-10 
0.285 10 10.4336 0 0 11111.3 7918.08 9646.65 16543.2 
0.285 10 9.56636 0 0 11111.3 7918.08 9646.65 -16543.2 
0.29 10.0735 10 0.294418 -1.32332e-12 22003 15713.3 26.0372 9.52888e-10 
0.29 10 10.4336 0 0 11158.4 7894.19 9646.37 16536.8 
0.29 10 9.56636 0 0 11158.4 7894.19 9646.37 -16536.8 
0.295 10.075 10 0.296289 -1.25681e-12 22083.3 15664.4 26.3447 9.16291e-10 
0.295 10 10.4336 0 0 11205.5 7869.75 9646.09 16525.4 
0.295 10 9.56636 0 0 11205.5 7869.75 9646.09 -16525.4 
0.3 10.0765 10 0.298182 -1.19361e-12 22163.1 15614.4 26.6578 8.67424e-10 
0.3 10 10.4336 0 0 11252.5 7844.76 9645.8 16517.6 
0.3 10 9.56636 0 0 11252.5 7844.76 9645.8 -16517.6 
0.305 10.078 10 0.300098 -1.13368e-12 22242.4 15563.3 26.9766 8.1174e-10 
0.305 10 10.4336 0 0 11299.5 7819.22 9645.5 16504.8 
0.305 10 9.56636 0 0 11299.5 7819.22 9645.5 -16504.8 
0.31 10.0795 10 0.302036 -1.07703e-12 22321 15511.1 27.3012 7.6561e-10 
0.31 10 10.4336 0 0 11346.4 7793.11 9645.21 16495.5 
0.31 10 9.56636 0 0 11346.4 7793.11 9645.21 -16495.5 
0.315 10.081 10 0.303998 -1.02365e-12 22399.1 15457.8 27.632 7.25395e-10 
0.315 10 10.4336 0 0 11393.2 7766.43 9644.9 16481.2 
0.315 10 9.56636 0 0 11393.2 7766.43 9644.9 -16481.2 
0.32 10.0825 10 0.305984 -9.73459e-13 22476.5 15403.3 27.9691 6.91083e-10 
0.32 10 10.4336 0 0 11439.9 7739.19 9644.6 16470.5 
0.32 10 9.56636 0 0 11439.9 7739.19 9644.6 -16470.5 
0.325 10.084 10 0.307994 -9.26297e-13 22553.3 15347.6 28.3128 6.33548e-10 
0.325 10 10.4336 0 0 11486.5 7711.37 9644.28 16454.8 
0.325 10 9.56636 0 0 11486.5 7711.37 9644.28 -16454.8 
0.33 10.0856 10 0.310028 -8.8209e-13 22629.3 15290.8 28.6633 6.05531e-10 
0.33 10 10.4336 0 0 11533 7682.97 9643.97 16442.5 
0.33 10 9.56636 0 0 11533 7682.97 9643.97 -16442.5 
0.335 10.0871 10 0.312089 -8.40712e-13 22704.7 15232.9 29.0208 5.61539e-10 
0.335 10 10.4336 0 0 11579.3 7653.99 9643.64 16425.3 
0.335 10 9.56636 0 0 11579.3 7653.99 9643.64 -16425.3 
0.34 10.0887 10 0.314174 -8.02007e-13 22779.3 15173.7 29.3856 5.28835e-10 
0.34 10 10.4336 0 0 11625.5 7624.43 9643.32 16411.6 
0.34 10 9.56636 0 0 11625.5 7624.43 9643.32 -16411.6 
0.345 10.0903 10 0.316287 -7.65809e-13 22853.1 15113.4 29.758 4.91025e-10 
0.345 10 10.4336 0 0 11671.6 7594.28 9642.98 16392.8 
0.345 10 9.56636 0 0 11671.6 7594.28 9642.98 -16392.8 
0.35 10.0919 10 0.318426 -7.31943e-13 22926.1 15051.9 30.1384 4.53541e-10 
0.35 10 10.4336 0 0 11717.5 7563.53 9642.64 16377.5 
0.35 10 9.56636 0 0 11717.5 7563.53 9642.64 -16377.5 
0.355 10.0935 10 0.320592 -7.00279e-13 22998.3 14989.3 30.5269 4.25461e-10 
0.355 10 10.4336 0 0 11763.2 7532.19 9642.29 16357.2 
0.355 10 9.56636 0 0 11763.2 7532.19 9642.29 -16357.2 
0.36 10.0951 10 0.322787 -6.70635e-13 23069.5 14925.4 30.9239 4.08578e-10 
0.36 10 10.4336 0 0 11808.8 7500.24 9641.94 16340.3 
0.36 10 9.56636 0 0 11808.8 7500.24 9641.94 -16340.3 
0.365 10.0967 10 0.32501 -6.42905e-13 23139.9 14860.3 31.3299 3.68316e-10 
0.365 10 10.4336 0 0 11854.1 7467.7 9641.58 16318.4 
0.365 10 9.56636 0 0 11854.1 7467.7 9641.58 -16318.4 
0.37 10.0983 10 0.327263 -6.16951e-13 23209.4 14794 31.745 3.55587e-10 
0.37 10 10.4336 0 0 11899.3 7434.54 9641.22 16300 
0.37 10 9.56636 0 0 11899.3 7434.54 9641.22 -16300 
0.375 10.1 10 0.329545 -5.92595e-13 23277.9 14726.4 32.1697 3.30349e-10 
0.375 10 10.4336 0 0 11944.2 7400.78 9640.85 16276.5 
0.375 10 9.56636 0 0 11944.2 7400.78 9640.85 -16276.5 
0.38 10.1016 10 0.331859 -5.69748e-13 23345.3 14657.7 32.6045 3.08961e-10 
0.38 10 10.4336 0 0 11988.9 7366.4 9640.47 16256.5 
0.38 10 9.56636 0 0 11988.9 7366.4 9640.47 -16256.5 
0.385 10.1033 10 0.334204 -5.48241e-13 23411.8 14587.7 33.0496 2.84121e-10 
0.385 10 10.4336 0 0 12033.4 7331.41 9640.08 16231.3 
0.385 10 9.56636 0 0 12033.4 7331.41 9640.08 -16231.3 
0.39 10.105 10 0.33658 -5.2802e-13 23477.2 14516.5 33.5057 2.70376e-10 
0.39 10 10.4336 0 0 12077.6 7295.8 9639.69 16209.7 
0.39 10 9.56636 0 0 12077.6 7295.8 9639.69 -16209.7 
0.395 10.1067 10 0.33899 -5.08912e-13 23541.5 14444 33.973 2.53149e-10 
0.395 10 10.4336 0 0 12121.5 7259.56 9639.28 16182.9 
0.395 10 9.56636 0 0 12121.5 7259.56 9639.28 -16182.9 
0.4 10.1084 10 0.341434 -4.90882e-13 23604.6 14370.3 34.4522 2.32435e-10 
0.4 10 10.4336 0 0 12165.2 7222.71 9638.87 16159.6 
0.4 10 9.56636 0 0 12165.2 7222.71 9638.87 -16159.6 
0.405 10.1101 10 0.343912 -4.73835e-13 23666.6 14295.3 34.9438 2.35505e-10 
0.405 10 10.4336 0 0 12208.6 7185.22 9638.45 16131.2 
0.405 10 9.56636 0 0 12208.6 7185.22 9638.45 -16131.2 
0.41 10.1118 10 0.346426 -4.57653e-13 23727.4 14219.1 35.4482 2.16869e-10 
0.41 10 10.4336 0 0 12251.6 7147.11 9638.03 16106.2 
0.41 10 9.56636 0 0 12251.6 7147.11 9638.03 -16106.2 
0.415 10.1135 10 0.348977 -4.42328e-13 23786.9 14141.6 35.9661 2.05628e-10 
0.415 10 10.4336 0 0 12294.4 7108.36 9637.59 16076.1 
0.415 10 9.56636 0 0 12294.4 7108.36 9637.59 -16076.1 
0.42 10.1153 10 0.351565 -4.27719e-13 23845.2 14062.9 36.4982 2.05402e-10 
0.42 10 10.4336 0 0 12336.8 7068.98 9637.14 16049.5 
0.42 10 9.56636 0 0 12336.8 7068.98 9637.14 -16049.5 
0.425 10.1171 10 0.354191 -4.13868e-13 23902.2 13982.8 37.0449 1.94368e-10 
0.425 10 10.4336 0 0 12378.8 7028.97 9636.68 16017.7 
0.425 10 9.56636 0 0 12378.8 7028.97 9636.68 -16017.7 
0.43 10.1188 10 0.356857 -4.00653e-13 23957.8 13901.5 37.6072 1.79784e-10 
0.43 10 10.4336 0 0 12420.5 6988.32 9636.22 15989.4 
0.43 10 9.56636 0 0 12420.5 6988.32 9636.22 -15989.4 
0.435 10.1206 10 0.359564 -3.88076e-13 24012.1 13818.9 38.1856 1.70748e-10 
0.435 10 10.4336 0 0 12461.9 6947.03 9635.74 15955.9 
0.435 10 9.56636 0 0 12461.9 6947.03 9635.74 -15955.9 
0.44 10.1224 10 0.362313 -3.76038e-13 24065 13735.1 38.7809 1.59967e-10 
0.44 10 10.4336 0 0 12502.8 6905.09 9635.25 15925.8 
0.44 10 9.56636 0 0 12502.8 6905.09 9635.25 -15925.8 
0.445 10.1242 10 0.365104 -3.64578e-13 24116.4 13649.9 39.394 1.54725e-10 
0.445 10 10.4336 0 0 12543.3 6862.52 9634.74 15890.6 
0.445 10 9.56636 0 0 12543.3 6862.52 9634.74 -15890.6 
0.45 10.1261 10 0.367941 -3.5358e-13 24166.3 13563.5 40.0258 1.55004e-10 
0.45 10 10.4336 0 0 12583.5 6819.3 9634.23 15858.8 
0.45 10 9.56636 0 0 12583.5 6819.3 9634.23 -15858.8 
0.455 10.1279 10 0.370823 -3.43051e-13 24214.7 13475.8 40.6771 1.44435e-10 
0.455 10 10.4336 0 0 12623.2 6775.44 9633.7 15821.9 
0.455 10 9.56636 0 0 12623.2 6775.44 9633.7 -15821.9 
0.46 10.1298 10 0.373752 -3.32948e-13 24261.5 13386.8 41.349 1.35745e-10 
0.46 10 10.4336 0 0 12662.4 6730.93 9633.16 15788.4 
0.46 10 9.56636 0 0 12662.4 6730.93 9633.16 -15788.4 
0.465 10.1317 10 0.37673 -3.23267e-13 24306.8 13296.4 42.0425 1.28932e-10 
0.465 10 10.4336 0 0 12701.2 6685.78 9632.61 15749.7 
0.465 10 9.56636 0 0 12701.2 6685.78 9632.61 -15749.7 
0.47 10.1336 10 0.379759 -3.13981e-13 24350.4 13204.8 42.7587 1.18537e-10 
0.47 10 10.4336 0 0 12739.5 6639.98 9632.04 15714.4 
0.47 10 9.56636 0 0 12739.5 6639.98 9632.04 -15714.4 
0.475 10.1355 10 0.382839 -3.05043e-13 24392.4 13111.9 43.4988 1.13648e-10 
0.475 10 10.4336 0 0 12777.4 6593.53 9631.45 15674 
0.475 10 9.56636 0 0 12777.4 6593.53 9631.45 -15674 
0.48 10.1374 10 0.385974 -2.96506e-13 24432.7 13017.8 44.264 1.16091e-10 
0.48 10 10.4336 0 0 12814.7 6546.43 9630.85 15637 
0.48 10 9.56636 0 0 12814.7 6546.43 9630.85 -15637 
0.485 10.1393 10 0.389163 -2.88269e-13 24471.2 12922.3 45.0558 1.0948e-10 
0.485 10 10.4336 0 0 12851.5 6498.69 9630.23 15594.8 
0.485 10 9.56636 0 0 12851.5 6498.69 9630.23 -15594.8 
0.49 10.1413 10 0.392411 -2.80352e-13 24507.9 12825.5 45.8756 1.01096e-10 
0.49 10 10.4336 0 0 12887.8 6450.3 9629.59 15556.1 
0.49 10 9.56636 0 0 12887.8 6450.3 9629.59 -15556.1 
0.495 10.1432 10 0.395718 -2.72743e-13 24542.8 12727.4 46.7248 1.10945e-10 
0.495 10 10.4336 0 0 12923.6 6401.25 9628.94 15512.1 
0.495 10 9.56636 0 0 12923.6 6401.25 9628.94 -15512.1 
0.5 10.1452 10 0.399086 -2.65384e-13 24575.9 12628 47.6051 9.71813e-11 
0.5 10 10.4336 0 0 12958.8 6351.56 9628.26 15471.6 
0.5 10 9.56636 0 0 12958.8 6351.56 9628.26 -15471.6 
0.505 10.1472 10 0.402519 -2.58341e-13 24607.1 12527.3 48.5183 9.61954e-11 
0.505 10 10.4336 0 0 12993.4 6301.23 9627.56 15425.9 
0.505 10 9.56636 0 0 12993.4 6301.23 9627.56 -15425.9 
0.51 10.1493 10 0.406019 -2.51548e-13 24636.4 12425.4 49.4663 8.61492e-11 
0.51 10 10.4336 0 0 13027.4 6250.24 9626.85 15383.6 
0.51 10 9.56636 0 0 13027.4 6250.24 9626.85 -15383.6 
0.515 10.1513 10 0.409587 -2.44994e-13 24663.7 12322.1 50.4511 9.43268e-11 
0.515 10 10.4336 0 0 13060.8 6198.61 9626.1 15336.2 
0.515 10 9.56636 0 0 13060.8 6198.61 9626.1 -15336.2 
0.52 10.1534 10 0.413227 -2.38692e-13 24689 12217.5 51.4748 8.61685e-11 
0.52 10 10.4336 0 0 13093.6 6146.33 9625.34 15292.1 
0.52 10 9.56636 0 0 13093.6 6146.33 9625.34 -15292.1 
0.525 10.1554 10 0.416941 -2.3263e-13 24712.2 12111.7 52.5397 8.53198e-11 
0.525 10 10.4336 0 0 13125.8 6093.41 9624.54 15242.9 
0.525 10 9.56636 0 0 13125.8 6093.41 9624.54 -15242.9 
0.53 10.1575 10 0.420733 -2.26766e-13 24733.4 12004.6 53.6485 7.17657e-11 
0.53 10 10.4336 0 0 13157.3 6039.84 9623.72 15197.1 
0.53 10 9.56636 0 0 13157.3 6039.84 9623.72 -15197.1 
0.535 10.1596 10 0.424606 -2.21123e-13 24752.5 11896.1 54.8036 8.00707e-11 
0.535 10 10.4336 0 0 13188.2 5985.63 9622.87 15146.2 
0.535 10 9.56636 0 0 13188.2 5985.63 9622.87 -15146.2 
0.54 10.1618 10 0.428564 -2.15662e-13 24769.4 11786.4 56.0081 7.02111e-11 
0.54 10 10.4336 0 0 13218.3 5930.78 9622 15098.6 
0.54 10 9.56636 0 0 13218.3 5930.78 9622 -15098.6 
0.545 10.1639 10 0.432609 -2.10416e-13 24784.1 11675.5 57.2651 6.76577e-11 
0.545 10 10.4336 0 0 13247.8 5875.29 9621.08 15045.9 
0.545 10 9.56636 0 0 13247.8 5875.29 9621.08 -15045.9 
0.55 10.1661 10 0.436746 -2.05338e-13 24796.5 11563.2 58.5778 7.05848e-11 
0.55 10 10.4336 0 0 13276.6 5819.16 9620.14 14996.6 
0.55 10 9.56636 0 0 13276.6 5819.16 9620.14 -14996.6 
0.555 10.1683 10 0.440979 -2.00447e-13 24806.7 11449.7 59.95 7.71761e-11 
0.555 10 10.4336 0 0 13304.6 5762.39 9619.15 14942.2 
0.555 10 9.56636 0 0 13304.6 5762.39 9619.15 -14942.2 
0.56 10.1705 10 0.445312 -1.95717e-13 24814.6 11334.9 61.3857 7.28758e-11 
0.56 10 10.4336 0 0 13331.9 5704.99 9618.14 14891.1 
0.56 10 9.56636 0 0 13331.9 5704.99 9618.14 -14891.1 
0.565 10.1727 10 0.44975 -1.91159e-13 24820.2 11218.8 62.889 5.95047e-11 
0.565 10 10.4336 0 0 13358.5 5646.96 9617.07 14834.9 
0.565 10 9.56636 0 0 13358.5 5646.96 9617.07 -14834.9 
0.57 10.175 10 0.454297 -1.86767e-13 24823.3 11101.5 64.4646 5.52517e-11 
0.57 10 10.4336 0 0 13384.2 5588.29 9615.97 14782.2 
0.57 10 9.56636 0 0 13384.2 5588.29 9615.97 -14782.2 
0.575 10.1773 10 0.458961 -1.82545e-13 24824.1 10982.9 66.1175 5.28417e-11 
0.575 10 10.4336 0 0 13409.2 5529 9614.81 14724.3 
0.575 10 9.56636 0 0 13409.2 5529 9614.81 -14724.3 
0.58 10.1796 10 0.463745 -1.78427e-13 24822.3 10863 67.8533 6.13602e-11 
0.58 10 10.4336 0 0 13433.4 5469.07 9613.61 14669.8 
0.58 10 9.56636 0 0 13433.4 5469.07 9613.61 -14669.8 
0.585 10.1819 10 0.468656 -1.74478e-13 24818 10741.9 69.6779 5.35312e-11 
0.585 10 10.4336 0 0 13456.8 5408.52 9612.35 14610.2 
0.585 10 9.56636 0 0 13456.8 5408.52 9612.35 -14610.2 
0.59 10.1843 10 0.473701 -1.70676e-13 24811.2 10619.6 71.5978 5.48181e-11 
0.59 10 10.4336 0 0 13479.3 5347.35 9611.04 14554 
0.59 10 9.56636 0 0 13479.3 5347.35 9611.04 -14554 
0.595 10.1867 10 0.478887 -1.67003e-13 24801.8 10496 73.6202 5.06657e-11 
0.595 10 10.4336 0 0 13501 5285.56 9609.67 14492.7 
0.595 10 9.56636 0 0 13501 5285.56 9609.67 -14492.7 
0.6 10.1891 10 0.484221 -1.63474e-13 24789.8 10371.2 75.7528 5.01717e-11 
0.6 10 10.4336 0 0 13521.8 5223.15 9608.23 14434.9 
0.6 10 9.56636 0 0 13521.8 5223.15 9608.23 -14434.9 
0.605 10.1915 10 0.489711 -1.6008e-13 24775.1 10245.1 78.0043 4.42395e-11 
0.605 10 10.4336 0 0 13541.7 5160.12 9606.72 14371.9 
0.605 10 9.56636 0 0 13541.7 5160.12 9606.72 -14371.9 
0.61 10.194 10 0.495367 -1.56796e-13 24757.6 10117.8 80.3842 4.74178e-11 
0.61 10 10.4336 0 0 13560.7 5096.47 9605.13 14312.4 
0.61 10 9.56636 0 0 13560.7 5096.47 9605.13 -14312.4 
0.615 10.1965 10 0.501198 -1.53622e-13 24737.4 9989.32 82.9026 3.24214e-11 
0.615 10 10.4336 0 0 13578.8 5032.22 9603.46 14247.7 
0.615 10 9.56636 0 0 13578.8 5032.22 9603.46 -14247.7 
0.62 10.199 10 0.507214 -1.50574e-13 24714.4 9859.58 85.5713 4.29087e-11 
0.62 10 10.4336 0 0 13595.9 4967.35 9601.71 14186.6 
0.62 10 9.56636 0 0 13595.9 4967.35 9601.71 -14186.6 
0.625 10.2015 10 0.513426 -1.47635e-13 24688.5 9728.62 88.4028 4.24972e-11 
0.625 10 10.4336 0 0 13612.1 4901.87 9599.86 14120.3 
0.625 10 9.56636 0 0 13612.1 4901.87 9599.86 -14120.3 
0.63 10.2041 10 0.519847 -1.44857e-13 24659.6 9596.44 91.4112 3.39228e-11 
0.63 10 10.4336 0 0 13627.4 4835.78 9597.91 14057.5 
0.63 10 9.56636 0 0 13627.4 4835.78 9597.91 -14057.5 
0.635 10.2067 10 0.52649 -1.42174e-13 24627.9 9463.05 94.6122 2.9909e-11 
0.635 10 10.4336 0 0 13641.6 4769.08 9595.84 13989.6 
0.635 10 9.56636 0 0 13641.6 4769.08 9595.84 -13989.6 
0.64 10.2094 10 0.533368 -1.39587e-13 24593 9328.45 98.0231 3.1366e-11 
0.64 10 10.4336 0 0 13654.8 4701.78 9593.65 13925.1 
0.64 10 9.56636 0 0 13654.8 4701.78 9593.65 -13925.1 
0.645 10.2121 10 0.540499 -1.37116e-13 24555.2 9192.64 101.663 3.46579e-11 
0.645 10 10.4336 0 0 13667 4633.88 9591.33 13855.6 
0.645 10 9.56636 0 0 13667 4633.88 9591.33 -13855.6 
0.65 10.2148 10 0.547898 -1.3477e-13 24514.1 9055.61 105.555 3.52391e-11 
0.65 10 10.4336 0 0 13678.1 4565.36 9588.87 13789.6 
0.65 10 9.56636 0 0 13678.1 4565.36 9588.87 -13789.6 
0.655 10.2175 10 0.555584 -1.32509e-13 24469.9 8917.37 109.722 2.58275e-11 
0.655 10 10.4336 0 0 13688.2 4496.24 9586.25 13718.5 
0.655 10 9.56636 0 0 13688.2 4496.24 9586.25 -13718.5 
0.66 10.2203 10 0.563579 -1.30381e-13 24422.4 8777.92 114.193 3.1896e-11 
0.66 10 10.4336 0 0 13697.1 4426.52 9583.45 13650.8 
0.66 10 9.56636 0 0 13697.1 4426.52 9583.45 -13650.8 
0.665 10.2232 10 0.571906 -1.28323e-13 24371.5 8637.25 118.998 2.70604e-11 
0.665 10 10.4336 0 0 13704.9 4356.18 9580.47 13578.1 
0.665 10 9.56636 0 0 13704.9 4356.18 9580.47 -13578.1 
0.67 10.2261 10 0.580588 -1.26392e-13 24317.2 8495.36 124.172 3.58851e-11 
0.67 10 10.4336 0 0 13711.5 4285.24 9577.27 13508.9 
0.67 10 9.56636 0 0 13711.5 4285.24 9577.27 -13508.9 
0.675 10.229 10 0.589654 -1.2459e-13 24259.4 8352.25 129.756 2.10809e-11 
0.675 10 10.4336 0 0 13716.9 4213.68 9573.84 13434.5 
0.675 10 9.56636 0 0 13716.9 4213.68 9573.84 -13434.5 
0.68 10.232 10 0.599135 -1.2288e-13 24198 8207.9 135.796 1.17464e-11 
0.68 10 10.4336 0 0 13721.1 4141.51 9570.16 13363.7 
0.68 10 9.56636 0 0 13721.1 4141.51 9570.16 -13363.7 
0.685 10.235 10 0.609066 -1.21293e-13 24132.9 8062.31 142.344 1.69812e-11 
0.685 10 10.4336 0 0 13724.1 4068.71 9566.19 13287.7 
0.685 10 9.56636 0 0 13724.1 4068.71 9566.19 -13287.7 
0.69 10.238 10 0.619484 -1.1981e-13 24064 7915.47 149.46 1.95021e-11 
0.69 10 10.4336 0 0 13725.7 3995.29 9561.91 13215.2 
0.69 10 9.56636 0 0 13725.7 3995.29 9561.91 -13215.2 
0.695 10.2412 10 0.630432 -1.18446e-13 23991.1 7767.36 157.215 1.74921e-11 
0.695 10 10.4336 0 0 13725.9 3921.24 9557.26 13137.6 
0.695 10 9.56636 0 0 13725.9 3921.24 9557.26 -13137.6 
0.7 10.2444 10 0.64196 -1.17217e-13 23914.1 7617.96 165.689 2.09581e-11 
0.7 10 10.4336 0 0 13724.7 3846.54 9552.22 13063.4 
0.7 10 9.56636 0 0 13724.7 3846.54 9552.22 -13063.4 
0.705 10.2476 10 0.654122 -1.16117e-13 23832.9 7467.25 174.977 1.44376e-11 
0.705 10 10.4336 0 0 13722 3771.18 9546.72 12984 
0.705 10 9.56636 0 0 13722 3771.18 9546.72 -12984 
0.71 10.2509 10 0.666979 -1.15132e-13 23747.3 7315.21 185.19 1.42997e-11 
0.71 10 10.4336 0 0 13717.7 3695.16 9540.72 12908 
0.71 10 9.56636 0 0 13717.7 3695.16 9540.72 -12908 
0.715 10.2543 10 0.680602 -1.14303e-13 23657 7161.81 196.459 5.99798e-12 
0.715 10 10.4336 0 0 13711.8 3618.46 9534.13 12826.8 
0.715 10 9.56636 0 0 13711.8 3618.46 9534.13 -12826.8 
0.72 10.2577 10 0.695073 -1.13569e-13 23561.8 7007.02 208.938 1.77188e-11 
0.72 10 10.4336 0 0 13704.1 3541.07 9526.88 12748.8 
0.72 10 9.56636 0 0 13704.1 3541.07 9526.88 -12748.8 
0.725 10.2612 10 0.710484 -1.13041e-13 23461.4 6850.78 222.813 -6.91171e-12 
0.725 10 10.4336 0 0 13694.6 3462.95 9518.86 12665.5 
0.725 10 9.56636 0 0 13694.6 3462.95 9518.86 -12665.5 
0.73 10.2648 10 0.726942 -1.1266e-13 23355.6 6693.06 238.307 4.85854e-12 
0.73 10 10.4336 0 0 13683 3384.09 9509.96 12585.4 
0.73 10 9.56636 0 0 13683 3384.09 9509.96 -12585.4 
0.735 10.2685 10 0.744573 -1.12514e-13 23243.9 6533.8 255.69 -6.98544e-12 
0.735 10 10.4336 0 0 13669.2 3304.46 9500.03 12499.8 
0.735 10 9.56636 0 0 13669.2 3304.46 9500.03 -12499.8 
0.74 10.2723 10 0.763522 -1.12544e-13 23125.8 6372.92 275.29 3.93276e-12 
0.74 10 10.4336 0 0 13652.9 3224.02 9488.91 12417.1 
0.74 10 9.56636 0 0 13652.9 3224.02 9488.91 -12417.1 
0.745 10.2761 10 0.783962 -1.1279e-13 23000.9 6210.36 297.514 1.30622e-11 
0.745 10 10.4336 0 0 13634 3142.74 9476.37 12328.6 
0.745 10 9.56636 0 0 13634 3142.74 9476.37 -12328.6 
0.75 10.2801 10 0.806098 -1.13224e-13 22868.4 6046.01 322.865 4.02795e-12 
0.75 10 10.4336 0 0 13612 3060.56 9462.14 12242.7 
0.75 10 9.56636 0 0 13612 3060.56 9462.14 -12242.7 
0.755 10.2842 10 0.830175 -1.13988e-13 22727.5 5879.78 351.978 -2.86071e-11 
0.755 10 10.4336 0 0 13586.6 2977.45 9445.9 12150.6 
0.755 10 9.56636 0 0 13586.6 2977.45 9445.9 -12150.6 
0.76 10.2884 10 0.856489 -1.1508e-13 22577.1 5711.52 385.656 -2.02687e-11 
0.76 10 10.4336 0 0 13557.2 2893.32 9427.22 12060.5 
0.76 10 9.56636 0 0 13557.2 2893.32 9427.22 -12060.5 
0.765 10.2928 10 0.885402 -1.16531e-13 22416.1 5541.09 424.934 -1.09706e-11 
0.765 10 10.4336 0 0 13523.1 2808.1 9405.55 11963.4 
0.765 10 9.56636 0 0 13523.1 2808.1 9405.55 -11963.4 
0.77 10.2973 10 0.917359 -1.18414e-13 22242.6 5368.31 471.163 -4.52681e-11 
0.77 10 10.4336 0 0 13483.5 2721.71 9380.21 11867.3 
0.77 10 9.56636 0 0 13483.5 2721.71 9380.21 -11867.3 
0.775 10.3019 10 0.952919 -1.20779e-13 22054.6 5192.96 526.129 -4.3118e-11 
0.775 10 10.4336 0 0 13437 2634.04 9350.23 11763 
0.775 10 9.56636 0 0 13437 2634.04 9350.23 -11763 
0.78 10.3068 10 0.992785 -1.23833e-13 21849.2 5014.76 592.239 -5.67878e-11 
0.78 10 10.4336 0 0 13382.2 2544.94 9314.39 11657.8 
0.78 10 9.56636 0 0 13382.2 2544.94 9314.39 -11657.8 
0.785 10.3119 10 1.03787 -1.2759e-13 21622.4 4833.41 672.794 -6.39926e-11 
0.785 10 10.4336 0 0 13316.8 2454.26 9270.95 11541.9 
0.785 10 9.56636 0 0 13316.8 2454.26 9270.95 -11541.9 
0.79 10.3172 10 1.08935 -1.32229e-13 21369.1 4648.5 772.425 -8.33522e-11 
0.79 10 10.4336 0 0 13237.7 2361.81 9217.54 11421.7 
0.79 10 9.56636 0 0 13237.7 2361.81 9217.54 -11421.7 
0.795 10.3228 10 1.14882 -1.38074e-13 21081.7 4459.53 897.784 -8.84456e-11 
0.795 10 10.4336 0 0 13140.4 2267.32 9150.69 11285.8 
0.795 10 9.56636 0 0 13140.4 2267.32 9150.69 -11285.8 
0.8 10.3287 10 1.21845 -1.45447e-13 20749.3 4265.88 1058.7 -1.05603e-10 
0.8 10 10.4336 0 0 13018.1 2170.5 9065.36 11138.2 
0.8 10 9.56636 0 0 13018.1 2170.5 9065.36 -11138.2 
0.805 10.335 10 1.30126 -1.54817e-13 20355.3 4066.76 1270.16 -1.26575e-10 
0.805 10 10.4336 0 0 12860.7 2070.94 8953.84 10963.5 
0.805 10 9.56636 0 0 12860.7 2070.94 8953.84 -10963.5 
0.81 10.3417 10 1.40166 -1.6695e-13 19874.2 3861.09 1555.92 -1.8081e-10 
0.81 10 10.4336 0 0 12651.9 1968.1 8803.93 10759.3 
0.81 10 9.56636 0 0 12651.9 1968.1 8803.93 -10759.3 
0.815 10.349 10 1.52622 -1.82822e-13 19263.8 3647.49 1955.29 -2.62263e-10 
0.815 10 10.4336 0 0 12364.5 1861.3 8595.53 10498.7 
0.815 10 9.56636 0 0 12364.5 1861.3 8595.53 -10498.7 
0.82 10.3571 10 1.68528 -2.04376e-13 18451.7 3424.02 2536.91 -3.52469e-10 
0.82 10 10.4336 0 0 11950.8 1749.57 8293.59 10157.6 
0.82 10 9.56636 0 0 11950.8 1749.57 8293.59 -10157.6 
0.825 10.366 10 1.89592 -2.34718e-13 17303.9 3187.91 3428.56 -5.26939e-10 
0.825 10 10.4336 0 0 11321.5 1631.51 7833.02 9665.78 
0.825 10 9.56636 0 0 11321.5 1631.51 7833.02 -9665.78 
0.83 10.3761 10 2.18837 -2.79495e-13 15553.4 2935.08 4887.96 -7.85335e-10 
0.83 10 10.4336 0 0 10294.7 1505.1 7082.86 8904.98 
0.83 10 9.56636 0 0 10294.7 1505.1 7082.86 -8904.98 
0.835 10.3881 10 2.62081 -3.50277e-13 12608.1 2659.17 7490.35 -1.28338e-09 
0.835 10 10.4336 0 0 8460.02 1367.14 5751.4 7576.92 
0.835 10 9.56636 0 0 8460.02 1367.14 5751.4 -7576.92 
0.84 10.4028 10 3.31865 -4.73061e-13 6968.21 2349.6 12703.3 -2.30803e-09 
0.84 10 10.4336 0 0 4755.21 1212.36 3096.09 4928.63 
0.84 10 9.56636 0 0 4755.21 1212.36 3096.09 -4928.63 
0.845 10.4222 10 4.52731 -6.11348e-13 0 1988.16 19100.6 -2.71889e-11 
0.845 10 10.4336 0 0 0 1031.64 -187.112 1411.26 
0.845 10 9.56636 0 0 0 1031.64 -187.112 -1411.26 
0.85 10.4482 10 5.86824 -6.12181e-13 0 1579.24 18438 2.48654e-12 
0.85 10 10.4336 0 0 0 827.177 50.3304 1105.75 
0.85 10 9.56636 0 0 0 827.177 50.3304 -1105.75 
0.855 10.4808 10 7.16091 -6.10994e-13 0 1172.56 17758.9 2.85823e-11 
0.855 10 10.4336 0 0 0 623.836 299.376 808.821 
0.855 10 9.56636 0 0 0 623.836 299.376 -808.821 
0.86 10.5197 10 8.40615 -6.08099e-13 0 811.791 17118.2 5.07442e-11 
0.86 10 10.4336 0 0 0 443.453 532.541 560.96 
0.86 10 9.56636 0 0 0 443.453 532.541 -560.96 
0.865 10.5648 10 9.60828 -6.03945e-13 0 522.967 16556.9 6.50556e-11 
0.865 10 10.4336 0 0 0 299.042 729.059 368.828 
0.865 10 9.56636 0 0 0 299.042 729.059 -368.828 
0.87 10.6157 10 10.7738 -5.98969e-13 0 312.995 16094.2 7.36814e-11 
0.87 10 10.4336 0 0 0 194.055 878.819 240.65 
0.87 10 9.56636 0 0 0 194.055 878.819 -240.65 
