0 10 10 0 0 0 12732.4 12840 6.12818e-09 
0 10 10.4567 0 0 0 6387.32 840 12039.8 
0 10 9.54334 0 0 0 6387.32 840 -12039.8 
0 10.0007 10 0.18535 4.35489e-13 12752.6 12732.3 101.068 6.06181e-09 
0 10 10.4567 0 0 6376.33 6387.28 7196.49 12050.1 
0 10 9.54334 0 0 6376.33 6387.28 7196.49 -12050.1 
0.005 10.0017 10 0.187371 8.66982e-13 12891.3 12731.9 10.7244 6.01231e-09 
0.005 10 10.4567 0 0 6445.71 6387.08 7241.52 12061.1 
0.005 10 9.54334 0 0 6445.71 6387.08 7241.52 -12061.1 
0.01 10.0026 10 0.188104 1.29444e-12 12941.1 12731.2 10.181 5.94701e-09 
0.01 10 10.4567 0 0 6470.65 6386.73 7241.74 12075.6 
0.01 10 9.54334 0 0 6470.65 6386.73 7241.74 -12075.6 
0.015 10.0036 10 0.188834 1.71767e-12 12990.4 12730.2 10.2728 5.89504e-09 
0.015 10 10.4567 0 0 6495.4 6386.22 7241.64 12086.1 
0.015 10 9.54334 0 0 6495.4 6386.22 7241.64 -12086.1 
0.02 10.0045 10 0.189571 2.13663e-12 13039.9 12728.9 10.3699 5.83638e-09 
0.02 10 10.4567 0 0 6520.26 6385.56 7241.55 12100.2 
0.02 10 9.54334 0 0 6520.26 6385.56 7241.55 -12100.2 
0.025 10.0055 10 0.190315 2.5511e-12 13089.5 12727.2 10.468 5.7729e-09 
0.025 10 10.4567 0 0 6545.23 6384.73 7241.44 12110.4 
0.025 10 9.54334 0 0 6545.23 6384.73 7241.44 -12110.4 
0.03 10.0064 10 0.191067 2.96078e-12 13139.3 12725.2 10.5669 5.70463e-09 
0.03 10 10.4567 0 0 6570.32 6383.75 7241.34 12124.1 
0.03 10 9.54334 0 0 6570.32 6383.75 7241.34 -12124.1 
0.035 10.0074 10 0.191825 3.36542e-12 13189.3 12722.9 10.6667 5.62979e-09 
0.035 10 10.4567 0 0 6595.53 6382.6 7241.24 12133.9 
0.035 10 9.54334 0 0 6595.53 6382.6 7241.24 -12133.9 
0.04 10.0083 10 0.19259 3.76471e-12 13239.5 12720.3 10.7674 5.5557e-09 
0.04 10 10.4567 0 0 6620.84 6381.29 7241.14 12147.2 
0.04 10 9.54334 0 0 6620.84 6381.29 7241.14 -12147.2 
0.045 10.0093 10 0.193363 4.15818e-12 13289.8 12717.4 10.8691 5.46423e-09 
0.045 10 10.4567 0 0 6646.27 6379.81 7241.03 12156.5 
0.045 10 9.54334 0 0 6646.27 6379.81 7241.03 -12156.5 
0.05 10.0103 10 0.194143 4.54546e-12 13340.3 12714.1 10.9717 5.38091e-09 
0.05 10 10.4567 0 0 6671.82 6378.16 7240.92 12169.4 
0.05 10 9.54334 0 0 6671.82 6378.16 7240.92 -12169.4 
0.055 10.0112 10 0.194931 4.92604e-12 13390.9 12710.4 11.0753 5.27669e-09 
0.055 10 10.4567 0 0 6697.47 6376.34 7240.82 12178.3 
0.055 10 9.54334 0 0 6697.47 6376.34 7240.82 -12178.3 
0.06 10.0122 10 0.195725 5.29936e-12 13441.7 12706.4 11.1798 5.18077e-09 
0.06 10 10.4567 0 0 6723.23 6374.35 7240.71 12190.8 
0.06 10 9.54334 0 0 6723.23 6374.35 7240.71 -12190.8 
0.065 10.0132 10 0.196528 5.66493e-12 13492.6 12702.1 11.2854 5.06593e-09 
0.065 10 10.4567 0 0 6749.1 6372.18 7240.6 12199.3 
0.065 10 9.54334 0 0 6749.1 6372.18 7240.6 -12199.3 
0.07 10.0142 10 0.197338 6.02215e-12 13543.6 12697.4 11.3919 4.93224e-09 
0.07 10 10.4567 0 0 6775.08 6369.84 7240.49 12211.3 
0.07 10 9.54334 0 0 6775.08 6369.84 7240.49 -12211.3 
0.075 10.0152 10 0.198155 6.37038e-12 13594.8 12692.4 11.4995 4.80891e-09 
0.075 10 10.4567 0 0 6801.17 6367.32 7240.38 12219.4 
0.075 10 9.54334 0 0 6801.17 6367.32 7240.38 -12219.4 
0.08 10.0162 10 0.19898 6.70902e-12 13646.2 12687 11.6082 4.66873e-09 
0.08 10 10.4567 0 0 6827.36 6364.63 7240.27 12231 
0.08 10 9.54334 0 0 6827.36 6364.63 7240.27 -12231 
0.085 10.0172 10 0.199813 7.03739e-12 13697.7 12681.2 11.7179 4.52999e-09 
0.085 10 10.4567 0 0 6853.66 6361.75 7240.15 12238.6 
0.085 10 9.54334 0 0 6853.66 6361.75 7240.15 -12238.6 
0.09 10.0182 10 0.200654 7.35479e-12 13749.3 12675.1 11.8287 4.35822e-09 
0.09 10 10.4567 0 0 6880.06 6358.68 7240.04 12249.7 
0.09 10 9.54334 0 0 6880.06 6358.68 7240.04 -12249.7 
0.095 10.0192 10 0.201503 7.66053e-12 13801 12668.6 11.9406 4.19536e-09 
0.095 10 10.4567 0 0 6906.56 6355.43 7239.92 12256.9 
0.095 10 9.54334 0 0 6906.56 6355.43 7239.92 -12256.9 
0.1 10.0202 10 0.20236 7.95392e-12 13852.8 12661.7 12.0537 4.01786e-09 
0.1 10 10.4567 0 0 6933.17 6351.99 7239.81 12267.5 
0.1 10 9.54334 0 0 6933.17 6351.99 7239.81 -12267.5 
0.105 10.0212 10 0.203225 8.2342e-12 13904.8 12654.5 12.1679 3.82946e-09 
0.105 10 10.4567 0 0 6959.87 6348.36 7239.69 12274.2 
0.105 10 9.54334 0 0 6959.87 6348.36 7239.69 -12274.2 
0.11 10.0222 10 0.204099 8.50071e-12 13956.9 12646.8 12.2833 3.62844e-09 
0.11 10 10.4567 0 0 6986.68 6344.54 7239.57 12284.4 
0.11 10 9.54334 0 0 6986.68 6344.54 7239.57 -12284.4 
0.115 10.0232 10 0.20498 8.75273e-12 14009.1 12638.8 12.3999 3.42581e-09 
0.115 10 10.4567 0 0 7013.58 6340.53 7239.45 12290.6 
0.115 10 9.54334 0 0 7013.58 6340.53 7239.45 -12290.6 
0.12 10.0243 10 0.20587 8.98961e-12 14061.3 12630.4 12.5177 3.20892e-09 
0.12 10 10.4567 0 0 7040.58 6336.32 7239.33 12300.3 
0.12 10 9.54334 0 0 7040.58 6336.32 7239.33 -12300.3 
0.125 10.0253 10 0.206768 9.21067e-12 14113.7 12621.6 12.6367 2.98516e-09 
0.125 10 10.4567 0 0 7067.67 6331.91 7239.21 12306 
0.125 10 9.54334 0 0 7067.67 6331.91 7239.21 -12306 
0.13 10.0263 10 0.207675 9.4153e-12 14166.2 12612.3 12.7571 2.74187e-09 
0.13 10 10.4567 0 0 7094.85 6327.3 7239.08 12315.2 
0.13 10 9.54334 0 0 7094.85 6327.3 7239.08 -12315.2 
0.135 10.0274 10 0.208591 9.60285e-12 14218.8 12602.7 12.8787 2.51007e-09 
0.135 10 10.4567 0 0 7122.13 6322.49 7238.96 12320.4 
0.135 10 9.54334 0 0 7122.13 6322.49 7238.96 -12320.4 
0.14 10.0284 10 0.209515 9.77283e-12 14271.4 12592.7 13.0017 2.2498e-09 
0.14 10 10.4567 0 0 7149.49 6317.47 7238.83 12329.1 
0.14 10 9.54334 0 0 7149.49 6317.47 7238.83 -12329.1 
0.145 10.0295 10 0.210448 9.9247e-12 14324.1 12582.2 13.126 2.00298e-09 
0.145 10 10.4567 0 0 7176.95 6312.25 7238.7 12333.8 
0.145 10 9.54334 0 0 7176.95 6312.25 7238.7 -12333.8 
0.15 10.0305 10 0.21139 1.00581e-11 14376.9 12571.4 13.2516 1.74238e-09 
0.15 10 10.4567 0 0 7204.49 6306.82 7238.58 12342 
0.15 10 9.54334 0 0 7204.49 6306.82 7238.58 -12342 
0.155 10.0316 10 0.212341 1.01725e-11 14429.8 12560.1 13.3787 1.46987e-09 
0.155 10 10.4567 0 0 7232.11 6301.18 7238.44 12346.2 
0.155 10 9.54334 0 0 7232.11 6301.18 7238.44 -12346.2 
0.16 10.0326 10 0.213302 1.02678e-11 14482.7 12548.4 13.5073 1.19642e-09 
0.16 10 10.4567 0 0 7259.82 6295.32 7238.32 12353.8 
0.16 10 9.54334 0 0 7259.82 6295.32 7238.32 -12353.8 
0.165 10.0337 10 0.214271 1.03436e-11 14535.7 12536.3 13.6373 9.27503e-10 
0.165 10 10.4567 0 0 7287.61 6289.25 7238.18 12357.4 
0.165 10 9.54334 0 0 7287.61 6289.25 7238.18 -12357.4 
0.17 10.0348 10 0.21525 1.03999e-11 14588.7 12523.7 13.7688 6.4132e-10 
0.17 10 10.4567 0 0 7315.48 6282.96 7238.05 12364.5 
0.17 10 9.54334 0 0 7315.48 6282.96 7238.05 -12364.5 
0.175 10.0359 10 0.216238 1.04364e-11 14641.8 12510.7 13.9018 3.68805e-10 
0.175 10 10.4567 0 0 7343.43 6276.46 7237.91 12367.6 
0.175 10 9.54334 0 0 7343.43 6276.46 7237.91 -12367.6 
0.18 10.0369 10 0.217236 1.04534e-11 14694.9 12497.2 14.0364 9.72199e-11 
0.18 10 10.4567 0 0 7371.46 6269.73 7237.78 12374.1 
0.18 10 9.54334 0 0 7371.46 6269.73 7237.78 -12374.1 
0.185 10.038 10 0.218243 1.04508e-11 14748.1 12483.3 14.1726 -1.75266e-10 
0.185 10 10.4567 0 0 7399.55 6262.78 7237.63 12376.7 
0.185 10 9.54334 0 0 7399.55 6262.78 7237.63 -12376.7 
0.19 10.0391 10 0.21926 1.04289e-11 14801.2 12468.9 14.3104 -4.30501e-10 
0.19 10 10.4567 0 0 7427.72 6255.6 7237.5 12382.6 
0.19 10 9.54334 0 0 7427.72 6255.6 7237.5 -12382.6 
0.195 10.0402 10 0.220288 1.0388e-11 14854.4 12454.1 14.4499 -7.0308e-10 
0.195 10 10.4567 0 0 7455.96 6248.19 7237.35 12384.6 
0.195 10 9.54334 0 0 7455.96 6248.19 7237.35 -12384.6 
0.2 10.0413 10 0.221325 1.03284e-11 14907.6 12438.9 14.5911 -9.60318e-10 
0.2 10 10.4567 0 0 7484.27 6240.55 7237.21 12390 
0.2 10 9.54334 0 0 7484.27 6240.55 7237.21 -12390 
0.205 10.0424 10 0.222372 1.02508e-11 14960.8 12423.1 14.7341 -1.22048e-09 
0.205 10 10.4567 0 0 7512.64 6232.68 7237.06 12391.3 
0.205 10 9.54334 0 0 7512.64 6232.68 7237.06 -12391.3 
0.21 10.0435 10 0.22343 1.01556e-11 15014 12406.9 14.8788 -1.45817e-09 
0.21 10 10.4567 0 0 7541.07 6224.58 7236.92 12396.1 
0.21 10 9.54334 0 0 7541.07 6224.58 7236.92 -12396.1 
0.215 10.0447 10 0.224498 1.00435e-11 15067.2 12390.2 15.0254 -1.67168e-09 
0.215 10 10.4567 0 0 7569.57 6216.23 7236.77 12396.9 
0.215 10 9.54334 0 0 7569.57 6216.23 7236.77 -12396.9 
0.22 10.0458 10 0.225576 9.91532e-12 15120.4 12373.1 15.1739 -1.90658e-09 
0.22 10 10.4567 0 0 7598.12 6207.65 7236.62 12401.1 
0.22 10 9.54334 0 0 7598.12 6207.65 7236.62 -12401.1 
0.225 10.0469 10 0.226665 9.77193e-12 15173.6 12355.4 15.3243 -2.10842e-09 
0.225 10 10.4567 0 0 7626.73 6198.83 7236.47 12401.2 
0.225 10 9.54334 0 0 7626.73 6198.83 7236.47 -12401.2 
0.23 10.0481 10 0.227765 9.61421e-12 15226.7 12337.3 15.4766 -2.29916e-09 
0.23 10 10.4567 0 0 7655.4 6189.76 7236.32 12404.8 
0.23 10 9.54334 0 0 7655.4 6189.76 7236.32 -12404.8 
0.235 10.0492 10 0.228876 9.44314e-12 15279.8 12318.6 15.631 -2.48804e-09 
0.235 10 10.4567 0 0 7684.11 6180.45 7236.16 12404.3 
0.235 10 9.54334 0 0 7684.11 6180.45 7236.16 -12404.3 
0.24 10.0503 10 0.229999 9.25978e-12 15332.8 12299.5 15.7874 -2.64245e-09 
0.24 10 10.4567 0 0 7712.87 6170.88 7236.01 12407.3 
0.24 10 9.54334 0 0 7712.87 6170.88 7236.01 -12407.3 
0.245 10.0515 10 0.231132 9.06519e-12 15385.8 12279.9 15.946 -2.79892e-09 
0.245 10 10.4567 0 0 7741.68 6161.07 7235.85 12406.1 
0.245 10 9.54334 0 0 7741.68 6161.07 7235.85 -12406.1 
0.25 10.0527 10 0.232277 8.86059e-12 15438.8 12259.8 16.1067 -2.93035e-09 
0.25 10 10.4567 0 0 7770.53 6151 7235.69 12408.5 
0.25 10 9.54334 0 0 7770.53 6151 7235.69 -12408.5 
0.255 10.0538 10 0.233433 8.64712e-12 15491.6 12239.1 16.2696 -3.05326e-09 
0.255 10 10.4567 0 0 7799.42 6140.68 7235.52 12406.7 
0.255 10 9.54334 0 0 7799.42 6140.68 7235.52 -12406.7 
0.26 10.055 10 0.234601 8.42598e-12 15544.4 12217.9 16.4349 -3.1369e-09 
0.26 10 10.4567 0 0 7828.35 6130.1 7235.36 12408.3 
0.26 10 9.54334 0 0 7828.35 6130.1 7235.36 -12408.3 
0.265 10.0562 10 0.235781 8.19836e-12 15597.1 12196.3 16.6024 -3.22691e-09 
0.265 10 10.4567 0 0 7857.31 6119.26 7235.19 12405.9 
0.265 10 9.54334 0 0 7857.31 6119.26 7235.19 -12405.9 
0.27 10.0574 10 0.236973 7.96548e-12 15649.7 12174.1 16.7724 -3.29253e-09 
0.27 10 10.4567 0 0 7886.3 6108.16 7235.03 12406.9 
0.27 10 9.54334 0 0 7886.3 6108.16 7235.03 -12406.9 
0.275 10.0585 10 0.238177 7.72853e-12 15702.2 12151.3 16.9449 -3.33939e-09 
0.275 10 10.4567 0 0 7915.33 6096.79 7234.85 12403.8 
0.275 10 9.54334 0 0 7915.33 6096.79 7234.85 -12403.8 
0.28 10.0597 10 0.239393 7.48868e-12 15754.5 12128.1 17.1199 -3.37857e-09 
0.28 10 10.4567 0 0 7944.37 6085.16 7234.68 12404.1 
0.28 10 9.54334 0 0 7944.37 6085.16 7234.68 -12404.1 
0.285 10.0609 10 0.240623 7.24711e-12 15806.8 12104.3 17.2974 -3.39205e-09 
0.285 10 10.4567 0 0 7973.44 6073.25 7234.51 12400.3 
0.285 10 9.54334 0 0 7973.44 6073.25 7234.51 -12400.3 
0.29 10.0621 10 0.241865 7.00489e-12 15858.9 12079.9 17.4777 -3.39088e-09 
0.29 10 10.4567 0 0 8002.53 6061.08 7234.33 12399.9 
0.29 10 9.54334 0 0 8002.53 6061.08 7234.33 -12399.9 
0.295 10.0634 10 0.243119 6.76308e-12 15910.9 12055 17.6607 -3.38431e-09 
0.295 10 10.4567 0 0 8031.63 6048.63 7234.15 12395.4 
0.295 10 9.54334 0 0 8031.63 6048.63 7234.15 -12395.4 
0.3 10.0646 10 0.244388 6.52269e-12 15962.7 12029.6 17.8465 -3.3452e-09 
0.3 10 10.4567 0 0 8060.75 6035.91 7233.97 12394.3 
0.3 10 9.54334 0 0 8060.75 6035.91 7233.97 -12394.3 
0.305 10.0658 10 0.245669 6.28466e-12 16014.4 12003.6 18.0353 -3.31369e-09 
0.305 10 10.4567 0 0 8089.87 6022.91 7233.78 12389.1 
0.305 10 9.54334 0 0 8089.87 6022.91 7233.78 -12389.1 
0.31 10.067 10 0.246964 6.04985e-12 16065.9 11977 18.227 -3.26081e-09 
0.31 10 10.4567 0 0 8119 6009.62 7233.6 12387.3 
0.31 10 9.54334 0 0 8119 6009.62 7233.6 -12387.3 
0.315 10.0683 10 0.248273 5.81906e-12 16117.2 11949.9 18.4218 -3.19758e-09 
0.315 10 10.4567 0 0 8148.13 5996.06 7233.41 12381.3 
0.315 10 9.54334 0 0 8148.13 5996.06 7233.41 -12381.3 
0.32 10.0695 10 0.249596 5.59299e-12 16168.3 11922.2 18.6198 -3.13137e-09 
0.32 10 10.4567 0 0 8177.26 5982.21 7233.22 12378.8 
0.32 10 9.54334 0 0 8177.26 5982.21 7233.22 -12378.8 
0.325 10.0708 10 0.250933 5.37226e-12 16219.2 11893.9 18.821 -3.05317e-09 
0.325 10 10.4567 0 0 8206.38 5968.07 7233.02 12372.1 
0.325 10 9.54334 0 0 8206.38 5968.07 7233.02 -12372.1 
0.33 10.072 10 0.252285 5.15744e-12 16269.9 11865 19.0256 -2.96125e-09 
0.33 10 10.4567 0 0 8235.5 5953.64 7232.83 12368.8 
0.33 10 9.54334 0 0 8235.5 5953.64 7232.83 -12368.8 
0.335 10.0733 10 0.253651 4.94901e-12 16320.4 11835.6 19.2336 -2.8684e-09 
0.335 10 10.4567 0 0 8264.6 5938.92 7232.63 12361.3 
0.335 10 9.54334 0 0 8264.6 5938.92 7232.63 -12361.3 
0.34 10.0746 10 0.255032 4.74733e-12 16370.6 11805.6 19.4452 -2.7765e-09 
0.34 10 10.4567 0 0 8293.68 5923.91 7232.43 12357.3 
0.34 10 9.54334 0 0 8293.68 5923.91 7232.43 -12357.3 
0.345 10.0758 10 0.256429 4.5527e-12 16420.6 11775 19.6605 -2.68741e-09 
0.345 10 10.4567 0 0 8322.74 5908.6 7232.22 12349.1 
0.345 10 9.54334 0 0 8322.74 5908.6 7232.22 -12349.1 
0.35 10.0771 10 0.257841 4.36535e-12 16470.3 11743.7 19.8795 -2.57205e-09 
0.35 10 10.4567 0 0 8351.78 5892.99 7232.01 12344.2 
0.35 10 9.54334 0 0 8351.78 5892.99 7232.01 -12344.2 
0.355 10.0784 10 0.259269 4.18543e-12 16519.8 11711.9 20.1025 -2.46682e-09 
0.355 10 10.4567 0 0 8380.79 5877.09 7231.8 12335.3 
0.355 10 9.54334 0 0 8380.79 5877.09 7231.8 -12335.3 
0.36 10.0797 10 0.260713 4.01304e-12 16569 11679.5 20.3294 -2.36083e-09 
0.36 10 10.4567 0 0 8409.76 5860.88 7231.59 12329.6 
0.36 10 9.54334 0 0 8409.76 5860.88 7231.59 -12329.6 
0.365 10.081 10 0.262173 3.84819e-12 16617.9 11646.5 20.5606 -2.25226e-09 
0.365 10 10.4567 0 0 8438.7 5844.36 7231.37 12319.9 
0.365 10 9.54334 0 0 8438.7 5844.36 7231.37 -12319.9 
0.37 10.0823 10 0.26365 3.69086e-12 16666.5 11612.8 20.796 -2.15201e-09 
0.37 10 10.4567 0 0 8467.6 5827.54 7231.15 12313.4 
0.37 10 9.54334 0 0 8467.6 5827.54 7231.15 -12313.4 
0.375 10.0837 10 0.265144 3.54095e-12 16714.7 11578.6 21.0358 -2.04735e-09 
0.375 10 10.4567 0 0 8496.44 5810.4 7230.92 12302.9 
0.375 10 9.54334 0 0 8496.44 5810.4 7230.92 -12302.9 
0.38 10.085 10 0.266656 3.39831e-12 16762.7 11543.7 21.2802 -1.94735e-09 
0.38 10 10.4567 0 0 8525.24 5792.96 7230.69 12295.6 
0.38 10 9.54334 0 0 8525.24 5792.96 7230.69 -12295.6 
0.385 10.0863 10 0.268184 3.26281e-12 16810.3 11508.2 21.5294 -1.84834e-09 
0.385 10 10.4567 0 0 8553.99 5775.2 7230.46 12284.2 
0.385 10 9.54334 0 0 8553.99 5775.2 7230.46 -12284.2 
0.39 10.0877 10 0.269731 3.13419e-12 16857.5 11472 21.7834 -1.75939e-09 
0.39 10 10.4567 0 0 8582.67 5757.13 7230.23 12276.2 
0.39 10 9.54334 0 0 8582.67 5757.13 7230.23 -12276.2 
0.395 10.089 10 0.271296 3.01225e-12 16904.4 11435.2 22.0425 -1.6641e-09 
0.395 10 10.4567 0 0 8611.29 5738.74 7229.99 12263.9 
0.395 10 9.54334 0 0 8611.29 5738.74 7229.99 -12263.9 
0.4 10.0904 10 0.27288 2.8967e-12 16950.9 11397.8 22.3068 -1.58062e-09 
0.4 10 10.4567 0 0 8639.84 5720.03 7229.75 12255 
0.4 10 9.54334 0 0 8639.84 5720.03 7229.75 -12255 
0.405 10.0918 10 0.274483 2.78729e-12 16997 11359.7 22.5765 -1.49254e-09 
0.405 10 10.4567 0 0 8668.31 5701 7229.5 12242 
0.405 10 9.54334 0 0 8668.31 5701 7229.5 -12242 
0.41 10.0931 10 0.276106 2.68371e-12 17042.6 11321 22.8519 -1.41983e-09 
0.41 10 10.4567 0 0 8696.71 5681.64 7229.25 12232.2 
0.41 10 9.54334 0 0 8696.71 5681.64 7229.25 -12232.2 
0.415 10.0945 10 0.277748 2.58568e-12 17087.9 11281.7 23.133 -1.32971e-09 
0.415 10 10.4567 0 0 8725.02 5661.96 7228.99 12218.3 
0.415 10 9.54334 0 0 8725.02 5661.96 7228.99 -12218.3 
0.42 10.0959 10 0.279411 2.49293e-12 17132.7 11241.7 23.4201 -1.26397e-09 
0.42 10 10.4567 0 0 8753.24 5641.95 7228.73 12207.7 
0.42 10 9.54334 0 0 8753.24 5641.95 7228.73 -12207.7 
0.425 10.0973 10 0.281094 2.40511e-12 17177.1 11201 23.7134 -1.20257e-09 
0.425 10 10.4567 0 0 8781.37 5621.61 7228.46 12192.9 
0.425 10 9.54334 0 0 8781.37 5621.61 7228.46 -12192.9 
0.43 10.0987 10 0.282798 2.32198e-12 17221 11159.6 24.0132 -1.13272e-09 
0.43 10 10.4567 0 0 8809.4 5600.94 7228.2 12181.4 
0.43 10 9.54334 0 0 8809.4 5600.94 7228.2 -12181.4 
0.435 10.1001 10 0.284524 2.24321e-12 17264.5 11117.6 24.3197 -1.07804e-09 
0.435 10 10.4567 0 0 8837.32 5579.94 7227.92 12165.7 
0.435 10 9.54334 0 0 8837.32 5579.94 7227.92 -12165.7 
0.44 10.1016 10 0.286273 2.16857e-12 17307.4 11074.9 24.6331 -1.01847e-09 
0.44 10 10.4567 0 0 8865.14 5558.6 7227.64 12153.3 
0.44 10 9.54334 0 0 8865.14 5558.6 7227.64 -12153.3 
0.445 10.103 10 0.288044 2.09778e-12 17349.9 11031.6 24.9538 -9.63087e-10 
0.445 10 10.4567 0 0 8892.84 5536.92 7227.36 12136.8 
0.445 10 9.54334 0 0 8892.84 5536.92 7227.36 -12136.8 
0.45 10.1044 10 0.289838 2.03059e-12 17391.8 10987.5 25.2819 -9.20937e-10 
0.45 10 10.4567 0 0 8920.42 5514.9 7227.07 12123.5 
0.45 10 9.54334 0 0 8920.42 5514.9 7227.07 -12123.5 
0.455 10.1059 10 0.291656 1.96674e-12 17433.2 10942.8 25.6177 -8.68343e-10 
0.455 10 10.4567 0 0 8947.87 5492.54 7226.77 12106 
0.455 10 9.54334 0 0 8947.87 5492.54 7226.77 -12106 
0.46 10.1074 10 0.293498 1.90603e-12 17474 10897.4 25.9616 -8.25282e-10 
0.46 10 10.4567 0 0 8975.19 5469.84 7226.47 12091.8 
0.46 10 9.54334 0 0 8975.19 5469.84 7226.47 -12091.8 
0.465 10.1088 10 0.295365 1.84826e-12 17514.3 10851.3 26.314 -7.86272e-10 
0.465 10 10.4567 0 0 9002.38 5446.79 7226.17 12073.4 
0.465 10 9.54334 0 0 9002.38 5446.79 7226.17 -12073.4 
0.47 10.1103 10 0.297257 1.79325e-12 17553.9 10804.5 26.675 -7.54923e-10 
0.47 10 10.4567 0 0 9029.42 5423.4 7225.85 12058.3 
0.47 10 9.54334 0 0 9029.42 5423.4 7225.85 -12058.3 
0.475 10.1118 10 0.299175 1.74079e-12 17593 10757.1 27.0451 -7.20293e-10 
0.475 10 10.4567 0 0 9056.31 5399.66 7225.53 12039 
0.475 10 9.54334 0 0 9056.31 5399.66 7225.53 -12039 
0.48 10.1133 10 0.301121 1.69069e-12 17631.5 10708.9 27.4246 -6.87813e-10 
0.48 10 10.4567 0 0 9083.05 5375.57 7225.21 12023 
0.48 10 9.54334 0 0 9083.05 5375.57 7225.21 -12023 
0.485 10.1148 10 0.303094 1.64282e-12 17669.3 10660 27.814 -6.50188e-10 
0.485 10 10.4567 0 0 9109.62 5351.12 7224.87 12002.7 
0.485 10 9.54334 0 0 9109.62 5351.12 7224.87 -12002.7 
0.49 10.1163 10 0.305094 1.59704e-12 17706.5 10610.4 28.2136 -6.29226e-10 
0.49 10 10.4567 0 0 9136.03 5326.33 7224.54 11985.7 
0.49 10 9.54334 0 0 9136.03 5326.33 7224.54 -11985.7 
0.495 10.1179 10 0.307124 1.55322e-12 17743.1 10560.1 28.6238 -5.97625e-10 
0.495 10 10.4567 0 0 9162.27 5301.18 7224.19 11964.5 
0.495 10 9.54334 0 0 9162.27 5301.18 7224.19 -11964.5 
0.5 10.1194 10 0.309184 1.5112e-12 17778.9 10509.1 29.0452 -5.75371e-10 
0.5 10 10.4567 0 0 9188.33 5275.67 7223.83 11946.6 
0.5 10 9.54334 0 0 9188.33 5275.67 7223.83 -11946.6 
0.505 10.121 10 0.311274 1.4709e-12 17814.1 10457.4 29.4781 -5.58816e-10 
0.505 10 10.4567 0 0 9214.2 5249.8 7223.47 11924.4 
0.505 10 9.54334 0 0 9214.2 5249.8 7223.47 -11924.4 
0.51 10.1225 10 0.313395 1.43224e-12 17848.6 10404.9 29.9232 -5.37032e-10 
0.51 10 10.4567 0 0 9239.88 5223.58 7223.1 11905.6 
0.51 10 9.54334 0 0 9239.88 5223.58 7223.1 -11905.6 
0.515 10.1241 10 0.315549 1.39506e-12 17882.3 10351.7 30.3809 -5.09999e-10 
0.515 10 10.4567 0 0 9265.37 5196.99 7222.72 11882.4 
0.515 10 9.54334 0 0 9265.37 5196.99 7222.72 -11882.4 
0.52 10.1257 10 0.317736 1.35933e-12 17915.3 10297.8 30.8518 -4.92263e-10 
0.52 10 10.4567 0 0 9290.65 5170.04 7222.33 11862.6 
0.52 10 9.54334 0 0 9290.65 5170.04 7222.33 -11862.6 
0.525 10.1273 10 0.319957 1.32495e-12 17947.5 10243.2 31.3365 -4.67441e-10 
0.525 10 10.4567 0 0 9315.71 5142.73 7221.93 11838.4 
0.525 10 9.54334 0 0 9315.71 5142.73 7221.93 -11838.4 
0.53 10.1289 10 0.322213 1.29189e-12 17978.9 10187.9 31.8355 -4.57355e-10 
0.53 10 10.4567 0 0 9340.57 5115.05 7221.53 11817.6 
0.53 10 9.54334 0 0 9340.57 5115.05 7221.53 -11817.6 
0.535 10.1305 10 0.324505 1.26e-12 18009.5 10131.8 32.3497 -4.32881e-10 
0.535 10 10.4567 0 0 9365.19 5087.01 7221.11 11792.5 
0.535 10 9.54334 0 0 9365.19 5087.01 7221.11 -11792.5 
0.54 10.1321 10 0.326834 1.22928e-12 18039.4 10074.9 32.8796 -4.23124e-10 
0.54 10 10.4567 0 0 9389.59 5058.59 7220.68 11770.7 
0.54 10 9.54334 0 0 9389.59 5058.59 7220.68 -11770.7 
0.545 10.1338 10 0.329202 1.19966e-12 18068.4 10017.4 33.4261 -4.08062e-10 
0.545 10 10.4567 0 0 9413.75 5029.81 7220.24 11744.6 
0.545 10 9.54334 0 0 9413.75 5029.81 7220.24 -11744.6 
0.55 10.1354 10 0.33161 1.17107e-12 18096.5 9959.06 33.9899 -3.87689e-10 
0.55 10 10.4567 0 0 9437.66 5000.66 7219.79 11721.7 
0.55 10 9.54334 0 0 9437.66 5000.66 7219.79 -11721.7 
0.555 10.1371 10 0.334059 1.14348e-12 18123.8 9900.01 34.5718 -3.85645e-10 
0.555 10 10.4567 0 0 9461.33 4971.13 7219.33 11694.6 
0.555 10 9.54334 0 0 9461.33 4971.13 7219.33 -11694.6 
0.56 10.1388 10 0.336549 1.11683e-12 18150.2 9840.21 35.1727 -3.63725e-10 
0.56 10 10.4567 0 0 9484.73 4941.23 7218.86 11670.8 
0.56 10 9.54334 0 0 9484.73 4941.23 7218.86 -11670.8 
0.565 10.1404 10 0.339084 1.09112e-12 18175.6 9779.66 35.7937 -3.54667e-10 
0.565 10 10.4567 0 0 9507.88 4910.96 7218.37 11642.7 
0.565 10 9.54334 0 0 9507.88 4910.96 7218.37 -11642.7 
0.57 10.1421 10 0.341663 1.06623e-12 18200.2 9718.36 36.4356 -3.49364e-10 
0.57 10 10.4567 0 0 9530.74 4880.31 7217.87 11617.8 
0.57 10 9.54334 0 0 9530.74 4880.31 7217.87 -11617.8 
0.575 10.1439 10 0.344289 1.04219e-12 18223.8 9656.31 37.0995 -3.2599e-10 
0.575 10 10.4567 0 0 9553.33 4849.28 7217.35 11588.7 
0.575 10 9.54334 0 0 9553.33 4849.28 7217.35 -11588.7 
0.58 10.1456 10 0.346964 1.01895e-12 18246.5 9593.5 37.7866 -3.19098e-10 
0.58 10 10.4567 0 0 9575.63 4817.87 7216.82 11562.8 
0.58 10 9.54334 0 0 9575.63 4817.87 7216.82 -11562.8 
0.585 10.1473 10 0.349688 9.96475e-13 18268.1 9529.93 38.4981 -3.12314e-10 
0.585 10 10.4567 0 0 9597.64 4786.09 7216.27 11532.6 
0.585 10 9.54334 0 0 9597.64 4786.09 7216.27 -11532.6 
0.59 10.1491 10 0.352464 9.74704e-13 18288.8 9465.6 39.2353 -2.94714e-10 
0.59 10 10.4567 0 0 9619.35 4753.92 7215.71 11505.7 
0.59 10 9.54334 0 0 9619.35 4753.92 7215.71 -11505.7 
0.595 10.1509 10 0.355294 9.5366e-13 18308.4 9400.5 39.9995 -2.88129e-10 
0.595 10 10.4567 0 0 9640.75 4721.38 7215.13 11474.5 
0.595 10 9.54334 0 0 9640.75 4721.38 7215.13 -11474.5 
0.6 10.1526 10 0.358179 9.33277e-13 18327 9334.64 40.7923 -2.78e-10 
0.6 10 10.4567 0 0 9661.83 4688.45 7214.53 11446.6 
0.6 10 9.54334 0 0 9661.83 4688.45 7214.53 -11446.6 
0.605 10.1544 10 0.361122 9.13549e-13 18344.6 9268.01 41.6151 -2.67962e-10 
0.605 10 10.4567 0 0 9682.58 4655.13 7213.91 11414.3 
0.605 10 9.54334 0 0 9682.58 4655.13 7213.91 -11414.3 
0.61 10.1562 10 0.364125 8.94457e-13 18361 9200.62 42.4697 -2.6347e-10 
0.61 10 10.4567 0 0 9703.01 4621.43 7213.28 11385.3 
0.61 10 9.54334 0 0 9703.01 4621.43 7213.28 -11385.3 
0.615 10.1581 10 0.36719 8.75961e-13 18376.4 9132.45 43.3579 -2.49057e-10 
0.615 10 10.4567 0 0 9723.09 4587.35 7212.62 11352.1 
0.615 10 9.54334 0 0 9723.09 4587.35 7212.62 -11352.1 
0.62 10.1599 10 0.37032 8.58071e-13 18390.6 9063.5 44.2816 -2.54738e-10 
0.62 10 10.4567 0 0 9742.83 4552.88 7211.94 11322 
0.62 10 9.54334 0 0 9742.83 4552.88 7211.94 -11322 
0.625 10.1618 10 0.373517 8.40741e-13 18403.7 8993.78 45.2428 -2.3594e-10 
0.625 10 10.4567 0 0 9762.21 4518.02 7211.23 11287.7 
0.625 10 9.54334 0 0 9762.21 4518.02 7211.23 -11287.7 
0.63 10.1637 10 0.376784 8.23954e-13 18415.6 8923.28 46.2439 -2.35409e-10 
0.63 10 10.4567 0 0 9781.22 4482.77 7210.5 11256.6 
0.63 10 9.54334 0 0 9781.22 4482.77 7210.5 -11256.6 
0.635 10.1655 10 0.380124 8.07704e-13 18426.3 8852 47.2871 -2.19492e-10 
0.635 10 10.4567 0 0 9799.86 4447.12 7209.75 11221.2 
0.635 10 9.54334 0 0 9799.86 4447.12 7209.75 -11221.2 
0.64 10.1675 10 0.38354 7.91957e-13 18435.8 8779.93 48.3751 -2.22744e-10 
0.64 10 10.4567 0 0 9818.12 4411.09 7208.96 11189 
0.64 10 9.54334 0 0 9818.12 4411.09 7208.96 -11189 
0.645 10.1694 10 0.387036 7.76719e-13 18444.1 8707.08 49.5106 -2.08787e-10 
0.645 10 10.4567 0 0 9836 4374.66 7208.15 11152.5 
0.645 10 9.54334 0 0 9836 4374.66 7208.15 -11152.5 
0.65 10.1713 10 0.390614 7.61941e-13 18451.1 8633.44 50.6967 -2.01261e-10 
0.65 10 10.4567 0 0 9853.47 4337.84 7207.31 11119.3 
0.65 10 9.54334 0 0 9853.47 4337.84 7207.31 -11119.3 
0.655 10.1733 10 0.394279 7.47651e-13 18456.9 8559 51.9366 -1.95623e-10 
0.655 10 10.4567 0 0 9870.53 4300.63 7206.43 11081.7 
0.655 10 9.54334 0 0 9870.53 4300.63 7206.43 -11081.7 
0.66 10.1753 10 0.398035 7.33808e-13 18461.3 8483.78 53.2337 -1.90047e-10 
0.66 10 10.4567 0 0 9887.18 4263.01 7205.52 11047.4 
0.66 10 9.54334 0 0 9887.18 4263.01 7205.52 -11047.4 
0.665 10.1773 10 0.401886 7.20432e-13 18464.4 8407.75 54.592 -1.84536e-10 
0.665 10 10.4567 0 0 9903.4 4225 7204.57 11008.8 
0.665 10 9.54334 0 0 9903.4 4225 7204.57 -11008.8 
0.67 10.1793 10 0.405835 7.07505e-13 18466.2 8330.93 56.0154 -1.7636e-10 
0.67 10 10.4567 0 0 9919.19 4186.59 7203.58 10973.4 
0.67 10 9.54334 0 0 9919.19 4186.59 7203.58 -10973.4 
0.675 10.1813 10 0.409889 6.94973e-13 18466.5 8253.3 57.5086 -1.79153e-10 
0.675 10 10.4567 0 0 9934.53 4147.78 7202.55 10933.7 
0.675 10 9.54334 0 0 9934.53 4147.78 7202.55 -10933.7 
0.68 10.1834 10 0.414053 6.82846e-13 18465.5 8174.87 59.0764 -1.62903e-10 
0.68 10 10.4567 0 0 9949.42 4108.56 7201.48 10897.2 
0.68 10 9.54334 0 0 9949.42 4108.56 7201.48 -10897.2 
0.685 10.1855 10 0.418331 6.71141e-13 18463 8095.63 60.724 -1.58535e-10 
0.685 10 10.4567 0 0 9963.84 4068.94 7200.35 10856.4 
0.685 10 9.54334 0 0 9963.84 4068.94 7200.35 -10856.4 
0.69 10.1876 10 0.42273 6.59834e-13 18459.1 8015.58 62.4574 -1.49676e-10 
0.69 10 10.4567 0 0 9977.79 4028.91 7199.18 10818.8 
0.69 10 9.54334 0 0 9977.79 4028.91 7199.18 -10818.8 
0.695 10.1897 10 0.427256 6.48916e-13 18453.7 7934.7 64.2828 -1.46329e-10 
0.695 10 10.4567 0 0 9991.25 3988.48 7197.95 10776.8 
0.695 10 9.54334 0 0 9991.25 3988.48 7197.95 -10776.8 
0.7 10.1918 10 0.431915 6.38388e-13 18446.7 7853.01 66.2073 -1.46674e-10 
0.7 10 10.4567 0 0 10004.2 3947.63 7196.66 10738.1 
0.7 10 9.54334 0 0 10004.2 3947.63 7196.66 -10738.1 
0.705 10.194 10 0.436716 6.28221e-13 18438.2 7770.49 68.2384 -1.43432e-10 
0.705 10 10.4567 0 0 10016.7 3906.37 7195.31 10695.1 
0.705 10 9.54334 0 0 10016.7 3906.37 7195.31 -10695.1 
0.71 10.1962 10 0.441666 6.18428e-13 18428.1 7687.14 70.3845 -1.36603e-10 
0.71 10 10.4567 0 0 10028.6 3864.7 7193.89 10655.3 
0.71 10 9.54334 0 0 10028.6 3864.7 7193.89 -10655.3 
0.715 10.1984 10 0.446774 6.09004e-13 18416.4 7602.95 72.655 -1.29827e-10 
0.715 10 10.4567 0 0 10040 3822.6 7192.4 10611.1 
0.715 10 9.54334 0 0 10040 3822.6 7192.4 -10611.1 
0.72 10.2007 10 0.452049 5.99946e-13 18403.1 7517.92 75.06 -1.22192e-10 
0.72 10 10.4567 0 0 10050.8 3780.09 7190.83 10570.1 
0.72 10 9.54334 0 0 10050.8 3780.09 7190.83 -10570.1 
0.725 10.203 10 0.4575 5.91254e-13 18388 7432.04 77.6108 -1.20975e-10 
0.725 10 10.4567 0 0 10061.1 3737.15 7189.17 10524.8 
0.725 10 9.54334 0 0 10061.1 3737.15 7189.17 -10524.8 
0.73 10.2053 10 0.46314 5.82911e-13 18371.2 7345.31 80.32 -1.07074e-10 
0.73 10 10.4567 0 0 10070.8 3693.78 7187.42 10482.7 
0.73 10 9.54334 0 0 10070.8 3693.78 7187.42 -10482.7 
0.735 10.2076 10 0.468979 5.74921e-13 18352.6 7257.71 83.2014 -1.08684e-10 
0.735 10 10.4567 0 0 10079.9 3649.98 7185.57 10436.2 
0.735 10 9.54334 0 0 10079.9 3649.98 7185.57 -10436.2 
0.74 10.2099 10 0.47503 5.67336e-13 18332.3 7169.24 86.2707 -1.07623e-10 
0.74 10 10.4567 0 0 10088.4 3605.74 7183.61 10392.9 
0.74 10 9.54334 0 0 10088.4 3605.74 7183.61 -10392.9 
0.745 10.2123 10 0.481308 5.6006e-13 18310 7079.89 89.5452 -9.47802e-11 
0.745 10 10.4567 0 0 10096.3 3561.07 7181.53 10345.3 
0.745 10 9.54334 0 0 10096.3 3561.07 7181.53 -10345.3 
0.75 10.2148 10 0.487828 5.5318e-13 18285.8 6989.64 93.0442 -9.47266e-11 
0.75 10 10.4567 0 0 10103.5 3515.95 7179.33 10300.8 
0.75 10 9.54334 0 0 10103.5 3515.95 7179.33 -10300.8 
0.755 10.2172 10 0.494606 5.46626e-13 18259.7 6898.5 96.7897 -9.3809e-11 
0.755 10 10.4567 0 0 10110 3470.37 7176.98 10251.9 
0.755 10 9.54334 0 0 10110 3470.37 7176.98 -10251.9 
0.76 10.2197 10 0.501661 5.40431e-13 18231.5 6806.44 100.806 -9.11226e-11 
0.76 10 10.4567 0 0 10115.9 3424.34 7174.48 10206.1 
0.76 10 9.54334 0 0 10115.9 3424.34 7174.48 -10206.1 
0.765 10.2222 10 0.509014 5.34638e-13 18201.3 6713.45 105.121 -7.57596e-11 
0.765 10 10.4567 0 0 10121 3377.85 7171.81 10156 
0.765 10 9.54334 0 0 10121 3377.85 7171.81 -10156 
0.77 10.2248 10 0.516686 5.29238e-13 18168.8 6619.52 109.767 -7.40941e-11 
0.77 10 10.4567 0 0 10125.4 3330.88 7168.95 10109 
0.77 10 9.54334 0 0 10125.4 3330.88 7168.95 -10109 
0.775 10.2274 10 0.524704 5.24213e-13 18134.2 6524.63 114.779 -5.7929e-11 
0.775 10 10.4567 0 0 10129.1 3283.44 7165.88 10057.5 
0.775 10 9.54334 0 0 10129.1 3283.44 7165.88 -10057.5 
0.78 10.23 10 0.533093 5.19566e-13 18097.2 6428.76 120.198 -7.09209e-11 
0.78 10 10.4567 0 0 10131.9 3235.5 7162.59 10009.1 
0.78 10 9.54334 0 0 10131.9 3235.5 7162.59 -10009.1 
0.785 10.2327 10 0.541886 5.1535e-13 18057.8 6331.89 126.07 -5.39596e-11 
0.785 10 10.4567 0 0 10133.8 3187.07 7159.03 9956.3 
0.785 10 9.54334 0 0 10133.8 3187.07 7159.03 -9956.3 
0.79 10.2355 10 0.551115 5.11572e-13 18015.9 6234 132.452 -4.79737e-11 
0.79 10 10.4567 0 0 10134.9 3138.13 7155.2 9906.5 
0.79 10 9.54334 0 0 10134.9 3138.13 7155.2 -9906.5 
0.795 10.2382 10 0.560821 5.08268e-13 17971.4 6135.07 139.403 -4.56921e-11 
0.795 10 10.4567 0 0 10135 3088.66 7151.04 9852.19 
0.795 10 9.54334 0 0 10135 3088.66 7151.04 -9852.19 
0.8 10.2411 10 0.571045 5.054e-13 17924.1 6035.06 146.998 -2.9829e-11 
0.8 10 10.4567 0 0 10134.2 3038.66 7146.53 9800.86 
0.8 10 9.54334 0 0 10134.2 3038.66 7146.53 -9800.86 
0.805 10.244 10 0.581838 5.03042e-13 17873.9 5933.95 155.321 -3.40464e-11 
0.805 10 10.4567 0 0 10132.3 2988.1 7141.61 9744.95 
0.805 10 9.54334 0 0 10132.3 2988.1 7141.61 -9744.95 
0.81 10.2469 10 0.593254 5.01241e-13 17820.7 5831.69 164.471 -1.56042e-11 
0.81 10 10.4567 0 0 10129.2 2936.97 7136.24 9691.93 
0.81 10 9.54334 0 0 10129.2 2936.97 7136.24 -9691.93 
0.815 10.2499 10 0.605356 4.99979e-13 17764.2 5728.26 174.565 -1.088e-11 
0.815 10 10.4567 0 0 10125 2885.26 7130.34 9634.24 
0.815 10 9.54334 0 0 10125 2885.26 7130.34 -9634.24 
0.82 10.2529 10 0.618217 4.99337e-13 17704.3 5623.6 185.743 1.94294e-12 
0.82 10 10.4567 0 0 10119.4 2832.93 7123.85 9579.34 
0.82 10 9.54334 0 0 10119.4 2832.93 7123.85 -9579.34 
0.825 10.2561 10 0.631921 4.99361e-13 17640.7 5517.67 198.172 5.57751e-12 
0.825 10 10.4567 0 0 10112.4 2779.96 7116.68 9519.64 
0.825 10 9.54334 0 0 10112.4 2779.96 7116.68 -9519.64 
0.83 10.2593 10 0.646562 5.00093e-13 17573 5410.41 212.05 1.54797e-11 
0.83 10 10.4567 0 0 10103.8 2726.33 7108.72 9462.56 
0.83 10 9.54334 0 0 10103.8 2726.33 7108.72 -9462.56 
0.835 10.2625 10 0.662254 5.01621e-13 17501 5301.76 227.622 1.34467e-11 
0.835 10 10.4567 0 0 10093.5 2672.01 7099.83 9400.48 
0.835 10 9.54334 0 0 10093.5 2672.01 7099.83 -9400.48 
0.84 10.2659 10 0.679127 5.04049e-13 17424.3 5191.64 245.182 2.67494e-11 
0.84 10 10.4567 0 0 10081.3 2616.95 7089.87 9340.8 
0.84 10 9.54334 0 0 10081.3 2616.95 7089.87 -9340.8 
0.845 10.2693 10 0.697336 5.07439e-13 17342.2 5079.97 265.096 5.90169e-11 
0.845 10 10.4567 0 0 10066.9 2561.11 7078.64 9275.84 
0.845 10 9.54334 0 0 10066.9 2561.11 7078.64 -9275.84 
0.85 10.2729 10 0.717064 5.11965e-13 17254.3 4966.66 287.818 7.33901e-11 
0.85 10 10.4567 0 0 10050 2504.45 7065.9 9212.91 
0.85 10 9.54334 0 0 10050 2504.45 7065.9 -9212.91 
0.855 10.2765 10 0.738533 5.17718e-13 17159.8 4851.59 313.919 8.03154e-11 
0.855 10 10.4567 0 0 10030.2 2446.92 7051.34 9144.26 
0.855 10 9.54334 0 0 10030.2 2446.92 7051.34 -9144.26 
0.86 10.2803 10 0.762007 5.24957e-13 17057.8 4734.63 344.125 1.17501e-10 
0.86 10 10.4567 0 0 10007 2388.44 7034.6 9077.09 
0.86 10 9.54334 0 0 10007 2388.44 7034.6 -9077.09 
0.865 10.2841 10 0.787813 5.33842e-13 16947.1 4615.64 379.37 1.4718e-10 
0.865 10 10.4567 0 0 9979.82 2328.95 7015.17 9003.49 
0.865 10 9.54334 0 0 9979.82 2328.95 7015.17 -9003.49 
0.87 10.2881 10 0.816352 5.44751e-13 16826.2 4494.45 420.872 1.81578e-10 
0.87 10 10.4567 0 0 9947.85 2268.35 6992.42 8930.44 
0.87 10 9.54334 0 0 9947.85 2268.35 6992.42 -8930.44 
0.875 10.2923 10 0.848125 5.57975e-13 16693.2 4370.83 470.247 2.06103e-10 
0.875 10 10.4567 0 0 9910 2206.54 6965.51 8849.75 
0.875 10 9.54334 0 0 9910 2206.54 6965.51 -8849.75 
0.88 10.2966 10 0.883768 5.73974e-13 16545.6 4244.55 529.671 2.55705e-10 
0.88 10 10.4567 0 0 9864.82 2143.4 6933.3 8768 
0.88 10 9.54334 0 0 9864.82 2143.4 6933.3 -8768 
0.885 10.3011 10 0.924102 5.9342e-13 16379.7 4115.3 602.133 2.99367e-10 
0.885 10 10.4567 0 0 9810.32 2078.78 6894.25 8676.4 
0.885 10 9.54334 0 0 9810.32 2078.78 6894.25 -8676.4 
0.89 10.3059 10 0.970196 6.17145e-13 16191 3982.71 691.824 3.73353e-10 
0.89 10 10.4567 0 0 9743.74 2012.48 6846.18 8580.68 
0.89 10 9.54334 0 0 9743.74 2012.48 6846.18 -8580.68 
0.895 10.3109 10 1.02349 6.46297e-13 15972.6 3846.34 804.773 4.48853e-10 
0.895 10 10.4567 0 0 9661.06 1944.29 6785.97 8470.75 
0.895 10 9.54334 0 0 9661.06 1944.29 6785.97 -8470.75 
0.9 10.3161 10 1.08593 6.8234e-13 15714.7 3705.6 949.884 5.70228e-10 
0.9 10 10.4567 0 0 9556.39 1873.92 6709.05 8350.34 
0.9 10 9.54334 0 0 9556.39 1873.92 6709.05 -8350.34 
0.905 10.3217 10 1.16027 7.27458e-13 15402.5 3559.76 1140.75 7.1398e-10 
0.905 10 10.4567 0 0 9420.7 1801.01 6608.41 8206.09 
0.905 10 9.54334 0 0 9420.7 1801.01 6608.41 -8206.09 
0.91 10.3278 10 1.25048 7.84894e-13 15012.8 3407.88 1398.89 9.12851e-10 
0.91 10 10.4567 0 0 9239.68 1725.07 6473.03 8036.26 
0.91 10 9.54334 0 0 9239.68 1725.07 6473.03 -8036.26 
0.915 10.3343 10 1.36254 8.5952e-13 14507.7 3248.67 1759.93 1.19799e-09 
0.915 10 10.4567 0 0 8989.58 1645.46 6284.66 7817.91 
0.915 10 9.54334 0 0 8989.58 1645.46 6284.66 -7817.91 
0.92 10.3414 10 1.50579 9.59055e-13 13821.6 3080.37 2286.01 1.62926e-09 
0.92 10 10.4567 0 0 8628.85 1561.31 6011.6 7531.42 
0.92 10 9.54334 0 0 8628.85 1561.31 6011.6 -7531.42 
0.925 10.3494 10 1.69571 1.09659e-12 12833.9 2900.48 3092.67 2.27758e-09 
0.925 10 10.4567 0 0 8079.91 1471.37 5594.98 7118.26 
0.925 10 9.54334 0 0 8079.91 1471.37 5594.98 -7118.26 
0.93 10.3585 10 1.95962 1.29532e-12 11304 2705.26 4412.42 3.40073e-09 
0.93 10 10.4567 0 0 7185.67 1373.76 4916.64 6481.79 
0.93 10 9.54334 0 0 7185.67 1373.76 4916.64 -6481.79 
0.935 10.3692 10 2.35005 1.60085e-12 8699.71 2488.83 6762.69 5.38206e-09 
0.935 10 10.4567 0 0 5593.75 1265.54 3714.18 5378.2 
0.935 10 9.54334 0 0 5593.75 1265.54 3714.18 -5378.2 
0.94 10.3824 10 2.97984 2.11324e-12 3678.21 2241.34 11458.2 9.49245e-09 
0.94 10 10.4567 0 0 2398.76 1141.8 1322.39 3199.02 
0.94 10 9.54334 0 0 2398.76 1141.8 1322.39 -3199.02 
0.945 10.3997 10 3.98638 2.45423e-12 0 1946.89 14699.1 1.33666e-10 
0.945 10 10.4567 0 0 0 994.573 -368.549 1418.62 
0.945 10 9.54334 0 0 0 994.573 -368.549 -1418.62 
0.95 10.4223 10 5.01878 2.45999e-12 0 1612.64 14201.2 2.78131e-11 
0.95 10 10.4567 0 0 0 827.448 -191.857 1155.76 
0.95 10 9.54334 0 0 0 827.448 -191.857 -1155.76 
0.955 10.4499 10 6.01455 2.45836e-12 0 1270.81 13679.2 -7.1664e-11 
0.955 10 10.4567 0 0 0 656.533 -0.530224 891.188 
0.955 10 9.54334 0 0 0 656.533 -0.530224 -891.188 
0.96 10.4823 10 6.97314 2.45014e-12 0 950.901 13165.5 -1.55892e-10 
0.96 10 10.4567 0 0 0 496.577 189.203 655.974 
0.96 10 9.54334 0 0 0 496.577 189.203 -655.974 
0.965 10.5195 10 7.89624 2.43657e-12 0 674.481 12689.6 -2.20784e-10 
0.965 10 10.4567 0 0 0 358.367 362.544 457.622 
0.965 10 9.54334 0 0 0 358.367 362.544 -457.622 
0.97 10.5612 10 8.78734 2.41906e-12 0 452.905 12272.1 -2.66025e-10 
0.97 10 10.4567 0 0 0 247.579 508.9 309.222 
0.97 10 9.54334 0 0 0 247.579 508.9 -309.222 
0.975 10.6074 10 9.65102 2.39891e-12 0 287.629 11922.3 -2.95208e-10 
0.975 10 10.4567 0 0 0 164.941 623.327 200.854 
0.975 10 9.54334 0 0 0 164.941 623.327 -200.854 
