0 10 10 0 0 0 6366.2 6420 3.72984e-09 
0 10 10.5121 0 0 0 3188.38 420 6009.96 
0 10 9.48789 0 0 0 3188.38 420 -6009.96 
0 10.0005 10 0.144544 2.65276e-13 6097.81 6366.18 315.101 3.69456e-09 
0 10 10.5121 0 0 3048.91 3188.37 3462.33 6013.03 
0 10 9.48789 0 0 3048.91 3188.37 3462.33 -6013.03 
0.005 10.0013 10 0.151894 5.28123e-13 6407.74 6366.07 20.8045 3.6623e-09 
0.005 10 10.5121 0 0 3203.88 3188.32 3608.96 6016.49 
0.005 10 9.48789 0 0 3203.88 3188.32 3608.96 -6016.49 
0.01 10.002 10 0.152653 7.8856e-13 6439.53 6365.88 6.71089 3.62766e-09 
0.01 10 10.5121 0 0 3219.79 3188.22 3615.96 6022.38 
0.01 10 9.48789 0 0 3219.79 3188.22 3615.96 -6022.38 
0.015 10.0028 10 0.153099 1.04656e-12 6458 6365.59 6.08471 3.59336e-09 
0.015 10 10.5121 0 0 3229.05 3188.08 3616.24 6025.65 
0.015 10 9.48789 0 0 3229.05 3188.08 3616.24 -6025.65 
0.02 10.0036 10 0.153534 1.30212e-12 6475.87 6365.21 6.10629 3.56031e-09 
0.02 10 10.5121 0 0 3238.01 3187.89 3616.2 6031.4 
0.02 10 9.48789 0 0 3238.01 3187.89 3616.2 -6031.4 
0.025 10.0043 10 0.153972 1.55525e-12 6493.76 6364.74 6.15948 3.52487e-09 
0.025 10 10.5121 0 0 3247 3187.65 3616.14 6034.55 
0.025 10 9.48789 0 0 3247 3187.65 3616.14 -6034.55 
0.03 10.0051 10 0.154414 1.80586e-12 6511.69 6364.18 6.21468 3.48978e-09 
0.03 10 10.5121 0 0 3256.01 3187.37 3616.08 6040.19 
0.03 10 9.48789 0 0 3256.01 3187.37 3616.08 -6040.19 
0.035 10.0059 10 0.15486 2.05395e-12 6529.67 6363.52 6.27046 3.45323e-09 
0.035 10 10.5121 0 0 3265.05 3187.04 3616.02 6043.22 
0.035 10 9.48789 0 0 3265.05 3187.04 3616.02 -6043.22 
0.04 10.0067 10 0.15531 2.29946e-12 6547.69 6362.76 6.32678 3.42705e-09 
0.04 10 10.5121 0 0 3274.12 3186.66 3615.96 6048.73 
0.04 10 9.48789 0 0 3274.12 3186.66 3615.96 -6048.73 
0.045 10.0074 10 0.155764 2.54232e-12 6565.75 6361.91 6.38363 3.38031e-09 
0.045 10 10.5121 0 0 3283.22 3186.24 3615.9 6051.63 
0.045 10 9.48789 0 0 3283.22 3186.24 3615.9 -6051.63 
0.05 10.0082 10 0.156222 2.78247e-12 6583.86 6360.97 6.44103 3.34124e-09 
0.05 10 10.5121 0 0 3292.35 3185.76 3615.84 6057.02 
0.05 10 9.48789 0 0 3292.35 3185.76 3615.84 -6057.02 
0.055 10.009 10 0.156684 3.01984e-12 6602.01 6359.92 6.49898 3.30346e-09 
0.055 10 10.5121 0 0 3301.51 3185.24 3615.78 6059.79 
0.055 10 9.48789 0 0 3301.51 3185.24 3615.78 -6059.79 
0.06 10.0098 10 0.15715 3.25432e-12 6620.2 6358.78 6.55751 3.26153e-09 
0.06 10 10.5121 0 0 3310.7 3184.67 3615.72 6065.05 
0.06 10 9.48789 0 0 3310.7 3184.67 3615.72 -6065.05 
0.065 10.0106 10 0.157621 3.48584e-12 6638.44 6357.54 6.61661 3.21912e-09 
0.065 10 10.5121 0 0 3319.92 3184.05 3615.66 6067.7 
0.065 10 9.48789 0 0 3319.92 3184.05 3615.66 -6067.7 
0.07 10.0114 10 0.158095 3.71428e-12 6656.71 6356.2 6.6763 3.17622e-09 
0.07 10 10.5121 0 0 3329.17 3183.38 3615.6 6072.83 
0.07 10 9.48789 0 0 3329.17 3183.38 3615.6 -6072.83 
0.075 10.0121 10 0.158574 3.93951e-12 6675.03 6354.75 6.73659 3.13104e-09 
0.075 10 10.5121 0 0 3338.45 3182.66 3615.53 6075.35 
0.075 10 9.48789 0 0 3338.45 3182.66 3615.53 -6075.35 
0.08 10.0129 10 0.159058 4.16144e-12 6693.38 6353.21 6.7975 3.0836e-09 
0.08 10 10.5121 0 0 3347.76 3181.89 3615.47 6080.35 
0.08 10 9.48789 0 0 3347.76 3181.89 3615.47 -6080.35 
0.085 10.0137 10 0.159546 4.37993e-12 6711.78 6351.56 6.85904 3.03391e-09 
0.085 10 10.5121 0 0 3357.09 3181.06 3615.4 6082.73 
0.085 10 9.48789 0 0 3357.09 3181.06 3615.4 -6082.73 
0.09 10.0145 10 0.160038 4.59486e-12 6730.21 6349.81 6.92121 2.98472e-09 
0.09 10 10.5121 0 0 3366.46 3180.19 3615.34 6087.6 
0.09 10 9.48789 0 0 3366.46 3180.19 3615.34 -6087.6 
0.095 10.0153 10 0.160534 4.80607e-12 6748.68 6347.96 6.98403 2.9306e-09 
0.095 10 10.5121 0 0 3375.85 3179.26 3615.27 6089.85 
0.095 10 9.48789 0 0 3375.85 3179.26 3615.27 -6089.85 
0.1 10.0161 10 0.161035 5.01344e-12 6767.19 6346 7.04752 2.8761e-09 
0.1 10 10.5121 0 0 3385.27 3178.28 3615.2 6094.58 
0.1 10 9.48789 0 0 3385.27 3178.28 3615.2 -6094.58 
0.105 10.0169 10 0.161541 5.21678e-12 6785.73 6343.94 7.11168 2.81944e-09 
0.105 10 10.5121 0 0 3394.72 3177.25 3615.13 6096.69 
0.105 10 9.48789 0 0 3394.72 3177.25 3615.13 -6096.69 
0.11 10.0178 10 0.162051 5.416e-12 6804.31 6341.76 7.17653 2.76062e-09 
0.11 10 10.5121 0 0 3404.2 3176.16 3615.07 6101.28 
0.11 10 9.48789 0 0 3404.2 3176.16 3615.07 -6101.28 
0.115 10.0186 10 0.162566 5.6109e-12 6822.93 6339.49 7.24209 2.69877e-09 
0.115 10 10.5121 0 0 3413.7 3175.02 3615 6103.25 
0.115 10 9.48789 0 0 3413.7 3175.02 3615 -6103.25 
0.12 10.0194 10 0.163086 5.80132e-12 6841.57 6337.1 7.30837 2.63574e-09 
0.12 10 10.5121 0 0 3423.24 3173.83 3614.93 6107.7 
0.12 10 9.48789 0 0 3423.24 3173.83 3614.93 -6107.7 
0.125 10.0202 10 0.16361 5.98712e-12 6860.26 6334.6 7.37537 2.57061e-09 
0.125 10 10.5121 0 0 3432.79 3172.58 3614.86 6109.54 
0.125 10 9.48789 0 0 3432.79 3172.58 3614.86 -6109.54 
0.13 10.021 10 0.16414 6.16812e-12 6878.97 6331.99 7.44313 2.50253e-09 
0.13 10 10.5121 0 0 3442.38 3171.28 3614.79 6113.84 
0.13 10 9.48789 0 0 3442.38 3171.28 3614.79 -6113.84 
0.135 10.0218 10 0.164674 6.34416e-12 6897.72 6329.27 7.51165 2.42968e-09 
0.135 10 10.5121 0 0 3451.99 3169.92 3614.72 6115.53 
0.135 10 9.48789 0 0 3451.99 3169.92 3614.72 -6115.53 
0.14 10.0227 10 0.165213 6.51505e-12 6916.5 6326.44 7.58095 2.35846e-09 
0.14 10 10.5121 0 0 3461.63 3168.5 3614.64 6119.69 
0.14 10 9.48789 0 0 3461.63 3168.5 3614.64 -6119.69 
0.145 10.0235 10 0.165757 6.68065e-12 6935.31 6323.5 7.65105 2.27434e-09 
0.145 10 10.5121 0 0 3471.3 3167.03 3614.57 6121.23 
0.145 10 9.48789 0 0 3471.3 3167.03 3614.57 -6121.23 
0.15 10.0243 10 0.166306 6.84077e-12 6954.14 6320.44 7.72196 2.20554e-09 
0.15 10 10.5121 0 0 3480.99 3165.5 3614.5 6125.24 
0.15 10 9.48789 0 0 3480.99 3165.5 3614.5 -6125.24 
0.155 10.0252 10 0.16686 6.99524e-12 6973.01 6317.26 7.79369 2.1157e-09 
0.155 10 10.5121 0 0 3490.71 3163.91 3614.42 6126.63 
0.155 10 9.48789 0 0 3490.71 3163.91 3614.42 -6126.63 
0.16 10.026 10 0.167419 7.14388e-12 6991.9 6313.97 7.86628 2.04305e-09 
0.16 10 10.5121 0 0 3500.45 3162.27 3614.35 6130.49 
0.16 10 9.48789 0 0 3500.45 3162.27 3614.35 -6130.49 
0.165 10.0268 10 0.167984 7.28657e-12 7010.83 6310.57 7.93972 1.96122e-09 
0.165 10 10.5121 0 0 3510.22 3160.56 3614.27 6131.73 
0.165 10 9.48789 0 0 3510.22 3160.56 3614.27 -6131.73 
0.17 10.0277 10 0.168553 7.42315e-12 7029.77 6307.04 8.01406 1.86116e-09 
0.17 10 10.5121 0 0 3520.01 3158.8 3614.19 6135.44 
0.17 10 9.48789 0 0 3520.01 3158.8 3614.19 -6135.44 
0.175 10.0285 10 0.169129 7.55342e-12 7048.75 6303.4 8.08929 1.77289e-09 
0.175 10 10.5121 0 0 3529.83 3156.98 3614.11 6136.53 
0.175 10 9.48789 0 0 3529.83 3156.98 3614.11 -6136.53 
0.18 10.0294 10 0.169709 7.67728e-12 7067.74 6299.63 8.16544 1.69552e-09 
0.18 10 10.5121 0 0 3539.67 3155.1 3614.04 6140.08 
0.18 10 9.48789 0 0 3539.67 3155.1 3614.04 -6140.08 
0.185 10.0302 10 0.170295 7.79456e-12 7086.76 6295.75 8.24254 1.58997e-09 
0.185 10 10.5121 0 0 3549.54 3153.16 3613.96 6141.01 
0.185 10 9.48789 0 0 3549.54 3153.16 3613.96 -6141.01 
0.19 10.0311 10 0.170887 7.90514e-12 7105.8 6291.74 8.3206 1.50718e-09 
0.19 10 10.5121 0 0 3559.43 3151.15 3613.88 6144.4 
0.19 10 9.48789 0 0 3559.43 3151.15 3613.88 -6144.4 
0.195 10.0319 10 0.171484 8.00887e-12 7124.87 6287.61 8.39964 1.40171e-09 
0.195 10 10.5121 0 0 3569.35 3149.09 3613.79 6145.17 
0.195 10 9.48789 0 0 3569.35 3149.09 3613.79 -6145.17 
0.2 10.0328 10 0.172087 8.10564e-12 7143.95 6283.36 8.47968 1.30267e-09 
0.2 10 10.5121 0 0 3579.28 3146.96 3613.71 6148.41 
0.2 10 9.48789 0 0 3579.28 3146.96 3613.71 -6148.41 
0.205 10.0336 10 0.172695 8.19531e-12 7163.05 6278.98 8.56076 1.20189e-09 
0.205 10 10.5121 0 0 3589.24 3144.77 3613.63 6149.01 
0.205 10 9.48789 0 0 3589.24 3144.77 3613.63 -6149.01 
0.21 10.0345 10 0.17331 8.27782e-12 7182.17 6274.47 8.64288 1.10485e-09 
0.21 10 10.5121 0 0 3599.23 3142.52 3613.55 6152.08 
0.21 10 9.48789 0 0 3599.23 3142.52 3613.55 -6152.08 
0.215 10.0354 10 0.17393 8.35304e-12 7201.31 6269.84 8.72608 1.00155e-09 
0.215 10 10.5121 0 0 3609.23 3140.2 3613.46 6152.52 
0.215 10 9.48789 0 0 3609.23 3140.2 3613.46 -6152.52 
0.22 10.0362 10 0.174556 8.42095e-12 7220.47 6265.08 8.81037 8.98363e-10 
0.22 10 10.5121 0 0 3619.26 3137.82 3613.38 6155.42 
0.22 10 9.48789 0 0 3619.26 3137.82 3613.38 -6155.42 
0.225 10.0371 10 0.175189 8.48143e-12 7239.63 6260.19 8.89579 7.96216e-10 
0.225 10 10.5121 0 0 3629.31 3135.38 3613.29 6155.7 
0.225 10 9.48789 0 0 3629.31 3135.38 3613.29 -6155.7 
0.23 10.038 10 0.175827 8.53443e-12 7258.82 6255.17 8.98235 6.90569e-10 
0.23 10 10.5121 0 0 3639.38 3132.87 3613.2 6158.43 
0.23 10 9.48789 0 0 3639.38 3132.87 3613.2 -6158.43 
0.235 10.0389 10 0.176472 8.57994e-12 7278.01 6250.02 9.07009 5.85062e-10 
0.235 10 10.5121 0 0 3649.48 3130.29 3613.11 6158.53 
0.235 10 9.48789 0 0 3649.48 3130.29 3613.11 -6158.53 
0.24 10.0398 10 0.177123 8.6179e-12 7297.22 6244.73 9.15904 4.80612e-10 
0.24 10 10.5121 0 0 3659.59 3127.65 3613.02 6161.09 
0.24 10 9.48789 0 0 3659.59 3127.65 3613.02 -6161.09 
0.245 10.0406 10 0.17778 8.64831e-12 7316.44 6239.31 9.24921 3.75399e-10 
0.245 10 10.5121 0 0 3669.72 3124.94 3612.93 6161.02 
0.245 10 9.48789 0 0 3669.72 3124.94 3612.93 -6161.02 
0.25 10.0415 10 0.178444 8.67116e-12 7335.66 6233.76 9.34064 2.71245e-10 
0.25 10 10.5121 0 0 3679.88 3122.16 3612.84 6163.4 
0.25 10 9.48789 0 0 3679.88 3122.16 3612.84 -6163.4 
0.255 10.0424 10 0.179115 8.68649e-12 7354.89 6228.07 9.43336 1.66325e-10 
0.255 10 10.5121 0 0 3690.05 3119.32 3612.74 6163.15 
0.255 10 9.48789 0 0 3690.05 3119.32 3612.74 -6163.15 
0.26 10.0433 10 0.179792 8.69431e-12 7374.13 6222.25 9.5274 6.24567e-11 
0.26 10 10.5121 0 0 3700.24 3116.41 3612.65 6165.36 
0.26 10 9.48789 0 0 3700.24 3116.41 3612.65 -6165.36 
0.265 10.0442 10 0.180476 8.69471e-12 7393.38 6216.28 9.6228 -4.12833e-11 
0.265 10 10.5121 0 0 3710.45 3113.42 3612.55 6164.93 
0.265 10 9.48789 0 0 3710.45 3113.42 3612.55 -6164.93 
0.27 10.0451 10 0.181167 8.68768e-12 7412.63 6210.18 9.71957 -1.53078e-10 
0.27 10 10.5121 0 0 3720.68 3110.37 3612.46 6166.96 
0.27 10 9.48789 0 0 3720.68 3110.37 3612.46 -6166.96 
0.275 10.046 10 0.181864 8.67335e-12 7431.88 6203.94 9.81776 -2.4475e-10 
0.275 10 10.5121 0 0 3730.93 3107.25 3612.36 6166.34 
0.275 10 9.48789 0 0 3730.93 3107.25 3612.36 -6166.34 
0.28 10.047 10 0.182569 8.65181e-12 7451.13 6197.55 9.91741 -3.55422e-10 
0.28 10 10.5121 0 0 3741.19 3104.06 3612.26 6168.18 
0.28 10 9.48789 0 0 3741.19 3104.06 3612.26 -6168.18 
0.285 10.0479 10 0.183281 8.62318e-12 7470.39 6191.02 10.0185 -4.51459e-10 
0.285 10 10.5121 0 0 3751.47 3100.79 3612.16 6167.39 
0.285 10 9.48789 0 0 3751.47 3100.79 3612.16 -6167.39 
0.29 10.0488 10 0.184 8.58758e-12 7489.64 6184.35 10.1212 -5.4925e-10 
0.29 10 10.5121 0 0 3761.77 3097.46 3612.06 6169.04 
0.29 10 9.48789 0 0 3761.77 3097.46 3612.06 -6169.04 
0.295 10.0497 10 0.184727 8.54517e-12 7508.89 6177.53 10.2254 -6.40628e-10 
0.295 10 10.5121 0 0 3772.09 3094.05 3611.95 6168.05 
0.295 10 9.48789 0 0 3772.09 3094.05 3611.95 -6168.05 
0.3 10.0506 10 0.185461 8.4961e-12 7528.13 6170.57 10.3312 -7.31985e-10 
0.3 10 10.5121 0 0 3782.42 3090.57 3611.85 6169.51 
0.3 10 9.48789 0 0 3782.42 3090.57 3611.85 -6169.51 
0.305 10.0516 10 0.186203 8.44056e-12 7547.37 6163.46 10.4387 -8.18798e-10 
0.305 10 10.5121 0 0 3792.76 3087.01 3611.74 6168.33 
0.305 10 9.48789 0 0 3792.76 3087.01 3611.74 -6168.33 
0.31 10.0525 10 0.186952 8.37873e-12 7566.6 6156.2 10.5479 -9.07458e-10 
0.31 10 10.5121 0 0 3803.12 3083.38 3611.64 6169.6 
0.31 10 9.48789 0 0 3803.12 3083.38 3611.64 -6169.6 
0.315 10.0534 10 0.18771 8.3108e-12 7585.82 6148.79 10.6587 -9.90718e-10 
0.315 10 10.5121 0 0 3813.5 3079.68 3611.53 6168.22 
0.315 10 9.48789 0 0 3813.5 3079.68 3611.53 -6168.22 
0.32 10.0544 10 0.188475 8.23702e-12 7605.03 6141.23 10.7714 -1.06861e-09 
0.32 10 10.5121 0 0 3823.89 3075.89 3611.42 6169.29 
0.32 10 9.48789 0 0 3823.89 3075.89 3611.42 -6169.29 
0.325 10.0553 10 0.189249 8.15762e-12 7624.23 6133.51 10.8858 -1.15299e-09 
0.325 10 10.5121 0 0 3834.29 3072.04 3611.31 6167.72 
0.325 10 9.48789 0 0 3834.29 3072.04 3611.31 -6167.72 
0.33 10.0563 10 0.19003 8.07283e-12 7643.42 6125.64 11.0022 -1.21752e-09 
0.33 10 10.5121 0 0 3844.71 3068.1 3611.2 6168.58 
0.33 10 9.48789 0 0 3844.71 3068.1 3611.2 -6168.58 
0.335 10.0572 10 0.19082 7.98288e-12 7662.59 6117.62 11.1204 -1.2977e-09 
0.335 10 10.5121 0 0 3855.13 3064.09 3611.08 6166.8 
0.335 10 9.48789 0 0 3855.13 3064.09 3611.08 -6166.8 
0.34 10.0582 10 0.191619 7.88808e-12 7681.74 6109.44 11.2406 -1.35446e-09 
0.34 10 10.5121 0 0 3865.57 3060 3610.97 6167.47 
0.34 10 9.48789 0 0 3865.57 3060 3610.97 -6167.47 
0.345 10.0591 10 0.192426 7.78869e-12 7700.88 6101.1 11.3629 -1.42512e-09 
0.345 10 10.5121 0 0 3876.02 3055.83 3610.85 6165.48 
0.345 10 9.48789 0 0 3876.02 3055.83 3610.85 -6165.48 
0.35 10.0601 10 0.193242 7.685e-12 7719.99 6092.61 11.4872 -1.48155e-09 
0.35 10 10.5121 0 0 3886.48 3051.59 3610.73 6165.94 
0.35 10 9.48789 0 0 3886.48 3051.59 3610.73 -6165.94 
0.355 10.0611 10 0.194067 7.5773e-12 7739.08 6083.95 11.6136 -1.53377e-09 
0.355 10 10.5121 0 0 3896.95 3047.26 3610.61 6163.74 
0.355 10 9.48789 0 0 3896.95 3047.26 3610.61 -6163.74 
0.36 10.062 10 0.194901 7.46587e-12 7758.15 6075.13 11.7422 -1.59457e-09 
0.36 10 10.5121 0 0 3907.43 3042.85 3610.49 6163.99 
0.36 10 9.48789 0 0 3907.43 3042.85 3610.49 -6163.99 
0.365 10.063 10 0.195745 7.35103e-12 7777.19 6066.15 11.8731 -1.62852e-09 
0.365 10 10.5121 0 0 3917.92 3038.36 3610.36 6161.58 
0.365 10 9.48789 0 0 3917.92 3038.36 3610.36 -6161.58 
0.37 10.064 10 0.196598 7.23307e-12 7796.21 6057.01 12.0063 -1.67021e-09 
0.37 10 10.5121 0 0 3928.42 3033.78 3610.24 6161.61 
0.37 10 9.48789 0 0 3928.42 3033.78 3610.24 -6161.61 
0.375 10.065 10 0.19746 7.1123e-12 7815.19 6047.69 12.1419 -1.71515e-09 
0.375 10 10.5121 0 0 3938.93 3029.13 3610.1 6158.98 
0.375 10 9.48789 0 0 3938.93 3029.13 3610.1 -6158.98 
0.38 10.066 10 0.198332 6.98901e-12 7834.15 6038.21 12.2799 -1.747e-09 
0.38 10 10.5121 0 0 3949.44 3024.39 3609.98 6158.79 
0.38 10 9.48789 0 0 3949.44 3024.39 3609.98 -6158.79 
0.385 10.067 10 0.199214 6.86355e-12 7853.07 6028.57 12.4204 -1.77491e-09 
0.385 10 10.5121 0 0 3959.96 3019.57 3609.84 6155.94 
0.385 10 9.48789 0 0 3959.96 3019.57 3609.84 -6155.94 
0.39 10.068 10 0.200107 6.73623e-12 7871.95 6018.75 12.5635 -1.78619e-09 
0.39 10 10.5121 0 0 3970.49 3014.66 3609.71 6155.53 
0.39 10 9.48789 0 0 3970.49 3014.66 3609.71 -6155.53 
0.395 10.069 10 0.201009 6.6073e-12 7890.8 6008.76 12.7093 -1.81544e-09 
0.395 10 10.5121 0 0 3981.02 3009.66 3609.57 6152.45 
0.395 10 9.48789 0 0 3981.02 3009.66 3609.57 -6152.45 
0.4 10.07 10 0.201922 6.47711e-12 7909.61 5998.6 12.8578 -1.83177e-09 
0.4 10 10.5121 0 0 3991.55 3004.58 3609.44 6151.81 
0.4 10 9.48789 0 0 3991.55 3004.58 3609.44 -6151.81 
0.405 10.071 10 0.202846 6.3459e-12 7928.38 5988.26 13.0092 -1.8416e-09 
0.405 10 10.5121 0 0 4002.09 2999.41 3609.29 6148.51 
0.405 10 9.48789 0 0 4002.09 2999.41 3609.29 -6148.51 
0.41 10.072 10 0.203781 6.21401e-12 7947.1 5977.75 13.1634 -1.8586e-09 
0.41 10 10.5121 0 0 4012.63 2994.16 3609.15 6147.64 
0.41 10 9.48789 0 0 4012.63 2994.16 3609.15 -6147.64 
0.415 10.073 10 0.204727 6.08167e-12 7965.78 5967.06 13.3206 -1.86099e-09 
0.415 10 10.5121 0 0 4023.18 2988.81 3609.01 6144.11 
0.415 10 9.48789 0 0 4023.18 2988.81 3609.01 -6144.11 
0.42 10.074 10 0.205684 5.94919e-12 7984.41 5956.2 13.481 -1.85063e-09 
0.42 10 10.5121 0 0 4033.72 2983.38 3608.86 6143 
0.42 10 9.48789 0 0 4033.72 2983.38 3608.86 -6143 
0.425 10.0751 10 0.206653 5.81686e-12 8002.99 5945.15 13.6444 -1.84484e-09 
0.425 10 10.5121 0 0 4044.27 2977.86 3608.71 6139.23 
0.425 10 9.48789 0 0 4044.27 2977.86 3608.71 -6139.23 
0.43 10.0761 10 0.207633 5.68488e-12 8021.52 5933.92 13.8112 -1.84546e-09 
0.43 10 10.5121 0 0 4054.82 2972.24 3608.56 6137.88 
0.43 10 9.48789 0 0 4054.82 2972.24 3608.56 -6137.88 
0.435 10.0772 10 0.208626 5.55353e-12 8039.99 5922.51 13.9814 -1.83526e-09 
0.435 10 10.5121 0 0 4065.36 2966.54 3608.4 6133.87 
0.435 10 9.48789 0 0 4065.36 2966.54 3608.4 -6133.87 
0.44 10.0782 10 0.209631 5.42302e-12 8058.41 5910.91 14.155 -1.82153e-09 
0.44 10 10.5121 0 0 4075.91 2960.74 3608.25 6132.28 
0.44 10 9.48789 0 0 4075.91 2960.74 3608.25 -6132.28 
0.445 10.0793 10 0.210648 5.29357e-12 8076.76 5899.13 14.3322 -1.80159e-09 
0.445 10 10.5121 0 0 4086.45 2954.84 3608.09 6128.02 
0.445 10 9.48789 0 0 4086.45 2954.84 3608.09 -6128.02 
0.45 10.0803 10 0.211678 5.16539e-12 8095.06 5887.15 14.5131 -1.78273e-09 
0.45 10 10.5121 0 0 4096.99 2948.86 3607.93 6126.19 
0.45 10 9.48789 0 0 4096.99 2948.86 3607.93 -6126.19 
0.455 10.0814 10 0.212721 5.03869e-12 8113.29 5874.99 14.6979 -1.76954e-09 
0.455 10 10.5121 0 0 4107.53 2942.78 3607.76 6121.68 
0.455 10 9.48789 0 0 4107.53 2942.78 3607.76 -6121.68 
0.46 10.0824 10 0.213778 4.91364e-12 8131.45 5862.64 14.8866 -1.74112e-09 
0.46 10 10.5121 0 0 4118.06 2936.6 3607.59 6119.59 
0.46 10 9.48789 0 0 4118.06 2936.6 3607.59 -6119.59 
0.465 10.0835 10 0.214848 4.79039e-12 8149.54 5850.1 15.0794 -1.71386e-09 
0.465 10 10.5121 0 0 4128.59 2930.33 3607.42 6114.83 
0.465 10 9.48789 0 0 4128.59 2930.33 3607.42 -6114.83 
0.47 10.0846 10 0.215932 4.66913e-12 8167.57 5837.36 15.2764 -1.67415e-09 
0.47 10 10.5121 0 0 4139.11 2923.96 3607.25 6112.49 
0.47 10 9.48789 0 0 4139.11 2923.96 3607.25 -6112.49 
0.475 10.0857 10 0.217031 4.54996e-12 8185.51 5824.42 15.4777 -1.65201e-09 
0.475 10 10.5121 0 0 4149.62 2917.49 3607.07 6107.46 
0.475 10 9.48789 0 0 4149.62 2917.49 3607.07 -6107.46 
0.48 10.0868 10 0.218143 4.43302e-12 8203.38 5811.29 15.6836 -1.62017e-09 
0.48 10 10.5121 0 0 4160.13 2910.92 3606.89 6104.86 
0.48 10 9.48789 0 0 4160.13 2910.92 3606.89 -6104.86 
0.485 10.0878 10 0.219271 4.3184e-12 8221.17 5797.95 15.8941 -1.58412e-09 
0.485 10 10.5121 0 0 4170.62 2904.26 3606.7 6099.57 
0.485 10 9.48789 0 0 4170.62 2904.26 3606.7 -6099.57 
0.49 10.0889 10 0.220414 4.20625e-12 8238.88 5784.42 16.1094 -1.55932e-09 
0.49 10 10.5121 0 0 4181.11 2897.49 3606.52 6096.7 
0.49 10 9.48789 0 0 4181.11 2897.49 3606.52 -6096.7 
0.495 10.0901 10 0.221573 4.09657e-12 8256.5 5770.68 16.3297 -1.52032e-09 
0.495 10 10.5121 0 0 4191.59 2890.62 3606.32 6091.15 
0.495 10 9.48789 0 0 4191.59 2890.62 3606.32 -6091.15 
0.5 10.0912 10 0.222747 3.9895e-12 8274.03 5756.74 16.5552 -1.4835e-09 
0.5 10 10.5121 0 0 4202.05 2883.65 3606.13 6088.01 
0.5 10 9.48789 0 0 4202.05 2883.65 3606.13 -6088.01 
0.505 10.0923 10 0.223938 3.88508e-12 8291.47 5742.59 16.786 -1.44342e-09 
0.505 10 10.5121 0 0 4212.5 2876.58 3605.93 6082.18 
0.505 10 9.48789 0 0 4212.5 2876.58 3605.93 -6082.18 
0.51 10.0934 10 0.225145 3.78335e-12 8308.82 5728.23 17.0223 -1.41462e-09 
0.51 10 10.5121 0 0 4222.94 2869.4 3605.73 6078.76 
0.51 10 9.48789 0 0 4222.94 2869.4 3605.73 -6078.76 
0.515 10.0945 10 0.22637 3.68432e-12 8326.07 5713.66 17.2644 -1.36347e-09 
0.515 10 10.5121 0 0 4233.36 2862.11 3605.52 6072.66 
0.515 10 9.48789 0 0 4233.36 2862.11 3605.52 -6072.66 
0.52 10.0957 10 0.227612 3.58805e-12 8343.22 5698.88 17.5124 -1.3227e-09 
0.52 10 10.5121 0 0 4243.77 2854.72 3605.31 6068.96 
0.52 10 9.48789 0 0 4243.77 2854.72 3605.31 -6068.96 
0.525 10.0968 10 0.228872 3.49456e-12 8360.26 5683.89 17.7666 -1.29234e-09 
0.525 10 10.5121 0 0 4254.16 2847.23 3605.09 6062.58 
0.525 10 9.48789 0 0 4254.16 2847.23 3605.09 -6062.58 
0.53 10.098 10 0.23015 3.40381e-12 8377.2 5668.68 18.0271 -1.25325e-09 
0.53 10 10.5121 0 0 4264.53 2839.62 3604.88 6058.59 
0.53 10 9.48789 0 0 4264.53 2839.62 3604.88 -6058.59 
0.535 10.0991 10 0.231447 3.31581e-12 8394.02 5653.25 18.2943 -1.21365e-09 
0.535 10 10.5121 0 0 4274.88 2831.91 3604.65 6051.92 
0.535 10 9.48789 0 0 4274.88 2831.91 3604.65 -6051.92 
0.54 10.1003 10 0.232764 3.23053e-12 8410.74 5637.6 18.5684 -1.17261e-09 
0.54 10 10.5121 0 0 4285.22 2824.08 3604.42 6047.64 
0.54 10 9.48789 0 0 4285.22 2824.08 3604.42 -6047.64 
0.545 10.1014 10 0.2341 3.14796e-12 8427.33 5621.73 18.8495 -1.13376e-09 
0.545 10 10.5121 0 0 4295.53 2816.15 3604.19 6040.67 
0.545 10 9.48789 0 0 4295.53 2816.15 3604.19 -6040.67 
0.55 10.1026 10 0.235457 3.06805e-12 8443.81 5605.64 19.1382 -1.09347e-09 
0.55 10 10.5121 0 0 4305.82 2808.1 3603.95 6036.1 
0.55 10 9.48789 0 0 4305.82 2808.1 3603.95 -6036.1 
0.555 10.1038 10 0.236834 2.99078e-12 8460.16 5589.32 19.4345 -1.05628e-09 
0.555 10 10.5121 0 0 4316.08 2799.94 3603.7 6028.83 
0.555 10 9.48789 0 0 4316.08 2799.94 3603.7 -6028.83 
0.56 10.105 10 0.238233 2.91613e-12 8476.38 5572.77 19.7388 -1.02854e-09 
0.56 10 10.5121 0 0 4326.32 2791.67 3603.45 6023.95 
0.56 10 9.48789 0 0 4326.32 2791.67 3603.45 -6023.95 
0.565 10.1062 10 0.239654 2.84398e-12 8492.47 5555.99 20.0515 -9.89339e-10 
0.565 10 10.5121 0 0 4336.53 2783.28 3603.2 6016.38 
0.565 10 9.48789 0 0 4336.53 2783.28 3603.2 -6016.38 
0.57 10.1074 10 0.241098 2.77434e-12 8508.43 5538.98 20.3728 -9.54123e-10 
0.57 10 10.5121 0 0 4346.72 2774.77 3602.94 6011.2 
0.57 10 9.48789 0 0 4346.72 2774.77 3602.94 -6011.2 
0.575 10.1086 10 0.242565 2.70712e-12 8524.25 5521.74 20.7032 -9.18336e-10 
0.575 10 10.5121 0 0 4356.87 2766.15 3602.67 6003.31 
0.575 10 9.48789 0 0 4356.87 2766.15 3602.67 -6003.31 
0.58 10.1098 10 0.244056 2.64225e-12 8539.92 5504.25 21.043 -8.82879e-10 
0.58 10 10.5121 0 0 4367 2757.41 3602.39 5997.81 
0.58 10 9.48789 0 0 4367 2757.41 3602.39 -5997.81 
0.585 10.111 10 0.245571 2.57968e-12 8555.45 5486.53 21.3925 -8.60477e-10 
0.585 10 10.5121 0 0 4377.1 2748.55 3602.11 5989.61 
0.585 10 9.48789 0 0 4377.1 2748.55 3602.11 -5989.61 
0.59 10.1123 10 0.247112 2.51936e-12 8570.82 5468.57 21.7523 -8.25656e-10 
0.59 10 10.5121 0 0 4387.16 2739.57 3601.83 5983.79 
0.59 10 9.48789 0 0 4387.16 2739.57 3601.83 -5983.79 
0.595 10.1135 10 0.248679 2.4612e-12 8586.04 5450.36 22.1228 -8.0569e-10 
0.595 10 10.5121 0 0 4397.18 2730.46 3601.53 5975.26 
0.595 10 9.48789 0 0 4397.18 2730.46 3601.53 -5975.26 
0.6 10.1147 10 0.250273 2.40514e-12 8601.1 5431.91 22.5043 -7.72375e-10 
0.6 10 10.5121 0 0 4407.18 2721.24 3601.23 5969.11 
0.6 10 9.48789 0 0 4407.18 2721.24 3601.23 -5969.11 
0.605 10.116 10 0.251894 2.3511e-12 8616 5413.21 22.8975 -7.4389e-10 
0.605 10 10.5121 0 0 4417.13 2711.89 3600.92 5960.26 
0.605 10 9.48789 0 0 4417.13 2711.89 3600.92 -5960.26 
0.61 10.1173 10 0.253544 2.29899e-12 8630.73 5394.26 23.3027 -7.16587e-10 
0.61 10 10.5121 0 0 4427.05 2702.41 3600.6 5953.77 
0.61 10 9.48789 0 0 4427.05 2702.41 3600.6 -5953.77 
0.615 10.1185 10 0.255223 2.24878e-12 8645.28 5375.05 23.7207 -6.8591e-10 
0.615 10 10.5121 0 0 4436.92 2692.81 3600.27 5944.58 
0.615 10 9.48789 0 0 4436.92 2692.81 3600.27 -5944.58 
0.62 10.1198 10 0.256933 2.20038e-12 8659.66 5355.59 24.1518 -6.69129e-10 
0.62 10 10.5121 0 0 4446.75 2683.08 3599.94 5937.76 
0.62 10 9.48789 0 0 4446.75 2683.08 3599.94 -5937.76 
0.625 10.1211 10 0.258674 2.15373e-12 8673.86 5335.87 24.5969 -6.4168e-10 
0.625 10 10.5121 0 0 4456.54 2673.22 3599.59 5928.22 
0.625 10 9.48789 0 0 4456.54 2673.22 3599.59 -5928.22 
0.63 10.1224 10 0.260447 2.10879e-12 8687.86 5315.88 25.0564 -6.16288e-10 
0.63 10 10.5121 0 0 4466.28 2663.22 3599.24 5921.04 
0.63 10 9.48789 0 0 4466.28 2663.22 3599.24 -5921.04 
0.635 10.1237 10 0.262254 2.06546e-12 8701.68 5295.64 25.5311 -6.02946e-10 
0.635 10 10.5121 0 0 4475.98 2653.1 3598.87 5911.15 
0.635 10 9.48789 0 0 4475.98 2653.1 3598.87 -5911.15 
0.64 10.125 10 0.264095 2.02367e-12 8715.3 5275.12 26.0217 -5.67082e-10 
0.64 10 10.5121 0 0 4485.63 2642.84 3598.5 5903.62 
0.64 10 9.48789 0 0 4485.63 2642.84 3598.5 -5903.62 
0.645 10.1263 10 0.265971 1.98341e-12 8728.71 5254.33 26.5291 -5.45984e-10 
0.645 10 10.5121 0 0 4495.22 2632.45 3598.12 5893.37 
0.645 10 9.48789 0 0 4495.22 2632.45 3598.12 -5893.37 
0.65 10.1277 10 0.267885 1.94458e-12 8741.92 5233.27 27.0539 -5.31452e-10 
0.65 10 10.5121 0 0 4504.77 2621.92 3597.72 5885.48 
0.65 10 9.48789 0 0 4504.77 2621.92 3597.72 -5885.48 
0.655 10.129 10 0.269837 1.90711e-12 8754.91 5211.94 27.5972 -5.20749e-10 
0.655 10 10.5121 0 0 4514.25 2611.25 3597.31 5874.85 
0.655 10 9.48789 0 0 4514.25 2611.25 3597.31 -5874.85 
0.66 10.1304 10 0.271828 1.87096e-12 8767.68 5190.32 28.1597 -4.99318e-10 
0.66 10 10.5121 0 0 4523.69 2600.44 3596.89 5866.59 
0.66 10 9.48789 0 0 4523.69 2600.44 3596.89 -5866.59 
0.665 10.1317 10 0.27386 1.83609e-12 8780.22 5168.43 28.7426 -4.78974e-10 
0.665 10 10.5121 0 0 4533.06 2589.49 3596.46 5855.59 
0.665 10 9.48789 0 0 4533.06 2589.49 3596.46 -5855.59 
0.67 10.1331 10 0.275935 1.80244e-12 8792.54 5146.24 29.3469 -4.6062e-10 
0.67 10 10.5121 0 0 4542.37 2578.4 3596.01 5846.94 
0.67 10 9.48789 0 0 4542.37 2578.4 3596.01 -5846.94 
0.675 10.1345 10 0.278053 1.76994e-12 8804.61 5123.77 29.9737 -4.50613e-10 
0.675 10 10.5121 0 0 4551.62 2567.17 3595.55 5835.55 
0.675 10 9.48789 0 0 4551.62 2567.17 3595.55 -5835.55 
0.68 10.1359 10 0.280217 1.73859e-12 8816.45 5101 30.6242 -4.31672e-10 
0.68 10 10.5121 0 0 4560.8 2555.78 3595.07 5826.51 
0.68 10 9.48789 0 0 4560.8 2555.78 3595.07 -5826.51 
0.685 10.1373 10 0.282429 1.7083e-12 8828.03 5077.94 31.2997 -4.14698e-10 
0.685 10 10.5121 0 0 4569.92 2544.25 3594.58 5814.73 
0.685 10 9.48789 0 0 4569.92 2544.25 3594.58 -5814.73 
0.69 10.1387 10 0.284689 1.67905e-12 8839.35 5054.57 32.0016 -3.96961e-10 
0.69 10 10.5121 0 0 4578.96 2532.57 3594.07 5805.28 
0.69 10 9.48789 0 0 4578.96 2532.57 3594.07 -5805.28 
0.695 10.1402 10 0.287001 1.6508e-12 8850.4 5030.91 32.7314 -3.91187e-10 
0.695 10 10.5121 0 0 4587.93 2520.74 3593.54 5793.09 
0.695 10 9.48789 0 0 4587.93 2520.74 3593.54 -5793.09 
0.7 10.1416 10 0.289366 1.62352e-12 8861.19 5006.93 33.4907 -3.75544e-10 
0.7 10 10.5121 0 0 4596.83 2508.75 3593 5783.24 
0.7 10 9.48789 0 0 4596.83 2508.75 3593 -5783.24 
0.705 10.143 10 0.291786 1.59715e-12 8871.69 4982.64 34.2812 -3.5912e-10 
0.705 10 10.5121 0 0 4605.65 2496.6 3592.43 5770.63 
0.705 10 9.48789 0 0 4605.65 2496.6 3592.43 -5770.63 
0.71 10.1445 10 0.294264 1.57168e-12 8881.9 4958.04 35.1047 -3.51916e-10 
0.71 10 10.5121 0 0 4614.38 2484.3 3591.85 5760.35 
0.71 10 9.48789 0 0 4614.38 2484.3 3591.85 -5760.35 
0.715 10.146 10 0.296802 1.5471e-12 8891.82 4933.11 35.9632 -3.48474e-10 
0.715 10 10.5121 0 0 4623.04 2471.84 3591.24 5747.3 
0.715 10 9.48789 0 0 4623.04 2471.84 3591.24 -5747.3 
0.72 10.1475 10 0.299402 1.52335e-12 8901.43 4907.86 36.8588 -3.2514e-10 
0.72 10 10.5121 0 0 4631.6 2459.21 3590.61 5736.59 
0.72 10 9.48789 0 0 4631.6 2459.21 3590.61 -5736.59 
0.725 10.149 10 0.302068 1.50038e-12 8910.73 4882.28 37.7939 -3.18286e-10 
0.725 10 10.5121 0 0 4640.08 2446.42 3589.96 5723.1 
0.725 10 9.48789 0 0 4640.08 2446.42 3589.96 -5723.1 
0.73 10.1505 10 0.304802 1.47822e-12 8919.71 4856.36 38.7709 -3.04269e-10 
0.73 10 10.5121 0 0 4648.46 2433.46 3589.28 5711.93 
0.73 10 9.48789 0 0 4648.46 2433.46 3589.28 -5711.93 
0.735 10.152 10 0.307608 1.45682e-12 8928.35 4830.11 39.7925 -2.91269e-10 
0.735 10 10.5121 0 0 4656.74 2420.34 3588.57 5697.99 
0.735 10 9.48789 0 0 4656.74 2420.34 3588.57 -5697.99 
0.74 10.1536 10 0.310488 1.43615e-12 8936.65 4803.51 40.8617 -2.87466e-10 
0.74 10 10.5121 0 0 4664.93 2407.03 3587.84 5686.35 
0.74 10 9.48789 0 0 4664.93 2407.03 3587.84 -5686.35 
0.745 10.1551 10 0.313447 1.4162e-12 8944.59 4776.55 41.9815 -2.72849e-10 
0.745 10 10.5121 0 0 4673 2393.56 3587.07 5671.93 
0.745 10 9.48789 0 0 4673 2393.56 3587.07 -5671.93 
0.75 10.1567 10 0.316487 1.39698e-12 8952.17 4749.24 43.1555 -2.59244e-10 
0.75 10 10.5121 0 0 4680.97 2379.9 3586.27 5659.82 
0.75 10 9.48789 0 0 4680.97 2379.9 3586.27 -5659.82 
0.755 10.1583 10 0.319613 1.37839e-12 8959.37 4721.57 44.3873 -2.54823e-10 
0.755 10 10.5121 0 0 4688.83 2366.07 3585.43 5644.91 
0.755 10 9.48789 0 0 4688.83 2366.07 3585.43 -5644.91 
0.76 10.1599 10 0.322829 1.36052e-12 8966.18 4693.53 45.6811 -2.44135e-10 
0.76 10 10.5121 0 0 4696.56 2352.05 3584.56 5632.29 
0.76 10 9.48789 0 0 4696.56 2352.05 3584.56 -5632.29 
0.765 10.1615 10 0.32614 1.34332e-12 8972.59 4665.12 47.0413 -2.29904e-10 
0.765 10 10.5121 0 0 4704.18 2337.84 3583.65 5616.87 
0.765 10 9.48789 0 0 4704.18 2337.84 3583.65 -5616.87 
0.77 10.1632 10 0.329551 1.32676e-12 8978.59 4636.32 48.4727 -2.28495e-10 
0.77 10 10.5121 0 0 4711.66 2323.44 3582.7 5603.73 
0.77 10 9.48789 0 0 4711.66 2323.44 3582.7 -5603.73 
0.775 10.1648 10 0.333067 1.31083e-12 8984.15 4607.13 49.9807 -2.14441e-10 
0.775 10 10.5121 0 0 4719.01 2308.85 3581.69 5587.78 
0.775 10 9.48789 0 0 4719.01 2308.85 3581.69 -5587.78 
0.78 10.1665 10 0.336693 1.29553e-12 8989.27 4577.55 51.5711 -2.12299e-10 
0.78 10 10.5121 0 0 4726.23 2294.06 3580.65 5574.1 
0.78 10 9.48789 0 0 4726.23 2294.06 3580.65 -5574.1 
0.785 10.1682 10 0.340436 1.28085e-12 8993.93 4547.56 53.2503 -1.99784e-10 
0.785 10 10.5121 0 0 4733.29 2279.06 3579.54 5557.6 
0.785 10 9.48789 0 0 4733.29 2279.06 3579.54 -5557.6 
0.79 10.1699 10 0.344303 1.26677e-12 8998.1 4517.16 55.0254 -1.9554e-10 
0.79 10 10.5121 0 0 4740.2 2263.86 3578.39 5543.35 
0.79 10 9.48789 0 0 4740.2 2263.86 3578.39 -5543.35 
0.795 10.1716 10 0.3483 1.25333e-12 9001.78 4486.34 56.9043 -1.83653e-10 
0.795 10 10.5121 0 0 4746.95 2248.45 3577.17 5526.26 
0.795 10 9.48789 0 0 4746.95 2248.45 3577.17 -5526.26 
0.8 10.1734 10 0.352435 1.24049e-12 9004.94 4455.09 58.8955 -1.78672e-10 
0.8 10 10.5121 0 0 4753.54 2232.83 3575.88 5511.42 
0.8 10 9.48789 0 0 4753.54 2232.83 3575.88 -5511.42 
0.805 10.1752 10 0.356716 1.22828e-12 9007.56 4423.4 61.0086 -1.67413e-10 
0.805 10 10.5121 0 0 4759.94 2216.98 3574.52 5493.72 
0.805 10 9.48789 0 0 4759.94 2216.98 3574.52 -5493.72 
0.81 10.177 10 0.361153 1.21666e-12 9009.62 4391.26 63.2543 -1.65332e-10 
0.81 10 10.5121 0 0 4766.17 2200.91 3573.09 5478.25 
0.81 10 9.48789 0 0 4766.17 2200.91 3573.09 -5478.25 
0.815 10.1788 10 0.365756 1.20566e-12 9011.09 4358.65 65.6445 -1.49239e-10 
0.815 10 10.5121 0 0 4772.19 2184.61 3571.57 5459.91 
0.815 10 9.48789 0 0 4772.19 2184.61 3571.57 -5459.91 
0.82 10.1806 10 0.370535 1.19528e-12 9011.95 4325.57 68.1923 -1.45513e-10 
0.82 10 10.5121 0 0 4778.01 2168.07 3569.97 5443.77 
0.82 10 9.48789 0 0 4778.01 2168.07 3569.97 -5443.77 
0.825 10.1825 10 0.375502 1.18556e-12 9012.17 4292.01 70.9126 -1.32783e-10 
0.825 10 10.5121 0 0 4783.6 2151.29 3568.26 5424.75 
0.825 10 9.48789 0 0 4783.6 2151.29 3568.26 -5424.75 
0.83 10.1844 10 0.38067 1.17647e-12 9011.71 4257.95 73.822 -1.18777e-10 
0.83 10 10.5121 0 0 4788.97 2134.26 3566.44 5407.9 
0.83 10 9.48789 0 0 4788.97 2134.26 3566.44 -5407.9 
0.835 10.1863 10 0.386053 1.16803e-12 9010.54 4223.37 76.9393 -1.05318e-10 
0.835 10 10.5121 0 0 4794.08 2116.97 3564.51 5388.14 
0.835 10 9.48789 0 0 4794.08 2116.97 3564.51 -5388.14 
0.84 10.1882 10 0.391666 1.16027e-12 9008.62 4188.27 80.2856 -1.09688e-10 
0.84 10 10.5121 0 0 4798.94 2099.42 3562.44 5370.53 
0.84 10 9.48789 0 0 4798.94 2099.42 3562.44 -5370.53 
0.845 10.1902 10 0.397528 1.15319e-12 9005.91 4152.63 83.885 -9.55095e-11 
0.845 10 10.5121 0 0 4803.51 2081.6 3560.23 5349.98 
0.845 10 9.48789 0 0 4803.51 2081.6 3560.23 -5349.98 
0.85 10.1922 10 0.403657 1.14684e-12 9002.37 4116.42 87.7648 -8.0523e-11 
0.85 10 10.5121 0 0 4807.77 2063.49 3557.86 5331.55 
0.85 10 9.48789 0 0 4807.77 2063.49 3557.86 -5331.55 
0.855 10.1942 10 0.410073 1.14122e-12 8997.94 4079.64 91.956 -7.29147e-11 
0.855 10 10.5121 0 0 4811.71 2045.1 3555.32 5310.14 
0.855 10 9.48789 0 0 4811.71 2045.1 3555.32 -5310.14 
0.86 10.1963 10 0.416801 1.13638e-12 8992.56 4042.25 96.4943 -6.67807e-11 
0.86 10 10.5121 0 0 4815.31 2026.41 3552.58 5290.81 
0.86 10 9.48789 0 0 4815.31 2026.41 3552.58 -5290.81 
0.865 10.1984 10 0.423867 1.13234e-12 8986.17 4004.25 101.421 -4.98434e-11 
0.865 10 10.5121 0 0 4818.52 2007.41 3549.62 5268.46 
0.865 10 9.48789 0 0 4818.52 2007.41 3549.62 -5268.46 
0.87 10.2005 10 0.431301 1.12913e-12 8978.7 3965.6 106.783 -4.16637e-11 
0.87 10 10.5121 0 0 4821.31 1988.08 3546.42 5248.14 
0.87 10 9.48789 0 0 4821.31 1988.08 3546.42 -5248.14 
0.875 10.2027 10 0.439134 1.12683e-12 8970.06 3926.28 112.636 -2.36059e-11 
0.875 10 10.5121 0 0 4823.65 1968.42 3542.94 5224.74 
0.875 10 9.48789 0 0 4823.65 1968.42 3542.94 -5224.74 
0.88 10.2049 10 0.447405 1.12544e-12 8960.16 3886.26 119.044 -1.24979e-11 
0.88 10 10.5121 0 0 4825.5 1948.41 3539.16 5203.31 
0.88 10 9.48789 0 0 4825.5 1948.41 3539.16 -5203.31 
0.885 10.2072 10 0.456155 1.12509e-12 8948.9 3845.52 126.082 8.01539e-12 
0.885 10 10.5121 0 0 4826.8 1928.04 3535.03 5178.73 
0.885 10 9.48789 0 0 4826.8 1928.04 3535.03 -5178.73 
0.89 10.2095 10 0.465433 1.12581e-12 8936.14 3804.01 133.838 1.06429e-11 
0.89 10 10.5121 0 0 4827.5 1907.29 3530.5 5156.04 
0.89 10 9.48789 0 0 4827.5 1907.29 3530.5 -5156.04 
0.895 10.2119 10 0.475294 1.12772e-12 8921.75 3761.71 142.418 3.53876e-11 
0.895 10 10.5121 0 0 4827.51 1886.14 3525.52 5130.11 
0.895 10 9.48789 0 0 4827.51 1886.14 3525.52 -5130.11 
0.9 10.2143 10 0.485801 1.1309e-12 8905.55 3718.57 151.947 4.85845e-11 
0.9 10 10.5121 0 0 4826.77 1864.57 3520.02 5105.96 
0.9 10 9.48789 0 0 4826.77 1864.57 3520.02 -5105.96 
0.905 10.2167 10 0.497027 1.13545e-12 8887.35 3674.54 162.576 6.65923e-11 
0.905 10 10.5121 0 0 4825.18 1842.55 3513.92 5078.44 
0.905 10 9.48789 0 0 4825.18 1842.55 3513.92 -5078.44 
0.91 10.2192 10 0.509057 1.14152e-12 8866.91 3629.58 174.486 9.57563e-11 
0.91 10 10.5121 0 0 4822.6 1820.07 3507.12 5052.56 
0.91 10 9.48789 0 0 4822.6 1820.07 3507.12 -5052.56 
0.915 10.2218 10 0.52199 1.14926e-12 8843.95 3583.63 187.899 1.18774e-10 
0.915 10 10.5121 0 0 4818.92 1797.1 3499.51 5023.14 
0.915 10 9.48789 0 0 4818.92 1797.1 3499.51 -5023.14 
0.92 10.2244 10 0.535942 1.15888e-12 8818.13 3536.63 203.087 1.54263e-10 
0.92 10 10.5121 0 0 4813.94 1773.59 3490.94 4995.16 
0.92 10 9.48789 0 0 4813.94 1773.59 3490.94 -4995.16 
0.925 10.2272 10 0.551052 1.17058e-12 8789.03 3488.5 220.39 1.73998e-10 
0.925 10 10.5121 0 0 4807.46 1749.53 3481.23 4963.39 
0.925 10 9.48789 0 0 4807.46 1749.53 3481.23 -4963.39 
0.93 10.23 10 0.567486 1.18463e-12 8756.15 3439.16 240.229 2.16596e-10 
0.93 10 10.5121 0 0 4799.22 1724.86 3470.16 4932.75 
0.93 10 9.48789 0 0 4799.22 1724.86 3470.16 -4932.75 
0.935 10.2328 10 0.585444 1.2014e-12 8718.84 3388.53 263.143 2.55631e-10 
0.935 10 10.5121 0 0 4788.87 1699.55 3457.45 4897.94 
0.935 10 9.48789 0 0 4788.87 1699.55 3457.45 -4897.94 
0.94 10.2358 10 0.605168 1.22123e-12 8676.3 3336.49 289.816 3.00149e-10 
0.94 10 10.5121 0 0 4775.99 1673.53 3442.73 4863.81 
0.94 10 9.48789 0 0 4775.99 1673.53 3442.73 -4863.81 
0.945 10.2389 10 0.626957 1.24464e-12 8627.49 3282.92 321.142 3.53261e-10 
0.945 10 10.5121 0 0 4760.04 1646.74 3425.54 4824.94 
0.945 10 9.48789 0 0 4760.04 1646.74 3425.54 -4824.94 
0.95 10.2421 10 0.651183 1.27222e-12 8571.09 3227.67 358.295 4.17158e-10 
0.95 10 10.5121 0 0 4740.28 1619.12 3405.27 4785.98 
0.95 10 9.48789 0 0 4740.28 1619.12 3405.27 -4785.98 
0.955 10.2454 10 0.678317 1.30473e-12 8505.31 3170.57 402.846 5.04011e-10 
0.955 10 10.5121 0 0 4715.75 1590.57 3381.09 4741.3 
0.955 10 9.48789 0 0 4715.75 1590.57 3381.09 -4741.3 
0.96 10.2489 10 0.708959 1.34313e-12 8427.77 3111.41 456.935 5.8231e-10 
0.96 10 10.5121 0 0 4685.16 1560.99 3351.91 4695.23 
0.96 10 9.48789 0 0 4685.16 1560.99 3351.91 -4695.23 
0.965 10.2525 10 0.743891 1.38861e-12 8335.2 3049.95 523.535 6.94177e-10 
0.965 10 10.5121 0 0 4646.69 1530.26 3316.16 4641.67 
0.965 10 9.48789 0 0 4646.69 1530.26 3316.16 -4641.67 
0.97 10.2563 10 0.784147 1.44283e-12 8222.99 2985.88 606.87 8.32562e-10 
0.97 10 10.5121 0 0 4597.77 1498.22 3271.68 4584.27 
0.97 10 9.48789 0 0 4597.77 1498.22 3271.68 -4584.27 
0.975 10.2604 10 0.831129 1.50789e-12 8084.49 2918.81 713.096 9.93986e-10 
0.975 10 10.5121 0 0 4534.68 1464.69 3215.27 4515.87 
0.975 10 9.48789 0 0 4534.68 1464.69 3215.27 -4515.87 
0.98 10.2647 10 0.886779 1.58678e-12 7909.83 2848.27 851.453 1.21714e-09 
0.98 10 10.5121 0 0 4451.82 1429.42 3142.2 4438.48 
0.98 10 9.48789 0 0 4451.82 1429.42 3142.2 -4438.48 
0.985 10.2693 10 0.953865 1.68354e-12 7683.79 2773.63 1036.28 1.50964e-09 
0.985 10 10.5121 0 0 4340.54 1392.09 3045.09 4342.23 
0.985 10 9.48789 0 0 4340.54 1392.09 3045.09 -4342.23 
0.99 10.2742 10 1.03646 1.80401e-12 7381.98 2694.05 1290.74 1.88704e-09 
0.99 10 10.5121 0 0 4186.84 1352.31 2912.08 4224.57 
0.99 10 9.48789 0 0 4186.84 1352.31 2912.08 -4224.57 
0.995 10.2797 10 1.14082 1.95691e-12 6963.47 2608.42 1654.02 2.43362e-09 
0.995 10 10.5121 0 0 3967.04 1309.49 2723.14 4067.41 
0.995 10 9.48789 0 0 3967.04 1309.49 2723.14 -4067.41 
1 10.2857 10 1.27697 2.15568e-12 6355.42 2515.15 2196.25 3.20252e-09 
1 10 10.5121 0 0 3638.71 1262.86 2442.5 3852.56 
1 10 9.48789 0 0 3638.71 1262.86 2442.5 -3852.56 
1.005 10.2925 10 1.46193 2.42218e-12 5419.08 2411.9 3051.91 4.37212e-09 
1.005 10 10.5121 0 0 3120.37 1211.23 2001.72 3529.93 
1.005 10 9.48789 0 0 3120.37 1211.23 2001.72 -3529.93 
1.01 10.3004 10 1.72685 2.79443e-12 3866.03 2295.05 4501.99 6.21246e-09 
1.01 10 10.5121 0 0 2241.09 1152.81 1258.15 3009.44 
1.01 10 9.48789 0 0 2241.09 1152.81 1258.15 -3009.44 
1.015 10.31 10 2.13411 3.34407e-12 1025.92 2158.68 7202.77 9.48271e-09 
1.015 10 10.5121 0 0 599.626 1084.62 -120.739 2059.59 
1.015 10 9.48789 0 0 599.626 1084.62 -120.739 -2059.59 
1.02 10.3221 10 2.70636 3.53381e-12 0 1994.01 8042.27 2.98349e-10 
1.02 10 10.5121 0 0 0 1002.28 -580.542 1600.78 
1.02 10 9.48789 0 0 0 1002.28 -580.542 -1600.78 
1.025 10.337 10 3.27335 3.55161e-12 0 1802.15 7829.35 1.97176e-10 
1.025 10 10.5121 0 0 0 906.358 -513.774 1427.46 
1.025 10 9.48789 0 0 0 906.358 -513.774 -1427.46 
1.03 10.3548 10 3.82428 3.56202e-12 0 1591.68 7593.29 9.20347e-11 
1.03 10 10.5121 0 0 0 801.121 -434.306 1243.05 
1.03 10 9.48789 0 0 0 801.121 -434.306 -1243.05 
1.035 10.3753 10 4.35766 3.56492e-12 0 1372.09 7338.7 -1.04622e-11 
1.035 10 10.5121 0 0 0 691.329 -344.354 1051.78 
1.035 10 9.48789 0 0 0 691.329 -344.354 -1051.78 
1.04 10.3983 10 4.87239 3.56058e-12 0 1153.1 7072.43 -1.08764e-10 
1.04 10 10.5121 0 0 0 581.831 -247.248 867.771 
1.04 10 9.48789 0 0 0 581.831 -247.248 -867.771 
1.045 10.424 10 5.36793 3.54963e-12 0 943.717 6802.92 -1.96135e-10 
1.045 10 10.5121 0 0 0 477.14 -147.183 693.807 
1.045 10 9.48789 0 0 0 477.14 -147.183 -693.807 
1.05 10.452 10 5.84437 3.53293e-12 0 751.49 6539.21 -2.69626e-10 
1.05 10 10.5121 0 0 0 381.027 -48.6765 540.972 
1.05 10 9.48789 0 0 0 381.027 -48.6765 -540.972 
1.055 10.4824 10 6.30244 3.51146e-12 0 581.845 6289.71 -3.28638e-10 
1.055 10 10.5121 0 0 0 296.204 44.0041 407.863 
1.055 10 9.48789 0 0 0 296.204 44.0041 -407.863 
1.06 10.515 10 6.7434 3.48624e-12 0 437.801 6061.15 -3.7513e-10 
1.06 10 10.5121 0 0 0 224.182 127.419 300.902 
1.06 10 9.48789 0 0 0 224.182 127.419 -300.902 
1.065 10.5498 10 7.16892 3.45823e-12 0 320.033 5857.82 -4.07816e-10 
1.065 10 10.5121 0 0 0 165.298 199.292 214.269 
1.065 10 9.48789 0 0 0 165.298 199.292 -214.269 
1.07 10.5867 10 7.58088 3.42826e-12 0 227.245 5681.43 -4.30023e-10 
1.07 10 10.5121 0 0 0 118.904 258.654 150.801 
1.07 10 9.48789 0 0 0 118.904 258.654 -150.801 
1.075 10.6256 10 7.98118 3.39699e-12 0 156.735 5531.3 -4.44163e-10 
1.075 10 10.5121 0 0 0 83.6492 305.695 102.256 
1.075 10 9.48789 0 0 0 83.6492 305.695 -102.256 
