0 10 10 0 0 0 23342.7 23540 -8.29823e-09 
0 10 10.4082 0 0 0 11742.4 1540 22133.8 
0 10 9.59183 0 0 0 11742.4 1540 -22133.8 
0 10.0011 10 0.255973 -5.90306e-13 23569.5 23342.3 52.1028 -8.20475e-09 
0 10 10.4082 0 0 11784.8 11742.2 13266 22164.7 
0 10 9.59183 0 0 11784.8 11742.2 13266 -22164.7 
0.005 10.0024 10 0.257821 -1.17517e-12 23738.3 23340.7 21.3643 -8.15198e-09 
0.005 10 10.4082 0 0 11869.3 11741.4 13281.3 22198.2 
0.005 10 9.59183 0 0 11869.3 11741.4 13281.3 -22198.2 
0.01 10.0037 10 0.259354 -1.7544e-12 23877.1 23337.9 21.5953 -8.05997e-09 
0.01 10 10.4082 0 0 11939 11740 13281 22235.6 
0.01 10 9.59183 0 0 11939 11740 13281 -22235.6 
0.015 10.005 10 0.260906 -2.32735e-12 24016.7 23333.9 21.87 -7.9652e-09 
0.015 10 10.4082 0 0 12009.2 11738 13280.8 22267.6 
0.015 10 9.59183 0 0 12009.2 11738 13280.8 -22267.6 
0.02 10.0063 10 0.262478 -2.89333e-12 24157 23328.7 22.1478 -7.8605e-09 
0.02 10 10.4082 0 0 12079.9 11735.3 13280.6 22303.6 
0.02 10 9.59183 0 0 12079.9 11735.3 13280.6 -22303.6 
0.025 10.0076 10 0.26407 -3.45133e-12 24298 23322.1 22.4286 -7.75328e-09 
0.025 10 10.4082 0 0 12151.1 11732.1 13280.3 22334.2 
0.025 10 9.59183 0 0 12151.1 11732.1 13280.3 -22334.2 
0.03 10.0089 10 0.265682 -4.00021e-12 24439.7 23314.3 22.7126 -7.61822e-09 
0.03 10 10.4082 0 0 12222.8 11728.2 13280 22368.7 
0.03 10 9.59183 0 0 12222.8 11728.2 13280 -22368.7 
0.035 10.0102 10 0.267315 -4.53852e-12 24582.2 23305.2 22.9997 -7.46282e-09 
0.035 10 10.4082 0 0 12294.9 11723.6 13279.8 22397.8 
0.035 10 9.59183 0 0 12294.9 11723.6 13279.8 -22397.8 
0.04 10.0116 10 0.268968 -5.06481e-12 24725.2 23294.8 23.2901 -7.25817e-09 
0.04 10 10.4082 0 0 12367.6 11718.4 13279.5 22430.8 
0.04 10 9.59183 0 0 12367.6 11718.4 13279.5 -22430.8 
0.045 10.0129 10 0.270642 -5.57719e-12 24868.9 23283 23.5839 -7.08094e-09 
0.045 10 10.4082 0 0 12440.7 11712.5 13279.3 22458.3 
0.045 10 9.59183 0 0 12440.7 11712.5 13279.3 -22458.3 
0.05 10.0143 10 0.272337 -6.07375e-12 25013.2 23269.8 23.8809 -6.83679e-09 
0.05 10 10.4082 0 0 12514.3 11705.9 13279 22489.7 
0.05 10 9.59183 0 0 12514.3 11705.9 13279 -22489.7 
0.055 10.0157 10 0.274054 -6.55236e-12 25158.1 23255.3 24.1814 -6.55514e-09 
0.055 10 10.4082 0 0 12588.3 11698.6 13278.7 22515.5 
0.055 10 9.59183 0 0 12588.3 11698.6 13278.7 -22515.5 
0.06 10.017 10 0.275792 -7.011e-12 25303.6 23239.3 24.4855 -6.27993e-09 
0.06 10 10.4082 0 0 12662.8 11690.7 13278.5 22545.3 
0.06 10 9.59183 0 0 12662.8 11690.7 13278.5 -22545.3 
0.065 10.0184 10 0.277552 -7.4472e-12 25449.6 23221.9 24.793 -5.92782e-09 
0.065 10 10.4082 0 0 12737.7 11681.9 13278.2 22569.5 
0.065 10 9.59183 0 0 12737.7 11681.9 13278.2 -22569.5 
0.07 10.0198 10 0.279334 -7.85876e-12 25596.1 23203 25.1042 -5.56097e-09 
0.07 10 10.4082 0 0 12813.1 11672.5 13277.9 22597.5 
0.07 10 9.59183 0 0 12813.1 11672.5 13277.9 -22597.5 
0.075 10.0212 10 0.281138 -8.24322e-12 25743.1 23182.6 25.4191 -5.17608e-09 
0.075 10 10.4082 0 0 12888.9 11662.3 13277.6 22620 
0.075 10 9.59183 0 0 12888.9 11662.3 13277.6 -22620 
0.08 10.0226 10 0.282965 -8.5982e-12 25890.6 23160.7 25.7378 -4.75167e-09 
0.08 10 10.4082 0 0 12965.2 11651.3 13277.3 22646.3 
0.08 10 9.59183 0 0 12965.2 11651.3 13277.3 -22646.3 
0.085 10.024 10 0.284815 -8.92152e-12 26038.5 23137.2 26.0603 -4.29167e-09 
0.085 10 10.4082 0 0 13041.8 11639.6 13277 22666.9 
0.085 10 9.59183 0 0 13041.8 11639.6 13277 -22666.9 
0.09 10.0255 10 0.286688 -9.21098e-12 26186.8 23112.2 26.3868 -3.80003e-09 
0.09 10 10.4082 0 0 13118.9 11627.1 13276.7 22691.3 
0.09 10 9.59183 0 0 13118.9 11627.1 13276.7 -22691.3 
0.095 10.0269 10 0.288585 -9.46458e-12 26335.5 23085.6 26.7173 -3.29159e-09 
0.095 10 10.4082 0 0 13196.3 11613.8 13276.4 22710.1 
0.095 10 9.59183 0 0 13196.3 11613.8 13276.4 -22710.1 
0.1 10.0284 10 0.290505 -9.68053e-12 26484.5 23057.4 27.0519 -2.74476e-09 
0.1 10 10.4082 0 0 13274.2 11599.7 13276.1 22732.7 
0.1 10 9.59183 0 0 13274.2 11599.7 13276.1 -22732.7 
0.105 10.0298 10 0.292449 -9.85724e-12 26633.8 23027.6 27.3906 -2.18523e-09 
0.105 10 10.4082 0 0 13352.4 11584.8 13275.8 22749.5 
0.105 10 9.59183 0 0 13352.4 11584.8 13275.8 -22749.5 
0.11 10.0313 10 0.294418 -9.99358e-12 26783.4 22996.1 27.7337 -1.6168e-09 
0.11 10 10.4082 0 0 13430.9 11569.1 13275.5 22770.1 
0.11 10 9.59183 0 0 13430.9 11569.1 13275.5 -22770.1 
0.115 10.0328 10 0.296412 -1.00887e-11 26933.2 22962.9 28.0811 -1.06142e-09 
0.115 10 10.4082 0 0 13509.9 11552.5 13275.2 22784.9 
0.115 10 9.59183 0 0 13509.9 11552.5 13275.2 -22784.9 
0.12 10.0342 10 0.29843 -1.01419e-11 27083.1 22928 28.4331 -4.42788e-10 
0.12 10 10.4082 0 0 13589.1 11535 13274.9 22803.5 
0.12 10 9.59183 0 0 13589.1 11535 13274.9 -22803.5 
0.125 10.0357 10 0.300474 -1.01531e-11 27233.3 22891.4 28.7896 1.33596e-10 
0.125 10 10.4082 0 0 13668.7 11516.7 13274.6 22816.2 
0.125 10 9.59183 0 0 13668.7 11516.7 13274.6 -22816.2 
0.13 10.0372 10 0.302543 -1.01229e-11 27383.5 22853 29.1508 6.96889e-10 
0.13 10 10.4082 0 0 13748.7 11497.5 13274.2 22832.7 
0.13 10 9.59183 0 0 13748.7 11497.5 13274.2 -22832.7 
0.135 10.0388 10 0.304638 -1.00519e-11 27533.9 22812.9 29.5169 1.2654e-09 
0.135 10 10.4082 0 0 13828.9 11477.4 13273.9 22843.3 
0.135 10 9.59183 0 0 13828.9 11477.4 13273.9 -22843.3 
0.14 10.0403 10 0.30676 -9.94144e-12 27684.2 22770.9 29.8878 1.80655e-09 
0.14 10 10.4082 0 0 13909.4 11456.5 13273.6 22857.6 
0.14 10 9.59183 0 0 13909.4 11456.5 13273.6 -22857.6 
0.145 10.0418 10 0.308908 -9.79327e-12 27834.5 22727.1 30.2639 2.33515e-09 
0.145 10 10.4082 0 0 13990.2 11434.5 13273.2 22866 
0.145 10 9.59183 0 0 13990.2 11434.5 13273.2 -22866 
0.15 10.0434 10 0.311083 -9.60958e-12 27984.8 22681.4 30.6451 2.82239e-09 
0.15 10 10.4082 0 0 14071.2 11411.7 13272.9 22878.1 
0.15 10 9.59183 0 0 14071.2 11411.7 13272.9 -22878.1 
0.155 10.0449 10 0.313286 -9.39293e-12 28135 22633.9 31.0317 3.2359e-09 
0.155 10 10.4082 0 0 14152.5 11387.9 13272.6 22884.2 
0.155 10 9.59183 0 0 14152.5 11387.9 13272.6 -22884.2 
0.16 10.0465 10 0.315516 -9.14623e-12 28285 22584.4 31.4238 3.66338e-09 
0.16 10 10.4082 0 0 14234 11363.2 13272.2 22894 
0.16 10 9.59183 0 0 14234 11363.2 13272.2 -22894 
0.165 10.0481 10 0.317775 -8.87282e-12 28434.8 22533 31.8215 4.00346e-09 
0.165 10 10.4082 0 0 14315.8 11337.5 13271.8 22897.8 
0.165 10 9.59183 0 0 14315.8 11337.5 13271.8 -22897.8 
0.17 10.0497 10 0.320062 -8.57622e-12 28584.3 22479.6 32.225 4.30027e-09 
0.17 10 10.4082 0 0 14397.7 11310.8 13271.5 22905.2 
0.17 10 9.59183 0 0 14397.7 11310.8 13271.5 -22905.2 
0.175 10.0513 10 0.322379 -8.26014e-12 28733.6 22424.3 32.6345 4.52887e-09 
0.175 10 10.4082 0 0 14479.8 11283.1 13271.1 22906.6 
0.175 10 9.59183 0 0 14479.8 11283.1 13271.1 -22906.6 
0.18 10.0529 10 0.324725 -7.92844e-12 28882.4 22366.9 33.0501 4.72618e-09 
0.18 10 10.4082 0 0 14562.1 11254.5 13270.7 22911.5 
0.18 10 9.59183 0 0 14562.1 11254.5 13270.7 -22911.5 
0.185 10.0545 10 0.3271 -7.58512e-12 29030.9 22307.5 33.472 4.87457e-09 
0.185 10 10.4082 0 0 14644.5 11224.8 13270.4 22910.4 
0.185 10 9.59183 0 0 14644.5 11224.8 13270.4 -22910.4 
0.19 10.0562 10 0.329507 -7.23391e-12 29178.9 22246.1 33.9005 4.95273e-09 
0.19 10 10.4082 0 0 14727 11194.1 13270 22912.8 
0.19 10 9.59183 0 0 14727 11194.1 13270 -22912.8 
0.195 10.0578 10 0.331943 -6.87864e-12 29326.3 22182.6 34.3357 4.97575e-09 
0.195 10 10.4082 0 0 14809.7 11162.3 13269.6 22909.2 
0.195 10 9.59183 0 0 14809.7 11162.3 13269.6 -22909.2 
0.2 10.0595 10 0.334412 -6.52284e-12 29473.2 22116.9 34.7779 4.97687e-09 
0.2 10 10.4082 0 0 14892.4 11129.5 13269.2 22909 
0.2 10 9.59183 0 0 14892.4 11129.5 13269.2 -22909 
0.205 10.0612 10 0.336912 -6.16993e-12 29619.4 22049.2 35.2272 4.89472e-09 
0.205 10 10.4082 0 0 14975.2 11095.6 13268.8 22902.8 
0.205 10 9.59183 0 0 14975.2 11095.6 13268.8 -22902.8 
0.21 10.0629 10 0.339444 -5.82291e-12 29764.9 21979.3 35.684 4.79157e-09 
0.21 10 10.4082 0 0 15058 11060.6 13268.4 22899.9 
0.21 10 9.59183 0 0 15058 11060.6 13268.4 -22899.9 
0.215 10.0646 10 0.34201 -5.48445e-12 29909.6 21907.2 36.1485 4.65323e-09 
0.215 10 10.4082 0 0 15140.9 11024.6 13268 22891 
0.215 10 9.59183 0 0 15140.9 11024.6 13268 -22891 
0.22 10.0663 10 0.344609 -5.1569e-12 30053.5 21832.9 36.6209 4.51642e-09 
0.22 10 10.4082 0 0 15223.7 10987.5 13267.6 22885.5 
0.22 10 9.59183 0 0 15223.7 10987.5 13267.6 -22885.5 
0.225 10.068 10 0.347242 -4.84223e-12 30196.5 21756.4 37.1015 4.30138e-09 
0.225 10 10.4082 0 0 15306.5 10949.2 13267.1 22873.8 
0.225 10 9.59183 0 0 15306.5 10949.2 13267.1 -22873.8 
0.23 10.0698 10 0.349909 -4.54188e-12 30338.5 21677.6 37.5907 4.11017e-09 
0.23 10 10.4082 0 0 15389.3 10909.8 13266.7 22865.4 
0.23 10 9.59183 0 0 15389.3 10909.8 13266.7 -22865.4 
0.235 10.0715 10 0.352612 -4.25708e-12 30479.5 21596.6 38.0888 3.86657e-09 
0.235 10 10.4082 0 0 15472 10869.3 13266.3 22850.9 
0.235 10 9.59183 0 0 15472 10869.3 13266.3 -22850.9 
0.24 10.0733 10 0.355351 -3.98853e-12 30619.4 21513.3 38.596 3.65071e-09 
0.24 10 10.4082 0 0 15554.6 10827.7 13265.8 22839.7 
0.24 10 9.59183 0 0 15554.6 10827.7 13265.8 -22839.7 
0.245 10.0751 10 0.358126 -3.73659e-12 30758 21427.7 39.1128 3.40807e-09 
0.245 10 10.4082 0 0 15637 10784.9 13265.4 22822.3 
0.245 10 9.59183 0 0 15637 10784.9 13265.4 -22822.3 
0.25 10.0769 10 0.360938 -3.50142e-12 30895.5 21339.8 39.6395 3.17142e-09 
0.25 10 10.4082 0 0 15719.4 10740.9 13264.9 22808.2 
0.25 10 9.59183 0 0 15719.4 10740.9 13264.9 -22808.2 
0.255 10.0787 10 0.363789 -3.28282e-12 31031.6 21249.5 40.1765 2.948e-09 
0.255 10 10.4082 0 0 15801.5 10695.8 13264.4 22787.8 
0.255 10 9.59183 0 0 15801.5 10695.8 13264.4 -22787.8 
0.26 10.0805 10 0.366678 -3.08031e-12 31166.3 21156.9 40.7243 2.71592e-09 
0.26 10 10.4082 0 0 15883.4 10649.4 13264 22770.7 
0.26 10 9.59183 0 0 15883.4 10649.4 13264 -22770.7 
0.265 10.0824 10 0.369607 -2.89323e-12 31299.5 21061.8 41.2833 2.5151e-09 
0.265 10 10.4082 0 0 15965.1 10601.9 13263.5 22747.3 
0.265 10 9.59183 0 0 15965.1 10601.9 13263.5 -22747.3 
0.27 10.0842 10 0.372576 -2.72084e-12 31431.1 20964.4 41.854 2.30179e-09 
0.27 10 10.4082 0 0 16046.6 10553.2 13263 22727.1 
0.27 10 9.59183 0 0 16046.6 10553.2 13263 -22727.1 
0.275 10.0861 10 0.375586 -2.56223e-12 31561.2 20864.5 42.4368 2.13407e-09 
0.275 10 10.4082 0 0 16127.7 10503.3 13262.5 22700.7 
0.275 10 9.59183 0 0 16127.7 10503.3 13262.5 -22700.7 
0.28 10.088 10 0.378639 -2.41644e-12 31689.5 20762.2 43.0324 1.94267e-09 
0.28 10 10.4082 0 0 16208.6 10452.1 13262 22677.4 
0.28 10 9.59183 0 0 16208.6 10452.1 13262 -22677.4 
0.285 10.0899 10 0.381734 -2.28246e-12 31816 20657.5 43.6412 1.8075e-09 
0.285 10 10.4082 0 0 16289 10399.8 13261.5 22647.8 
0.285 10 9.59183 0 0 16289 10399.8 13261.5 -22647.8 
0.29 10.0918 10 0.384874 -2.15935e-12 31940.7 20550.3 44.2639 1.64474e-09 
0.29 10 10.4082 0 0 16369.1 10346.2 13260.9 22621.4 
0.29 10 9.59183 0 0 16369.1 10346.2 13260.9 -22621.4 
0.295 10.0937 10 0.388058 -2.04614e-12 32063.3 20440.6 44.9012 1.52339e-09 
0.295 10 10.4082 0 0 16448.8 10291.3 13260.4 22588.6 
0.295 10 9.59183 0 0 16448.8 10291.3 13260.4 -22588.6 
0.3 10.0957 10 0.391288 -1.94184e-12 32184 20328.4 45.5536 1.41784e-09 
0.3 10 10.4082 0 0 16528.1 10235.2 13259.8 22559 
0.3 10 9.59183 0 0 16528.1 10235.2 13259.8 -22559 
0.305 10.0976 10 0.394566 -1.84566e-12 32302.5 20213.7 46.222 1.29887e-09 
0.305 10 10.4082 0 0 16606.9 10177.9 13259.3 22523 
0.305 10 9.59183 0 0 16606.9 10177.9 13259.3 -22523 
0.31 10.0996 10 0.397892 -1.75677e-12 32418.8 20096.5 46.9071 1.21002e-09 
0.31 10 10.4082 0 0 16685.1 10119.2 13258.7 22490.1 
0.31 10 9.59183 0 0 16685.1 10119.2 13258.7 -22490.1 
0.315 10.1016 10 0.401267 -1.6744e-12 32532.8 19976.7 47.6097 1.1039e-09 
0.315 10 10.4082 0 0 16762.9 10059.4 13258.1 22450.8 
0.315 10 9.59183 0 0 16762.9 10059.4 13258.1 -22450.8 
0.32 10.1036 10 0.404694 -1.59795e-12 32644.5 19854.4 48.3307 1.04227e-09 
0.32 10 10.4082 0 0 16840 9998.22 13257.5 22414.6 
0.32 10 9.59183 0 0 16840 9998.22 13257.5 -22414.6 
0.325 10.1057 10 0.408172 -1.52677e-12 32753.6 19729.6 49.071 9.59543e-10 
0.325 10 10.4082 0 0 16916.6 9935.79 13256.9 22372 
0.325 10 9.59183 0 0 16916.6 9935.79 13256.9 -22372 
0.33 10.1077 10 0.411704 -1.46033e-12 32860.2 19602.2 49.8317 8.92034e-10 
0.33 10 10.4082 0 0 16992.5 9872.09 13256.3 22332.5 
0.33 10 9.59183 0 0 16992.5 9872.09 13256.3 -22332.5 
0.335 10.1098 10 0.415292 -1.39827e-12 32964.2 19472.2 50.6137 8.43326e-10 
0.335 10 10.4082 0 0 17067.8 9807.1 13255.6 22286.5 
0.335 10 9.59183 0 0 17067.8 9807.1 13255.6 -22286.5 
0.34 10.1119 10 0.418935 -1.34011e-12 33065.4 19339.6 51.4183 7.98804e-10 
0.34 10 10.4082 0 0 17142.3 9740.82 13255 22243.6 
0.34 10 9.59183 0 0 17142.3 9740.82 13255 -22243.6 
0.345 10.114 10 0.422638 -1.28538e-12 33163.8 19204.5 52.2465 7.40209e-10 
0.345 10 10.4082 0 0 17216.1 9673.26 13254.3 22194.3 
0.345 10 9.59183 0 0 17216.1 9673.26 13254.3 -22194.3 
0.35 10.1161 10 0.4264 -1.23389e-12 33259.2 19066.8 53.0997 7.00258e-10 
0.35 10 10.4082 0 0 17289.1 9604.4 13253.6 22148 
0.35 10 9.59183 0 0 17289.1 9604.4 13253.6 -22148 
0.355 10.1182 10 0.430224 -1.18527e-12 33351.7 18926.5 53.9793 6.57072e-10 
0.355 10 10.4082 0 0 17361.3 9534.25 13252.9 22095.2 
0.355 10 9.59183 0 0 17361.3 9534.25 13252.9 -22095.2 
0.36 10.1204 10 0.434112 -1.1394e-12 33441.1 18783.6 54.8868 6.36097e-10 
0.36 10 10.4082 0 0 17432.7 9462.81 13252.2 22045.5 
0.36 10 9.59183 0 0 17432.7 9462.81 13252.2 -22045.5 
0.365 10.1226 10 0.438066 -1.09598e-12 33527.3 18638.1 55.8237 5.90001e-10 
0.365 10 10.4082 0 0 17503.1 9390.08 13251.4 21989.2 
0.365 10 9.59183 0 0 17503.1 9390.08 13251.4 -21989.2 
0.37 10.1248 10 0.442087 -1.05487e-12 33610.2 18490.1 56.7917 5.58778e-10 
0.37 10 10.4082 0 0 17572.7 9316.05 13250.7 21936.1 
0.37 10 9.59183 0 0 17572.7 9316.05 13250.7 -21936.1 
0.375 10.127 10 0.446179 -1.0158e-12 33689.7 18339.4 57.7926 5.35119e-10 
0.375 10 10.4082 0 0 17641.3 9240.73 13249.9 21876.4 
0.375 10 9.59183 0 0 17641.3 9240.73 13249.9 -21876.4 
0.38 10.1292 10 0.450344 -9.78702e-13 33765.8 18186.2 58.8284 5.04459e-10 
0.38 10 10.4082 0 0 17708.9 9164.12 13249.1 21819.8 
0.38 10 9.59183 0 0 17708.9 9164.12 13249.1 -21819.8 
0.385 10.1315 10 0.454584 -9.43452e-13 33838.3 18030.4 59.9011 4.84972e-10 
0.385 10 10.4082 0 0 17775.4 9086.22 13248.2 21756.7 
0.385 10 9.59183 0 0 17775.4 9086.22 13248.2 -21756.7 
0.39 10.1338 10 0.458902 -9.09931e-13 33907.2 17872.1 61.013 4.62089e-10 
0.39 10 10.4082 0 0 17840.9 9007.04 13247.4 21696.6 
0.39 10 9.59183 0 0 17840.9 9007.04 13247.4 -21696.6 
0.395 10.1361 10 0.463301 -8.77978e-13 33972.3 17711.1 62.1664 4.33968e-10 
0.395 10 10.4082 0 0 17905.3 8926.58 13246.5 21630 
0.395 10 9.59183 0 0 17905.3 8926.58 13246.5 -21630 
0.4 10.1384 10 0.467784 -8.47515e-13 34033.7 17547.7 63.364 4.13333e-10 
0.4 10 10.4082 0 0 17968.6 8844.83 13245.6 21566.5 
0.4 10 9.59183 0 0 17968.6 8844.83 13245.6 -21566.5 
0.405 10.1408 10 0.472355 -8.18479e-13 34091.1 17381.6 64.6086 3.94715e-10 
0.405 10 10.4082 0 0 18030.7 8761.82 13244.6 21496.5 
0.405 10 9.59183 0 0 18030.7 8761.82 13244.6 -21496.5 
0.41 10.1431 10 0.477015 -7.90753e-13 34144.6 17213.1 65.9031 3.83558e-10 
0.41 10 10.4082 0 0 18091.6 8677.54 13243.7 21429.5 
0.41 10 9.59183 0 0 18091.6 8677.54 13243.7 -21429.5 
0.415 10.1455 10 0.481771 -7.64268e-13 34193.9 17042 67.2507 3.52565e-10 
0.415 10 10.4082 0 0 18151.2 8592 13242.6 21356.1 
0.415 10 9.59183 0 0 18151.2 8592 13242.6 -21356.1 
0.42 10.148 10 0.486624 -7.38963e-13 34239.1 16868.4 68.6551 3.49022e-10 
0.42 10 10.4082 0 0 18209.5 8505.21 13241.6 21285.7 
0.42 10 9.59183 0 0 18209.5 8505.21 13241.6 -21285.7 
0.425 10.1504 10 0.49158 -7.14773e-13 34280 16692.3 70.1199 3.3654e-10 
0.425 10 10.4082 0 0 18266.6 8417.17 13240.5 21208.9 
0.425 10 9.59183 0 0 18266.6 8417.17 13240.5 -21208.9 
0.43 10.1529 10 0.496643 -6.91656e-13 34316.6 16513.8 71.6492 3.06019e-10 
0.43 10 10.4082 0 0 18322.2 8327.9 13239.4 21135.1 
0.43 10 9.59183 0 0 18322.2 8327.9 13239.4 -21135.1 
0.435 10.1554 10 0.501817 -6.695e-13 34348.8 16332.8 73.2475 3.06555e-10 
0.435 10 10.4082 0 0 18376.5 8237.39 13238.2 21055 
0.435 10 9.59183 0 0 18376.5 8237.39 13238.2 -21055 
0.44 10.1579 10 0.507108 -6.48288e-13 34376.5 16149.3 74.9195 2.98128e-10 
0.44 10 10.4082 0 0 18429.3 8145.67 13237 20977.9 
0.44 10 9.59183 0 0 18429.3 8145.67 13237 -20977.9 
0.445 10.1604 10 0.512522 -6.28019e-13 34399.6 15963.5 76.6705 2.75281e-10 
0.445 10 10.4082 0 0 18480.7 8052.74 13235.8 20894.4 
0.445 10 9.59183 0 0 18480.7 8052.74 13235.8 -20894.4 
0.45 10.163 10 0.518063 -6.08594e-13 34418 15775.2 78.5061 2.68924e-10 
0.45 10 10.4082 0 0 18530.6 7958.62 13234.5 20814 
0.45 10 9.59183 0 0 18530.6 7958.62 13234.5 -20814 
0.455 10.1656 10 0.523739 -5.89949e-13 34431.6 15584.6 80.4326 2.5358e-10 
0.455 10 10.4082 0 0 18579 7863.3 13233.1 20727.2 
0.455 10 9.59183 0 0 18579 7863.3 13233.1 -20727.2 
0.46 10.1682 10 0.529556 -5.72088e-13 34440.4 15391.6 82.4566 2.40166e-10 
0.46 10 10.4082 0 0 18625.8 7766.81 13231.7 20643.6 
0.46 10 9.59183 0 0 18625.8 7766.81 13231.7 -20643.6 
0.465 10.1709 10 0.535521 -5.54992e-13 34444.3 15196.3 84.5856 2.39591e-10 
0.465 10 10.4082 0 0 18671 7669.17 13230.2 20553.6 
0.465 10 9.59183 0 0 18671 7669.17 13230.2 -20553.6 
0.47 10.1736 10 0.541642 -5.3859e-13 34443.2 14998.7 86.8274 2.30019e-10 
0.47 10 10.4082 0 0 18714.6 7570.37 13228.7 20466.8 
0.47 10 9.59183 0 0 18714.6 7570.37 13228.7 -20466.8 
0.475 10.1763 10 0.547928 -5.22861e-13 34437.1 14798.9 89.191 2.09627e-10 
0.475 10 10.4082 0 0 18756.6 7470.44 13227 20373.7 
0.475 10 9.59183 0 0 18756.6 7470.44 13227 -20373.7 
0.48 10.1791 10 0.554387 -5.0779e-13 34425.8 14596.8 91.6861 2.11155e-10 
0.48 10 10.4082 0 0 18796.8 7369.39 13225.4 20283.8 
0.48 10 9.59183 0 0 18796.8 7369.39 13225.4 -20283.8 
0.485 10.1819 10 0.561029 -4.93328e-13 34409.3 14392.5 94.3232 2.00035e-10 
0.485 10 10.4082 0 0 18835.3 7267.24 13223.6 20187.7 
0.485 10 9.59183 0 0 18835.3 7267.24 13223.6 -20187.7 
0.49 10.1847 10 0.567865 -4.79476e-13 34387.5 14186 97.114 1.94458e-10 
0.49 10 10.4082 0 0 18872.1 7164 13221.7 20094.8 
0.49 10 9.59183 0 0 18872.1 7164 13221.7 -20094.8 
0.495 10.1876 10 0.574907 -4.66193e-13 34360.4 13977.3 100.071 1.85322e-10 
0.495 10 10.4082 0 0 18907.1 7059.68 13219.7 19995.7 
0.495 10 9.59183 0 0 18907.1 7059.68 13219.7 -19995.7 
0.5 10.1904 10 0.582166 -4.53493e-13 34327.8 13766.6 103.21 1.74449e-10 
0.5 10 10.4082 0 0 18940.2 6954.31 13217.6 19900 
0.5 10 9.59183 0 0 18940.2 6954.31 13217.6 -19900 
0.505 10.1934 10 0.589656 -4.41318e-13 34289.6 13553.8 106.545 1.61831e-10 
0.505 10 10.4082 0 0 18971.6 6847.89 13215.5 19798 
0.505 10 9.59183 0 0 18971.6 6847.89 13215.5 -19798 
0.51 10.1963 10 0.597391 -4.29645e-13 34246 13338.9 110.095 1.62015e-10 
0.51 10 10.4082 0 0 19001 6740.45 13213.1 19699.5 
0.51 10 9.59183 0 0 19001 6740.45 13213.1 -19699.5 
0.515 10.1993 10 0.605389 -4.18455e-13 34196.6 13122 113.878 1.62268e-10 
0.515 10 10.4082 0 0 19028.6 6632.01 13210.7 19594.8 
0.515 10 9.59183 0 0 19028.6 6632.01 13210.7 -19594.8 
0.52 10.2024 10 0.613666 -4.07762e-13 34141.5 12903.1 117.917 1.49857e-10 
0.52 10 10.4082 0 0 19054.2 6522.57 13208.1 19493.5 
0.52 10 9.59183 0 0 19054.2 6522.57 13208.1 -19493.5 
0.525 10.2055 10 0.622241 -3.97536e-13 34080.6 12682.3 122.237 1.3933e-10 
0.525 10 10.4082 0 0 19077.9 6412.16 13205.3 19386.2 
0.525 10 9.59183 0 0 19077.9 6412.16 13205.3 -19386.2 
0.53 10.2086 10 0.631136 -3.8777e-13 34013.9 12459.6 126.864 1.36144e-10 
0.53 10 10.4082 0 0 19099.6 6300.79 13202.4 19282.4 
0.53 10 9.59183 0 0 19099.6 6300.79 13202.4 -19282.4 
0.535 10.2118 10 0.640372 -3.7844e-13 33941.1 12235 131.829 1.38475e-10 
0.535 10 10.4082 0 0 19119.2 6188.49 13199.3 19172.6 
0.535 10 9.59183 0 0 19119.2 6188.49 13199.3 -19172.6 
0.54 10.215 10 0.649977 -3.69556e-13 33862.4 12008.5 137.168 1.19042e-10 
0.54 10 10.4082 0 0 19136.9 6075.26 13195.9 19066.3 
0.54 10 9.59183 0 0 19136.9 6075.26 13195.9 -19066.3 
0.545 10.2183 10 0.659978 -3.61101e-13 33777.4 11780.2 142.92 1.10582e-10 
0.545 10 10.4082 0 0 19152.4 5961.13 13192.3 18954.2 
0.545 10 9.59183 0 0 19152.4 5961.13 13192.3 -18954.2 
0.55 10.2216 10 0.670405 -3.53062e-13 33686.3 11550.2 149.129 1.07637e-10 
0.55 10 10.4082 0 0 19165.8 5846.1 13188.5 18845.6 
0.55 10 9.59183 0 0 19165.8 5846.1 13188.5 -18845.6 
0.555 10.225 10 0.681294 -3.4542e-13 33588.8 11318.4 155.846 1.04748e-10 
0.555 10 10.4082 0 0 19177.1 5730.2 13184.4 18731.2 
0.555 10 9.59183 0 0 19177.1 5730.2 13184.4 -18731.2 
0.56 10.2284 10 0.692682 -3.38214e-13 33484.9 11084.9 163.131 1.09197e-10 
0.56 10 10.4082 0 0 19186.2 5613.44 13179.9 18620.4 
0.56 10 9.59183 0 0 19186.2 5613.44 13179.9 -18620.4 
0.565 10.2319 10 0.704613 -3.31405e-13 33374.5 10849.7 171.05 9.18724e-11 
0.565 10 10.4082 0 0 19193.1 5495.84 13175.2 18503.9 
0.565 10 9.59183 0 0 19193.1 5495.84 13175.2 -18503.9 
0.57 10.2355 10 0.717135 -3.25009e-13 33257.4 10612.8 179.68 8.73389e-11 
0.57 10 10.4082 0 0 19197.7 5377.4 13170 18391.1 
0.57 10 9.59183 0 0 19197.7 5377.4 13170 -18391.1 
0.575 10.2391 10 0.730301 -3.19018e-13 33133.4 10374.2 189.113 8.28622e-11 
0.575 10 10.4082 0 0 19199.9 5258.13 13164.3 18272.5 
0.575 10 9.59183 0 0 19199.9 5258.13 13164.3 -18272.5 
0.58 10.2428 10 0.744173 -3.134e-13 33002.5 10134.1 199.451 7.66186e-11 
0.58 10 10.4082 0 0 19199.8 5138.06 13158.2 18157.8 
0.58 10 9.59183 0 0 19199.8 5138.06 13158.2 -18157.8 
0.585 10.2465 10 0.758819 -3.08248e-13 32864.5 9892.33 210.818 7.49878e-11 
0.585 10 10.4082 0 0 19197.3 5017.17 13151.5 18037.3 
0.585 10 9.59183 0 0 19197.3 5017.17 13151.5 -18037.3 
0.59 10.2504 10 0.774317 -3.03484e-13 32719 9648.96 223.359 7.15923e-11 
0.59 10 10.4082 0 0 19192.2 4895.49 13144.1 17920.6 
0.59 10 9.59183 0 0 19192.2 4895.49 13144.1 -17920.6 
0.595 10.2543 10 0.790759 -2.99197e-13 32566 9404 237.243 6.37161e-11 
0.595 10 10.4082 0 0 19184.5 4773.01 13136 17798.2 
0.595 10 9.59183 0 0 19184.5 4773.01 13136 -17798.2 
0.6 10.2583 10 0.808246 -2.9535e-13 32405 9157.44 252.675 4.5897e-11 
0.6 10 10.4082 0 0 19174 4649.73 13127.1 17679.7 
0.6 10 9.59183 0 0 19174 4649.73 13127.1 -17679.7 
0.605 10.2624 10 0.826898 -2.91974e-13 32235.9 8909.27 269.899 4.45148e-11 
0.605 10 10.4082 0 0 19160.7 4525.64 13117.2 17555.4 
0.605 10 9.59183 0 0 19160.7 4525.64 13117.2 -17555.4 
0.61 10.2666 10 0.846853 -2.89106e-13 32058.1 8659.48 289.209 3.50182e-11 
0.61 10 10.4082 0 0 19144.4 4400.75 13106.1 17434.8 
0.61 10 9.59183 0 0 19144.4 4400.75 13106.1 -17434.8 
0.615 10.2708 10 0.868272 -2.86733e-13 31871.2 8408.04 310.966 2.741e-11 
0.615 10 10.4082 0 0 19124.9 4275.03 13093.7 17308.4 
0.615 10 9.59183 0 0 19124.9 4275.03 13093.7 -17308.4 
0.62 10.2752 10 0.891345 -2.84988e-13 31674.7 8154.91 335.61 1.80706e-11 
0.62 10 10.4082 0 0 19101.8 4148.46 13079.8 17185.6 
0.62 10 9.59183 0 0 19101.8 4148.46 13079.8 -17185.6 
0.625 10.2798 10 0.916298 -2.83847e-13 31467.8 7900.02 363.689 1.70014e-11 
0.625 10 10.4082 0 0 19074.9 4021.02 13064 17056.8 
0.625 10 9.59183 0 0 19074.9 4021.02 13064 -17056.8 
0.63 10.2844 10 0.943399 -2.83411e-13 31249.6 7643.32 395.889 2.3883e-12 
0.63 10 10.4082 0 0 19043.9 3892.67 13046 16931.2 
0.63 10 9.59183 0 0 19043.9 3892.67 13046 -16931.2 
0.635 10.2892 10 0.972972 -2.83712e-13 31019.1 7384.69 433.076 -1.30311e-11 
0.635 10 10.4082 0 0 19008 3763.35 13025.4 16799.1 
0.635 10 9.59183 0 0 19008 3763.35 13025.4 -16799.1 
0.64 10.2941 10 1.00541 -2.84921e-13 30774.9 7124.03 476.364 -9.22387e-12 
0.64 10 10.4082 0 0 18966.8 3633.03 13001.4 16669.6 
0.64 10 9.59183 0 0 18966.8 3633.03 13001.4 -16669.6 
0.645 10.2993 10 1.0412 -2.87116e-13 30515.2 6861.19 527.197 -3.25636e-11 
0.645 10 10.4082 0 0 18919.1 3501.6 12973.5 16532.6 
0.645 10 9.59183 0 0 18919.1 3501.6 12973.5 -16532.6 
0.65 10.3046 10 1.08095 -2.90514e-13 30237.8 6595.96 587.48 -5.5735e-11 
0.65 10 10.4082 0 0 18864 3368.99 12940.6 16397.1 
0.65 10 9.59183 0 0 18864 3368.99 12940.6 -16397.1 
0.655 10.3101 10 1.12541 -2.95273e-13 29939.6 6328.11 659.768 -6.50733e-11 
0.655 10 10.4082 0 0 18799.5 3235.06 12901.3 16252.4 
0.655 10 9.59183 0 0 18799.5 3235.06 12901.3 -16252.4 
0.66 10.3158 10 1.17557 -3.01688e-13 29616.5 6057.33 747.545 -9.96459e-11 
0.66 10 10.4082 0 0 18723.6 3099.67 12853.9 16106.6 
0.66 10 9.59183 0 0 18723.6 3099.67 12853.9 -16106.6 
0.665 10.3218 10 1.23269 -3.10155e-13 29263 5783.25 855.674 -1.23017e-10 
0.665 10 10.4082 0 0 18632.9 2962.63 12795.9 15948.1 
0.665 10 9.59183 0 0 18632.9 2962.63 12795.9 -15948.1 
0.67 10.3282 10 1.29846 -3.21141e-13 28871.1 5505.39 991.096 -1.80142e-10 
0.67 10 10.4082 0 0 18522.7 2823.7 12723.6 15783.3 
0.67 10 9.59183 0 0 18522.7 2823.7 12723.6 -15783.3 
0.675 10.3348 10 1.37516 -3.35528e-13 28429.6 5223.12 1163.99 -2.22693e-10 
0.675 10 10.4082 0 0 18386.1 2682.57 12631.7 15598 
0.675 10 9.59183 0 0 18386.1 2682.57 12631.7 -15598 
0.68 10.3419 10 1.46599 -3.54207e-13 27921.4 4935.64 1389.78 -3.11029e-10 
0.68 10 10.4082 0 0 18212.3 2538.83 12512.5 15394.5 
0.68 10 9.59183 0 0 18212.3 2538.83 12512.5 -15394.5 
0.685 10.3495 10 1.57553 -3.78779e-13 27320.2 4641.89 1692.65 -3.79439e-10 
0.685 10 10.4082 0 0 17984.4 2391.95 12353.4 15151.4 
0.685 10 9.59183 0 0 17984.4 2391.95 12353.4 -15151.4 
0.69 10.3577 10 1.71056 -4.11666e-13 26583.3 4340.47 2112.25 -5.44003e-10 
0.69 10 10.4082 0 0 17674.3 2241.24 12134.1 14858.8 
0.69 10 9.59183 0 0 17674.3 2241.24 12134.1 -14858.8 
0.695 10.3667 10 1.88164 -4.56877e-13 25638.3 4029.42 2716.97 -7.32307e-10 
0.695 10 10.4082 0 0 17232.8 2085.72 11819.8 14472.2 
0.695 10 9.59183 0 0 17232.8 2085.72 11819.8 -14472.2 
0.7 10.3766 10 2.106 -5.21022e-13 24353.3 3705.99 3632.29 -1.08167e-09 
0.7 10 10.4082 0 0 16568.8 1924 11346.5 13935.6 
0.7 10 9.59183 0 0 16568.8 1924 11346.5 -13935.6 
0.705 10.3879 10 2.41365 -6.16445e-13 22469.7 3366.18 5106.87 -1.68041e-09 
0.705 10 10.4082 0 0 15499 1754.1 10587.6 13106.6 
0.705 10 9.59183 0 0 15499 1754.1 10587.6 -13106.6 
0.71 10.401 10 2.86125 -7.68457e-13 19428 3003.84 7683.43 -2.7328e-09 
0.71 10 10.4082 0 0 13617.8 1572.93 9268.04 11695.2 
0.71 10 9.59183 0 0 13617.8 1572.93 9268.04 -11695.2 
0.715 10.4169 10 3.56783 -1.03562e-12 13852.6 2609.09 12705.8 -5.11672e-09 
0.715 10 10.4082 0 0 9901.08 1375.55 6707.39 8925 
0.715 10 9.59183 0 0 9901.08 1375.55 6707.39 -8925 
0.72 10.4376 10 4.82222 -1.58096e-12 1728.48 2165.07 24121.6 -1.13439e-08 
0.72 10 10.4082 0 0 1267.02 1153.54 911.784 2451.88 
0.72 10 9.59183 0 0 1267.02 1153.54 911.784 -2451.88 
0.725 10.4662 10 6.6319 -1.65734e-12 0 1659.86 24965.9 1.92057e-11 
0.725 10 10.4082 0 0 0 900.938 362.956 1161.93 
0.725 10 9.59183 0 0 0 900.938 362.956 -1161.93 
0.73 10.5038 10 8.38276 -1.65303e-12 0 1158.98 24064.1 9.88657e-11 
0.73 10 10.4082 0 0 0 650.5 691.281 821.474 
0.73 10 9.59183 0 0 0 650.5 691.281 -821.474 
0.735 10.55 10 10.0716 -1.64375e-12 0 734.554 23242 1.57026e-10 
0.735 10 10.4082 0 0 0 438.285 984.08 544.063 
0.735 10 9.59183 0 0 0 438.285 984.08 -544.063 
0.74 10.6044 10 11.7064 -1.63114e-12 0 421.38 22559.6 1.92465e-10 
0.74 10 10.4082 0 0 0 281.698 1210.88 356.106 
0.74 10 9.59183 0 0 0 281.698 1210.88 -356.106 
