12.35 8.45 1423.05 0 0 0 
12.3654 8.45657 1288.4 0 0 0 
12.4266 8.46634 1166.65 0 0 0 
12.5292 8.479 1056.61 0 0 0 
12.6694 8.4943 957.186 0 0 0 
12.8434 8.512 867.413 0 0 0 
13.0482 8.53192 786.423 0 0 0 
13.2808 8.55389 713.44 0 0 0 
13.5384 8.57776 647.782 0 0 0 
13.8188 8.60341 588.911 2.47822 0 0 
14.1197 8.63069 536.303 3.51047 0 0 
14.4392 8.65951 489.564 5.05726 0 0 
14.7754 8.6898 448.423 7.39849 0 0 
15.1268 8.72147 412.665 14.9724 0 0 
15.4919 8.75449 382.293 21.6753 0 0 
15.8694 8.7888 357.771 32.0592 0 0 
16.258 8.82429 339.821 48.2578 0 0 
16.6566 8.86078 329.891 89.856 0 0 
17.0552 8.89596 458.916 8680.17 16.544 0 
17.1609 8.92546 1487.21 1887.93 0 0 
17.1707 8.96502 944.556 18377.7 22.2306 0 
17.431 8.98998 1152.51 19388.5 1313.46 0 
17.4338 9.02068 1380.72 3885.28 536.904 0 
17.4448 9.05913 1284.84 9886.47 2080.07 0 
17.5706 9.09639 1003.72 31773.7 48.172 0 
17.6441 9.11005 1173.1 9147.17 860.438 0 
17.7443 9.14136 1252.56 41409.1 396.784 0 
17.8194 9.15653 1125.97 12363.8 1174.65 0 
17.8435 9.14284 1685.86 18993.7 2304.22 0 
17.8192 9.17721 821.67 42041.3 577.174 0 
17.829 9.20958 1614.59 13614.7 1878.36 0 
17.8075 9.24552 1027.29 45161.9 508.673 0 
17.8936 9.25086 1231.86 22176.9 2555.31 0 
17.8717 9.28788 1528.28 42116.7 2411.32 0 
17.9894 9.29556 1235.12 33819.6 2137.54 0 
17.9392 9.31658 1699.81 34056.5 7704.06 0 
17.9636 9.32388 931.697 46515.1 3065.43 0 
18.0262 9.34289 1523.72 39789 1715.39 0 
17.9964 9.35221 1199.68 45453.6 3181.08 0 
18.0673 9.35242 1405.26 44843.3 3330.45 0 
18.0214 9.36099 1459.35 48417.1 2344.7 0 
18.0843 9.35977 1235.27 46374.4 3282.95 0 
18.08 9.37614 1553.98 43423.6 2588.31 0 
18.0221 9.36172 1560.64 30241.8 2553.42 0 
17.9684 9.35158 1552.22 30970.6 1931.6 0 
17.9106 9.35161 1560.17 30518.6 1469.21 0 
17.8705 9.34924 1442.08 28278.1 1738.6 0 
17.8736 9.34449 1378.59 26126.6 1876.59 0 
17.8714 9.3437 1430.53 26292.5 1792.16 0 
17.8656 9.34357 1388.8 26658.6 1715.85 0 
17.8757 9.35078 1359.22 26501.9 1618.99 0 
17.8897 9.35764 1357.18 26493 1868.39 0 
17.9028 9.36333 1364.44 27864.7 1875.51 0 
17.92 9.36585 1339.34 28127.5 1858.69 0 
17.9384 9.36822 1359.14 28375.4 2028.57 0 
17.9521 9.37407 1358.64 29266.2 2007.61 0 
17.9661 9.38012 1358.23 30249.1 2264.07 0 
17.979 9.38451 1370.13 30665 2351.85 0 
17.9867 9.38776 1378.56 30555.5 2374.36 0 
18.0006 9.39087 1336.27 32286.1 2502.76 0 
18.0282 9.39237 1324.22 33821.1 2731.06 0 
18.0494 9.39106 1355.24 33615 2880.25 0 
18.0659 9.39256 1350.56 34021.8 3060.2 0 
18.0814 9.39621 1362.55 35310 3188.46 0 
18.0935 9.39903 1368.83 35558.2 3195.8 0 
18.1011 9.40122 1387.21 34227.9 3007.74 0 
18.1032 9.40498 1397.46 33382.3 2972.21 0 
18.1011 9.41059 1409.16 33235.3 3081.1 0 
18.0963 9.41626 1410.36 32483.6 3019.8 0 
18.0934 9.42137 1401.34 31260.8 2790.31 0 
18.0934 9.42514 1396.45 30799.3 2758.57 0 
18.0945 9.42748 1397.1 30359.5 2779.77 0 
18.0944 9.42855 1402.87 29653.7 2732.72 0 
18.0933 9.42759 1401.59 29076 2762.54 0 
18.0945 9.42494 1394.56 28810.2 2829.11 0 
18.098 9.4208 1389.34 28616.8 2922.47 0 
18.1031 9.41649 1386.54 28181.3 2958.17 0 
18.1087 9.41301 1386.22 27820.8 2883.84 0 
18.1144 9.40918 1383.85 27798.1 2902.77 0 
18.122 9.40507 1377.48 28155.1 2970.54 0 
18.1321 9.40204 1370.8 28152 2983.55 0 
18.143 9.4002 1369.55 28355.1 3071.66 0 
18.1545 9.39886 1370.36 28575.2 3195.13 0 
18.1637 9.39869 1378.92 28787.2 3256.97 0 
18.1707 9.3986 1380.84 28808.9 3342.57 0 
18.1782 9.39953 1378.98 28829.3 3832.05 0 
18.1878 9.40545 1359.55 27648.9 5115.18 0 
18.2144 9.42315 1278.87 24652 3739.6 0 
18.2535 9.43135 1317.29 23995.8 2975.09 0 
18.271 9.43593 1372.73 25529.8 2562.37 0 
18.2809 9.44133 1355.57 25896.4 2405.1 0 
18.2983 9.44105 1355.24 26125.8 2463.29 0 
18.3117 9.44074 1369.18 26425.5 2322.07 0 
18.3234 9.43757 1367.17 26444.4 1975.58 0 
18.3356 9.43333 1371.4 26321.3 1769.42 0 
18.3453 9.42797 1379.75 26327.4 1579.06 0 
18.3527 9.42196 1384.26 26310 1428.29 0 
18.3596 9.41659 1382.06 26432.2 1342.79 0 
18.3667 9.41176 1385.89 26885.1 1341.09 0 
18.3723 9.40991 1382.45 27139.5 1233.42 0 
18.3797 9.40878 1380.21 27048.7 1225.65 0 
18.3861 9.40835 1385.16 27132.8 1200.79 0 
18.3908 9.40886 1387.65 27250.3 1168.11 0 
18.3946 9.41017 1390.44 27236.5 1088.97 0 
18.3974 9.41124 1393.24 27086.1 1047.12 0 
18.3996 9.41071 1394.76 26838.9 1043.85 0 
18.4019 9.40856 1394.5 26618.3 1063.2 0 
18.4049 9.40572 1391.19 26503.8 1085.24 0 
18.4093 9.40299 1387.69 26495.5 1070.86 0 
18.4145 9.40025 1387.12 26590.7 1011.55 0 
18.4196 9.39731 1388.36 26728.3 938.493 0 
18.4242 9.39439 1389.14 26836.5 890.42 0 
18.4287 9.39162 1389.08 26911.4 885.496 0 
18.4333 9.38908 1388.36 26978.3 922.086 0 
18.4382 9.38668 1387.97 27015.4 969.95 0 
18.4429 9.38421 1389.07 26991.4 1000.27 0 
18.4472 9.38164 1390.25 26921 1029.01 0 
18.4512 9.37911 1390.01 26836.5 1064.28 0 
18.4556 9.37667 1388.91 26744.5 1090.76 0 
18.4602 9.37451 1388.35 26639 1126.07 0 
18.4649 9.37264 1388.22 26536.4 1180.47 0 
18.4696 9.37102 1388.21 26444.4 1235.76 0 
18.4742 9.36962 1388.39 26342.5 1285.68 0 
18.4787 9.36822 1388.64 26222.2 1331.91 0 
18.4831 9.36665 1388.82 26091.2 1374.8 0 
18.4876 9.36526 1388.49 25953.9 1427.76 0 
18.4922 9.36444 1387.58 25836.2 1492.42 0 
18.4968 9.36412 1387.43 25747.1 1534.88 0 
18.5026 9.36346 1375.52 24993.6 1424.53 0 
18.516 9.36166 1368.59 24007.6 1981.36 0 
18.5325 9.38342 1325.77 23233.7 2897.67 0 
18.5568 9.39382 1334.44 22503.1 2824.45 0 
18.5742 9.40335 1356.06 22400.5 2511.31 0 
18.5856 9.40595 1371.34 23177.5 2454.06 0 
18.5964 9.40967 1367.48 23494.4 2677.98 0 
18.6069 9.41284 1370.72 23582.5 2603.41 0 
18.6172 9.41472 1371.23 23538.6 2605.39 0 
18.6269 9.4164 1373.36 23464.4 2586.53 0 
18.6359 9.41786 1375.52 23330.3 2549.47 0 
18.6443 9.41915 1376.69 23178.4 2519.59 0 
18.6526 9.42074 1375.55 23062.2 2514.77 0 
18.6615 9.4227 1373.78 22973.3 2517.34 0 
18.6708 9.4248 1372.81 22913.9 2522.84 0 
18.6803 9.42689 1373.25 22870.6 2528.76 0 
18.6893 9.42883 1375.36 22796.5 2508.52 0 
18.6975 9.4306 1377.59 22682.8 2470.88 0 
18.7051 9.43234 1378.13 22553.5 2440.06 0 
18.7129 9.43412 1377.09 22420.8 2425.59 0 
18.7211 9.43583 1376.1 22294.4 2417.97 0 
18.7296 9.43738 1375.93 22181 2398.34 0 
18.738 9.43874 1376.07 22073.5 2360.72 0 
18.7466 9.43994 1375.51 21993.3 2321.42 0 
18.7555 9.44096 1374.39 21959.6 2285.99 0 
18.765 9.44143 1372.54 21992.5 2246.6 0 
18.7746 9.44058 1376.14 22067.1 2158.23 0 
18.7834 9.43971 1376.83 22126.7 2100.51 0 
18.7917 9.43865 1378.74 22124.3 2050.99 0 
18.7997 9.43787 1378.18 22070 2030.76 0 
18.8079 9.43717 1378.16 22010 2000.83 0 
18.816 9.43657 1378.75 21987.3 1966.18 0 
18.8235 9.43711 1378.95 21911.5 1946.96 0 
18.8311 9.43918 1376.8 21770.4 1950.11 0 
18.8395 9.44075 1376.13 21818.6 1871.24 0 
18.8475 9.44247 1378.04 21920.3 1804.72 0 
18.8549 9.44462 1378.55 22044.1 1762.97 0 
18.8616 9.44745 1383.09 22351.7 1798.96 0 
18.8664 9.45212 1380.72 22772.9 1858.36 0 
18.8779 9.45559 1348.86 21625.6 1803.1 0 
18.8978 9.45806 1350.65 21149.8 1765.49 0 
18.9105 9.45901 1373.76 21663.8 1600.36 0 
18.9198 9.46285 1370.51 21849.9 1600.33 0 
18.9295 9.46535 1373.89 22050.4 1475.61 0 
18.9385 9.46741 1371.85 21993.7 1506.77 0 
18.9444 9.48149 1380.77 19851.8 3067.44 0 
18.9535 9.51349 1341.15 20424.9 2615.33 0 
18.975 9.51573 1349.03 23201.6 541.971 0 
18.9874 9.51197 1379.14 24132.8 1524.64 0 
18.9959 9.51765 1369.35 23852.3 2118.81 0 
19.0058 9.52601 1368.72 23863.7 2016.57 0 
19.0152 9.52853 1378.98 25084.5 1887.54 0 
19.0213 9.52974 1382.9 25359.2 2181.77 0 
19.0277 9.53225 1381.92 25469.3 2156.28 0 
19.0319 9.53483 1388.59 26322.6 2704.21 0 
19.0371 9.53924 1379.19 26615.6 2746.73 0 
19.0439 9.54221 1382.76 27387.3 2971.08 0 
19.0486 9.54631 1386.35 28357 3424.81 0 
19.0527 9.54964 1388.28 30995.4 4759.65 0 
19.0544 9.55203 1397.19 34033.5 6144.9 0 
19.056 9.55561 1392.51 34522.1 6497.35 0 
19.0579 9.55868 1394.02 35005.8 6833.11 0 
19.0592 9.56247 1396.77 35294.9 6934.61 0 
19.059 9.56456 1402.26 35656.2 7043.34 0 
19.0577 9.566 1403.43 35651.4 6943.16 0 
19.0562 9.56675 1404.01 35592.1 6765.43 0 
19.0546 9.56729 1404.31 35476.3 6512.77 0 
19.053 9.56764 1404.72 35316.7 6209.22 0 
19.0512 9.56787 1404.9 35126.4 5884.68 0 
19.0495 9.568 1404.42 34929.1 5555.9 0 
19.0481 9.56805 1403.54 34676.9 5176.91 0 
19.0467 9.56801 1403.98 34484.1 4836.87 0 
19.0453 9.56792 1404.19 34281.3 4508.81 0 
19.0438 9.56776 1404.05 34025.7 4174.61 0 
19.0424 9.56747 1404.06 33719 3844.47 0 
19.041 9.56709 1403.99 33396.7 3545.2 0 
19.0397 9.56663 1403.63 33100.5 3284.98 0 
19.0385 9.56622 1403.23 32823.6 3048.99 0 
19.0374 9.56603 1402.89 32549 2826.39 0 
19.0364 9.56615 1402.42 32277.5 2619.51 0 
19.0356 9.56665 1401.74 32014.1 2430.78 0 
19.035 9.56757 1401.06 31762.9 2260.58 0 
19.0345 9.56889 1400.45 31534.1 2111.13 0 
19.0342 9.57046 1399.95 31344.4 1984.73 0 
19.0341 9.57201 1399.64 31194.9 1877.02 0 
19.0341 9.57334 1399.47 31072.4 1781.36 0 
19.0342 9.57432 1399.32 30969.8 1695.64 0 
19.0344 9.57492 1399.23 30881.2 1618.21 0 
19.0346 9.5752 1399.25 30794.2 1547.3 0 
19.0349 9.57523 1399.24 30701.7 1483.19 0 
19.0352 9.57511 1399.09 30606.1 1425.86 0 
19.0356 9.57488 1398.85 30514.5 1375.34 0 
19.0361 9.57466 1398.68 30433.3 1332.7 0 
19.0366 9.5745 1398.72 30358.7 1296.21 0 
19.037 9.57444 1398.91 30278.9 1263.33 0 
19.0374 9.57439 1399.03 30188.7 1234.18 0 
19.0377 9.57428 1399.1 30089.9 1208.7 0 
19.0381 9.57405 1399.24 29979.7 1184.44 0 
19.0384 9.57369 1399.28 29857 1161.39 0 
19.0387 9.5732 1399.09 29732.8 1142.8 0 
19.0392 9.57262 1398.78 29620.4 1129.38 0 
19.0398 9.57206 1398.48 29523.9 1117.89 0 
19.0404 9.57163 1398.23 29447.2 1107.04 0 
19.0411 9.57141 1398.02 29390.6 1095.78 0 
19.0419 9.57144 1397.81 29356.4 1086.76 0 
19.0426 9.57173 1397.73 29339.4 1076.94 0 
19.0434 9.57228 1397.8 29328.2 1065.09 0 
19.044 9.57303 1397.9 29311.4 1052.01 0 
19.0447 9.57394 1397.89 29284.1 1038.82 0 
19.0453 9.57493 1397.75 29250.4 1026.43 0 
19.046 9.57597 1397.6 29215.8 1014.25 0 
19.0468 9.57707 1397.51 29182.3 1001.46 0 
19.0475 9.57822 1397.46 29150 986.898 0 
19.0483 9.57946 1397.42 29120.6 970.268 0 
19.0491 9.58081 1397.43 29095.7 951.872 0 
19.0498 9.58222 1397.33 29075.3 940.64 0 
19.0506 9.58355 1397.33 29058.1 932.714 0 
19.0514 9.58484 1397.3 29043.3 925.171 0 
19.0523 9.58606 1397.23 29034.9 915.8 0 
19.0531 9.58726 1397.11 29034.4 905.325 0 
19.0541 9.58847 1397.02 29045 892.593 0 
19.055 9.58971 1396.96 29065.5 877.014 0 
19.056 9.59097 1396.88 29095.4 858.449 0 
19.057 9.59224 1396.76 29134.7 837.33 0 
19.058 9.59349 1396.64 29183 813.783 0 
19.0591 9.59473 1396.56 29240.5 787.321 0 
19.0602 9.59595 1396.51 29306.7 757.126 0 
19.0613 9.59717 1396.47 29380.1 723.754 0 
19.0625 9.59839 1396.45 29461 686.972 0 
19.0636 9.5996 1396.44 29548.7 645.286 0 
19.0648 9.60079 1396.43 29641.3 601.539 0 
19.066 9.60193 1396.1 29744.4 559.04 0 
19.0673 9.60296 1395.74 29860.7 526.447 0 
19.0688 9.60395 1395.59 29989.6 497.959 0 
19.0703 9.60498 1395.39 30143.9 485.756 0 
19.0718 9.60591 1395.49 30313.5 497.191 0 
19.0734 9.60685 1395.59 30490 535.893 0 
19.0748 9.60786 1395.66 30680.3 593.974 0 
19.0763 9.60896 1395.65 30878.5 668.268 0 
19.0777 9.61016 1395.54 31083.5 756.579 0 
19.0792 9.61146 1395.38 31297.8 856.136 0 
19.0808 9.6129 1395.15 31519.9 962.347 0 
19.0824 9.61447 1394.94 31744.5 1073.73 0 
19.0841 9.61613 1394.88 31966.7 1191.35 0 
19.0858 9.61787 1394.99 32185.1 1313.32 0 
19.0874 9.61966 1395.19 32398.5 1435.55 0 
19.0889 9.62147 1395.36 32600.8 1555.92 0 
19.0904 9.62329 1395.62 32793.9 1669.97 0 
19.0918 9.62509 1395.71 32987 1781.94 0 
19.0932 9.62686 1395.66 33173.7 1893.29 0 
19.0946 9.6286 1395.53 33356.7 2000.85 0 
19.0961 9.63032 1395.4 33537.9 2106.89 0 
19.0977 9.63203 1395.3 33711.9 2209.55 0 
19.0992 9.63373 1395.22 33881.4 2307.62 0 
19.1008 9.63541 1395.17 34048.7 2405.23 0 
19.1025 9.63709 1395.15 34209.7 2499.54 0 
19.1041 9.63881 1395.23 34353.6 2583.36 0 
19.1057 9.64047 1394.89 34356.6 2560.3 0 
19.1074 9.6403 1395.98 34635.7 2637.28 0 
19.1087 9.64136 1395.92 34720.1 2565.83 0 
19.1103 9.64205 1395.23 34926.3 2640.49 0 
19.1118 9.64299 1395.67 35035.1 2594.07 0 
19.1135 9.64392 1395 35179.4 2611.08 0 
19.115 9.64573 1395.69 35418.4 2651.14 0 
19.1166 9.6481 1394.43 35504.7 2639.12 0 
19.1185 9.65057 1394.49 35626.3 2635.58 0 
19.1203 9.65325 1394.78 35765.5 2650.2 0 
19.1219 9.65745 1394.75 35802 2613.14 0 
19.1238 9.66144 1394.07 35875.9 2607.91 0 
19.1257 9.66516 1394.25 35955.5 2600.8 0 
19.1278 9.66879 1393.01 35914.6 2566.34 0 
19.1303 9.67212 1392.79 35898.6 2494.71 0 
19.1326 9.6742 1393.71 35862.3 2464.92 0 
19.135 9.67653 1392.19 35802.9 2446.89 0 
19.1379 9.67906 1392.23 35766.9 2435.83 0 
19.1401 9.68152 1396.06 36047.7 2563.67 0 
19.1404 9.68604 1397.73 37037.1 3015.89 0 
19.1437 9.69001 1385.54 37139.9 3082.56 0 
19.1485 9.69147 1387.49 37339.9 3166.92 0 
19.1596 9.69163 1354.16 37134.7 3352.8 0 
19.1835 9.67479 1340.52 34398.3 1532.69 0 
19.184 9.66168 1442.03 38127.2 2293.61 0 
19.1795 9.68314 1372.87 37151.4 2341.09 0 
19.1894 9.68058 1389.87 38813.8 2809.75 0 
19.1933 9.68493 1374.21 38130 2677.85 0 
19.2021 9.68346 1389.35 38903.8 2774.34 0 
19.2041 9.68829 1388.26 38567.1 2713.09 0 
19.2097 9.68958 1386.6 38423.2 2671.26 0 
19.2138 9.69199 1387.01 38430.2 2651.14 0 
19.2187 9.6936 1387.28 38246.5 2616.29 0 
19.2233 9.69577 1386.11 38125.3 2581.14 0 
19.2284 9.69727 1385.34 38042.8 2580.47 0 
19.2338 9.69867 1384.29 37872.6 2535.91 0 
19.2394 9.69984 1384.9 37778.3 2546.31 0 
19.2446 9.70119 1385.97 37604.2 2554.43 0 
19.2495 9.7028 1386.36 37362.6 2585.41 0 
19.2545 9.70438 1385.41 37116.4 2628.85 0 
19.26 9.70586 1383.56 36858.2 2663.27 0 
19.2661 9.70732 1382.65 36653.6 2720.67 0 
19.2724 9.70901 1382.14 36466.1 2798.2 0 
19.2789 9.71087 1381.44 36291.5 2885.96 0 
19.2856 9.71278 1380.8 36126.4 2988.26 0 
19.2926 9.7149 1380.17 35964.1 3109.75 0 
19.2998 9.71719 1379.73 35789.9 3239.51 0 
19.3071 9.71966 1379.35 35632.8 3392.32 0 
19.3146 9.72221 1378.87 35481.4 3571.33 0 
19.3222 9.72492 1378.24 35330 3760.84 0 
19.3301 9.72758 1377.82 35174.3 3974.49 0 
19.3381 9.7303 1377.54 35042.6 4236.51 0 
19.3461 9.73318 1377.3 34919.3 4564.09 0 
19.3542 9.73699 1378.42 34905.5 5177.41 0 
19.3599 9.74781 1390.69 35929.1 6644.02 0 
19.367 9.74929 1368.52 35508.4 5850.41 0 
19.3785 9.74743 1370.2 35434.5 5516.53 0 
19.3884 9.74947 1373.69 34817.4 5816.81 0 
19.3978 9.74905 1373.95 34358.8 5235.96 0 
19.4063 9.74726 1378.71 33949.9 5358.57 0 
19.4142 9.74761 1375.32 33178.7 5238.86 0 
19.4232 9.74622 1376.78 32681 5225.69 0 
19.4311 9.74737 1376.79 32173.6 5443.52 0 
19.4399 9.74634 1375.8 31596.8 5413.63 0 
19.448 9.74705 1377.35 31226.4 5637.67 0 
19.4565 9.74711 1375.61 30769.2 5751.1 0 
19.4647 9.74726 1378.16 30450.9 5944.17 0 
19.4726 9.74846 1376.77 30152.9 6137.9 0 
19.4809 9.74894 1377.59 29895.2 6268.17 0 
19.4889 9.74963 1377.43 29682.7 6391.15 0 
19.498 9.74827 1372.24 29473.3 6553.58 0 
19.5059 9.74534 1383.19 29559.6 6698.99 0 
19.513 9.74547 1375.84 29183.1 6867.72 0 
19.5209 9.74435 1381.3 29014.7 7001.77 0 
19.5278 9.74458 1379.1 28764.3 7114.88 0 
19.5354 9.74444 1379.79 28501.8 7251.5 0 
19.5422 9.74381 1380.44 28346.4 7342.85 0 
19.5496 9.74352 1379.47 28198.8 7508.58 0 
19.5563 9.74416 1382.92 28164.8 7616.96 0 
19.5626 9.74811 1381.06 28013.7 7652.02 0 
19.57 9.75339 1378.74 27828.3 7848.02 0 
19.5768 9.75713 1383.04 28005.1 7952.02 0 
19.5828 9.7625 1383.79 28316.3 8172.78 0 
19.5871 9.77108 1390.09 29366.9 8479.4 0 
19.6147 9.78765 1256.79 25919.3 7677.53 0 
19.6623 9.79327 1295.97 22846.2 7309.7 0 
19.7001 9.84336 1329.4 25974.7 6417.27 1 
19.749 9.89663 1246.38 21156.2 5235.56 1 
19.7916 9.88977 1324.83 11580.6 8066.76 1 
19.8134 9.85761 1341.22 10668.5 8081.31 1 
19.8375 9.85992 1321.83 9959.71 7924.47 1 
19.87 9.87405 1301 8347.05 7141.3 1 
19.9079 9.89049 1282.67 6602.4 5553.69 1 
19.9756 9.9268 1075.49 3656.58 0 1 
20.1453 9.98556 840.664 803.745 0 0 
20.3708 10.0387 734.311 140.299 0 0 
20.6267 10.085 659.888 14.0268 0 0 
20.9064 10.1264 596.655 0 0 0 
21.2071 10.1639 539.871 0 0 0 
21.5268 10.1978 488.49 0 0 0 
21.8636 10.2284 442 0 0 0 
22.216 10.2562 399.934 0 0 0 
22.5824 10.2813 361.872 0 0 0 
22.9615 10.304 327.432 0 0 0 
23.3522 10.3246 296.269 0 0 0 
23.7532 10.3432 268.073 0 0 0 
24.1637 10.36 242.56 0 0 0 
24.5827 10.3752 219.475 0 0 0 
25.0094 10.389 198.587 0 0 0 
25.443 10.4015 179.688 0 0 0 
25.883 10.4127 162.586 0 0 0 
26.3287 10.423 147.113 0 0 0 
26.7796 10.4322 133.112 0 0 0 
27.2351 10.4405 120.443 0 0 0 
27.6949 10.4481 108.981 0 0 0 
28.1585 10.4549 98.6087 0 0 0 
28.6255 10.4611 89.224 0 0 0 
29.0957 10.4667 80.7324 0 0 0 
29.5688 10.4718 73.0489 0 0 0 
30.0444 10.4764 66.0967 0 0 0 
30.5223 10.4805 59.8062 0 0 0 
31.0023 10.4843 54.1144 0 0 0 
31.4842 10.4877 48.9642 0 0 0 
31.9679 10.4908 44.3042 0 0 0 
32.4531 10.4936 40.0877 0 0 0 
32.9397 10.4961 36.2725 0 0 0 
33.4276 10.4983 32.8204 0 0 0 
33.9166 10.5004 29.6968 0 0 0 
34.4067 10.5023 26.8705 0 0 0 
34.8977 10.504 24.3132 0 0 0 
35.3896 10.5055 21.9993 0 0 0 
35.8822 10.5069 19.9056 0 0 0 
36.3756 10.5081 18.0111 0 0 0 
36.8696 10.5092 16.297 0 0 0 
