6 90 2.7 19.7667 8.84412 407.709 2991.97 1366.09 
6 103 2.7 18.9255 9.54616 392.397 4538.54 583.973 
6 104 2.7 19.4715 9.32928 315.421 5336.13 1671.94 
6 116 2.7 18.8219 10.1301 440.738 5124.49 1229.48 
6 132 2.7 19.2813 10.4664 444.702 5436.05 758.128 
6 150 2.7 19.7236 10.8456 391.784 2488.29 3.22524 
6 90 2.75 19.7859 8.84495 416.358 2279.37 1471.34 
6 103 2.75 18.935 9.56254 382.643 5403.82 776.359 
6 104 2.75 19.4945 9.35755 340.838 4398.19 1948.52 
6 116 2.75 18.8253 10.1124 388.064 6140.61 1687.75 
6 132 2.75 19.2897 10.4453 338.442 5065.37 1385.4 
6 150 2.75 19.7372 10.8347 378.872 2177.89 282.931 
6 90 2.8 19.7645 8.8498 417.338 2113.91 917.186 
6 103 2.8 18.9572 9.56142 336.83 6138.17 1691.33 
6 104 2.8 19.5097 9.38835 335.562 4733.1 2607.97 
6 116 2.8 18.8449 10.105 347.262 5950.09 1473.66 
6 132 2.8 19.327 10.4357 303.101 4731.09 1935.13 
6 150 2.8 19.7637 10.832 396.248 2274.46 797.95 
6 90 2.85 19.7754 8.8584 394.48 2310.76 1017.61 
6 103 2.85 18.9899 9.55817 332.212 5501.97 1394.97 
6 104 2.85 19.5444 9.39987 304.167 5004.74 2277.13 
6 116 2.85 18.8719 10.1192 349.874 5230.94 887.094 
6 132 2.85 19.362 10.4381 355.779 5412.02 2312.17 
6 150 2.85 19.774 10.8299 410.793 2964.77 1556.38 
6 90 2.9 19.7934 8.86062 412.396 2504.16 2580.93 
6 103 2.9 19.0178 9.55313 365.299 4725.83 824.794 
6 104 2.9 19.5907 9.40647 328.756 4744.39 3193.64 
6 116 2.9 18.8936 10.123 370.101 5269.45 302.015 
6 132 2.9 19.3766 10.4321 390.677 5973.47 2126.4 
6 150 2.9 19.7777 10.8281 407.243 3154.8 2199.1
